time,gr,gr_state,tx,ty,tz,rx,ry,rz,qw,qx,qy,qz,xx,xy,xz,yx,yy,yz,zx,zy,zz
0.0,0.016505315899848938,Empty,0.30745,-0.00038,0.48566,0.00654,0.0019,0.00485,0.99999,0.00327,0.00096,0.00242,0.9999767326874545,0.00655318064799848,0.0018947050213681813,0.006543916831206309,-0.9999668031827181,0.004854862000157591,0.0019264569108998252,-0.004842350248486566,-0.999986420111714
0.067,0.016505315899848938,Empty,0.30745,-0.00038,0.48566,0.00656,0.0019,0.00487,0.99999,0.00328,0.00096,0.00243,0.9999767103298621,0.006555781453843723,0.0018975055721221351,0.006546494994596086,-0.9999667635091063,0.004859555577241038,0.00192930069002256,-0.004847020389064512,-0.9999863920035088
0.134,0.016504988074302673,Empty,0.30745,-0.00038,0.48566,0.00654,0.0019,0.00485,0.99999,0.00327,0.00096,0.00242,0.9999767228282643,0.006553650486031348,0.0018982799983584798,0.0065443715663437985,-0.9999668057730708,0.004853715360749252,0.0019300265404543614,-0.004841179330337027,-0.9999864188978994
0.2,0.016504988074302673,Empty,0.30745,-0.00038,0.48566,0.00656,0.0019,0.00485,0.99999,0.00328,0.00096,0.00242,0.9999766945172468,0.006558825923850764,0.0018953165597022342,0.006549563472528996,-0.9999667772535292,0.004852587712756935,0.0019270808701690079,-0.004840061124749382,-0.9999864299917417
0.267,0.016504988074302673,Empty,0.30745,-0.00038,0.48566,0.00654,0.00188,0.00485,0.99999,0.00327,0.00095,0.00242,0.9999767582553569,0.006549802588842579,0.0018928906875100117,0.0065405488882125384,-0.9999668284886443,0.0048541881508096605,0.0019246218715819117,-0.004841694786926505,-0.9999864268190052
0.334,0.016504988074302673,Empty,0.30745,-0.00038,0.48566,0.00656,0.0019,0.00487,0.99999,0.00328,0.00096,0.00243,0.9999766937821086,0.006558819313459252,0.0018957272526001565,0.006549544844843214,-0.9999667521116067,0.004857791029867972,0.0019275255972993303,-0.004845261662477264,-0.9999864039498205
0.4,0.016504988074302673,Empty,0.30745,-0.00038,0.48566,0.00656,0.0019,0.00487,0.99999,0.00328,0.00096,0.00243,0.99997663832439,0.006565169254675818,0.0019029866288852878,0.006555859031247169,-0.9999667094340361,0.0048580588745537,0.0019348172561440126,-0.004845469670080859,-0.9999863888602992
0.467,0.016505315899848938,Empty,0.30745,-0.00038,0.48566,0.00654,0.00188,0.00485,0.99999,0.00327,0.00095,0.00242,0.9999767597327778,0.006550190551968427,0.001890766528967874,0.006540951955812779,-0.9999668380289913,0.004851679071465888,0.0019224832498382837,-0.004839198904122153,-0.9999864430141643
0.534,0.016505315899848938,Empty,0.30745,-0.00038,0.48566,0.00654,0.0019,0.00485,0.99999,0.00327,0.00096,0.00242,0.9999767724152797,0.006545175820652616,0.001901395118486516,0.006535881312240421,-0.9999668598161522,0.004854021517853189,0.0019331025301743538,-0.00484148147783505,-0.9999864114935298
0.6,0.016505315899848938,Empty,0.30745,-0.00038,0.48566,0.00654,0.0019,0.00485,0.99999,0.00327,0.00096,0.00242,0.9999767648010804,0.006548048778609872,0.0018954986566770287,0.006538791071835581,-0.9999668616451605,0.00484972399704007,0.0019271920722654591,-0.0048372170430453386,-0.9999864435391088
0.667,0.016505315899848938,Empty,0.30745,-0.00038,0.48566,0.00656,0.0019,0.00485,0.99999,0.00328,0.00096,0.00242,0.9999766761089175,0.006561457695539619,0.0018959195844919408,0.006552196622398254,-0.9999667708834383,0.004850345180519302,0.0019276819194698207,-0.004837809613698752,-0.9999864397283391
0.734,0.016505315899848938,Empty,0.30745,-0.00038,0.48566,0.00654,0.0019,0.00485,0.99999,0.00327,0.00096,0.00242,0.9999767690543743,0.006546482813487742,0.0018986611986846818,0.00653720783656353,-0.9999668670022013,0.004850753704626938,0.0019303536661070633,-0.004838229074164362,-0.9999864325450368
0.8,0.016505315899848938,Empty,0.30745,-0.00038,0.48566,0.00656,0.0019,0.00485,0.99999,0.00328,0.00096,0.00242,0.9999766993869614,0.00655597776872785,0.001902587357961515,0.006546678427245989,-0.9999667918120962,0.004853480667951384,0.0019343434878430076,-0.004840911951264133,-0.9999864118510566
0.867,0.016505315899848938,Empty,0.30745,-0.00038,0.48566,0.00654,0.0019,0.00485,0.99999,0.00327,0.00096,0.00242,0.9999767538830289,0.0065488677613010915,0.0018984268763885086,0.006539585233866052,-0.9999668296813957,0.0048552406641762785,0.0019301602340229954,-0.004842712874315472,-0.9999864112144162
0.933,0.016504988074302673,Empty,0.30745,-0.00038,0.48566,0.00654,0.00188,0.00487,0.99999,0.00327,0.00095,0.00243,0.9999767312877965,0.0065539218528801735,0.0018928791086027265,0.006544663975063092,-0.9999667909881336,0.004856366372918126,0.0019246444936548421,-0.004843865113815422,-0.9999864162649069
1.0,0.016504988074302673,Empty,0.30745,-0.00038,0.48566,0.00656,0.00188,0.00485,0.99999,0.00328,0.00095,0.00242,0.9999766947733661,0.006559203320875284,0.0018938748452088435,0.006549951517545172,-0.9999667839679491,0.004850679943472554,0.0019256285341948279,-0.004838162108860729,-0.9999864419791682
1.067,0.016504988074302673,Empty,0.30745,-0.00038,0.48566,0.00654,0.0019,0.00485,0.99999,0.00327,0.00096,0.00242,0.9999767501939782,0.006549468509801204,0.0018982975870162338,0.006540191022718023,-0.9999668368366768,0.004852950467208259,0.0019300188797280204,-0.004840422408214214,-0.9999864225768436
1.133,0.016505315899848938,Empty,0.30745,-0.00038,0.48566,0.00656,0.0019,0.00489,0.99999,0.00328,0.00096,0.00244,0.9999766884690915,0.0065594409319520985,0.0018963789308073422,0.0065501187552260975,-0.9999666358642847,0.004880891573991157,0.0019283315797380338,-0.004868356285734674,-0.9999862902282178
1.2,0.016505315899848938,Empty,0.30757,-0.00156,0.48575,0.01546,0.00164,0.00247,0.99997,0.00773,0.00083,0.00123,0.9998791176347598,0.015461443006057618,0.0016413098747083915,0.015457357809172234,-0.9998774692848422,0.002473157111525238,0.0016793473415603099,-0.002447487836434891,-0.9999955947881954
1.267,0.016505315899848938,Empty,0.30756,-0.00605,0.4863,0.02785,-0.00271,-0.00522,0.9999,0.01392,-0.00139,-0.00259,0.9996087574580231,0.027838052626311394,-0.0027156655172444343,0.02782358302891641,-0.9995991782353628,-0.00522791532255334,-0.00286011200127487,0.0051503103946754945,-0.9999826468805241
1.333,0.016505315899848938,Empty,0.308,-0.01174,0.48654,0.04333,-0.00308,-0.01409,0.99974,0.02165,-0.00169,-0.00701,0.9990564256456069,0.04332237047741577,-0.003070926967783788,0.043275054136079794,-0.9989638682832691,-0.014087567357302672,-0.0036780518951313613,0.01394138015924975,-0.9998960495239052
1.4,0.016505315899848938,Empty,0.30801,-0.01632,0.48658,0.05924,-0.00838,-0.0252,0.99947,0.02956,-0.00456,-0.01247,0.9982114687852734,0.0591932147991559,-0.008368208128884322,0.05896595701906582,-0.9979418340104307,-0.025201425450233336,-0.009842738357440473,0.024662912513305612,-0.9996473684494889
1.467,0.016504988074302673,Empty,0.30777,-0.02019,0.48605,0.08723,-0.00891,-0.03719,0.99887,0.04351,-0.00526,-0.01838,0.9961582371900832,0.08711735401753723,-0.008906913456902726,0.08673061312226715,-0.9955376379250427,-0.037183493946408006,-0.01210649518982579,0.0362681417170778,-0.9992687599793204
1.533,0.016504988074302673,Empty,0.30745,-0.0251,0.48494,0.1271,-0.00859,-0.04959,0.99767,0.06338,-0.00586,-0.02447,0.9918981738792947,0.12674468746967005,-0.008590509480575135,0.12617126164951975,-0.9907696848860021,-0.04956051094026729,-0.014792747841041034,0.04807510487879961,-0.9987341782988125
1.6,0.016504988074302673,Empty,0.30819,-0.03255,0.48405,0.18608,-0.00541,-0.06136,0.99521,0.09278,-0.00554,-0.03029,0.9827232747817121,0.18500221317613658,-0.005398733392118202,0.18433152379814466,-0.9809498421239515,-0.061313102769703434,-0.01663894637775879,0.05925865638812155,-0.9981039811094397
1.667,0.016504988074302673,Empty,0.31006,-0.04171,0.48207,0.24503,0.00099,-0.06955,0.9919,0.12215,-0.00376,-0.03457,0.9701306437505546,0.24258101982675,0.0009914010029414277,0.24206146474847257,-0.9677688132193044,-0.06949655706524732,-0.01589909871529469,0.06766071962308065,-0.9975816987495952
1.734,0.016504988074302673,Empty,0.31203,-0.05001,0.47862,0.30899,0.00574,-0.07547,0.98736,0.15388,-0.00297,-0.03772,0.9526250801810547,0.3040927983268978,0.005746878783766687,0.30364486360658843,-0.94979682323187,-0.0754041867802009,-0.017471502951235257,0.07357692970193659,-0.9971364911586885
1.8,0.016505315899848938,Empty,0.31524,-0.05774,0.47568,0.37575,0.01835,-0.07471,0.98161,0.18697,0.00203,-0.0384,0.9300783389838913,0.36690277743314004,0.01834762286546816,0.3672148121408355,-0.9271373012582609,-0.07463046536046461,-0.01037135947388779,0.07614969814382955,-0.9970424556533524
1.867,0.016505315899848938,Empty,0.31854,-0.06525,0.47349,0.44063,0.02544,-0.07092,0.97504,0.21882,0.00466,-0.03737,0.9041950817142631,0.42636106443276944,0.025445961162678332,0.42705792172891255,-0.9014450590637162,-0.0708402214719507,-0.00726537626821042,0.07492027913301504,-0.9971630589238213
1.933,0.016505315899848938,Empty,0.32188,-0.07172,0.47177,0.50615,0.0333,-0.0601,0.96745,0.25072,0.00859,-0.03325,0.8741332619070737,0.48454419145338373,0.033286137602401324,0.4856861501342577,-0.8720690414878622,-0.06003790840963892,-6.32096731417015e-05,0.06864774874114528,-0.9976409587608711
2.0,0.016504988074302673,Empty,0.32516,-0.07702,0.47092,0.5664,0.03747,-0.04212,0.95967,0.2797,0.0121,-0.02545,0.8432460928433596,0.5362206574449009,0.037462426960437195,0.5374524720395784,-0.8422438994845594,-0.04207201064353141,0.008992619360010846,0.05561133257171128,-0.9984119953639602
2.067,0.016504988074302673,Empty,0.32945,-0.08213,0.47131,0.62873,0.0411,-0.01457,0.95072,0.30928,0.01729,-0.01328,0.808090294974019,0.5876232964117191,0.04109667484150097,0.5885419856725813,-0.8083355898730705,-0.014556965519305532,0.024665892835620536,0.03595046117617967,-0.999049126956148
2.134,0.016505315899848938,Empty,0.33651,-0.08693,0.47268,0.69889,0.04733,0.01225,0.93933,0.34214,0.02433,-0.00235,0.7646925957970854,0.6426563330767456,0.04730826026675127,0.6428845695507999,-0.7658652586112816,0.012240746944433795,0.04409834652907521,0.02105334198235325,-0.9988053326974059
2.2,0.016505315899848938,Empty,0.34403,-0.09175,0.47386,0.76327,0.04651,0.04143,0.92779,0.37181,0.02929,0.01056,0.7218011846365262,0.6905363225485694,0.046504162162174276,0.6892991225760409,-0.7232944001940794,0.04137547901580276,0.06220747120087592,0.0021904084060105212,-0.9980608361406669
2.267,0.016505315899848938,Empty,0.35159,-0.09398,0.47395,0.82368,0.04469,0.0621,0.91599,0.39937,0.03289,0.0195,0.6788490059557672,0.7329179189276965,0.044669354456502774,0.7303523569206037,-0.6802512685374579,0.0619971482706913,0.07582520592379217,-0.009462334166222467,-0.9970762269649904
2.334,0.016504988074302673,Empty,0.36037,-0.09526,0.4738,0.88913,0.04205,0.08038,0.90223,0.42886,0.03624,0.02723,0.6295349444560423,0.7758343333089573,0.04203380743846348,0.7718880949401847,-0.6306784663241498,0.08020873396726162,0.08873850685210076,-0.018048805336211355,-0.9958914187940348
2.4,0.016504988074302673,Empty,0.36808,-0.09503,0.47204,0.94136,0.04147,0.08766,0.89062,0.45215,0.03833,0.02965,0.5881776926773228,0.8076678975563605,0.041467687344106746,0.8031214333096012,-0.5893582333104201,0.0874804903275696,0.09509450665265937,-0.0181504844593173,-0.995302765352523
2.467,0.016504988074302673,Empty,0.3752,-0.09389,0.46929,0.99115,0.04024,0.09069,0.87905,0.47415,0.03923,0.03031,0.5472933198486223,0.8359730627325894,0.04023755005673457,0.8312170144011997,-0.5485349545055853,0.09048579256165945,0.09771538783134337,-0.016076133585226693,-0.9950845496287841
2.533,0.016505315899848938,Empty,0.38243,-0.09226,0.46674,1.04259,0.03849,0.09536,0.86649,0.49655,0.0404,0.03175,0.5036212902569857,0.8630669229934725,0.03848483382409354,0.8579360863054709,-0.504869809085359,0.0951427752851727,0.1015444130158854,-0.014898399534589817,-0.9947194427960915
2.6,0.016505315899848938,Empty,0.38587,-0.08888,0.46283,1.07703,0.03518,0.08597,0.85793,0.51166,0.03712,0.02787,0.47365281517375374,0.880009173913858,0.035169084512216175,0.8758711436603893,-0.4748547710183654,0.08580609619448916,0.09221035940185915,-0.009838712748386016,-0.995690940679102
2.667,0.016505315899848938,Empty,0.38954,-0.08491,0.46022,1.11401,0.03403,0.07717,0.84843,0.52762,0.03482,0.02375,0.4408111441528816,0.8969549039306628,0.03402110382340679,0.8936472110804864,-0.44210772576226726,0.07704168319412902,0.08414390838733489,-0.0035579679666006975,-0.9964472607946957
2.733,0.016504988074302673,Empty,0.39441,-0.08101,0.45909,1.15196,0.03335,0.07036,0.83835,0.54375,0.03313,0.02042,0.40648301884229254,0.9130498479298752,0.033339624894233935,0.9103442243272548,-0.407844049853249,0.07026111466030802,0.07774926769343045,0.0017905849693565388,-0.9969713361870554
2.8,0.016504988074302673,Empty,0.39944,-0.0768,0.45891,1.18784,0.02844,0.06432,0.82849,0.55889,0.02977,0.01869,0.3735038966742808,0.9271925439463002,0.02843985969578685,0.9249661362684103,-0.3745779899284116,0.0642571102515463,0.07023165899946306,0.0023056260708461786,-0.9975280437975689
2.867,0.016504988074302673,Empty,0.40398,-0.07054,0.45986,1.22368,0.02565,0.06044,0.81837,0.57375,0.02785,0.01737,0.3400653815414035,0.9400518072013119,0.025654162520875948,0.9381174140109432,-0.34101335988358655,0.060378853171685745,0.0655076621970292,0.003533858861838928,-0.9978458087475363
2.933,0.016504988074302673,Empty,0.40724,-0.06448,0.46164,1.25495,0.01772,0.05584,0.80931,0.58665,0.02356,0.0174,0.3105757890340625,0.9503833420468774,0.017725191837543248,0.9487433744597491,-0.31108075520597184,0.05581015283271154,0.058555005632293135,-0.0005166239352338545,-0.9982840499652949
3.0,0.016504988074302673,Empty,0.40838,-0.05827,0.4624,1.27751,0.01258,0.05312,0.80264,0.59584,0.02088,0.01757,0.2890780633834077,0.9572229498282574,0.012573686515415575,0.9557555619113449,-0.2893322378559519,0.05308636371796518,0.05445345853137076,-0.003328732394818416,-0.9985107612813273
3.067,0.016504988074302673,Empty,0.40889,-0.05206,0.46243,1.30033,0.01142,0.0516,0.79579,0.60499,0.02016,0.01708,0.26714982196207093,0.9635874087484524,0.011413953174786412,0.9622098968122671,-0.26737890843272605,0.05158133191233297,0.05275497229797548,-0.002797324930414959,-0.9986035689256639
3.133,0.016504988074302673,Empty,0.41086,-0.04617,0.46221,1.32833,0.01627,0.04974,0.78729,0.61603,0.02173,0.01457,0.2400612877738595,0.9706214747451051,0.016264405184131244,0.969355312880604,-0.24058109464648614,0.04970929781082217,0.0521618203526561,0.003832709529280212,-0.9986312907350549
3.2,0.016504988074302673,Empty,0.41304,-0.0402,0.45992,1.35286,0.0222,0.04329,0.77973,0.62564,0.0222,0.00993,0.216164004839225,0.9761048210170333,0.022192372544933697,0.9752228519210401,-0.21695239462453492,0.043267164890633564,0.04704797660750939,0.012289705203365872,-0.9988170258076069
3.267,0.016504988074302673,Empty,0.4128,-0.0345,0.45602,1.36433,0.02575,0.03432,0.77617,0.63016,0.02081,0.0052,0.2049369049801017,0.978436413958645,0.025749734307827118,0.9780033333853038,-0.2057490048997095,0.03430491029013312,0.03886315561571834,0.018152983846360965,-0.9990796386239998
3.333,0.016504988074302673,Empty,0.41275,-0.02955,0.4545,1.37324,0.0269,0.0303,0.77336,0.63364,0.02,0.00319,0.19620058614997388,0.9801950371866417,0.026889013910600626,0.9799401779480041,-0.19697990013284938,0.030268243868556765,0.03496537769909526,0.020410977887659106,-0.9991800710302567
3.4,0.016504988074302673,Empty,0.41289,-0.024,0.45471,1.38151,0.03145,0.02873,0.77073,0.6368,0.02127,0.00105,0.18805651840507542,0.9816544682064875,0.031452359777924294,0.9815651955303779,-0.18895923840175632,0.028708415944448173,0.034124958736572446,0.025473736923872423,-0.9990928765226788
3.467,0.016504988074302673,Empty,0.41398,-0.01909,0.4557,1.3894,0.03122,0.02787,0.76821,0.63985,0.02091,0.00071,0.1803027038546342,0.983115735392022,0.031215153488517697,0.9830566297791782,-0.18117578080469093,0.0278388055960411,0.033024197642207834,0.02566685166541227,-0.9991249246694197
3.533,0.016504988074302673,Empty,0.41573,-0.01411,0.45692,1.3966,0.03236,0.02672,0.76591,0.64261,0.02098,-0.00017,0.17322548932542103,0.9843501722432035,0.03236770385343911,0.9843648167432384,-0.17410607978571963,0.026701695446166226,0.03191923254120661,0.027236214612609486,-0.999119287776768
3.6,0.016504988074302673,Empty,0.4179,-0.00912,0.45816,1.40127,0.03363,0.02423,0.7644,0.64441,0.02066,-0.00158,0.16861651985700526,0.9851083745841784,0.03361487104587043,0.9852385868230091,-0.16946517725677107,0.02421736427300259,0.029553278435942548,0.029035220361648056,-0.9991414112688145
3.667,0.016505315899848938,Empty,0.42054,-0.00441,0.45989,1.40569,0.03356,0.02088,0.76298,0.64613,0.01955,-0.00288,0.1642793887933584,0.9858428650909293,0.03355782720899055,0.9860682282476478,-0.1650272656755169,0.020867458498998105,0.026109991540129492,0.029662213891923868,-0.9992189056502104
3.734,0.016505315899848938,Empty,0.42191,0.00078,0.46109,1.40695,0.03432,0.01275,0.76254,0.64668,0.01721,-0.00624,0.16300591128038017,0.9860281117344285,0.03431669793395273,0.9864576246300469,-0.16352045411622773,0.012744249482331828,0.018177670282465603,0.031774580328621786,-0.9993297495561921
3.8,0.016505315899848938,Empty,0.42137,0.00572,0.46204,1.39996,0.03628,-0.00082,0.76473,0.6441,0.01361,-0.012,0.16990444312327124,0.9847922831293127,0.03628552460591358,0.9854459728956795,-0.1699869374237793,-0.0008219543609042437,0.00535861088887139,0.03589707779526691,-0.9993411254897407
3.867,0.016504988074302673,Empty,0.41646,0.01132,0.46017,1.37583,0.04717,-0.02967,0.77205,0.63495,0.0088,-0.02643,0.19352142288409263,0.979962290733273,0.047152599352658475,0.9808926482880445,-0.1922791079716788,-0.02963709115418728,-0.019976771996053022,0.05198705010299822,-0.9984479331453422
3.934,0.016504988074302673,Empty,0.41098,0.01627,0.45872,1.34804,0.05825,-0.06099,0.78007,0.62427,0.00372,-0.04198,0.22054007911863222,0.9736386187585334,0.0582229642351048,0.9742638883162124,-0.21704321556241296,-0.060845036784461355,-0.046604178195972484,0.0701433007514103,-0.9964476744588122
4.0,0.016505315899848938,Empty,0.40679,0.02093,0.45841,1.32546,0.06667,-0.08566,0.78628,0.61549,-8e-05,-0.05422,0.2423388809123317,0.9679018528332158,0.06661734068683843,0.96788432293771,-0.23645919267935783,-0.08536385422904087,-0.06687155007601762,0.08516486059082055,-0.9941202856349813
4.067,0.016505315899848938,Empty,0.40678,0.02181,0.45838,1.32735,0.06591,-0.08553,0.78571,0.61623,-0.00039,-0.05394,0.24051238311009465,0.9684082252342341,0.0658733851368193,0.9683248682889262,-0.23469342134324456,-0.08524052693077337,-0.06708757726983988,0.08428823925603673,-0.9941804412173779
4.133,0.016505315899848938,Empty,0.40681,0.0217,0.45842,1.32712,0.06604,-0.08549,0.78578,0.61614,-0.00032,-0.05396,0.24073584518796032,0.9683452510028037,0.06598278337532745,0.9682754161205275,-0.2349131902159648,-0.08519689899977105,-0.06699978640456666,0.08439945451763901,-0.9941769262555168
4.2,0.016504988074302673,Empty,0.40682,0.02166,0.45842,1.32702,0.06608,-0.08551,0.78582,0.6161,-0.00031,-0.05398,0.24084016362718735,0.9683162400092371,0.06602783442157706,0.9682498937859334,-0.23501327299355979,-0.0852109423746952,-0.06699372185181687,0.08445366096995562,-0.9941727316624679
4.267,0.016504988074302673,Empty,0.40682,0.02166,0.45843,1.32702,0.06608,-0.08548,0.78582,0.6161,-0.0003,-0.05397,0.2408372220395743,0.9683164306171499,0.06603576816485858,0.9682516647509065,-0.23501096620395057,-0.08519717994736814,-0.06697869950483908,0.08445789460285906,-0.9941733842001066
4.334,0.016504988074302673,Empty,0.40682,0.02166,0.45843,1.32702,0.06608,-0.08548,0.78581,0.6161,-0.0003,-0.05397,0.24083367986942777,0.9683176321481519,0.06603106777529956,0.9682526450052986,-0.23500798986279176,-0.08519424945906312,-0.06697726540247197,0.08445240062689813,-0.9941739475300894
4.4,0.016505315899848938,Empty,0.40682,0.02166,0.45843,1.32705,0.06608,-0.08548,0.78581,0.61611,-0.0003,-0.05397,0.24082439627532753,0.9683198560243305,0.06603231472274296,0.968255768442684,-0.2349996947366128,-0.0851816315361853,-0.06696549138243993,0.08444998462236791,-0.9941749459029784
4.467,0.016505315899848938,Empty,0.40682,0.02165,0.45843,1.32702,0.06609,-0.08547,0.78582,0.6161,-0.00029,-0.05397,0.2408439935828494,0.9683145392405195,0.06603880564095944,0.9682511473113015,-0.23501889015562055,-0.08518120097984339,-0.0669618285698101,0.08445752995109586,-0.9941745516503363
4.534,0.016505315899848938,Empty,0.40682,0.02166,0.45843,1.32705,0.06608,-0.08548,0.78581,0.61611,-0.0003,-0.05397,0.24082662425222723,0.9683192062505572,0.0660337175810013,0.9682547103684263,-0.23500114672227151,-0.08518965247359939,-0.06697277731012677,0.08445339451738021,-0.9941741654528446
4.6,0.016505315899848938,Empty,0.40683,0.02166,0.45843,1.32702,0.06609,-0.08547,0.78582,0.6161,-0.00029,-0.05397,0.24084217153205278,0.968314765024396,0.06604213993711805,0.9682514886667859,-0.23501664767938085,-0.0851835078410089,-0.06696344604542617,0.08446118131600097,-0.9941741325061857
4.667,0.016504988074302673,Empty,0.40683,0.02166,0.45844,1.32705,0.06608,-0.08545,0.78581,0.61611,-0.00029,-0.05396,0.24082666125810154,0.9683186867980567,0.06604119945126992,0.9682562897562812,-0.23500252889722417,-0.0851678857276014,-0.06694980638266358,0.08445550431793089,-0.9941755334022899
4.734,0.016504988074302673,Empty,0.40683,0.02166,0.45844,1.32702,0.0661,-0.08544,0.78581,0.6161,-0.00028,-0.05396,0.2408316600566775,0.9683171230978409,0.06604589790339274,0.9682557039997507,-0.2350079056950931,-0.08515970838814045,-0.06694029568422699,0.08445847131180377,-0.9941759217751057
4.8,0.016504988074302673,Empty,0.40683,0.02166,0.45844,1.32702,0.0661,-0.08544,0.78582,0.6161,-0.00028,-0.05396,0.24084732455345548,0.9683132016598607,0.06604626974078205,0.9682517529608994,-0.23502334827976995,-0.08516201413489301,-0.06694108711089307,0.08446045971101317,-0.9941756995631185
4.867,0.016505315899848938,Empty,0.40683,0.02166,0.45845,1.32702,0.0661,-0.08544,0.78582,0.6161,-0.00028,-0.05396,0.2408374885731196,0.9683154719358238,0.06604885243132573,0.9682550660407012,-0.23501445398091841,-0.08514889022511088,-0.06692855283292565,0.08445918084940986,-0.9941766521026016
4.933,0.016505315899848938,Empty,0.40683,0.02166,0.45845,1.32702,0.06611,-0.08543,0.78582,0.6161,-0.00027,-0.05396,0.2408447674842673,0.9683129813487337,0.06605882323335757,0.9682539335487912,-0.2350216560614184,-0.08514188951063503,-0.06691874283593524,0.08446769402366282,-0.9941765892051485
5.0,0.016505315899848938,Empty,0.40683,0.02166,0.45846,1.32702,0.06611,-0.08543,0.78582,0.6161,-0.00027,-0.05396,0.24084272316049732,0.9683134597859403,0.0660592635291803,0.9682551173618731,-0.23502044116000254,-0.08513177984456341,-0.06690897102169138,0.08446558964655002,-0.9941774256954738
5.067,0.016504988074302673,Empty,0.40683,0.02165,0.45845,1.32702,0.0661,-0.08544,0.78582,0.6161,-0.00028,-0.05396,0.2408387104907923,0.9683149397201334,0.06605219938750248,0.968255537889054,-0.2350163512980814,-0.08513828733134943,-0.06691732866986684,0.084460003180978,-0.9941773377956059
5.133,0.016504988074302673,Empty,0.40847,0.02121,0.45883,1.33171,0.06428,-0.07861,0.78459,0.61793,0.00099,-0.05072,0.2363194966750518,0.9695495993693717,0.0642391613732694,0.9697502348591038,-0.2311756801790502,-0.07837274324959234,-0.06113572999452378,0.08081694906666664,-0.9948522720794242
5.2,0.016504988074302673,Empty,0.41268,0.02122,0.4605,1.34201,0.06184,-0.0626,0.78184,0.62193,0.00475,-0.04371,0.2263673647465902,0.972079999593896,0.06179231802752339,0.972909843123188,-0.22259100733192666,-0.062447422756843736,-0.04694947637299145,0.07425441296305889,-0.9961335396541033
5.267,0.016504988074302673,Empty,0.41533,0.02135,0.46173,1.35286,0.05994,-0.05604,0.77863,0.62614,0.00583,-0.04059,0.21583209302870937,0.9745906071547074,0.059913738530203535,0.9755373469541815,-0.21260448638980223,-0.05591258413384744,-0.04175394971068815,0.07051581959211334,-0.9966364065549731
5.333,0.016504988074302673,Empty,0.41808,0.02058,0.46285,1.36753,0.05971,-0.05075,0.77412,0.63182,0.00711,-0.03851,0.2015025313351833,0.9776690872859053,0.05966477713909743,0.9787635948978874,-0.1986372913600995,-0.050646340279299956,-0.03766371155472029,0.06860307753058625,-0.9969328275191137
5.4,0.016504988074302673,Empty,0.42204,0.01881,0.46347,1.38516,0.06463,-0.04325,0.76857,0.63858,0.01106,-0.03726,0.18418051319767825,0.9807679115637321,0.06458979954416047,0.9824166451746761,-0.1816490005132957,-0.043141347872488314,-0.030578977124393954,0.07139988977187342,-0.9969789275097993
5.467,0.016504988074302673,Empty,0.42666,0.01623,0.4615,1.40434,0.06423,-0.02637,0.76271,0.64581,0.016,-0.0308,0.16533552260506112,0.9841462708495545,0.06418942699406761,0.986117714518083,-0.16395109679715647,-0.026303820495168738,-0.015362879890957906,0.06764728695169372,-0.9975910116322876
5.534,0.016504988074302673,Empty,0.43077,0.01445,0.45941,1.42436,0.06342,-0.01534,0.75638,0.65332,0.01899,-0.02652,0.1456210774007941,0.987308072429149,0.06338195273790506,0.9893226542787411,-0.14493519976908448,-0.015312530775886884,-0.005931909262529872,0.06493502894535139,-0.9978718627501066
5.6,0.016504988074302673,Empty,0.43627,0.01178,0.45656,1.45694,0.05567,0.00455,0.74595,0.66542,0.02228,-0.01683,0.11344298271429915,0.9919852036973932,0.055642118204869515,0.993485383308853,-0.11386916573806866,0.004539410289617012,0.010838949420699191,0.05476466688986316,-0.9984404581325306
5.667,0.016504988074302673,Empty,0.44102,0.00816,0.45185,1.48967,0.04152,0.02087,0.73515,0.67751,0.02233,-0.0064,0.0809701195954578,0.9958517563775334,0.041510469191262514,0.996423497317044,-0.08188589627026949,0.020854591496485792,0.024167203544637327,0.03967340811924431,-0.9989204007132079
5.734,0.016505315899848938,Empty,0.44555,0.0051,0.44639,1.51839,0.02121,0.03992,0.72535,0.68801,0.02143,0.00718,0.05236073405008812,0.9984027863189708,0.021218619188132212,0.997787361946429,-0.05317660069881758,0.0399077621284896,0.040972354944786356,0.01908207034452832,-0.9989780481680489
5.8,0.016505315899848938,Empty,0.44959,0.00348,0.44102,1.54709,0.00254,0.04922,0.71524,0.69844,0.0181,0.01672,0.0237019987360913,0.9997158541005083,0.0025350179496453316,0.9985053573777513,-0.02379805936263757,0.049200646931739284,0.049246995277312404,0.001365075332378655,-0.9987856977477667
5.867,0.016504988074302673,Empty,0.45441,0.00188,0.43693,1.57734,-0.01804,0.05973,0.70425,0.70926,0.01483,0.02744,-0.006544967550898395,0.9998157670849861,-0.018044259142972672,0.9981883896838444,0.007611439980102053,0.05968253246807661,0.059808879776596865,-0.017620949738602884,-0.9980543071547652
5.934,0.016504988074302673,Empty,0.45846,0.00141,0.43337,1.59882,-0.03163,0.06401,0.69632,0.71684,0.01192,0.03364,-0.02800682531766807,0.9991072793502118,-0.03162692025858426,0.9975030889644787,0.02998591598942013,0.06394085039001557,0.06483213124638558,-0.029757170424834677,-0.9974524076698389
6.0,0.016504988074302673,Empty,0.46242,0.00182,0.42993,1.61744,-0.04105,0.06689,0.6894,0.72332,0.01002,0.03792,-0.046587485923923366,0.9980704487446516,-0.04104857485879761,0.9965513137386892,0.0492628181636357,0.06677315203185398,0.06866647829167265,-0.03779621792225579,-0.9969234477480166
6.067,0.016504988074302673,Empty,0.46695,0.0026,0.4262,1.63538,-0.04554,0.06966,0.68273,0.72948,0.00984,0.04041,-0.0644859578333089,0.9968793765853623,-0.04553097606136227,0.9952890108324317,0.06755912985682705,0.06953811105565147,0.07239714192231901,-0.04083224842900569,-0.9965397038400987
6.133,0.016504988074302673,Empty,0.47146,0.00324,0.42196,1.64841,-0.04885,0.07043,0.67789,0.73392,0.00926,0.04182,-0.0774454170330603,0.9957999990716097,-0.04883205125281648,0.9942505533368224,0.08077214861318449,0.07029720618795379,0.07394622755758029,-0.043107097529199695,-0.9963301328237597
6.2,0.016504988074302673,Empty,0.47602,0.00481,0.41723,1.65477,-0.04498,0.06787,0.67568,0.73607,0.00976,0.0395,-0.08379241380807806,0.9954683400633476,-0.044962376713635836,0.993926004521501,0.08672272564526684,0.06775150472558782,0.0713437378060708,-0.039012213320688216,-0.9966885763806463
6.267,0.016504988074302673,Empty,0.48064,0.00679,0.41176,1.66173,-0.0444,0.06911,0.6731,0.73841,0.01055,0.03967,-0.09072074973467104,0.9948868218161404,-0.04438420151538013,0.9932123818170373,0.09364586485440007,0.06898997464124315,0.07279361354478218,-0.037824116278508436,-0.9966295330035343
6.333,0.016504988074302673,Empty,0.48432,0.00977,0.40578,1.66405,-0.03882,0.06682,0.6724,0.73918,0.01163,0.03683,-0.09304852368190192,0.9949048695064339,-0.03881073141547764,0.9931914995202662,0.09549114804903924,0.06672395315747619,0.07009006720857901,-0.032337923196493076,-0.997016369575763
6.4,0.016504988074302673,Empty,0.48838,0.0135,0.40016,1.66465,-0.03078,0.06724,0.67232,0.73934,0.0145,0.034,-0.09366941065727286,0.9951271895482257,-0.03078827908423725,0.9931556457303519,0.09556155757039853,0.06715543216037981,0.06977037237285721,-0.02428714344193468,-0.9972673812987084
6.467,0.016504988074302673,Empty,0.49153,0.01729,0.39472,1.66529,-0.02131,0.06306,0.67231,0.73953,0.01615,0.02909,-0.09431904356973364,0.9953138639223689,-0.021312679418951038,0.99343432138656,0.09549010385750945,0.06300705640249661,0.06474694673354096,-0.015229981917467196,-0.997785488238568
6.534,0.016504988074302673,Empty,0.49541,0.02122,0.39206,1.65915,-0.01029,0.05278,0.67484,0.73747,0.01599,0.02161,-0.08824960963214107,0.9960452580145767,-0.010288361699013562,0.9946632561040316,0.088672002769425,0.05274734951999764,0.053451036999299026,-0.005578522343246935,-0.9985548891934609
6.6,0.016504988074302673,Empty,0.50088,0.02537,0.3915,1.65552,-0.0014,0.05001,0.6763,0.7362,0.01794,0.01743,-0.08461833525389945,0.9964124387301811,-0.0014104193104861537,0.9951617290551766,0.08458288010355458,0.049988692894477896,0.04992865272335535,0.002826364654532918,-0.9987487878841557
6.667,0.016504988074302673,Empty,0.50523,0.02866,0.38858,1.65535,0.00265,0.04407,0.67645,0.73616,0.01712,0.01393,-0.08444095747666114,0.9964249547448493,0.0026522183449657136,0.9954709989405541,0.08424285923005231,0.044052592852645636,0.043671672382908325,0.006360049565078426,-0.999025692763109
6.734,0.016504988074302673,Empty,0.50917,0.03085,0.38534,1.65524,0.00671,0.03816,0.67655,0.73614,0.01632,0.01044,-0.08434716313651164,0.9964138106426488,0.006713719641035787,0.9957321281878563,0.08403234875311127,0.038158790042645635,0.03745777576559921,0.00990365203504411,-0.9992491344559989
6.8,0.016504988074302673,Empty,0.51338,0.032,0.38094,1.65678,0.00771,0.0363,0.676,0.73667,0.01598,0.00943,-0.08587753497176631,0.996275827893496,0.007715163141649868,0.995673421095767,0.08554462203178148,0.03628437907545423,0.035489259088133655,0.01079779591253962,-0.9993117231839155
6.867,0.016505315899848938,Empty,0.51679,0.0322,0.37508,1.66056,0.00396,0.03391,0.67459,0.73799,0.01385,0.00998,-0.08965248994681774,0.9959652963015782,0.003944567054202151,0.9954122640517538,0.08946840973258563,0.0339091172884812,0.03341938990612417,0.006966507218938347,-0.9994171362126382
6.933,0.016505315899848938,Empty,0.51984,0.03251,0.36943,1.66386,-0.00111,0.0327,0.67336,0.73914,0.01171,0.01142,-0.0929244185919032,0.9956725467710261,-0.0011099711057113854,0.9951379990218174,0.09291096054744064,0.03267898886142652,0.03264070054717006,0.0019321016150096687,-0.9994652828643621
7.0,0.016505315899848938,Empty,0.52322,0.03327,0.3639,1.66751,-0.00228,0.03326,0.67199,0.74037,0.01155,0.01202,-0.09656785278431596,0.9953237920551806,-0.002280082788510468,0.9947686834564892,0.09659016573326606,0.03325065860796435,0.03331540518843921,0.0009427897517371045,-0.999444443140595
7.067,0.016505315899848938,Empty,0.52692,0.03404,0.35875,1.67116,-0.00225,0.03559,0.67063,0.74158,0.01244,0.01277,-0.10018419546844637,0.9949663768813345,-0.0022440708477438516,0.9943309753954584,0.10020045923503246,0.03557779276747018,0.0356235644967845,0.001332983390058458,-0.9993643904041333
7.133,0.016505315899848938,Empty,0.52953,0.03484,0.35352,1.67122,-0.00729,0.03496,0.67057,0.74163,0.01052,0.01443,-0.1002657378834853,0.9949338855740664,-0.007303775952921837,0.9943268038554972,0.10046115266629041,0.03495373999262262,0.035510406097252485,-0.003757677667197629,-0.9993622420911038
7.2,0.016505315899848938,Empty,0.53235,0.0362,0.34865,1.67276,-0.01119,0.03945,0.66993,0.74214,0.01089,0.01737,-0.10177960814783354,0.9947440283858638,-0.011190592296053483,0.9939868613580043,0.10214594162992252,0.039450298556539753,0.04038602249463421,-0.00710806578469159,-0.9991588685428678
7.267,0.016505315899848938,Empty,0.53513,0.03729,0.34335,1.67426,-0.01531,0.04504,0.66928,0.74263,0.0116,0.02076,-0.10325517588121996,0.9945369758070555,-0.015315756797972558,0.9935737190407884,0.10384846449661389,0.04501956522615291,0.04636414007823954,-0.010568830316163375,-0.9988686932427874
7.333,0.016505315899848938,Empty,0.53802,0.0382,0.33781,1.67565,-0.01924,0.0505,0.66866,0.74308,0.01233,0.02404,-0.10462789035601422,0.9943254789795901,-0.01923139130844668,0.9931396759132333,0.10547935170132389,0.05047465197132438,0.05221674718524462,-0.013818401379217594,-0.9985401659906904
7.4,0.016504988074302673,Empty,0.54073,0.03881,0.33258,1.67766,-0.02215,0.05467,0.66781,0.74374,0.01293,0.0265,-0.106646812124499,0.9940503063930493,-0.022146011459546415,0.9926792430737226,0.10771690767166758,0.05463504527530406,0.05669548336739778,-0.016157232483875662,-0.9982607705425468
7.467,0.016504988074302673,Empty,0.5434,0.03949,0.32673,1.67706,-0.02333,0.06002,0.66794,0.74351,0.01452,0.02873,-0.1060487252583392,0.9940873609780168,-0.02332352063569329,0.9924194266905644,0.10727758692428535,0.05995999391989851,0.06210756313246588,-0.016788034055977293,-0.9979282602042504
7.534,0.016504988074302673,Empty,0.54556,0.04056,0.32092,1.67541,-0.02145,0.06216,0.66856,0.74293,0.01592,0.02876,-0.10440099887718113,0.9943040003168103,-0.021447293242615847,0.9924719771120829,0.10554857264580397,0.062119831452332186,0.06402972810093437,-0.014800465074495945,-0.9978382334591608
7.6,0.016504988074302673,Empty,0.54798,0.04182,0.31532,1.6745,-0.01737,0.06415,0.66893,0.74258,0.01801,0.02792,-0.10351303654643129,0.9944763325899767,-0.017374555629628773,0.9924644009898899,0.10442369014955594,0.0641101060935694,0.06557029840344161,-0.010607396190365808,-0.997791570977298
7.667,0.016504988074302673,Empty,0.54979,0.04298,0.31003,1.67488,-0.01329,0.06262,0.66887,0.74269,0.01881,0.02589,-0.10388315291482059,0.9945007321071625,-0.013288505513927622,0.9925524311134941,0.10451581618166983,0.06257887549782626,0.06362359649665388,-0.006688647561135713,-0.9979515519115314
7.734,0.016505315899848938,Empty,0.55174,0.04479,0.30506,1.67297,-0.00445,0.0602,0.66972,0.742,0.02085,0.02182,-0.10200275598631314,0.9947741734349045,-0.004447655348460099,0.9929547929702277,0.1020851821062802,0.06016140550036947,0.06030105213550561,0.0017203084693146972,-0.9981787533553904
7.8,0.016505315899848938,Empty,0.55423,0.04619,0.29992,1.67323,0.00162,0.05992,0.66969,0.74203,0.02278,0.01947,-0.10225914912210599,0.99475648056187,0.0016157973216836992,0.9929818760628103,0.10197943773041301,0.059893138930687234,0.05941430999014176,0.007729078881126879,-0.9982034868242271
7.867,0.016505315899848938,Empty,0.55659,0.04763,0.29467,1.67068,0.00789,0.05639,0.67074,0.74115,0.02355,0.01599,-0.09971018807261478,0.9949852303644027,0.007891118502484046,0.9934793180063864,0.09911235225948162,0.056352340884454705,0.055287639559753014,0.0134585655360765,-0.9983797593729661
7.934,0.016505315899848938,Empty,0.55908,0.04909,0.29034,1.66599,0.01137,0.05351,0.67252,0.73957,0.02362,0.01379,-0.09505242022907656,0.9954072964234117,0.011373286052367915,0.9941040919271569,0.09431678873816635,0.05349203469492586,0.05217366981800362,0.016390777564047464,-0.9985035055464593
8.0,0.016505315899848938,Empty,0.56201,0.05059,0.2862,1.66185,0.01542,0.05276,0.67408,0.73814,0.02468,0.01209,-0.0909299003640443,0.9957377717281742,0.01542864782133695,0.9945442405182747,0.09000378206784093,0.052735878350629414,0.051122469342870666,0.02013974099372857,-0.9984893008745727
8.067,0.016504988074302673,Empty,0.56443,0.05162,0.28228,1.65849,0.0152,0.05113,0.67534,0.73703,0.02398,0.01166,-0.08756213023327009,0.9960429101768336,0.015211654593637138,0.9949246689810438,0.08668347146454591,0.05109675946491486,0.04957596597114355,0.01960859151799336,-0.9985778521160522
8.133,0.016504988074302673,Empty,0.5673,0.05262,0.27837,1.65559,0.01479,0.05223,0.67639,0.73604,0.02423,0.01222,-0.08469357576297282,0.9962971806816785,0.014796147816940882,0.9951127351132687,0.08381759960447327,0.05220396931205802,0.05077048985258745,0.01914517595331497,-0.9985268246761552
8.2,0.016504988074302673,Empty,0.57038,0.0534,0.27429,1.6573,0.0126,0.05342,0.67574,0.73663,0.02394,0.01341,-0.08640255240030331,0.9961806898507677,0.012594923864846948,0.9948966730845138,0.08561616479753908,0.053389907386382704,0.05210766569401018,0.017143672121488217,-0.9984943092887972
8.267,0.016505315899848938,Empty,0.57319,0.05382,0.26966,1.65903,0.00956,0.05395,0.67507,0.73724,0.02312,0.01469,-0.08812157594973613,0.9960638207236687,0.009563100830942705,0.9947055734115223,0.08748372724665165,0.053920494165839786,0.052871637729408165,0.014264028617517424,-0.9984994378623399
8.333,0.016505315899848938,Empty,0.57597,0.05398,0.26513,1.6612,0.00752,0.05343,0.67426,0.738,0.02226,0.01524,-0.09027082630818845,0.9958888181449967,0.007525942558794171,0.9945323835166112,0.08974434908790363,0.05339747132174329,0.05250253379033044,0.012305027450188206,-0.9985449765759402
8.4,0.016504988074302673,Empty,0.57966,0.05393,0.26136,1.66263,0.00705,0.0559,0.67371,0.73846,0.02302,0.01623,-0.09171222169257359,0.9957606333272433,0.0070448213561152065,0.9942659934592746,0.09117929058739355,0.055870128140370276,0.05499093236756388,0.012128399882383139,-0.9984131906548708
8.467,0.016504988074302673,Empty,0.58274,0.05353,0.2576,1.66311,0.00461,0.05478,0.67352,0.73866,0.02179,0.01675,-0.09218769027699714,0.9957310179924905,0.004601039994459013,0.994271083224987,0.09179952574985428,0.054752718057758984,0.054096606400060525,0.009622207633384635,-0.9984893441075158
8.534,0.016504988074302673,Empty,0.58609,0.0534,0.25292,1.6615,0.00118,0.05673,0.67406,0.73813,0.02134,0.01869,-0.09059425414631678,0.9958871872577659,0.0011795641091617605,0.9942920253830034,0.09038199179895812,0.0566962416586676,0.056356449279896484,0.006309184913133839,-0.9983907776067917
8.6,0.016504988074302673,Empty,0.58915,0.05382,0.24786,1.66037,-0.00115,0.05878,0.67443,0.73775,0.0213,0.02025,-0.08947214850010177,0.9959886660913055,-0.0011452774502283096,0.9942633638023017,0.08938470825222616,0.05874297686699281,0.058609709462745144,0.004117152939430746,-0.9982724833472902
8.667,0.016504988074302673,Empty,0.59194,0.05432,0.2424,1.66174,-0.00418,0.06069,0.67388,0.73822,0.021,0.022,-0.09080848033452155,0.9958596295974254,-0.004173492232295101,0.9940118548828677,0.0908941727413401,0.060652136928453254,0.060780360739758725,0.0013592276283512707,-0.9981502393170071
8.733,0.016504988074302673,Empty,0.59439,0.05489,0.2368,1.6668,-0.00631,0.05975,0.672,0.73995,0.01999,0.02242,-0.09583740007142516,0.9953769054856855,-0.006325248871824535,0.9935842604392009,0.09604426281119238,0.059714462138920704,0.06004590040157264,-0.0005617889243479446,-0.9981954589348566
8.8,0.016504988074302673,Empty,0.59688,0.05492,0.23188,1.672,-0.00774,0.05851,0.67005,0.74172,0.01911,0.02248,-0.10104237363215546,0.994852074279325,-0.007732336833347248,0.9931333683530312,0.10132233887250375,0.058479879524224745,0.05896228790118483,-0.0017702958876921616,-0.9982586411636656
8.867,0.016504988074302673,Empty,0.59899,0.05441,0.22731,1.67569,-0.00769,0.05687,0.6687,0.74297,0.01856,0.02188,-0.10471054315566347,0.9944730412181539,-0.007685859897320079,0.992849023670863,0.10497880327559822,0.056835438404552546,0.057328163653307104,-0.0016796288692943106,-0.9983539755512576
8.933,0.016504988074302673,Empty,0.60174,0.05399,0.22306,1.67803,-0.00419,0.05805,0.66787,0.74371,0.02019,0.02095,-0.10703164277574456,0.9942468124218599,-0.004183710517736153,0.9925547741276672,0.10709362419559304,0.05801703209427876,0.05813129794784301,0.0020570964060765843,-0.9983068268589947
