time,gr,gr_state,tx,ty,tz,rx,ry,rz,qw,qx,qy,qz,xx,xy,xz,yx,yy,yz,zx,zy,zz
0.0,0.015851275995373726,Empty,0.30809,0.00107,0.48543,0.00868,0.00232,-0.00421,0.99999,0.00434,0.00115,-0.00211,0.9999597152819217,0.00866993357597906,0.002323804011955668,0.008679648646454263,-0.9999534951632482,-0.004203713855314396,0.0022872500239314282,0.004223714312233849,-0.999988464295832
0.067,0.015851275995373726,Empty,0.30809,0.00107,0.48543,0.00868,0.00232,-0.00421,0.99999,0.00434,0.00115,-0.00211,0.9999597214552792,0.00866821699925513,0.0023275483097469486,0.008677944844625585,-0.9999535155479552,-0.004202382248028207,0.0022910129536993095,0.004222411318042082,-0.9999884611845815
0.133,0.015851275995373726,Empty,0.30809,0.00107,0.48543,0.00868,0.00232,-0.00421,0.99999,0.00434,0.00115,-0.00211,0.999959719372267,0.008669173970761668,0.002324877545472979,0.00867888659209759,-0.9999535146108232,-0.004200660065262916,0.00228835321973767,0.004220668208596268,-0.9999884746332901
0.2,0.015851275995373726,Empty,0.30809,0.00107,0.48543,0.00868,0.00234,-0.00421,0.99999,0.00434,0.00116,-0.00211,0.9999596465380568,0.008674206541602059,0.002337399486118439,0.008683978292745143,-0.9999534588830248,-0.004203402060825544,0.0023008295232825513,0.00422353036539938,-0.9999884339204915
0.267,0.015851275995373726,Empty,0.30809,0.00107,0.48543,0.00868,0.00232,-0.00421,0.99999,0.00434,0.00115,-0.00211,0.9999597437093473,0.008666567023533356,0.0023241292481924374,0.00867629406201842,-0.9999535048342723,-0.004208335894928901,0.0022875493623269183,0.004228331311731407,-0.9999884440993472
0.333,0.015851275995373726,Empty,0.30809,0.00107,0.48543,0.00866,0.00234,-0.00421,0.99999,0.00433,0.00116,-0.00211,0.9999597826733095,0.008660535676688397,0.0023298407112683434,0.00867028241229123,-0.9999535652164757,-0.004206377746998067,0.002293303041071723,0.004226408954672385,-0.9999884390474271
0.4,0.015851275995373726,Empty,0.30809,0.00107,0.48543,0.00866,0.00234,-0.00421,0.99999,0.00433,0.00116,-0.00211,0.9999597884865881,0.008659750936366284,0.0023302625555208525,0.008669502722121303,-0.9999535659926387,-0.004207800037607573,0.0022937158517763274,0.004227833053168272,-0.9999884320807244
0.467,0.01585160568356514,Empty,0.30809,0.00107,0.48543,0.00866,0.00234,-0.00421,0.99999,0.00433,0.00116,-0.00211,0.9999597717526757,0.008661568984254353,0.0023306863941093855,0.008671316313176525,-0.9999535617044437,-0.004205081211337719,0.002294155560009269,0.004225122167240869,-0.9999884425296816
0.533,0.01585160568356514,Empty,0.30808,0.00107,0.48543,0.00864,0.00232,-0.00421,0.99999,0.00432,0.00115,-0.00211,0.999960060133937,0.008629678209550351,0.0023252507247079647,0.008639415168969156,-0.9999538150392545,-0.0042104980677683005,0.002288808089667747,0.0042304187074221145,-0.9999884323906396
0.6,0.015851275995373726,Empty,0.3081,0.00056,0.48541,0.00953,0.00229,-0.00569,0.99998,0.00477,0.00113,-0.00285,0.9999519265352934,0.009533405736267042,0.0022932059268617536,0.009546313445758181,-0.9999382714586365,-0.005685171229589503,0.0022388653265930547,0.005706789586284539,-0.9999812098407986
0.667,0.015851275995373726,Empty,0.30836,-0.00171,0.48482,0.01239,0.00277,-0.01074,0.99997,0.0062,0.00135,-0.00538,0.9999194056440202,0.01238948524870187,0.0027717993761459895,0.012418588939300923,-0.9998651912958649,-0.010741409760328394,0.002638345175688268,0.010774965900401015,-0.9999384677291794
0.733,0.015851275995373726,Empty,0.309,-0.00456,0.48366,0.01215,0.00104,-0.01707,0.99994,0.00608,0.00047,-0.00854,0.9999255269473606,0.012158878635510018,0.0010498711207204102,0.012175043970123145,-0.999779959909877,-0.017082156389931658,0.0008419402406064782,0.017093666456657376,-0.9998535381263097
0.8,0.01585160568356514,Empty,0.31039,-0.00641,0.48215,0.011,-0.00134,-0.02271,0.99992,0.00549,-0.00073,-0.01135,0.9999387363172365,0.010987108986323435,-0.0013442650075388175,0.01095375914231328,-0.9996820894634966,-0.022709803313768248,-0.0015933527355953855,0.0226936872724664,-0.99974119540261
0.867,0.01585160568356514,Empty,0.31222,-0.00563,0.48007,0.01075,-0.00534,-0.02693,0.99989,0.00534,-0.00274,-0.01345,0.999927997472857,0.010751993170645624,-0.005328650183708013,0.010604782797493717,-0.9995812174757218,-0.02692449166783878,-0.0056159105886688186,0.026866043858594615,-0.999623267654194
0.933,0.01585160568356514,Empty,0.31458,-0.00459,0.47779,0.01158,-0.0076,-0.03123,0.99985,0.00573,-0.00389,-0.01559,0.9999041747309776,0.011573511435977069,-0.007595734895557239,0.011331043989593725,-0.9994481919895297,-0.03122369246206136,-0.007952911269979504,0.031134632837096457,-0.999483559564854
1.0,0.01585160568356514,Empty,0.31769,-0.00364,0.47508,0.01395,-0.00676,-0.03113,0.99985,0.00692,-0.00349,-0.01554,0.9998799602644293,0.013936766501127351,-0.006769904068456728,0.013719654405633108,-0.999421417349699,-0.03112236536172374,-0.007199732258427708,0.031025748697036875,-0.9994926546869642
1.067,0.01585160568356514,Empty,0.32115,-0.00221,0.4712,0.01715,-0.00579,-0.03135,0.99984,0.00853,-0.00303,-0.01565,0.99983599652985,0.017158686958626268,-0.005793056621306863,0.016968968146018837,-0.99936449491608,-0.03134741490438492,-0.006327255583679045,0.031243971626285318,-0.9994917608833975
1.133,0.015851275995373726,Empty,0.32481,-0.00046,0.46753,0.02386,-0.00449,-0.03236,0.9998,0.01189,-0.00244,-0.01615,0.9997051127761201,0.023863785239983948,-0.004495246745708172,0.023706120126724683,-0.9991952141383137,-0.03235651266169421,-0.0052637779039558415,0.03224040628014794,-0.9994662819950798
1.2,0.015851275995373726,Empty,0.3297,0.0001,0.46383,0.03315,-0.00366,-0.03521,0.99971,0.01654,-0.00212,-0.01757,0.9994436743571802,0.03315004348531597,-0.0036628410203786883,0.03300081912151137,-0.9988349765410462,-0.03520845886370322,-0.00482573566704625,0.03506799474120881,-0.9993732776195801
1.267,0.01585160568356514,Empty,0.335,0.00076,0.45968,0.03996,-0.00495,-0.03679,0.99963,0.01993,-0.00284,-0.01834,0.9991895833116398,0.03994705299547874,-0.004940603049022246,0.03973891523407791,-0.9985328163030416,-0.0367836020793901,-0.006402750778405584,0.03655745782863664,-0.9993110411976729
1.333,0.01585160568356514,Empty,0.34066,0.00243,0.45524,0.04765,-0.00652,-0.03689,0.99954,0.02376,-0.0037,-0.01836,0.9988438719343282,0.047626954982862124,-0.0065263051031758616,0.04735514612194747,-0.9981970594893541,-0.03687981239887354,-0.008271011728218253,0.03652812048090518,-0.9992983972663642
1.4,0.01585160568356514,Empty,0.34675,0.00507,0.45116,0.05868,-0.00974,-0.03636,0.9994,0.02924,-0.0054,-0.01803,0.9982318116502067,0.058636250438544424,-0.00974886373144773,0.05824647831121088,-0.9976401562817581,-0.036351978466799946,-0.011857401649926942,0.035719864342090304,-0.9992914956695544
1.467,0.015851275995373726,Empty,0.35513,0.00715,0.4492,0.0724,-0.01066,-0.03563,0.99918,0.03609,-0.00597,-0.01761,0.9973240082004746,0.07232782986764386,-0.010653998947659192,0.0719075099079613,-0.9967750742856757,-0.03561967576525828,-0.013195934441182746,0.03475825527012049,-0.9993086265037451
1.533,0.015851275995373726,Empty,0.36384,0.00888,0.44601,0.08725,-0.0115,-0.03652,0.99887,0.0435,-0.00654,-0.01799,0.9961297647553795,0.08714011216946582,-0.01149315533199047,0.08666973742715478,-0.9955679280424639,-0.036508317785726926,-0.014623555747506735,0.03537091325267768,-0.9992672566000405
1.6,0.015851275995373726,Empty,0.37255,0.0108,0.44126,0.09911,-0.01191,-0.03884,0.99857,0.04941,-0.00691,-0.0191,0.9950228550598844,0.09893343527375797,-0.011903499208608361,0.09840590364811996,-0.9943886706017164,-0.038825892213157534,-0.01567788364777308,0.037461275523985565,-0.9991750881604498
1.667,0.01585160568356514,Empty,0.38105,0.0127,0.43596,0.11159,-0.00913,-0.0417,0.99822,0.05566,-0.00572,-0.02056,0.9937379581420324,0.11136194358952461,-0.009131706722617712,0.11089151729315239,-0.9929580459713777,-0.04168201450417537,-0.013709191811586073,0.04040837117067865,-0.9990891960176559
1.733,0.01585160568356514,Empty,0.38893,0.01423,0.42996,0.12208,-0.01067,-0.04314,0.9979,0.06087,-0.00664,-0.0212,0.992502252111463,0.12175946113260527,-0.010673011682350585,0.12119634586705008,-0.9916916463870425,-0.04311756294865546,-0.01583430775715797,0.04150074831680108,-0.9990129942032775
1.8,0.015851275995373726,Empty,0.39761,0.01551,0.42664,0.1356,-0.01275,-0.04467,0.99744,0.06759,-0.00787,-0.02185,0.9907399177978136,0.13517454167845694,-0.012738075364845166,0.13448724303327436,-0.9899092427481672,-0.04464160148403602,-0.01864394655888003,0.0425151079472885,-0.998921853226237
1.867,0.015851275995373726,Empty,0.40634,0.01632,0.42396,0.14509,-0.01056,-0.04368,0.99713,0.07235,-0.00685,-0.0214,0.9894380897045527,0.14457123931964827,-0.010555728463102348,0.14398536910742687,-0.9886162147966153,-0.04365997393736065,-0.016747540858400987,0.04167897075017512,-0.9989906822750663
1.933,0.015851275995373726,Empty,0.41498,0.01729,0.42052,0.15615,-0.00541,-0.04161,0.99674,0.07792,-0.00432,-0.02053,0.9878182420946842,0.15551775342033713,-0.005417467679517455,0.155162849621088,-0.9870128872732489,-0.04159387519802146,-0.011815696442912079,0.040246598957131195,-0.999119913018429
2.0,0.01585160568356514,Empty,0.42469,0.01826,0.41998,0.17213,-0.0096,-0.04227,0.99607,0.08584,-0.0066,-0.02064,0.9851759665405875,0.17127751034970945,-0.00960881882566822,0.17073251602349532,-0.9844112940777012,-0.04224703616293188,-0.0166949969483753,0.039980226871171295,-0.9990609883967162
2.067,0.01585160568356514,Empty,0.43725,0.01863,0.42084,0.18965,-0.00725,-0.04361,0.99527,0.09458,-0.00567,-0.02136,0.9820440483771569,0.1885126380177362,-0.0072437804079233045,0.18802840740146715,-0.9811961663133691,-0.043582120439639056,-0.01532335006035325,0.0414375254997362,-0.9990235865200513
2.133,0.01585160568356514,Empty,0.44737,0.01843,0.41659,0.20458,-0.00511,-0.04482,0.99453,0.10203,-0.00483,-0.02203,0.9791346598149427,0.20314810071711215,-0.005115381130145719,0.20272239680893478,-0.9782109289028234,-0.0447996473994645,-0.014104885009009438,0.04282788519300972,-0.9989828949830808
2.2,0.015851275995373726,Empty,0.45524,0.01846,0.41117,0.22374,-0.01393,-0.04699,0.99347,0.11144,-0.00954,-0.02257,0.9749812160375646,0.22185031480481876,-0.013930764333474246,0.22098881670415838,-0.9741445921798744,-0.046970803893503554,-0.02399106637079526,0.0427171083725111,-0.9987991176341131
2.267,0.015851275995373726,Empty,0.46615,0.01841,0.41011,0.25043,-0.01635,-0.04714,0.99189,0.12466,-0.01105,-0.02236,0.968676890524863,0.24778550971048063,-0.01635307128950517,0.24679675274727003,-0.9679211207650879,-0.047117584936614096,-0.027503537890335075,0.04160583077374598,-0.9987554807104396
2.333,0.015851275995373726,Empty,0.4776,0.01847,0.40795,0.27811,-0.02064,-0.04561,0.99007,0.13833,-0.01338,-0.02115,0.9613731502991225,0.27447379343975764,-0.020634984825053722,0.2733422076798586,-0.9608363587860155,-0.045579920310730146,-0.03233733731527729,0.03817889927198903,-0.9987475498171383
2.4,0.015851275995373726,Empty,0.48632,0.01926,0.40408,0.30563,-0.02695,-0.04279,0.98807,0.15189,-0.01657,-0.01909,0.9533082169787004,0.30079393281878003,-0.026952799860171732,0.29952821472341856,-0.9531286059910224,-0.04276340756081476,-0.038552458099230344,0.03269358378981895,-0.9987216016255408
2.467,0.015851275995373726,Empty,0.49352,0.0212,0.40021,0.33876,-0.03248,-0.04257,0.98539,0.16817,-0.01959,-0.01824,0.9426712398927527,0.3321393990954114,-0.03247080300206767,0.33070989748892193,-0.9427731001888235,-0.04254227618758921,-0.04474256566097683,0.029364964309417884,-0.9985668739194083
2.533,0.015851275995373726,Empty,0.4991,0.02307,0.39567,0.37101,-0.03509,-0.04383,0.98253,0.18399,-0.02128,-0.0183,0.9313895075914278,0.3623288534219853,-0.035091126036463346,0.36077066643337047,-0.9316256903534068,-0.0437961107264075,-0.048560389102840024,0.028131389077816066,-0.9984240149148723
2.6,0.015851275995373726,Empty,0.50452,0.02415,0.39106,0.41068,-0.03763,-0.04924,0.97862,0.20335,-0.02343,-0.02026,0.9161975615695643,0.39895808420576984,-0.03760950971291558,0.3970594186795773,-0.9164740063991796,-0.049185502259027174,-0.05409109179726471,0.030130427170860827,-0.9980813148970787
2.667,0.015851275995373726,Empty,0.5107,0.02432,0.38703,0.45091,-0.03844,-0.05894,0.97422,0.22286,-0.02531,-0.02442,0.89938472695482,0.4354660129007083,-0.03842479054938172,0.43299367031694447,-0.8994727607810091,-0.05886623886788059,-0.06019629877214103,0.03630570507990936,-0.9975260905824899
2.733,0.015851275995373726,Empty,0.51763,0.02357,0.3831,0.48722,-0.0376,-0.07274,0.96983,0.24034,-0.027,-0.03075,0.88301607145627,0.46783558785190404,-0.03758297871641518,0.46451570136157283,-0.8825830483964343,-0.07261078344035923,-0.06714000847855967,0.04665860502115532,-0.99665199234185
2.8,0.015851275995373726,Empty,0.52485,0.02207,0.37928,0.51959,-0.03443,-0.08691,0.96558,0.25588,-0.02778,-0.03756,0.8675100989656541,0.49622635815041316,-0.0344329735773526,0.4920524045986424,-0.8662326388050956,-0.0867493319712303,-0.0728742706398811,0.05831309411734854,-0.9956349349702261
2.867,0.015851275995373726,Empty,0.52947,0.02215,0.37389,0.53975,-0.03415,-0.10167,0.96265,0.26539,-0.02998,-0.04442,0.8573331000490917,0.51362782755905,-0.034152749774872725,0.5083004465055938,-0.8551853790293469,-0.1014328525510658,-0.08130566796004036,0.06960188396446601,-0.9942559862058508
2.933,0.015851275995373726,Empty,0.53268,0.02384,0.36939,0.55261,-0.03517,-0.11238,0.96067,0.27138,-0.03221,-0.04923,0.8506251976922572,0.5245948542548919,-0.035171180536018386,0.5182516443214671,-0.8478534454919557,-0.11207037130979267,-0.0886115467030352,0.07710235960531836,-0.9930776505058343
3.0,0.015851275995373726,Empty,0.53527,0.02736,0.36565,0.5653,-0.03109,-0.12386,0.95863,0.27741,-0.03216,-0.0551,0.8440234672680874,0.5354048226170363,-0.031081547888996294,0.5283168036743282,-0.8400186968946564,-0.12349066289701838,-0.0922265778184218,0.08780811343961091,-0.9918588576799015
3.067,0.01585160568356514,Empty,0.53816,0.03166,0.36203,0.57575,-0.02217,-0.13724,0.95675,0.2825,-0.03007,-0.0626,0.838582083837734,0.5443242523810149,-0.022162963164096314,0.536795712748945,-0.8325525479693566,-0.1367721376746171,-0.0929002230391086,0.10279768061382213,-0.9903545756039615
3.133,0.01585160568356514,Empty,0.536,0.03642,0.35683,0.56978,-0.01504,-0.14166,0.95741,0.27983,-0.02709,-0.06581,0.841920079224565,0.5393925510239874,-0.015041811670715569,0.5322617905365852,-0.8347266429760611,-0.14116946497278948,-0.08870155879853882,0.1108472255212112,-0.9898711663953845
3.2,0.015851275995373726,Empty,0.53269,0.04345,0.35235,0.56611,-0.00711,-0.14825,0.95764,0.27827,-0.02409,-0.07012,0.8439750152874324,0.5363353868187035,-0.007108193624925083,0.5295799108312361,-0.8353021418939,-0.14770054093144833,-0.08515451611369658,0.12089120974452217,-0.9890065843016151
3.267,0.015851275995373726,Empty,0.53022,0.05236,0.35138,0.56487,0.00692,-0.1521,0.95752,0.27814,-0.01786,-0.07393,0.844633346460449,0.5353005224460634,0.006918143970362167,0.5300173504233487,-0.8343388975956194,-0.1515262756393742,-0.07534001790042345,0.13165088160699168,-0.9884290197454066
3.333,0.015851275995373726,Empty,0.5303,0.05609,0.35253,0.57182,0.0088,-0.15106,0.95657,0.28154,-0.01707,-0.07363,0.8408845610685562,0.5411428982696629,0.008804465279091761,0.5361156326884584,-0.8306243988035411,-0.1504763652515234,-0.07411601273406149,0.13125346381930286,-0.9885744002814554
3.4,0.01585160568356514,Empty,0.53071,0.05613,0.35329,0.57184,0.0103,-0.15024,0.95658,0.28161,-0.01624,-0.07345,0.8408690150316126,0.5411405604326183,0.010305018895542584,0.5363706952755873,-0.8306072040972009,-0.14966011409662167,-0.07242773508365995,0.1313718628797753,-0.9886838002284396
3.467,0.01585160568356514,Empty,0.5309,0.0543,0.35325,0.56837,0.01026,-0.15032,0.95706,0.27995,-0.01614,-0.07351,0.8427351671428631,0.5382305669006344,0.010261331030241072,0.5334850168717392,-0.8324501318049181,-0.1497348150275506,-0.07204980800842216,0.13166106072714318,-0.9886729440285867
3.533,0.01585160568356514,Empty,0.53101,0.0533,0.3533,0.56648,0.01036,-0.15028,0.95732,0.27905,-0.01602,-0.07352,0.8437515486641484,0.5366340003033785,0.010357308783886743,0.5319224084742471,-0.8334540264946646,-0.1497095089925391,-0.07170687198454202,0.13182691469584062,-0.9886757755057863
3.6,0.01585160568356514,Empty,0.531,0.05333,0.35322,0.56652,0.01021,-0.15034,0.95732,0.27906,-0.0161,-0.07353,0.843728720021933,0.5366724663425421,0.010223056292693308,0.5319379907297384,-0.8334323687376991,-0.1497746999952815,-0.07185973162042379,0.13180724794214016,-0.9886672991261317
3.667,0.01585160568356514,Empty,0.53007,0.05337,0.35172,0.56546,0.01532,-0.14786,0.95749,0.27875,-0.01327,-0.07306,0.8442397145272871,0.5357464696711525,0.015330513682912966,0.531869434965738,-0.8339148257686787,-0.1473124825410965,-0.06613779981305519,0.13252087985706665,-0.9889711865559064
3.733,0.01585160568356514,Empty,0.5289,0.05273,0.3494,0.57499,0.01577,-0.15037,0.95605,0.28331,-0.01376,-0.07426,0.8390936350046272,0.5437585293013433,0.015764945504562325,0.5396703720299323,-0.8284419944668289,-0.14979903656865506,-0.06839416091886957,0.1342032921200626,-0.9885907723301594
3.8,0.01585160568356514,Empty,0.53014,0.05048,0.34853,0.59055,0.02111,-0.15594,0.95352,0.29089,-0.0126,-0.07758,0.8304446545176083,0.5567007755113158,0.021116873069424225,0.5527918846266783,-0.8187234022878855,-0.15528400702272868,-0.06915784896897703,0.1406280096255691,-0.987644143826477
3.867,0.01585160568356514,Empty,0.53348,0.04697,0.34734,0.61096,0.02125,-0.16996,0.94993,0.30051,-0.01543,-0.08413,0.8189060916266641,0.5735340832986049,0.021247785568627692,0.5683417848411138,-0.8052275851565419,-0.16910396715210702,-0.07987758571939092,0.15055627319309084,-0.9853691591996621
3.933,0.01585160568356514,Empty,0.53659,0.04278,0.34434,0.62913,0.0246,-0.18086,0.94663,0.30917,-0.01629,-0.08966,0.8082950468723574,0.5882634042806618,0.024602528035558693,0.5824218104603746,-0.7927479715658461,-0.17982071148312237,-0.08627833970165122,0.15967723933724323,-0.9833916957835077
4.0,0.01585160568356514,Empty,0.5383,0.03926,0.33936,0.64874,0.02691,-0.19267,0.94296,0.31843,-0.01796,-0.09543,0.7965641846208846,0.6039554868933699,0.02689367268815354,0.5970984697031092,-0.77899715022016,-0.19140756888658986,-0.09465155707895122,0.16852658484720504,-0.981142126779942
4.067,0.01585160568356514,Empty,0.53826,0.03776,0.33298,0.66898,0.03033,-0.20819,0.93884,0.32796,-0.01986,-0.10309,0.7840962162912184,0.6198980642962713,0.030323480663191127,0.6117078894788364,-0.7636306226202356,-0.20659557145780982,-0.1049122564200329,0.18053991824072366,-0.977956418443322
4.133,0.015851275995373726,Empty,0.54252,0.03436,0.3278,0.71611,0.03505,-0.21857,0.93018,0.3501,-0.0219,-0.10824,0.7538948636267184,0.6560594031346579,0.03505130747701475,0.6465788526260916,-0.7314232598903032,-0.216692875351658,-0.1165260568884861,0.18602707988365216,-0.9756103749017753
4.2,0.015851275995373726,Empty,0.55303,0.02816,0.32317,0.77287,0.04978,-0.22806,0.91889,0.37695,-0.01997,-0.11468,0.7150208011283071,0.697330988996755,0.04974681636689236,0.6881682340545424,-0.6895163257378679,-0.22581345880882064,-0.12316548052147684,0.19569549899207686,-0.9728995508695416
4.267,0.015851275995373726,Empty,0.56091,0.01998,0.31513,0.81097,0.05361,-0.23587,0.91096,0.39448,-0.02194,-0.11858,0.6878153346593526,0.7239057459116118,0.05357738742786197,0.7134984979663299,-0.6606561725383775,-0.2333523410783196,-0.13352886881582474,0.19873070402706747,-0.970915108786382
4.333,0.015851275995373726,Empty,0.56518,0.01408,0.30586,0.8445,0.05768,-0.24138,0.90373,0.40983,-0.02321,-0.12151,0.6630013311387092,0.7463961367336994,0.05763715795655053,0.7351128645977298,-0.6345497372079354,-0.2386539488721274,-0.1415567420196563,0.20059770207644165,-0.9693927226415677
4.4,0.015851275995373726,Empty,0.56866,0.01191,0.29874,0.88185,0.0663,-0.24762,0.89519,0.42698,-0.02293,-0.12566,0.6343169881890138,0.7702281984505812,0.06626070333455905,0.7587047121348055,-0.6037885763372753,-0.24455370549032443,-0.14835470427074665,0.20539687776638202,-0.9673691148287511
4.467,0.01585160568356514,Empty,0.57538,0.01056,0.29338,0.91912,0.07804,-0.2546,0.88612,0.44407,-0.02159,-0.13086,0.6046765910401757,0.792646682042726,0.07795805086512687,0.7813457731054156,-0.5713605683537654,-0.2510893940029376,-0.15448301880249668,0.21274007233504366,-0.9648194953070486
4.533,0.01585160568356514,Empty,0.5822,0.00869,0.28749,0.9508,0.08699,-0.26038,0.87817,0.45841,-0.02103,-0.13505,0.57884454404304,0.8107964838594475,0.08687954645808132,0.7994361096996138,-0.5432520485166673,-0.25647440084887957,-0.16075105082067834,0.21791345425099692,-0.9626384711388002
4.6,0.015851275995373726,Empty,0.58629,0.00687,0.27981,0.97863,0.09335,-0.26268,0.87123,0.47086,-0.02066,-0.13721,0.5557234057394832,0.8261260053012373,0.09320579208573995,0.8147847672640578,-0.5189252470132801,-0.2585389159230418,-0.16521888314525368,0.2196187864851884,-0.9614937905545766
4.667,0.015851275995373726,Empty,0.58917,0.00611,0.2727,1.00503,0.09983,-0.26082,0.86473,0.48263,-0.0192,-0.13765,0.5334051925129292,0.8399680712025177,0.0996621290188332,0.8293967773992659,-0.49624749539694873,-0.25659191131438225,-0.16607193092138553,0.21952690648887865,-0.9613678021899139
4.733,0.015851275995373726,Empty,0.59208,0.00662,0.26641,1.03078,0.10671,-0.25595,0.8584,0.49407,-0.01679,-0.13696,0.5112330627234415,0.8528170337387938,0.10650757035710959,0.8436168879881687,-0.47427909991474954,-0.2517337515813344,-0.16416851671245514,0.21854620186363333,-0.9619180088611567
4.8,0.01585160568356514,Empty,0.59661,0.00785,0.2614,1.05725,0.11911,-0.24312,0.85197,0.50597,-0.01003,-0.13432,0.48779182805859644,0.8648347455910355,0.11882758643405104,0.859445657384614,-0.45191146883441335,-0.23901712561791916,-0.15301076590221327,0.21871645378071589,-0.9637171879569266
4.867,0.01585160568356514,Empty,0.60089,0.00838,0.25511,1.08208,0.13151,-0.21437,0.84679,0.51699,0.00102,-0.12515,0.4654415486298439,0.8753103480246518,0.13113336512884644,0.8758229477089756,-0.4341202191865849,-0.210888120954577,-0.12766490933460622,0.21300570399487992,-0.9686744762768512
4.933,0.01585160568356514,Empty,0.60392,0.00921,0.24873,1.10459,0.14085,-0.1869,0.84206,0.52665,0.01081,-0.116,0.445043839990403,0.88443532835504,0.14039277205080428,0.8894523587764104,-0.4183656136377547,-0.1839693311195776,-0.10397346754666066,0.2067470998176696,-0.972854128203867
5.0,0.01585160568356514,Empty,0.60697,0.01092,0.24324,1.1265,0.14948,-0.15935,0.83732,0.53578,0.02056,-0.10685,0.42502882627114746,0.8928445192897018,0.14892669744848377,0.9016310075919152,-0.40303852192368206,-0.1569123194473946,-0.08007510841302891,0.20096918724002222,-0.9763192934653737
5.067,0.01585160568356514,Empty,0.60969,0.01295,0.23706,1.1494,0.15681,-0.132,0.83215,0.54507,0.02986,-0.09767,0.40400911734044587,0.9013271238564249,0.1561603307709698,0.9129907628569622,-0.38671363893959604,-0.1300016476663198,-0.05678468141722757,0.1950947904450568,-0.9791391743248473
5.133,0.01585160568356514,Empty,0.61025,0.01518,0.23106,1.1627,0.15862,-0.11512,0.82921,0.55033,0.03461,-0.09136,0.39188040828998305,0.9063566991377036,0.15794707824674128,0.9190033055850351,-0.3775835699756175,-0.1134176882512009,-0.04315865987556475,0.18960005699544005,-0.9809124061123254
5.2,0.01585160568356514,Empty,0.61293,0.01746,0.22706,1.18064,0.15968,-0.10098,0.82482,0.55749,0.03817,-0.08613,0.37550658981062696,0.9130799796530208,0.15899607468623997,0.9262293289251589,-0.3635819482002929,-0.0995359090063919,-0.03307614317967882,0.18464321731306169,-0.9822488742944117
5.267,0.01585160568356514,Empty,0.61622,0.01986,0.22381,1.19658,0.16164,-0.09326,0.82059,0.56389,0.04047,-0.08381,0.36077965258251343,0.9186618262376303,0.1609300820113598,0.9322275811935774,-0.3500074067987482,-0.09190512525418659,-0.028103009525903312,0.18318096025449176,-0.9826774428345392
5.333,0.01585160568356514,Empty,0.61978,0.02142,0.21983,1.21337,0.16253,-0.08527,0.81612,0.57059,0.04241,-0.08114,0.3452662251338572,0.9244484321400033,0.16182190857762802,0.938213855482503,-0.3356966314538339,-0.08403887797445556,-0.02336653937735047,0.1808393429108787,-0.9832350364450446
5.4,0.01585160568356514,Empty,0.62307,0.02256,0.21601,1.22737,0.16249,-0.08184,0.81224,0.57622,0.04281,-0.08003,0.3322709506705719,0.9292063061380654,0.16177656188003955,0.9429114143892279,-0.3231289737486461,-0.0806581114250326,-0.02267333136044559,0.1793413141398231,-0.9835256036767019
5.467,0.01585160568356514,Empty,0.62526,0.02338,0.21183,1.23693,0.16161,-0.07998,0.80959,0.58006,0.04261,-0.07923,0.3234205506074004,0.9324733950415873,0.160911512902036,0.9459777613192637,-0.3144980073443677,-0.07884845252645223,-0.022917734054658457,0.17771992267621053,-0.9838142134314596
5.533,0.01585160568356514,Empty,0.62553,0.02424,0.20793,1.23871,0.16491,-0.06995,0.80931,0.58053,0.04679,-0.07616,0.32158022856935975,0.9325440203529435,0.1641578712619262,0.9467973369287676,-0.3143593337577241,-0.06894209210629827,-0.012686976703364829,0.17759464908428052,-0.984021941441734
5.6,0.01585160568356514,Empty,0.61929,0.02636,0.2009,1.22811,0.17033,-0.06604,0.81229,0.57608,0.05053,-0.07587,0.3311454552942362,0.9282289662600389,0.16951009891387853,0.9435647311690205,-0.32474043686564696,-0.06503265916632259,-0.0053184144166651655,0.18147902044073463,-0.983380434830775
5.667,0.01585160568356514,Empty,0.61086,0.0301,0.19424,1.20776,0.17796,-0.07387,0.81746,0.56791,0.05221,-0.0807,0.34950217558925445,0.9200601854875985,0.1770239654366149,0.9369143940512085,-0.34192970274285805,-0.07263261389925102,-0.006296624336490234,0.1912415578861107,-0.9815228061839718
5.733,0.01585160568356514,Empty,0.60345,0.03467,0.18918,1.18279,0.18882,-0.07947,0.82372,0.55771,0.05615,-0.08535,0.37160458687953574,0.9092194714944429,0.18769652012079452,0.9283871640977182,-0.36334070944769686,-0.07797949984861802,-0.002702692858208183,0.2032325798522733,-0.9791267609139805
5.8,0.01585160568356514,Empty,0.59549,0.03978,0.18396,1.15636,0.19974,-0.08555,0.83019,0.54685,0.06017,-0.09007,0.39467260156183526,0.8971420527992189,0.19841792931995011,0.9188207560465962,-0.3856884719149091,-0.08374258707434365,0.0013985114853382818,0.2153614165331063,-0.9765334118372392
5.867,0.015851275995373726,Empty,0.59172,0.04348,0.18142,1.15479,0.20009,-0.09208,0.83031,0.54639,0.0586,-0.09283,0.39605170534824724,0.896460223567024,0.19875138805277992,0.918218938231743,-0.38568606563973756,-0.09011237564236546,-0.004126519515997129,0.21818644855604943,-0.9758983786763776
5.933,0.015851275995373726,Empty,0.59345,0.04458,0.18335,1.15731,0.20226,-0.08791,0.8297,0.54729,0.06053,-0.09176,0.3936291130042628,0.8970536610353339,0.2008752115582739,0.9192693410505274,-0.38411638922555436,-0.08601440654245737,-7.734200948633584e-08,0.2185161979154553,-0.97583332144817
6.0,0.015851275995373726,Empty,0.59488,0.0439,0.18462,1.15676,0.20345,-0.08452,0.82993,0.54695,0.06198,-0.09066,0.3940035041072356,0.8966255541921844,0.20204913838167668,0.9191014387923513,-0.38525018839262243,-0.08267307635064203,0.0037126757264409733,0.21827713557083187,-0.9758797611006916
6.067,0.015851275995373726,Empty,0.59484,0.04344,0.18503,1.15434,0.20476,-0.08542,0.83048,0.54596,0.06239,-0.09131,0.396074422009542,0.8954203261048195,0.20334082676173415,0.9182100022238282,-0.3871846997303791,-0.08353681889330694,0.0039298913374649245,0.21979637825276932,-0.9755378557806157
6.133,0.015851275995373726,Empty,0.5946,0.04419,0.18463,1.14283,0.21266,-0.09527,0.8327,0.54141,0.06356,-0.09716,0.4056618839273008,0.8893218904744318,0.2110568905568725,0.9140229882566999,-0.39486116896113593,-0.0929872796942581,0.0006425471548166885,0.23063224486100742,-0.9730407775440483
6.2,0.015851275995373726,Empty,0.59592,0.04294,0.1833,1.14326,0.21182,-0.10409,0.8322,0.54187,0.0608,-0.10062,0.4053641441393632,0.8896510062722833,0.21024033315440468,0.91412154736907,-0.3925073724398841,-0.10158621567867895,-0.007855398254608665,0.2333646280374377,-0.972357569569554
6.267,0.01585160568356514,Empty,0.59745,0.04115,0.18259,1.14379,0.21111,-0.11001,0.8318,0.54227,0.05887,-0.10291,0.4049630910247847,0.8899995141762511,0.2095370126581183,0.9142307378389276,-0.3907135941704387,-0.10735476384822251,-0.013676728342033876,0.23503989469120817,-0.9718894973223057
6.333,0.01585160568356514,Empty,0.5993,0.0396,0.18231,1.14559,0.20939,-0.11811,0.83099,0.54326,0.05586,-0.10587,0.403500421665297,0.8910562956018011,0.20786074132534788,0.914710315327279,-0.3873251339893537,-0.11525744927768833,-0.022191186308922715,0.23663879362548473,-0.9713442400105525
6.4,0.01585160568356514,Empty,0.60051,0.03874,0.18309,1.14813,0.20701,-0.12504,0.83007,0.54451,0.05284,-0.10818,0.40143331056432047,0.8925277403963904,0.20553717374792085,0.915394122567978,-0.38361271702947014,-0.12204459718180591,-0.030081514878266706,0.23714028750126137,-0.9710095707594483
6.467,0.015851275995373726,Empty,0.60124,0.03865,0.18422,1.15288,0.20481,-0.12876,0.8287,0.54658,0.05065,-0.10926,0.3973759654699256,0.8948321042432454,0.20339087315425394,0.9169696176714115,-0.3786324171075211,-0.12571480812880131,-0.035483268372426977,0.23645929444815966,-0.9709932748143464
6.533,0.015851275995373726,Empty,0.60125,0.03944,0.18491,1.15964,0.20553,-0.13018,0.82673,0.54941,0.05019,-0.11021,0.3912543588236911,0.8973669698276746,0.2040895591738084,0.9194928267969394,-0.37199890489644455,-0.1270816911471499,-0.038117819591839436,0.23738015127247475,-0.9706686847794259
6.6,0.015851275995373726,Empty,0.60144,0.04062,0.18528,1.17454,0.20759,-0.13093,0.82245,0.55557,0.05001,-0.11145,0.3776904797283331,0.902703694201929,0.20609692379259895,0.9249985773219003,-0.3578530535860164,-0.12774515251712704,-0.04156360757973371,0.23888748923573694,-0.9701573243611594
6.667,0.015851275995373726,Empty,0.6015,0.04163,0.1844,1.19325,0.21019,-0.1288,0.81718,0.56318,0.05064,-0.11176,0.3605366444314006,0.9091108191112598,0.20864047209733644,0.9317477253327597,-0.3406842985005592,-0.12562000275597174,-0.043121970726933564,0.23969089955614767,-0.9698911115741758
6.733,0.015851275995373726,Empty,0.60409,0.04218,0.18303,1.22261,0.2146,-0.12307,0.80887,0.57495,0.05244,-0.11142,0.333372018537212,0.9184281627103312,0.2129619853329453,0.9418009827967387,-0.3140414965004403,-0.11995352132747432,-0.04328979163176387,0.24055695462049925,-0.969669193861592
6.8,0.01585160568356514,Empty,0.60716,0.0418,0.18093,1.25291,0.21855,-0.11528,0.80026,0.5869,0.05463,-0.11022,0.3051173050629555,0.9273050721263545,0.2168149749437422,0.9513913229565736,-0.28679234413561094,-0.11227066379131265,-0.04192828107685732,0.24053160822215772,-0.9697353065099789
6.867,0.01585160568356514,Empty,0.60868,0.04105,0.17661,1.2814,0.22199,-0.11139,0.79182,0.5981,0.05559,-0.11046,0.2783628109031902,0.9349024240636139,0.22016267391647842,0.959462976197285,-0.2601403171562326,-0.10843344823670792,-0.044101505787477784,0.24142177381055238,-0.9694176521589875
6.933,0.01585160568356514,Empty,0.60965,0.04003,0.17212,1.30661,0.22276,-0.10832,0.78434,0.60794,0.05543,-0.11018,0.2546658132744971,0.9414556817322098,0.220921983703249,0.9658854500364951,-0.23653034602913536,-0.10544521238603136,-0.04701724106151622,0.24023862042035862,-0.9695745377749385
7.0,0.01585160568356514,Empty,0.61068,0.03913,0.16847,1.32714,0.22223,-0.10546,0.77825,0.61589,0.05497,-0.10947,0.23531242576681632,0.946599180710786,0.22040429523356633,0.970669094048322,-0.21738641875754894,-0.10268716959375433,-0.04929069018735085,0.23810320455095965,-0.9699882946940227
7.067,0.01585160568356514,Empty,0.611,0.03901,0.16571,1.34474,0.22181,-0.1029,0.77296,0.62265,0.05464,-0.10883,0.21863206126312823,0.9506848470572862,0.21999623488482717,0.9744711211995262,-0.20091713302646813,-0.10019151463354387,-0.05104954197615141,0.2362850550332983,-0.9703418557559683
7.133,0.015851275995373726,Empty,0.61158,0.03952,0.16405,1.36143,0.22062,-0.09974,0.76799,0.62901,0.05426,-0.1077,0.20281489834629912,0.9544515360943755,0.21883414325892464,0.97782822213485,-0.1855066810690647,-0.09715574751572295,-0.05213525683622371,0.2336868343014374,-0.9709131673166214
7.2,0.015851275995373726,Empty,0.61318,0.04032,0.16323,1.38056,0.21931,-0.09171,0.76244,0.63613,0.05528,-0.10474,0.18456989256802497,0.9584363622100078,0.21756308131453433,0.9815992500337052,-0.16874033546269102,-0.08938462687289467,-0.04895780929224481,0.230057468432532,-0.9719447999386174
7.267,0.015851275995373726,Empty,0.61549,0.04139,0.16262,1.39784,0.21948,-0.08514,0.75725,0.64251,0.05655,-0.10278,0.1679698160626204,0.9614499903454619,0.21771554137589855,0.9846982577561663,-0.15323897617555826,-0.08298889897231458,-0.0464271694577621,0.22832374437490693,-0.9724776530546922
7.333,0.01585160568356514,Empty,0.61758,0.04203,0.16124,1.41428,0.21841,-0.07795,0.75236,0.64853,0.05763,-0.1002,0.15217833410147336,0.9643105256852081,0.2166724825233183,0.9874063466388079,-0.1387412592575903,-0.07602348056370448,-0.04324882943505183,0.22551291101029106,-0.9732797468971408
7.4,0.01585160568356514,Empty,0.61871,0.04211,0.15925,1.42473,0.21474,-0.07231,0.74943,0.65237,0.05756,-0.0972,0.1421974348024304,0.9666271451341679,0.21310056739806402,0.9890078599081613,-0.12992949329386055,-0.0705817243504216,-0.04053816196483025,0.22079467625413646,-0.9744774847898457
7.467,0.01585160568356514,Empty,0.61984,0.04208,0.15728,1.43414,0.21177,-0.06422,0.7469,0.65572,0.05864,-0.09348,0.13319654895164418,0.9685441363820613,0.21019261458790428,0.9904715870820832,-0.12259664921729535,-0.0627383198993272,-0.03499592162625569,0.21654634026142888,-0.9756448985101652
7.533,0.015851275995373726,Empty,0.62083,0.04224,0.15514,1.4426,0.21067,-0.06049,0.74434,0.65879,0.05906,-0.09198,0.1250177955953341,0.9698668269616664,0.20911453498930335,0.9915968998796214,-0.11507542653082525,-0.059103590059091965,-0.03325866704496544,0.21474632515611974,-0.9761034150633497
7.6,0.015851275995373726,Empty,0.62139,0.04251,0.15252,1.45028,0.21062,-0.05537,0.74205,0.66149,0.06038,-0.09029,0.11757358170617227,0.9708091012162929,0.20906013938672224,0.9926156874694587,-0.10856054863025577,-0.05411750429049533,-0.029842082271784226,0.21387916279224484,-0.9764041959398639
7.667,0.01585160568356514,Empty,0.6212,0.04299,0.14937,1.45675,0.21073,-0.0539,0.73997,0.66384,0.06062,-0.08998,0.11129073167277043,0.9715215072429061,0.2091897081794697,0.9933425404946084,-0.10244733075001489,-0.052679613380463786,-0.0297484501690005,0.2136597888856706,-0.9764550805469103
7.733,0.01585160568356514,Empty,0.6208,0.04378,0.14647,1.46199,0.21131,-0.05353,0.73821,0.66575,0.06072,-0.09019,0.10617509107431061,0.971974133277361,0.20974540346592763,0.9938814149126943,-0.09728004610549285,-0.052309900791862846,-0.030439827964414818,0.21401606684881425,-0.9763557445952068
7.8,0.01585160568356514,Empty,0.61993,0.04452,0.144,1.46479,0.21183,-0.05483,0.73719,0.66681,0.06035,-0.09093,0.10344467030245397,0.9721598211806026,0.21024862013367573,0.9941109603158044,-0.09419166820066699,-0.053584776024205014,-0.032289298010414524,0.2145535171552159,-0.9761783594765462
7.867,0.015851275995373726,Empty,0.61885,0.04525,0.14214,1.46658,0.21261,-0.05477,0.73656,0.66745,0.06058,-0.09122,0.10168985304687106,0.9721793982150693,0.21101277561676576,0.994284507788441,-0.09238917864997531,-0.05350287132743868,-0.0325190922260032,0.2152474328640616,-0.97601795643637
7.933,0.015851275995373726,Empty,0.61738,0.04577,0.14036,1.46723,0.21343,-0.05556,0.73627,0.66769,0.06059,-0.0918,0.10104508090621461,0.9720732140021455,0.21181019391000855,0.9943225178597919,-0.09153499944845778,-0.05425932503205953,-0.033355990490770815,0.2160902832047515,-0.9758034471156933
8.0,0.015851275995373726,Empty,0.61422,0.0459,0.1376,1.46387,0.21341,-0.05609,0.73737,0.66647,0.06056,-0.09189,0.10430343151446975,0.9717329688143557,0.2117919533257691,0.9939924199853079,-0.09475311545335435,-0.05478061813848324,-0.033164185291625535,0.21623340267202418,-0.9757782803397609
8.066,0.015851275995373726,Empty,0.61184,0.04603,0.13493,1.46214,0.2128,-0.05781,0.73789,0.6659,0.05984,-0.09227,0.10598472634385186,0.9716796537483647,0.21120106125035668,0.993766721252384,-0.09612019177719738,-0.0564678002405022,-0.03456792607469112,0.2158693105195198,-0.9758101758347889
8.133,0.015851275995373726,Empty,0.61012,0.04613,0.13274,1.46152,0.21221,-0.05796,0.73812,0.66569,0.0596,-0.09211,0.10659991639369576,0.9717392414447235,0.2106164866796766,0.9936975725795526,-0.09673289120737061,-0.0566381674153357,-0.034663988148533824,0.2153267154699953,-0.9759266435191438
8.2,0.015851275995373726,Empty,0.60858,0.04647,0.1305,1.46165,0.21277,-0.05622,0.73813,0.66567,0.06038,-0.09166,0.106468879680376,0.97163382313186,0.21116839584978314,0.9937716394840471,-0.09695640241918341,-0.05493072534673303,-0.032898422709827235,0.2157015757385524,-0.9759049769353115
8.267,0.01585160568356514,Empty,0.60677,0.04697,0.1279,1.46112,0.21333,-0.05416,0.73837,0.6654,0.0613,-0.09107,0.10696354773838879,0.9714597563890688,0.21171854234267856,0.9937898037211201,-0.09789215258510053,-0.05290512718246196,-0.030669618112302514,0.21606264873583905,-0.9758976925611099
8.334,0.01585160568356514,Empty,0.60523,0.04783,0.12538,1.46087,0.21523,-0.05132,0.73849,0.66517,0.06296,-0.09064,0.10717296470259102,0.9710326769787115,0.21356379814100973,0.9938573714845036,-0.09866923573679198,-0.050118929208735466,-0.027594941253244996,0.21762334929569058,-0.9756426584864745
8.4,0.01585160568356514,Empty,0.60376,0.04856,0.123,1.46099,0.21734,-0.04834,0.73848,0.66506,0.06473,-0.09024,0.10700007816526175,0.9705939999777289,0.21563457626238813,0.993958898499208,-0.09909340219896173,-0.04718268469338793,-0.024427266872671976,0.21938045685034627,-0.9753335448887548
8.467,0.01585160568356514,Empty,0.60207,0.04893,0.1206,1.45934,0.21743,-0.04562,0.73915,0.66436,0.06574,-0.08921,0.10860414445242927,0.9703987267169873,0.21571149944730722,0.9938558234235563,-0.10133195501938075,-0.04452456781413193,-0.02134811595530018,0.2192216824997016,-0.9754414958710537
8.533,0.01585160568356514,Empty,0.60013,0.04929,0.11819,1.45767,0.21753,-0.04505,0.73973,0.66372,0.06604,-0.08898,0.11022562688151072,0.9701924115294106,0.21581704239777932,0.9936969917933471,-0.10311383080160957,-0.04397529304359253,-0.02041077361176711,0.21930395005143866,-0.9754430674377695
8.6,0.01585160568356514,Empty,0.59876,0.04975,0.11626,1.45792,0.21774,-0.04357,0.7397,0.66376,0.0666,-0.08851,0.10996878227176643,0.9701749548998422,0.2160264423878565,0.9937539809936891,-0.10317205071697716,-0.04252708795636276,-0.01897082456983781,0.21935378919896173,-0.975460928473918
8.667,0.01585160568356514,Empty,0.59828,0.05058,0.11494,1.45852,0.22036,-0.03982,0.73954,0.66378,0.06879,-0.08801,0.10933278034045613,0.9696744342045416,0.21858141456475075,0.9938907553293097,-0.103307463177371,-0.038842431988611495,-0.015083421825279445,0.2214927983072092,-0.9750453480141745
8.734,0.015851275995373726,Empty,0.59851,0.05164,0.11413,1.46124,0.22332,-0.034,0.73875,0.66449,0.0717,-0.08693,0.1066250771125759,0.9693240214510003,0.2214543618193097,0.9942530062442039,-0.10179282381074911,-0.033153892607005006,-0.009594399673781841,0.22371670134054425,-0.9746069900407065
8.8,0.015851275995373726,Empty,0.59875,0.05267,0.11326,1.46338,0.22622,-0.02962,0.7381,0.66503,0.07414,-0.08635,0.10448242722327716,0.9689058104230008,0.22428765666010358,0.9945120544142896,-0.10056397936600331,-0.028855843060687655,-0.0054033347297386325,0.22607170672736102,-0.9740956767131125
8.867,0.015851275995373726,Empty,0.59897,0.05356,0.11206,1.4628,0.23071,-0.02416,0.73831,0.66446,0.07764,-0.0858,0.10493305116380824,0.9678347473168616,0.22865904018769917,0.9944790890637591,-0.10226714512410273,-0.023511113182531587,0.0006294349606599767,0.22986372683455725,-0.9732226214476102
8.933,0.015851275995373726,Empty,0.59859,0.05433,0.1101,1.46208,0.23549,-0.02269,0.73839,0.66397,0.07993,-0.08681,0.10552160486967987,0.9666585552099924,0.2333161557737853,0.9944131856016778,-0.10322640776388459,-0.022061845835898056,0.0027581166128119125,0.23434066309433862,-0.9721506294876611
