time,gr,gr_state,tx,ty,tz,rx,ry,rz,qw,qx,qy,qz,xx,xy,xz,yx,yy,yz,zx,zy,zz
0.0,0.016303392127156258,Empty,0.30826,0.00228,0.48541,-0.00923,0.00207,-0.00553,0.99999,-0.00461,0.00105,-0.00276,0.9999553126374003,-0.009224156383733473,0.0020706683093772078,-0.009212605419181286,-0.9999423255821782,-0.005520272701254747,0.0021214687434652118,0.005500949764738603,-0.9999826193099839
0.067,0.016303392127156258,Empty,0.30826,0.00228,0.48541,-0.00923,0.00207,-0.00551,0.99999,-0.00461,0.00105,-0.00275,0.9999553404559423,-0.00922054542339551,0.0020733151558503596,-0.009208984493257133,-0.9999423707529762,-0.005518131705622796,0.002124075856303143,0.005498792141256912,-0.9999826256424378
0.133,0.016303392127156258,Empty,0.30826,0.00228,0.48541,-0.00923,0.00207,-0.00551,0.99999,-0.00461,0.00105,-0.00275,0.9999553845114502,-0.009217032437381312,0.0020676797639439465,-0.009205501599697852,-0.999942400370593,-0.005518576029538078,0.0021184255606280767,0.00549929578619777,-0.9999826348587258
0.2,0.016303392127156258,Empty,0.30826,0.00228,0.48541,-0.00923,0.00207,-0.00553,0.99999,-0.00461,0.00105,-0.00276,0.9999552778278344,-0.009228001928910434,0.0020703440918105583,-0.009216453828838789,-0.9999422930619999,-0.005519739552768408,0.0021211607858325726,0.005500411467293839,-0.9999826229243243
0.267,0.016303392127156258,Empty,0.30826,0.00228,0.48541,-0.00921,0.00207,-0.00553,0.99999,-0.0046,0.00105,-0.00276,0.9999554136338025,-0.00921368046017862,0.002068534947466091,-0.009202137962860568,-0.9999424130959744,-0.005521879092468566,0.0021192926564405643,0.005502597947977669,-0.9999826148561078
0.333,0.016303392127156258,Empty,0.30826,0.00228,0.48541,-0.00923,0.00207,-0.00551,0.99999,-0.00461,0.00105,-0.00275,0.9999553840635809,-0.009217582577524863,0.0020654427329514337,-0.009206062461223075,-0.9999423911029632,-0.005519319636336882,0.0021161985295934365,0.005500058791913278,-0.9999826353777694
0.4,0.016303392127156258,Empty,0.30826,0.00228,0.48541,-0.00923,0.00205,-0.00551,0.99999,-0.00461,0.00104,-0.00275,0.9999553374559138,-0.009223358274239868,0.0020622210295835634,-0.009211860226935265,-0.9999423492636398,-0.005517225776849545,0.002112989491042392,0.005497982471628482,-0.9999826535816272
0.467,0.016303392127156258,Empty,0.30826,0.00228,0.48541,-0.00923,0.00207,-0.00553,0.99999,-0.00461,0.00105,-0.00276,0.9999553222583125,-0.009223136677327326,0.00207056444132714,-0.00921158541364292,-0.9999423326792026,-0.005520689290487274,0.0021213631093026084,0.0055013694573514795,-0.9999826172252457
0.533,0.016303392127156258,Empty,0.30826,0.00228,0.48541,-0.00923,0.00207,-0.00551,0.99999,-0.00461,0.00105,-0.00275,0.9999553691801737,-0.009218759223382333,0.0020673959764981116,-0.009207238114047167,-0.9999424057145996,-0.005514709422111229,0.002118115684653552,0.005495428289076976,-0.9999826567765394
0.6,0.016303392127156258,Empty,0.30826,0.00228,0.48541,-0.00923,0.00205,-0.00551,0.99999,-0.00461,0.00104,-0.00275,0.9999553386380764,-0.009223181629004651,0.0020624378411459084,-0.009211677839362553,-0.9999423390550259,-0.0055193800872057625,0.0021132251640550884,0.005500135071217747,-0.999982641246139
0.667,0.016303392127156258,Empty,0.30826,0.00228,0.48541,-0.00923,0.00207,-0.00553,0.99999,-0.00461,0.00105,-0.00276,0.9999552758398498,-0.009228062867335518,0.002071032536312039,-0.009216497732373985,-0.9999422581755051,-0.005525982665619831,0.00212190706655688,0.005506647854011514,-0.9999825870183005
0.733,0.016303392127156258,Empty,0.30826,0.00228,0.48541,-0.00923,0.00207,-0.00553,0.99999,-0.00461,0.00105,-0.00276,0.999955354601294,-0.009220053264153205,0.0020686763899362554,-0.009208512178874917,-0.9999423603379244,-0.005520806578061919,0.0021194592828391685,0.005501510667720183,-0.9999826204853369
0.8,0.016303392127156258,Empty,0.30826,0.00228,0.48541,-0.00923,0.00205,-0.00553,0.99999,-0.00461,0.00104,-0.00276,0.9999553110168933,-0.009226167330501633,0.0020624755750751414,-0.009214659471912412,-0.9999423015974671,-0.0055211888915866385,0.002113295986106344,0.00550193714517608,-0.9999826311830248
0.867,0.016303392127156258,Empty,0.30826,0.00228,0.48541,-0.00923,0.00207,-0.00553,0.99999,-0.00461,0.00105,-0.00276,0.9999552991989573,-0.009226387622304433,0.0020672143978063217,-0.009214851429897808,-0.9999422939410652,-0.005522255065264206,0.002118045572791883,0.005502959142489695,-0.9999826155107036
0.933,0.016303392127156258,Empty,0.30826,0.00228,0.48541,-0.00923,0.00207,-0.00553,0.99999,-0.00461,0.00105,-0.00276,0.9999553238557883,-0.009224098047305174,0.0020655042192203226,-0.009212575090989106,-0.9999423248177124,-0.005520461786958984,0.00211630637167718,0.005501186541291751,-0.9999826289461129
1.0,0.016303392127156258,Empty,0.30826,0.00228,0.48541,-0.00923,0.00207,-0.00553,0.99999,-0.00461,0.00105,-0.00276,0.999955304843466,-0.00922537930605749,0.0020689833423140286,-0.009213837020317028,-0.999942312738912,-0.005520543607160598,0.0021197930970835097,0.005501233590286089,-0.9999826213020957
1.067,0.016303392127156258,Empty,0.30826,0.00228,0.48541,-0.00923,0.00207,-0.00551,0.99999,-0.00461,0.00105,-0.00275,0.9999553885501681,-0.009216036435116648,0.0020701647057234686,-0.009204493762545174,-0.9999424143775969,-0.005517719028500457,0.002120896993605973,0.00549841805693356,-0.9999826344466255
1.133,0.016303392127156258,Empty,0.30826,0.00228,0.48541,-0.00921,0.00207,-0.00551,0.99999,-0.0046,0.00105,-0.00275,0.9999554587264083,-0.009208530680225202,0.002069668081948366,-0.009196988850579346,-0.9999424782658812,-0.005518655232067814,0.0021203677370693827,0.005499374709861186,-0.9999826303083769
1.2,0.016303392127156258,Empty,0.30824,0.00227,0.48544,-0.00877,0.00216,-0.00553,0.99999,-0.00438,0.00109,-0.00276,0.999959220185917,-0.008767890770093989,0.0021638060486219588,-0.008755820262466685,-0.9999463970321578,-0.005526180773184282,0.002212143011590983,0.005507009519715192,-0.9999823894796578
1.267,0.016303392127156258,Empty,0.30799,0.00212,0.48511,-0.00799,0.00188,-0.00569,0.99999,-0.00399,0.00095,-0.00284,0.9999664315710085,-0.007977677117646409,0.0018687961231821976,-0.007966918935614076,-0.9999520456445574,-0.005695139501186505,0.001914140490348991,0.005680059777079981,-0.9999820363322093
1.333,0.016303392127156258,Empty,0.30773,0.00151,0.48445,-0.0058,0.00096,-0.00672,0.99999,-0.0029,0.00049,-0.00336,0.9999826483070823,-0.005812931668249477,0.0009554633299308233,-0.005806374062479969,-0.9999605062494614,-0.0067284442159682096,0.0009945375815614288,0.0067227796885737994,-0.9999769072974924
1.4,0.016303392127156258,Empty,0.3077,0.00029,0.48367,-0.00314,0.00039,-0.00934,0.99999,-0.00157,0.0002,-0.00467,0.9999950185678583,-0.0031319974676931595,0.0003917031161793337,-0.0031282045016672866,-0.9999515302739572,-0.009335493525622282,0.00042092287251865456,0.009334221694043424,-0.999956346611842
1.467,0.016303392127156258,Empty,0.30768,-0.00103,0.48313,-0.00318,-0.00072,-0.01204,0.99998,-0.00159,-0.00035,-0.00602,0.9999946899761285,-0.0031798222123207154,-0.0007132673023622898,-0.0031881765598673617,-0.999922499478737,-0.012034557175820935,-0.0006749442715514706,0.01203676729412936,-0.999927327701037
1.533,0.016303392127156258,Empty,0.30781,-0.00163,0.48329,-0.00343,-0.00126,-0.01332,0.99998,-0.00172,-0.00062,-0.00666,0.9999933320134707,-0.0034291987332690788,-0.0012555973255173655,-0.0034456139213540626,-0.9999054336508315,-0.013313583298537615,-0.001209823665279632,0.013317820827367943,-0.9999105819897643
1.6,0.016303392127156258,Empty,0.30795,-0.00162,0.48353,-0.00331,-0.001,-0.01326,0.99998,-0.00166,-0.00049,-0.00663,0.999994025464472,-0.0033104028305015465,-0.0009951223346058346,-0.0033233108403709632,-0.9999065295529992,-0.013262268370650782,-0.000951125869323476,0.01326549623559931,-0.9999115570735264
1.667,0.016303392127156258,Empty,0.30795,-0.0015,0.48346,-0.00297,-0.001,-0.01298,0.99998,-0.00149,-0.00049,-0.00649,0.9999950795084238,-0.0029723750879954713,-0.0010029682332894536,-0.0029851453878398937,-0.9999112904593388,-0.01298075956766313,-0.0009642955740760433,0.012983689701940783,-0.999915243376042
1.733,0.016303392127156258,Empty,0.30806,-0.00138,0.48304,-0.00272,-0.0006,-0.01278,0.99998,-0.00136,-0.00029,-0.00639,0.9999961135005757,-0.002723293395966997,-0.000597207520950588,-0.0027307020099062163,-0.9999146436001506,-0.012776884617014966,-0.0005623613399681146,0.012778465755438052,-0.9999181939352141
1.8,0.016303392127156258,Empty,0.30839,-0.00126,0.48168,-0.00252,0.0007,-0.01258,0.99998,-0.00126,0.00036,-0.00629,0.9999965390769728,-0.002532449693279648,0.0007131147360506023,-0.0025232729433193324,-0.9999175829124611,-0.01258810852172933,0.0007449347147757686,0.012586265572135727,-0.9999205123364648
1.867,0.016303392127156258,Empty,0.30864,-0.00097,0.47983,-0.0021,0.00037,-0.01248,0.99998,-0.00105,0.00019,-0.00624,0.9999977091863288,-0.002108669937445906,0.00036760466488504513,-0.0021039199363410144,-0.9999199644960917,-0.012475500913250396,0.00039388195719063156,0.012474698923419205,-0.9999221103384873
1.933,0.016303392127156258,Empty,0.30916,-8e-05,0.47793,-0.00209,0.00123,-0.01106,0.99998,-0.00104,0.00062,-0.00553,0.9999970753963282,-0.002080484639107927,0.0012332000879623434,-0.002066707770834064,-0.999936594623782,-0.011069573215992409,0.0012561519734842117,0.01106699217767315,-0.9999379699593165
2.0,0.016303392127156258,Empty,0.30953,0.00178,0.47514,-0.00141,0.00215,-0.00788,0.99999,-0.0007,0.00108,-0.00394,0.9999966959401946,-0.0014136966117569427,0.0021469910534861955,-0.0013967503951255456,-0.9999680232929782,-0.007874101845112245,0.0021580539908813896,0.007871077018006547,-0.9999666939201272
2.067,0.016303392127156258,Empty,0.31006,0.00422,0.47225,0.00127,0.00402,-0.005,0.99999,0.00064,0.00201,-0.0025,0.9999910535798452,0.0012788682261968276,0.0040320288108308695,0.0012990158438863642,-0.999986664985743,-0.004998240543331554,0.004025582952651516,0.0050034334962798955,-0.9999793799549768
2.133,0.016303392127156258,Empty,0.31035,0.00655,0.46877,0.00245,0.00622,-0.00359,0.99999,0.00123,0.00311,-0.0018,0.9999776739140109,0.002442735491671566,0.006219703919120983,0.0024650850705338345,-0.9999905239573059,-0.003588223960030474,0.006210879898921837,0.003603475948307957,-0.9999742196336721
2.2,0.016303392127156258,Empty,0.31072,0.00885,0.46548,0.00245,0.0083,-0.00185,0.99999,0.00123,0.00415,-0.00093,0.9999625450339085,0.002454547741865709,0.008299621960740978,0.00246996185976589,-0.9999952430648423,-0.001847467482190189,0.008295047782841063,0.0018678980350517946,-0.9999638509162273
2.267,0.016303392127156258,Empty,0.31111,0.0118,0.46253,0.00026,0.01034,0.00084,0.99999,0.00013,0.00517,0.00042,0.9999464065115002,0.00026677232594657374,0.010349538021756805,0.00025811539998926714,-0.9999996157487989,0.0008377820088437135,0.010349757541989524,-0.0008350657340370762,-0.9999460911389384
2.333,0.016303392127156258,Empty,0.3114,0.01615,0.45951,-0.00348,0.01339,0.00344,0.99997,-0.00175,0.00669,0.00173,0.9999042746291156,-0.003483882030191343,0.013390449746821218,-0.003530310720733454,-0.9999878335851776,0.0034452268195007693,0.01337828406924846,-0.0034921694721823365,-0.9999044085650087
2.4,0.016303392127156258,Empty,0.31147,0.02101,0.45614,-0.00504,0.01579,0.00494,0.99996,-0.00254,0.00789,0.00249,0.9998625293244663,-0.005032111670314698,0.01579874377975777,-0.0051105725642428546,-0.9999747890683482,0.0049298352688415025,0.015773537997119197,-0.0050098981875671515,-0.9998630388304207
2.467,0.016303392127156258,Empty,0.31161,0.02516,0.45335,-0.0079,0.01827,0.00657,0.99994,-0.00398,0.00912,0.00332,0.9998020417264694,-0.00789905188042117,0.01826149881509419,-0.008020282619838559,-0.999946221313387,0.006574918081371775,0.018208581116638034,-0.006720078903498672,-0.9998116263143021
2.533,0.016303392127156258,Empty,0.31191,0.02905,0.45029,-0.01131,0.02122,0.00706,0.99992,-0.00569,0.01059,0.00359,0.999710800213789,-0.011309946241110036,0.02122265421497674,-0.011462147444857074,-0.9999093571996689,0.007063749747634425,0.02114083990426195,-0.00730496410450086,-0.9997498198987456
2.6,0.016303392127156258,Empty,0.312,0.03343,0.44613,-0.01607,0.0254,0.00708,0.99988,-0.00808,0.01267,0.00364,0.9995483510416892,-0.016060234019493302,0.02540005537550982,-0.016244864301030004,-0.9998429814955732,0.007079317614285171,0.025282371599218777,-0.00748874070067294,-0.999652299776796
2.667,0.016303392127156258,Empty,0.31181,0.03762,0.44255,-0.01905,0.02917,0.0074,0.99984,-0.00958,0.01455,0.00384,0.9993928304655032,-0.01904773405275323,0.02917454783892453,-0.019271143864046603,-0.9997869403519489,0.007395736329791645,0.029027459901295728,-0.00795347277257944,-0.9995469718039942
2.733,0.016303392127156258,Empty,0.31168,0.04164,0.43919,-0.02175,0.03332,0.0092,0.99979,-0.01095,0.01661,0.00478,0.9992084378514082,-0.02173509122060674,0.03331791614402629,-0.022052725404449913,-0.9997145170326458,0.009195745560814103,0.033108534077853774,-0.009923217412472799,-0.9994024988598939
2.8,0.016303392127156258,Empty,0.3117,0.04588,0.43619,-0.02535,0.03685,0.01174,0.99973,-0.01278,0.01835,0.0061,0.9989999649777177,-0.02533237166383162,0.03684210797992471,-0.02578010434618877,-0.9995988300933238,0.011728814772069805,0.03653020933992239,-0.012666878934583885,-0.9992522674398282
2.867,0.016303392127156258,Empty,0.31164,0.0506,0.43341,-0.02889,0.03874,0.01304,0.99969,-0.01457,0.01927,0.0068,0.9988329957292854,-0.02886440510643068,0.03872328447218179,-0.029388706673233067,-0.9994830056250761,0.013039378311054263,0.03832689085402481,-0.014162188549654935,-0.9991648922239752
2.933,0.016303392127156258,Empty,0.31175,0.05537,0.43142,-0.03314,0.04062,0.01135,0.99964,-0.01668,0.02021,0.00601,0.9986263423295796,-0.033110546471287416,0.04060935997794196,-0.03359682313530116,-0.9993710075600313,0.011350890875311714,0.04020798279770621,-0.01269964412181145,-0.9991106230836097
3.0,0.016303392127156258,Empty,0.31232,0.06067,0.4296,-0.03965,0.0459,0.00953,0.99953,-0.01993,0.02285,0.00522,0.998160974732156,-0.03960666608641883,0.04589096341624688,-0.04008374623697836,-0.9991509479114573,0.009522424861665157,0.04547484809608408,-0.011344394613880742,-0.9989010676245585
3.067,0.016303392127156258,Empty,0.31262,0.06687,0.4261,-0.04475,0.05031,0.0068,0.99943,-0.02245,0.02507,0.00396,0.997734073383155,-0.04468493968643206,0.05029885660208324,-0.045081977682812135,-0.9989602396139736,0.006786380375340656,0.049943308845764735,-0.009038574866222197,-0.9987111544715641
3.133,0.016303392127156258,Empty,0.3126,0.07272,0.42176,-0.04889,0.05364,0.00653,0.99933,-0.02452,0.02673,0.00392,0.9973682889332594,-0.04879593135547283,0.05362325347733214,-0.04921507023063154,-0.9987669028339061,0.006523087134232469,0.05323883068340454,-0.009144992439513857,-0.9985399321112526
3.2,0.016303392127156258,Empty,0.31251,0.07851,0.41806,-0.05574,0.05653,0.00447,0.99921,-0.02792,0.02819,0.00302,0.9968512165377401,-0.05562380636042846,0.05651233717698034,-0.05596465714344656,-0.9984227639011525,0.004465610238174763,0.05617480963958534,-0.0076142425729924775,-0.998391914065812
3.267,0.016303392127156258,Empty,0.31255,0.08504,0.4142,-0.06247,0.06143,0.00168,0.99904,-0.03124,0.03067,0.0018,0.9961665793943655,-0.062317740221269735,0.06138929345939358,-0.06253840271996769,-0.9980411480694739,0.0016777799026851357,0.061164485471263005,-0.005510536623692319,-0.9981124885017495
3.333,0.016303392127156258,Empty,0.31215,0.09201,0.41012,-0.06839,0.06413,-0.00115,0.9989,-0.03415,0.03206,0.00052,0.9956125301778149,-0.06818816119941529,0.06407858008080497,-0.06825494336474874,-0.9976672505332853,-0.0011488775520205607,0.06400744065500924,-0.0032298429678771575,-0.9979441946598008
3.4,0.016303392127156258,Empty,0.31223,0.09824,0.40741,-0.07541,0.06751,-0.00397,0.99872,-0.03761,0.0338,-0.00071,0.994886299144496,-0.07516527367926518,0.06746431210121111,-0.07506879899700092,-0.9971704636583416,-0.00396759682377288,0.06757164487946367,-0.0011171571640958833,-0.9977137990266319
3.467,0.016303392127156258,Empty,0.31263,0.1055,0.40453,-0.08492,0.07158,-0.00891,0.99846,-0.04226,0.03594,-0.00293,0.9938448962001156,-0.0846030167881171,0.07151679416284631,-0.08418132506406639,-0.9964107462744427,-0.00889546059885079,0.07201268504534011,0.0028203296185545512,-0.9973997287614447
3.533,0.016303392127156258,Empty,0.31322,0.11316,0.40134,-0.09082,0.0771,-0.00978,0.99822,-0.04517,0.03872,-0.00313,0.992920842126769,-0.0904305988353209,0.07700979200434752,-0.08994588836088979,-0.9958989601393369,-0.00974671023259302,0.07757537262068381,0.002750997577793423,-0.9969826947219742
3.6,0.016303392127156258,Empty,0.31362,0.12052,0.39717,-0.09814,0.08057,-0.01041,0.99798,-0.0488,0.04048,-0.00322,0.9919601069746727,-0.09765601912166416,0.08048880729707036,-0.09713489852150009,-0.9952171566624712,-0.010374130030223153,0.08111693818194604,0.0024724510056318063,-0.9967015246933312
3.667,0.016303392127156258,Empty,0.31433,0.12798,0.39285,-0.10567,0.08617,-0.00987,0.99768,-0.05255,0.04327,-0.00265,0.990733573997728,-0.1050790823329481,0.0860544700161138,-0.10461987334760958,-0.9944635881152628,-0.009841443676978902,0.08661216689599012,0.0007472409133091608,-0.9962418251491947
3.733,0.016303392127156258,Empty,0.31491,0.13604,0.38807,-0.11209,0.09103,-0.00944,0.9974,-0.05574,0.04569,-0.00216,0.9896104383711815,-0.11138411711301183,0.0909107184096214,-0.11098858888841684,-0.9937771250785644,-0.009410568906335931,0.09139318028910383,-0.0007772551303948116,-0.9958145823752059
3.8,0.016303392127156258,Empty,0.31552,0.14391,0.38273,-0.11901,0.09671,-0.0095,0.99707,-0.05917,0.04853,-0.00186,0.9882873982831839,-0.11817226945891446,0.09655740844484745,-0.11781211684050757,-0.9929910065219897,-0.009442779887533968,0.09699651292811481,-0.002043452317909264,-0.9952826235710187
3.867,0.016303392127156258,Empty,0.31585,0.15146,0.3773,-0.12629,0.09954,-0.01113,0.99677,-0.06275,0.05,-0.00241,0.9871247328805874,-0.1253417335758336,0.0993690674185563,-0.12486012707469557,-0.9921125323451672,-0.011075731603403312,0.09997354851319273,-0.0014741057847083208,-0.9949890032607477
3.933,0.016303392127156258,Empty,0.31641,0.15897,0.37217,-0.1334,0.10206,-0.01184,0.99648,-0.06626,0.05129,-0.0025,0.985958137973548,-0.13231004528052864,0.10188523976316892,-0.13179736271165843,-0.9912067154183745,-0.011777202204632672,0.10254757601223702,-0.0018163775438130646,-0.994726442509011
4.0,0.016303392127156258,Empty,0.31663,0.1668,0.36754,-0.14098,0.1018,-0.01729,0.99622,-0.0699,0.05136,-0.00503,0.9849511506662968,-0.1397962501047828,0.10162794526004731,-0.13876319325768233,-0.9901762223598678,-0.017199560170901913,0.1030340089391328,0.0028385083727827595,-0.9946737836457481
4.067,0.016303392127156258,Empty,0.31715,0.17338,0.36407,-0.14742,0.10305,-0.02075,0.99595,-0.07301,0.05212,-0.00654,0.9839044962360972,-0.1461180081342734,0.1028662723406659,-0.14475551593029823,-0.9892523953550372,-0.020628594040165524,0.10477491538600697,0.005406106102648382,-0.9944812673563348
4.133,0.016303392127156258,Empty,0.31791,0.17952,0.36067,-0.15549,0.10422,-0.02412,0.9956,-0.07693,0.05286,-0.00796,0.9825761611320808,-0.1540152630612654,0.1040355050889474,-0.15233318934505174,-0.9880384093724464,-0.023972922824105222,0.10648327098144475,0.007707162184302159,-0.9942846235621655
4.2,0.016303392127156258,Empty,0.31851,0.18578,0.35688,-0.16202,0.10584,-0.02552,0.9953,-0.08013,0.05375,-0.00842,0.9813782212514008,-0.1604183518777339,0.10565386521215328,-0.1586078415317853,-0.9870154960689878,-0.02537642851777875,0.10835284702334466,0.008146342769701316,-0.9940791204131662
4.267,0.016303392127156258,Empty,0.31899,0.19252,0.35286,-0.16853,0.10635,-0.02907,0.995,-0.08327,0.05418,-0.00999,0.9802603386402036,-0.16679071201218804,0.106162737697653,-0.16462630796214656,-0.9859326309341927,-0.028896816190256427,0.10948902783268213,0.010849223273966141,-0.9939287937969227
4.333,0.016303392127156258,Empty,0.319,0.19909,0.34905,-0.17336,0.10547,-0.03386,0.9948,-0.08555,0.05397,-0.01228,0.9795363102227472,-0.17153839076278476,0.1052767659539374,-0.16888839409629214,-0.9850603451086142,-0.03365749298556831,0.10947751958635855,0.01518871255281987,-0.993873219136227
4.4,0.016303392127156258,Empty,0.31931,0.20497,0.34579,-0.17689,0.10442,-0.04049,0.99462,-0.08714,0.05376,-0.01553,0.9790310365013339,-0.1750211145524903,0.10423933531986493,-0.17168109550009975,-0.984329341913383,-0.040265966972764626,0.1096532307549983,0.021525708099157548,-0.9937367925541554
4.467,0.016303392127156258,Empty,0.32044,0.21033,0.34277,-0.18073,0.10707,-0.04965,0.99431,-0.08876,0.05551,-0.01986,0.9780801754207662,-0.17871378408029914,0.10686699129564473,-0.17430418558397753,-0.9834546488956437,-0.04934576429089477,0.11391760766795252,0.02963674991031271,-0.9930480560969666
4.533,0.016303392127156258,Empty,0.32205,0.21658,0.33878,-0.18485,0.11214,-0.06042,0.99387,-0.09042,0.05856,-0.02486,0.9767916658659623,-0.1826351656807021,0.11190369856077514,-0.1768115828059591,-0.9824136668401481,-0.06000876095493132,0.12089543283536328,0.03883018751534809,-0.9919054949223102
4.6,0.016303392127156258,Empty,0.32269,0.22267,0.33395,-0.18838,0.1122,-0.06947,0.99358,-0.09191,0.05905,-0.02925,0.9761306258150515,-0.18609340732378415,0.11197430551934637,-0.17918431569936116,-0.9813944411084015,-0.06897776430763365,0.12272726817324495,0.04726726893053819,-0.9913141898180319
4.667,0.016303392127156258,Empty,0.32432,0.2279,0.32914,-0.19035,0.11608,-0.07955,0.99323,-0.0925,0.06147,-0.03401,0.9753307987328631,-0.1879204954157761,0.11582625110830735,-0.17955751769244216,-0.9805758239367439,-0.07893130779927662,0.128409232079488,0.05618666134826877,-0.9901283392587504
4.733,0.016303392127156258,Empty,0.32547,0.23305,0.3226,-0.19348,0.11763,-0.08759,0.9929,-0.09377,0.06267,-0.03783,0.9745583101725277,-0.1909527339279996,0.11735907923586529,-0.18146898411196,-0.9795515300628082,-0.086878120128055,0.1315488801892313,0.06337076105771566,-0.9892820825042398
4.8,0.016303392127156258,Empty,0.32655,0.23743,0.31655,-0.19444,0.11732,-0.08639,0.99288,-0.09429,0.06248,-0.03722,0.974411086252831,-0.19189236014247718,0.11704852458073962,-0.1825911530483012,-0.9794477857574218,-0.08568842280830855,0.1310858719163514,0.06212372408213606,-0.9894226281473942
4.867,0.016303392127156258,Empty,0.32784,0.24167,0.31081,-0.19465,0.11813,-0.08625,0.99286,-0.09438,0.06288,-0.0371,0.9742779556498548,-0.1920774220996302,0.11785045207507763,-0.18274720915427206,-0.9794321720200387,-0.08553407483824116,0.131855688846043,0.06179712235751353,-0.9893407870836348
4.933,0.016303392127156258,Empty,0.32898,0.24507,0.3055,-0.19608,0.1179,-0.08607,0.9928,-0.0951,0.06278,-0.03698,0.9740292058689732,-0.1934769687390296,0.11761704248030436,-0.18419110090533586,-0.9791762907297927,-0.08536644551534636,0.1316842604928078,0.06148539859349271,-0.9893830407371362
5.0,0.016303392127156258,Empty,0.33051,0.24856,0.30031,-0.19912,0.11952,-0.08645,0.9926,-0.09656,0.06366,-0.03699,0.9732458719171491,-0.19640317296699183,0.11924037254523273,-0.18698344483114393,-0.9786152689434614,-0.08572833108019269,0.13352776548458628,0.06113876870868763,-0.98915741255145
5.067,0.016303392127156258,Empty,0.33178,0.25244,0.29486,-0.20384,0.12129,-0.08754,0.9923,-0.09882,0.06468,-0.03729,0.9721030329067757,-0.20093964445849788,0.12099153978002107,-0.1912920973233233,-0.9776885783393142,-0.0867892694202184,0.13573145145872484,0.061223386624259094,-0.9888521982658299
5.133,0.016303392127156258,Empty,0.33322,0.25655,0.2888,-0.20815,0.12686,-0.08987,0.99188,-0.10074,0.06764,-0.03801,0.9705540444443348,-0.204981989351595,0.12651968563906182,-0.19469871344016726,-0.9768144614444025,-0.08902762996859846,0.14183531928785614,0.061772906314537156,-0.987960955831741
5.2,0.016303392127156258,Empty,0.334,0.26074,0.28234,-0.21254,0.12859,-0.08992,0.99161,-0.10287,0.06858,-0.03779,0.9694277678000587,-0.20920521528540065,0.12823018722432084,-0.1988385518671868,-0.9759773926322105,-0.08905817964786626,0.14378119943009066,0.06083836756702544,-0.9877376472131777
5.267,0.016303392127156258,Empty,0.33471,0.2643,0.27651,-0.21669,0.12935,-0.09079,0.99135,-0.10488,0.06908,-0.03804,0.9684558553524134,-0.21320558764786746,0.12898307497246606,-0.2026947283949233,-0.9751055253822611,-0.08991140889727396,0.14494172385663703,0.060931041060463986,-0.9875623043235066
5.333,0.016303392127156258,Empty,0.33506,0.26663,0.27168,-0.22013,0.12828,-0.09182,0.99118,-0.10658,0.06867,-0.03849,0.9678488046388591,-0.21657448112192157,0.1279225761384671,-0.20600142211713363,-0.9743164388129847,-0.09094443987678155,0.14433331370425206,0.061668234817882174,-0.9876056517505335
5.4,0.016303392127156258,Empty,0.33505,0.26716,0.26872,-0.21925,0.12146,-0.08998,0.99146,-0.10638,0.06518,-0.03799,0.9688696676615443,-0.21589263066375802,0.12116905178506104,-0.20598694965363112,-0.9744804754145772,-0.08920302465820128,0.13733515084566283,0.061466861485368327,-0.9886156388007109
5.467,0.016303392127156258,Empty,0.33643,0.26716,0.26826,-0.21752,0.11561,-0.08778,0.99175,-0.10574,0.06213,-0.03728,0.9699162955377951,-0.21437576200761033,0.11534908891662893,-0.20511233997038925,-0.9748573822380139,-0.08707475115047747,0.1311156269943114,0.0607956985296044,-0.9895011750362834
5.533,0.016303392127156258,Empty,0.33813,0.26598,0.26895,-0.21172,0.10925,-0.08741,0.99222,-0.10303,0.05885,-0.03762,0.9718404528809006,-0.2088946997752933,0.1090373264072266,-0.20003742215577847,-0.9759366002331207,-0.086791601337277,0.12454382313674528,0.06253604345661792,-0.9902414247986574
5.6,0.016303392127156258,Empty,0.33998,0.26317,0.26883,-0.20584,0.10269,-0.08788,0.99267,-0.10026,0.05551,-0.03837,0.9737314664268966,-0.20331412689366757,0.10252022773868205,-0.19479336093209604,-0.9769503250635905,-0.08731328017502706,0.11790919313990655,0.06504942861862983,-0.9908915147529954
5.667,0.016303719952702522,Empty,0.34265,0.26144,0.26763,-0.20388,0.0983,-0.08967,0.99283,-0.09935,0.05338,-0.03954,0.9745586011190766,-0.20150343748895505,0.09814223181160803,-0.19306110269687632,-0.9771314409187564,-0.08911541838257234,0.11385492352241373,0.06790074998237937,-0.9911743260100796
5.733,0.016303719952702522,Empty,0.34516,0.26068,0.26375,-0.20581,0.09465,-0.08985,0.99281,-0.10039,0.05162,-0.03977,0.9745119941065952,-0.20345199757983234,0.09451803014855677,-0.19524092046640246,-0.9766791875553775,-0.0893238354057833,0.11048690563962592,0.06859336175566373,-0.991507737945215
5.8,0.016303719952702522,Empty,0.34781,0.26139,0.25842,-0.20579,0.09443,-0.08471,0.99292,-0.10052,0.05125,-0.03723,0.9745366896457078,-0.20343685005536294,0.09429575056139745,-0.19580316673662246,-0.9770177676149944,-0.0842460780127095,0.109267380449501,0.0636374874124117,-0.9919732404483192
5.867,0.016303719952702522,Empty,0.34974,0.26262,0.25142,-0.20404,0.09367,-0.07631,0.99317,-0.09988,0.05042,-0.03314,0.9749623983464819,-0.20174381765860977,0.09352942770596757,-0.19506015884101013,-0.9778500529994425,-0.07589998868186563,0.10677010931621263,0.05575576997510767,-0.992719214013251
5.933,0.016303719952702522,Empty,0.35136,0.26369,0.24418,-0.20225,0.09254,-0.06859,0.9934,-0.09921,0.04945,-0.02941,0.9754224364405044,-0.20002506235881234,0.09241777381447065,-0.194208369644497,-0.9785842007641672,-0.0682354099773885,0.10408736546044357,0.048610044672978824,-0.9933795266203121
6.0,0.016303719952702522,Empty,0.35319,0.2645,0.2375,-0.19995,0.09363,-0.06239,0.99358,-0.0982,0.04965,-0.02633,0.9757851576897598,-0.19774671561809798,0.09348562720881612,-0.19251818166974533,-0.979328414771415,-0.06206936239307126,0.10382714365206071,0.04256867960792881,-0.993683969759748
6.067,0.016303392127156258,Empty,0.3543,0.26494,0.23146,-0.19712,0.09229,-0.05728,0.99381,-0.09694,0.0487,-0.02393,0.976462950381184,-0.1950084468946976,0.09215102914559033,-0.190346320697989,-0.9800600638390583,-0.05701359017391884,0.10143167517896859,0.03813104912665204,-0.9941114818584932
6.133,0.016303392127156258,Empty,0.35618,0.26522,0.22667,-0.19373,0.09439,-0.05259,0.99398,-0.09534,0.04948,-0.02158,0.9769244927538191,-0.19166624961689505,0.09424746264747616,-0.1873944874397271,-0.9808892049112274,-0.05234189302864614,0.10247849303583274,0.03347262234146618,-0.9941718875620504
6.2,0.016303392127156258,Empty,0.35765,0.26524,0.22255,-0.18881,0.09369,-0.049,0.99426,-0.09299,0.04891,-0.01995,0.9779201577149896,-0.18687045916111772,0.093549968613585,-0.18296822647112343,-0.9819089235936422,-0.04875955156875563,0.10096926877372783,0.030566276516572732,-0.9944198859150046
6.267,0.016303392127156258,Empty,0.3591,0.26497,0.21956,-0.18373,0.09071,-0.04435,0.99461,-0.09062,0.04717,-0.0179,0.9791266442109638,-0.1819437072843239,0.09059526464342946,-0.1785654313647856,-0.9829364403036849,-0.04416266573281164,0.09708450606396901,0.02706366018771749,-0.9949081148425509
6.333,0.016303392127156258,Empty,0.36122,0.26457,0.21823,-0.17946,0.08853,-0.04061,0.99488,-0.08861,0.04588,-0.01624,0.9800873108223156,-0.1777990844592433,0.08841011667528122,-0.174818492084244,-0.9837695468541534,-0.040447169341810266,0.0941666500969061,0.024186034148424847,-0.995262617484299
6.4,0.016303392127156258,Empty,0.36422,0.26482,0.21707,-0.17582,0.09217,-0.03778,0.99498,-0.08682,0.04754,-0.01475,0.9804059233707274,-0.17416497092442274,0.0920368856626858,-0.1713594239838626,-0.9844902712332992,-0.03761454052495617,0.09716055388639008,0.021106130623108812,-0.995044902513756
6.467,0.016303392127156258,Empty,0.36541,0.26514,0.21461,-0.17008,0.09018,-0.03217,0.99531,-0.08412,0.04627,-0.01218,0.981565048270975,-0.16858668780866598,0.09004768018390248,-0.1663330988959878,-0.9855494463651924,-0.03202481820277544,0.09414539938019541,0.016456532531693133,-0.9954224361107081
6.533,0.016303392127156258,Empty,0.36627,0.26501,0.21224,-0.1636,0.08666,-0.02754,0.99568,-0.08103,0.04429,-0.01017,0.9829453889408273,-0.1622596641692367,0.08654573209380184,-0.1604582449265377,-0.986661503473111,-0.027426797102025263,0.08984160503386392,0.013072067467197575,-0.9958702762192836
6.6,0.016303392127156258,Empty,0.36768,0.26463,0.21013,-0.15995,0.08496,-0.02836,0.99585,-0.07921,0.04346,-0.01073,0.9836754068854558,-0.15868822689028245,0.08485717727541547,-0.15682334342402837,-0.9872225196776749,-0.028251293750410383,0.08825606407517983,0.014482516621119344,-0.9959925320333867
6.667,0.016303392127156258,Empty,0.36927,0.26399,0.2075,-0.15614,0.08491,-0.03347,0.99597,-0.0772,0.04361,-0.01336,0.9842768810303868,-0.154939856395503,0.08480956531686218,-0.15260934865327047,-0.9877239086765218,-0.033344668725275806,0.0889348535317779,0.019877654009332554,-0.9958390787162185
6.733,0.016303392127156258,Empty,0.37041,0.26277,0.20436,-0.14684,0.08566,-0.03898,0.99626,-0.07244,0.04412,-0.01628,0.9856121516555983,-0.14576721638533124,0.08556053492173452,-0.14289318710123855,-0.9889758118171632,-0.03883787739608169,0.0902785887620749,0.026053066381034887,-0.9955757199446326
6.8,0.016303392127156258,Empty,0.37191,0.26263,0.20113,-0.14035,0.08786,-0.04754,0.99637,-0.06899,0.04546,-0.02061,0.9863461460846257,-0.1393573315691803,0.0877542833252219,-0.1356086599156024,-0.9896303682024425,-0.04735003365776981,0.09344287805873858,0.0348032824517311,-0.9950161607082997
6.867,0.016303392127156258,Empty,0.37318,0.26267,0.19785,-0.13254,0.08821,-0.05763,0.99651,-0.06486,0.04588,-0.0258,0.9873763132273822,-0.13163238232662816,0.08809615201879487,-0.12689775411679816,-0.9902554894612718,-0.05736746109014227,0.0947891137083521,0.045464068392883,-0.9944586680237407
6.933,0.016303392127156258,Empty,0.374,0.26193,0.1949,-0.12544,0.08673,-0.06377,0.99668,-0.06121,0.04524,-0.02907,0.9884149815532525,-0.12463380727561268,0.08661546239020104,-0.11937272207515953,-0.9908171926288332,-0.06349365334806269,0.0937335450383144,0.052418554683457186,-0.9942164340119548
7.0,0.016303392127156258,Empty,0.37468,0.26153,0.19264,-0.11701,0.08784,-0.06943,0.99681,-0.05686,0.04583,-0.03205,0.9893337435416742,-0.1162868878148105,0.08772743933435304,-0.11041089140939819,-0.9914802578457237,-0.0691110219889655,0.09501672983216718,0.05868780132636442,-0.9937442140850323
7.067,0.016303392127156258,Empty,0.37553,0.26171,0.19044,-0.10887,0.09019,-0.07663,0.99687,-0.05259,0.04706,-0.03576,0.9900406568701265,-0.10820932364232705,0.09005687103735141,-0.10147742494684314,-0.9919110696924505,-0.07625458706029577,0.09757986457423391,0.06635640209089513,-0.9930130905135266
7.133,0.016303392127156258,Empty,0.37606,0.26143,0.18798,-0.10219,0.09033,-0.08152,0.99694,-0.04914,0.04713,-0.03835,0.9907271723379096,-0.10159866695625375,0.09020743242129302,-0.094367679788601,-0.9922280265346122,-0.08110662346901895,0.09774666747590909,0.07184186963005229,-0.9926148975133371
7.2,0.016303392127156258,Empty,0.37642,0.26078,0.18581,-0.09613,0.09066,-0.08452,0.99702,-0.04604,0.04725,-0.03998,0.9912951946226481,-0.0955872680242561,0.09053679533595722,-0.08803160571978447,-0.9925639310937049,-0.08406711060936416,0.09789930292112603,0.07536522330272549,-0.9923385559394977
7.267,0.016303719952702522,Empty,0.37667,0.26024,0.18354,-0.09165,0.08993,-0.08509,0.99712,-0.04381,0.04681,-0.04039,0.9917787951072603,-0.0911475425981878,0.08981618481043437,-0.08358481662961315,-0.9928990318366868,-0.0846468605842156,0.09689375627244787,0.076443692062074,-0.9923547560924642
7.333,0.016303719952702522,Empty,0.37705,0.26006,0.18142,-0.08703,0.08988,-0.08411,0.99724,-0.04153,0.04667,-0.04001,0.9921942652598181,-0.08657494636317087,0.08975142699558745,-0.07910637183165176,-0.9933480159912182,-0.08367736290026503,0.09639876514334954,0.0759242898453734,-0.9924428347720149
7.4,0.016303392127156258,Empty,0.37735,0.25935,0.17936,-0.08202,0.08734,-0.08044,0.99747,-0.03917,0.04523,-0.03835,0.992840313664876,-0.08160517109296006,0.0872279061580597,-0.07466762699077917,-0.9939910641089791,-0.08004067685286786,0.09323549239102254,0.07295450995235371,-0.9929676643457307
7.467,0.016303392127156258,Empty,0.37817,0.25818,0.17793,-0.07939,0.08463,-0.07935,0.9976,-0.03794,0.04381,-0.03792,0.9932821363337809,-0.07902648053293504,0.08453054486265864,-0.07238113507606841,-0.9942445044938291,-0.07898630621139584,0.09028603948175089,0.0723372701890118,-0.9932853318237924
7.533,0.016303392127156258,Empty,0.37924,0.2572,0.1763,-0.07933,0.08175,-0.07889,0.99767,-0.03798,0.04236,-0.03775,0.9935256451999546,-0.07898502340752839,0.08165879259042892,-0.07258750826949678,-0.9942639186884115,-0.0785513439578847,0.08739477085753035,0.07211536640464597,-0.9935600273536993
7.6,0.016303392127156258,Empty,0.38123,0.25776,0.17482,-0.07922,0.08331,-0.07572,0.9977,-0.03796,0.04308,-0.03614,0.9934060822926023,-0.0788575064033793,0.08322168796596897,-0.07262898354634273,-0.9945055319621321,-0.07539083263727638,0.08870956212883276,0.06884940508499474,-0.9936751848598983
7.667,0.016303392127156258,Empty,0.38202,0.25847,0.1724,-0.07725,0.08195,-0.07125,0.99784,-0.0371,0.04228,-0.03398,0.9936714464514915,-0.0769174088119059,0.08185822334171672,-0.07117119818711826,-0.9949380620695578,-0.07094302780317656,0.086900615967956,0.06466811321613206,-0.9941158474128935
7.733,0.016303392127156258,Empty,0.3838,0.25917,0.17058,-0.07701,0.08307,-0.06507,0.99792,-0.03709,0.04272,-0.03088,0.9935983467420997,-0.07666378352997516,0.08297583772542068,-0.07138733902537081,-0.9953419433115349,-0.06479400984422923,0.08755668551425982,0.05845579680139871,-0.9944429328232317
7.8,0.016303392127156258,Empty,0.38496,0.26024,0.16852,-0.07873,0.08426,-0.0596,0.99794,-0.03805,0.04324,-0.02809,0.9933636510490815,-0.07837959670923511,0.0841741979120452,-0.07352141309024651,-0.9955262864627954,-0.059346565012723465,0.08844918649513843,0.052764114522029115,-0.994682205343523
7.867,0.016303392127156258,Empty,0.38637,0.26216,0.16626,-0.07881,0.08742,-0.05204,0.99798,-0.03821,0.04467,-0.02425,0.9930900014248948,-0.07842261167616243,0.08730488558948363,-0.07408893639289083,-0.9959042002642058,-0.0518232901337092,0.0910114200200896,0.04499686515750007,-0.9948327515476783
7.933,0.016303719952702522,Empty,0.38694,0.26308,0.16388,-0.07435,0.08845,-0.04629,0.9981,-0.0361,0.04503,-0.02146,0.9933392217194137,-0.07399061911978705,0.08833220746782774,-0.07012599664147079,-0.9964730569112001,-0.046084611803601516,0.09143049375842412,0.03958326833800814,-0.9950244367244314
8.0,0.016303719952702522,Empty,0.38801,0.2632,0.16163,-0.06809,0.09301,-0.0416,0.99816,-0.03303,0.04716,-0.01918,0.9933701711885337,-0.06774229500183038,0.09287994649410841,-0.0641236594202515,-0.9970824441076825,-0.04140961186494652,0.0954141462018029,0.03517927117117324,-0.9948158420453739
8.067,0.016303719952702522,Empty,0.38954,0.26196,0.15925,-0.05733,0.09952,-0.03986,0.99818,-0.02763,0.05028,-0.01847,0.9934175245703913,-0.05702318535582651,0.09934776398244477,-0.0533080481871524,-0.9977902675452897,-0.03965897112098965,0.1013897128653233,0.0341018815283601,-0.9942621323380032
8.133,0.016303392127156258,Empty,0.39212,0.25948,0.15653,-0.05159,0.10584,-0.03898,0.9981,-0.02472,0.05337,-0.01809,0.9930811700079966,-0.051275120385851414,0.10564398612777204,-0.047412227506164584,-0.998123134944879,-0.03875936236202294,0.10743309759311664,0.03348237621829359,-0.9936483583362499
8.2,0.016303392127156258,Empty,0.3946,0.25713,0.15293,-0.04744,0.112,-0.03737,0.998,-0.02263,0.05639,-0.01732,0.9926157814265855,-0.04712149988220915,0.11177421308933731,-0.043214586578283254,-0.9983758415672764,-0.037123826334316205,0.11334200443682682,0.032019419477613414,-0.9930399522710851
8.267,0.016303392127156258,Empty,0.3973,0.25513,0.14873,-0.04287,0.12084,-0.03673,0.9978,-0.02028,0.06075,-0.01703,0.9917953639216099,-0.042543322146047224,0.12054883593124417,-0.03840419250895838,-0.9985971123821362,-0.03645442551725963,0.12193061183039829,0.03152574952060953,-0.9920378284197777
8.333,0.016303392127156258,Empty,0.39981,0.2523,0.14345,-0.04208,0.12809,-0.03447,0.9976,-0.01989,0.06434,-0.01585,0.9909288709467221,-0.041714606646640784,0.12774922432864444,-0.037635888693679787,-0.998706875964862,-0.03417770885741822,0.12900973841726554,0.02905972286209052,-0.9912174432992426
8.4,0.016303392127156258,Empty,0.40182,0.25102,0.13773,-0.04524,0.13374,-0.03335,0.9974,-0.02145,0.06717,-0.01512,0.9900548859624867,-0.04482405269946255,0.13334964222450385,-0.04076013067332751,-0.9986221263850628,-0.03305238934886564,0.1346474453129381,0.027288330725266673,-0.9905177497031176
8.467,0.016303392127156258,Empty,0.40233,0.2498,0.13244,-0.04681,0.13409,-0.03276,0.99737,-0.02225,0.06735,-0.01477,0.9899367395301653,-0.04637100138742628,0.13369735210060396,-0.042392988439798884,-0.9985738953286281,-0.03245011709306071,0.13501143010696778,0.02645573281044385,-0.9904907914473178
8.533,0.016303392127156258,Empty,0.40336,0.24854,0.12849,-0.04539,0.13584,-0.03148,0.99734,-0.02157,0.0682,-0.01416,0.9897685878810656,-0.04494683743851485,0.13541759209274432,-0.04108444606522599,-0.9986689151136192,-0.03118439156533836,0.1366389795608658,0.025301774444938013,-0.9902977377912678
8.6,0.016303392127156258,Empty,0.40451,0.24781,0.12559,-0.04268,0.13805,-0.03343,0.99728,-0.02013,0.0693,-0.0152,0.989585200483899,-0.04226133419617706,0.13760490767120562,-0.03804928257398188,-0.9987275524986821,-0.03309876093748962,0.13882861044772885,0.027518275962545795,-0.9899340187149858
8.667,0.016303392127156258,Empty,0.40589,0.24763,0.12277,-0.04341,0.141,-0.03682,0.99714,-0.02035,0.07081,-0.01683,0.9891438857194728,-0.04297369365714815,0.14052627867144046,-0.0382079540180878,-0.9986052151281991,-0.036438668588668406,0.14189617892506293,0.030673864644428322,-0.9894061797028769
8.733,0.016303392127156258,Empty,0.40683,0.24778,0.12002,-0.04102,0.14316,-0.04001,0.99706,-0.01902,0.0719,-0.01848,0.9889377253453038,-0.04058553411583332,0.14267091437776863,-0.03527208970114787,-0.9985937610365012,-0.03957752022409751,0.14407655977628778,0.0341074015355493,-0.9889785791833525
8.8,0.016303392127156258,Empty,0.40786,0.2479,0.11754,-0.03715,0.14379,-0.04287,0.99704,-0.01698,0.0722,-0.02004,0.9889969071113135,-0.03675204922265635,0.14329830634795065,-0.030964722408495016,-0.998620323148438,-0.04241033082957647,0.1446592675580121,0.03750649374234694,-0.9887704279744287
