time,gr,gr_state,tx,ty,tz,rx,ry,rz,qw,qx,qy,qz,xx,xy,xz,yx,yy,yz,zx,zy,zz
0.0,0.016297481954097748,Empty,0.3073,3e-05,0.48531,0.00582,5e-05,0.00358,0.99999,0.00291,3e-05,0.00179,0.999983046492527,0.005822726319482885,5.085010022298016e-05,0.005822506442931585,-0.9999766142269588,0.003587397094014096,7.173734253168206e-05,-0.0035870402000144825,-0.9999935639774676
0.067,0.016297481954097748,Empty,0.3073,3e-05,0.48531,0.00584,5e-05,0.00358,0.99999,0.00292,3e-05,0.00179,0.9999830016740214,0.005830435956491464,4.878084865264946e-05,0.005830223341870999,-0.9999765635511824,0.003588989293961703,6.970507762990465e-05,-0.0035886438839092994,-0.9999935583673911
0.133,0.016297481954097748,Empty,0.3073,3e-05,0.48531,0.00582,5e-05,0.00358,0.99999,0.00291,3e-05,0.00179,0.9999830235888648,0.0058266518047928595,5.160249422793265e-05,0.00582642929605065,-0.999976595925735,0.0035861291718725288,7.249641253086927e-05,-0.0035857676339852034,-0.9999935684866905
0.2,0.016297481954097748,Empty,0.3073,3e-05,0.48531,0.00582,5e-05,0.0036,0.99999,0.00291,3e-05,0.0018,0.999983020279166,0.005827241991383125,4.903194139113578e-05,0.00582702836560689,-0.9999765754693768,0.0035908568565591534,6.995558470048837e-05,-0.0035905101742988665,-0.9999935516506617
0.267,0.016297481954097748,Empty,0.3073,3e-05,0.48531,0.00582,5e-05,0.00358,0.99999,0.00291,3e-05,0.00179,0.9999830445312519,0.005823147019447528,4.010983202714746e-05,0.005822966225262127,-0.9999766443957415,0.003578229642102356,6.09454525131409e-05,-0.0035779354133442906,-0.9999935973114177
0.333,0.016297481954097748,Empty,0.30731,4e-05,0.4853,0.00596,3e-05,0.00362,0.99999,0.00298,2e-05,0.00181,0.9999822639332892,0.0059557629312615434,2.6584968917997553e-05,0.005955627711932421,-0.9999757156058146,0.0036192122341262775,4.8139493382488884e-05,-0.0036189897133590424,-0.9999934502765724
0.4,0.016297481954097748,Empty,0.30727,0.00023,0.48495,0.00728,-0.00026,0.00424,0.99999,0.00364,-0.00012,0.00212,0.999973491820844,0.007276747402021555,-0.00025417095706871526,0.007277760644813169,-0.9999645132163373,0.004243407594237509,-0.00022328373217178531,-0.004245144904617179,-0.9999909644037358
0.467,0.016297481954097748,Empty,0.30713,0.00109,0.48426,0.0088,-0.00139,0.00605,0.99999,0.0044,-0.00068,0.00303,0.9999603335018297,0.008799620938781949,-0.0013777134111481772,0.00880780319963903,-0.999942907945407,0.006050078716850871,-0.0013243963553008036,-0.006061973360005416,-0.9999807490413384
0.533,0.016297481954097748,Empty,0.30716,0.00276,0.48353,0.01175,-0.00191,0.00903,0.99997,0.00588,-0.00093,0.00452,0.9999291902355092,0.011744388816067763,-0.001919334857479311,0.011761267589132207,-0.9998900321662489,0.009033059242239105,-0.0018130360324434918,-0.009054993424293499,-0.9999573590880918
0.6,0.016297481954097748,Empty,0.30729,0.00545,0.48211,0.01486,-0.00268,0.01348,0.99995,0.00744,-0.00129,0.00675,0.9998859438372905,0.014864249565912702,-0.0026745843514614656,0.014898993261317106,-0.9997981804298972,0.01347658743399101,-0.0024737252090817597,-0.013514898960371115,-0.9999056096400707
0.666,0.016297481954097748,Empty,0.3079,0.0085,0.48075,0.02225,-0.00308,0.01787,0.9999,0.01114,-0.00144,0.00895,0.9997476908320377,0.02224929712731155,-0.003086009291800208,0.022300960995849828,-0.9995917335293842,0.01786150605022507,-0.00268734342242548,-0.017925820401344245,-0.9998357080782165
0.733,0.016297481954097748,Empty,0.30939,0.01217,0.47956,0.03124,-0.00166,0.02282,0.99981,0.01563,-0.00065,0.01142,0.9995103678388864,0.031245041530738205,-0.0016649211141751656,0.031274922442992514,-0.9992503024682196,0.022819120126694334,-0.0009506885708718068,-0.022860017430311512,-0.9997382236337305
0.8,0.016297481954097748,Empty,0.3111,0.01501,0.47828,0.03919,-0.004,0.02651,0.99972,0.01962,-0.00174,0.01329,0.9992238689961337,0.03918788599952744,-0.003996150558355281,0.03928023871007963,-0.99887691109501,0.02649489249215005,-0.002953383699448543,-0.02663129873249641,-0.9996409612718682
0.867,0.016297481954097748,Empty,0.31343,0.01687,0.47686,0.04737,-0.00684,0.02849,0.99961,0.02373,-0.00308,0.01432,0.9988550776772367,0.04734674227820468,-0.006842499107952621,0.047523323853401744,-0.9984639293837171,0.02848359895715292,-0.0054833829271509656,-0.028776165749948103,-0.9995708403091828
0.933,0.016297481954097748,Empty,0.31664,0.01799,0.47517,0.06076,-0.00971,0.02846,0.99942,0.03044,-0.00442,0.01437,0.9981074014343897,0.06072396884222536,-0.009706431369892524,0.060977991814719024,-0.9977332343166427,0.028461863155720836,-0.007956111872895634,-0.02899987496696115,-0.999547751503532
1.0,0.016297481954097748,Empty,0.32018,0.01871,0.47371,0.07568,-0.01182,0.02789,0.99917,0.03791,-0.00538,0.01416,0.9970673985574098,0.07560974224683925,-0.011822419859137978,0.07591448869326967,-0.9967239894282864,0.027897657690210752,-0.009674354779448762,-0.028713337937747174,-0.9995408701419237
1.067,0.016297481954097748,Empty,0.32394,0.01894,0.47277,0.09255,-0.01414,0.0281,0.9988,0.04635,-0.00641,0.01436,0.99562134219472,0.09240328941107767,-0.014134180994906884,0.09277149712701604,-0.9952909166523969,0.028096984714444592,-0.011471368148404278,-0.02928520676458159,-0.9995052698097994
1.133,0.016297481954097748,Empty,0.32801,0.01966,0.47255,0.11117,-0.0171,0.0287,0.99831,0.05567,-0.00774,0.0148,0.9936825533113536,0.11091751376124731,-0.017096443655108297,0.11137558320363278,-0.9933641779623495,0.028689534803410983,-0.013800822826175141,-0.030412416579564106,-0.9994421555083174
1.2,0.016297481954097748,Empty,0.33185,0.02031,0.47204,0.13056,-0.02007,0.03106,0.99769,0.06538,-0.009,0.01615,0.9912885698369189,0.1301697544000816,-0.020070036125991415,0.1307511219183886,-0.9909289774657932,0.03104683133075259,-0.015846621966805356,-0.033400548768245754,-0.9993164103096782
1.267,0.016297481954097748,Empty,0.33585,0.02128,0.47163,0.15193,-0.02303,0.03006,0.99692,0.07605,-0.01034,0.01586,0.9882186814471774,0.15130723431731125,-0.023020827136498744,0.15196311807824742,-0.987928966233177,0.03005941485429151,-0.018194735027994225,-0.03320359198478433,-0.9992829794890781
1.333,0.016297481954097748,Empty,0.34067,0.02204,0.47101,0.17814,-0.02423,0.0285,0.99585,0.08911,-0.0108,0.01527,0.9838850739433853,0.17715329378060957,-0.0242254365099892,0.17781284782428874,-0.9836517275090984,0.028493334606223938,-0.018781704396427252,-0.03234176048156595,-0.9993003843234118
1.4,0.016297481954097748,Empty,0.34525,0.02235,0.46951,0.20526,-0.02531,0.02478,0.99457,0.10259,-0.01132,0.01362,0.9786949391050555,0.20375269872726026,-0.02531904286323241,0.20436980414941497,-0.9785801120904707,0.02477796143616154,-0.019728135291547617,-0.02942451329012099,-0.9993723023456063
1.467,0.016297481954097748,Empty,0.34933,0.0221,0.46739,0.23213,-0.02807,0.02347,0.99309,0.11595,-0.01258,0.01328,0.9727937768953077,0.22996713373758065,-0.028060381934034453,0.23063534028048988,-0.972757302790119,0.023464221320883962,-0.02189994172286398,-0.029297564216406665,-0.9993307987265881
1.533,0.016297481954097748,Empty,0.35358,0.02217,0.46511,0.26067,-0.02759,0.02398,0.99133,0.13011,-0.01212,0.01368,0.9658479485697902,0.2576372554251877,-0.027582328772329447,0.25830033830508736,-0.9657671519284774,0.023973808363184888,-0.020461560913227067,-0.030279578480122245,-0.9993320127225287
1.6,0.016297481954097748,Empty,0.35715,0.02236,0.46256,0.28926,-0.02758,0.02434,0.98937,0.14427,-0.01189,0.01403,0.9580909002614041,0.28513481427060283,-0.027567454129122832,0.28580179813956036,-0.9579798689641255,0.024329053406796166,-0.01947200596976532,-0.031188272641258275,-0.9993238377188688
1.667,0.016297481954097748,Empty,0.36154,0.02189,0.46041,0.32359,-0.02691,0.02692,0.98673,0.16124,-0.01111,0.01545,0.9477588769331189,0.3178500484070571,-0.026915756019564446,0.3185368380121122,-0.9475286665271749,0.026901838942328744,-0.016952699599730715,-0.03407011647859468,-0.999275654231312
1.733,0.016297481954097748,Empty,0.36694,0.02069,0.4585,0.36325,-0.02687,0.02992,0.98332,0.18079,-0.01051,0.01714,0.9344117641015445,0.3551793366486517,-0.026875526533684926,0.3559002248924626,-0.9340452791888922,0.02990729587305241,-0.014480505175358408,-0.037510735033687556,-0.9991913028680238
1.8,0.016297481954097748,Empty,0.37242,0.01927,0.45647,0.40034,-0.03001,0.03173,0.97975,0.19902,-0.01155,0.01853,0.9205169560774237,0.3895488475079558,-0.0300038160769227,0.3904047463268966,-0.9200970317047261,0.03171098064682936,-0.015253446147871774,-0.04090412758359935,-0.999046637913986
1.867,0.016297481954097748,Empty,0.3779,0.0183,0.45402,0.43612,-0.0327,0.03281,0.976,0.21654,-0.01241,0.01955,0.90591511329903,0.42219627682747296,-0.03268197254490192,0.4231662925074692,-0.905458738039775,0.032783571997288964,-0.015751075578796733,-0.043529042493927986,-0.998927988434438
1.933,0.016297481954097748,Empty,0.38302,0.01786,0.45152,0.46894,-0.03413,0.03218,0.97231,0.23253,-0.01286,0.01961,0.8915296341591559,0.45167568893300813,-0.0341172015694996,0.45268394166729475,-0.8910912075075261,0.03215134304100414,-0.015879558325175964,-0.04410818438421065,-0.9989005494531104
2.0,0.016297481954097748,Empty,0.38822,0.01753,0.44858,0.50152,-0.03626,0.03055,0.96838,0.24834,-0.01377,0.01929,0.8762726178380443,0.4804501680684107,-0.0362482445133096,0.48151251539751394,-0.8759077412022186,0.030517641088164158,-0.01708791218433879,-0.04419575664091534,-0.9988767383176551
2.067,0.016297481954097748,Empty,0.39367,0.01716,0.44595,0.53404,-0.03826,0.02927,0.96421,0.26405,-0.01459,0.01916,0.8601330956715498,0.5086326378656818,-0.03826091253845099,0.5097511365182331,-0.8598247303287874,0.029244006794513302,-0.018023222487851744,-0.04465728174470467,-0.9988397722549537
2.133,0.016297481954097748,Empty,0.39873,0.01739,0.44297,0.56337,-0.03987,0.0269,0.96024,0.27815,-0.01541,0.01846,0.8447885539084483,0.5336128387815346,-0.03987025799747076,0.5347510758481528,-0.844581890699283,0.026883392309520464,-0.01932837459581125,-0.04403144547180421,-0.9988431537259229
2.2,0.016297481954097748,Empty,0.40315,0.01833,0.44005,0.58883,-0.04417,0.02814,0.95655,0.29038,-0.01705,0.01987,0.8307772354553635,0.5548509397750694,-0.04415449784411696,0.5562060407795875,-0.8305686032297074,0.028118241932046813,-0.021071906639878492,-0.04791899372665804,-0.9986289324823235
2.267,0.016297481954097748,Empty,0.40673,0.02078,0.4373,0.60975,-0.04752,0.03064,0.95339,0.3004,-0.01806,0.02174,0.8188648192349771,0.5720181661739598,-0.047493424663298374,0.5735885498520099,-0.8185714748135254,0.03060908525713303,-0.021367809853533634,-0.052306387646157235,-0.9984024531788137
2.333,0.016297481954097748,Empty,0.4107,0.02472,0.43429,0.6371,-0.04552,0.03264,0.9492,0.31342,-0.0165,0.02262,0.8029949696108188,0.5942457442472802,-0.04550905650215603,0.5957389745494485,-0.8025163443660976,0.032597411370333035,-0.017150888679362177,-0.053287076006019285,-0.9984319378646884
2.4,0.016297481954097748,Empty,0.41589,0.02823,0.4308,0.67249,-0.04011,0.03472,0.94355,0.33016,-0.0132,0.023,0.7816354130824557,0.622445722537751,-0.04009243706580924,0.6236598384190749,-0.7809260141192927,0.03468380623356693,-0.009720440242719045,-0.05211413403493545,-0.9985938263755073
2.467,0.016297481954097748,Empty,0.42216,0.03095,0.42627,0.71128,-0.03613,0.03556,0.93701,0.34838,-0.01074,0.02295,0.7570295370645455,0.6523812612185584,-0.03612436882109752,0.653367537278889,-0.7562067691596457,0.03552722205928898,-0.004140198299502822,-0.05049764636112764,-0.9987155983912674
2.533,0.016297481954097748,Empty,0.42815,0.03288,0.4211,0.74559,-0.03446,0.035,0.93092,0.36439,-0.00967,0.02257,0.7342551751645925,0.6779990874684857,-0.03444669992777645,0.678871822650723,-0.7334229009448114,0.03498423617263235,-0.0015447183881787331,-0.04907225042320779,-0.9987940368682141
2.6,0.016297481954097748,Empty,0.43479,0.03454,0.41589,0.78055,-0.03334,0.0342,0.92443,0.3806,-0.00891,0.02215,0.7101349889393753,0.7032762546985992,-0.0333287722723839,0.7040654375018449,-0.7093121204168167,0.03417858313527928,0.00039648380687013304,-0.047737044388090406,-0.998859858735789
2.667,0.016297481954097748,Empty,0.44224,0.03641,0.41038,0.81675,-0.02891,0.03202,0.91746,0.39724,-0.00691,0.02043,0.684302711900581,0.7286243970246428,-0.02891861936514283,0.7291894437969458,-0.6835636099732734,0.031992908204903185,0.003543097601182427,-0.04297998581644566,-0.9990696508645464
2.733,0.016297481954097748,Empty,0.44992,0.03784,0.40437,0.85264,-0.02384,0.02966,0.91025,0.41361,-0.00472,0.01843,0.6578061361601691,0.7528100380568169,-0.023835558120652887,0.7531579160050701,-0.6571715573037453,0.029642837749950114,0.006651374965298552,-0.03745117984608613,-0.9992763223149077
2.8,0.016297481954097748,Empty,0.45585,0.03907,0.39812,0.87633,-0.0257,0.02666,0.9053,0.42436,-0.00598,0.01752,0.6397602152441373,0.7681447556022015,-0.025700222403884067,0.768563993805664,-0.6392182341717303,0.026635249724045892,0.004031676606849378,-0.036792438668959884,-0.9993147962681874
2.867,0.016297481954097748,Empty,0.46071,0.04127,0.39208,0.89806,-0.02725,0.02541,0.90064,0.43417,-0.00676,0.01736,0.6228977431839442,0.7818284875589774,-0.027251010579263605,0.7822979009063261,-0.6223864151326013,0.025399694800241346,0.0028975461869639126,-0.037139820942365294,-0.9993058780605983
2.933,0.016297481954097748,Empty,0.46499,0.04432,0.38641,0.92037,-0.02776,0.02538,0.89574,0.44419,-0.0068,0.01753,0.6052971721892584,0.7955157138764269,-0.027750357031322243,0.7959923619140838,-0.604775263545258,0.02535824083413025,0.0033901495727206694,-0.037438343705914506,-0.999293188862224
3.0,0.016297481954097748,Empty,0.46944,0.04809,0.38134,0.94099,-0.02366,0.02742,0.89112,0.4534,-0.00433,0.01758,0.5888206246631789,0.8079175257812499,-0.02365467198605166,0.8082218959383877,-0.5882401490767389,0.02740244405038144,0.008224287022106766,-0.03525334806341077,-0.9993445664800993
3.067,0.016297481954097748,Empty,0.47504,0.05185,0.3758,0.96793,-0.01778,0.03425,0.88492,0.46534,0.0001,0.01929,0.5669240088463066,0.8235783640909529,-0.01777206782855576,0.8235705133613899,-0.5661798653681037,0.03423404114931024,0.01813222863548678,-0.0340446508724335,-0.9992558151102673
3.133,0.016297481954097748,Empty,0.48091,0.05597,0.36927,0.99767,-0.0083,0.03873,0.87793,0.47838,0.00562,0.01899,0.5422415509260758,0.8401817072863336,-0.008294527756639504,0.8397544007622499,-0.5415834287840975,0.03872900808044053,0.02804722534794501,-0.027965843593249246,-0.9992153245133901
3.2,0.016297481954097748,Empty,0.48644,0.05952,0.3618,1.02492,-0.00078,0.04043,0.87136,0.49023,0.00957,0.01781,0.519159519232299,0.8546770072596923,-0.000779007126909731,0.8539948836897915,-0.5187083259437578,0.04042785213542159,0.03414867819034178,-0.021653772378958772,-0.9991821565258324
3.266,0.016297481954097748,Empty,0.49319,0.06241,0.35398,1.05361,0.00593,0.04618,0.86422,0.50258,0.01417,0.01847,0.49442506412510256,0.8692000528595094,0.005926556665902503,0.868153140044924,-0.49414434381315947,0.046168094043401095,0.04305788423769094,-0.01768150407878491,-0.9989161040940753
3.333,0.016297481954097748,Empty,0.5,0.06554,0.34537,1.08339,0.01467,0.04949,0.85665,0.51526,0.01904,0.01742,0.4682922056038714,0.8834518820177526,0.014669094380767744,0.8821254172996347,-0.46841036484042786,0.049461886983843906,0.05056835299480039,-0.010222635146951221,-0.998668282967896
3.4,0.016297481954097748,Empty,0.50726,0.06872,0.33505,1.11354,0.02612,0.05082,0.8488,0.52795,0.02451,0.01467,0.44134322433125217,0.8969581126470634,0.026120920609976183,0.8955192402861216,-0.4421144598809815,0.050794632014770545,0.057109093971644355,0.000973920308101697,-0.9983674688535135
3.467,0.016297481954097748,Empty,0.51348,0.07062,0.32445,1.13894,0.02845,0.05114,0.84202,0.53865,0.02576,0.01386,0.4183775273526037,0.9078273919507733,0.028454718943935052,0.9063994832566642,-0.41932078041802556,0.051088744960805135,0.058311417049952526,0.004416959754746902,-0.9982886702292837
3.533,0.016297481954097748,Empty,0.5186,0.07309,0.31394,1.16024,0.03178,0.05177,0.83623,0.54753,0.02747,0.01294,0.3989041210133492,0.9164424182002812,0.03176155477598488,0.9150205205512846,-0.4000777759374322,0.05172253059367834,0.0601078132077997,0.008430143781582508,-0.9981562921041967
3.6,0.016297481954097748,Empty,0.52275,0.07625,0.30438,1.17909,0.03592,0.05264,0.83103,0.55531,0.02955,0.01189,0.38151235060521616,0.9236656428626471,0.03591805299310822,0.9222607120688066,-0.38297652139787297,0.05257530819997287,0.06231777683791476,0.013067679714383771,-0.9979708064051084
3.667,0.016297481954097748,Empty,0.52682,0.07985,0.29535,1.19837,0.04062,0.05235,0.82565,0.56322,0.03152,0.01016,0.3635875857163353,0.9306745262418489,0.04060780365246299,0.929393596769139,-0.3653683956212094,0.052282671753711235,0.0634949588352447,0.018731302295726036,-0.9978063582262926
3.733,0.016297481954097748,Empty,0.53162,0.08376,0.28658,1.21892,0.04719,0.05373,0.8198,0.57154,0.03471,0.00852,0.34428525754865835,0.9376794002165996,0.04716994640755749,0.9364957517113601,-0.3465498103943248,0.053655716771211934,0.06665859630407128,0.025701582151595573,-0.9974447654951505
3.8,0.016297481954097748,Empty,0.53675,0.08709,0.27807,1.23942,0.05026,0.05582,0.81388,0.57982,0.03665,0.00812,0.3249356190891186,0.9444008028543087,0.050239098472294456,0.9432110565303211,-0.3274897490255593,0.05570787307133501,0.06906334980383688,0.029284600924611454,-0.9971823633932557
3.866,0.016297481954097748,Empty,0.54182,0.08998,0.27024,1.26103,0.04907,0.05583,0.80757,0.5886,0.03626,0.00808,0.30447079065420285,0.9512575551675218,0.04905712359193067,0.9500857145493655,-0.30697007196004694,0.05573607386661738,0.06807843012016261,0.029638465843445958,-0.9972396345386705
3.933,0.016297481954097748,Empty,0.54764,0.09289,0.26249,1.28432,0.05036,0.05802,0.80065,0.5979,0.03752,0.00815,0.2822163750365402,0.9580293808193946,0.050335108503332684,0.9568057534913323,-0.2848992503393229,0.05792380548596447,0.06983314218276968,0.03181387500602868,-0.9970512572631267
4.0,0.016297481954097748,Empty,0.55251,0.0953,0.25487,1.30422,0.05322,0.06055,0.79465,0.60573,0.0395,0.00791,0.2630615504079154,0.9633115895730657,0.05319212433431522,0.9620615319900643,-0.2660568205301033,0.0604266242176659,0.07236179490528366,0.03527817517426157,-0.9967543433536972
4.066,0.016297481954097748,Empty,0.55734,0.09793,0.2476,1.32385,0.0591,0.06442,0.78864,0.6133,0.04308,0.00724,0.24400936910396098,0.9679729486350088,0.059057586306360016,0.9667246414654362,-0.24761559958769763,0.06426493930868037,0.07683030243992499,0.041411176651614486,-0.9961838279531136
4.133,0.016297481954097748,Empty,0.56141,0.10081,0.23919,1.34168,0.06914,0.06598,0.78312,0.62004,0.04755,0.00435,0.22658274447438848,0.971539440245432,0.06907514715182492,0.9707118857809423,-0.23106645901192457,0.0657778558733686,0.07986673093385713,0.05214793924291539,-0.9954405545901052
4.2,0.016297481954097748,Empty,0.56486,0.10367,0.22947,1.35653,0.0808,0.06646,0.77844,0.62554,0.05226,0.00052,0.2119310523395732,0.9739462272530895,0.08070920315375704,0.973836716605551,-0.21739302579777042,0.06619910668135634,0.08201998808315387,0.0645679390561856,-0.994536928827118
4.266,0.016297481954097748,Empty,0.56763,0.10641,0.21901,1.36748,0.09386,0.07002,0.77493,0.62934,0.05843,-0.00251,0.20104426185384522,0.9750890160753632,0.09371560971803224,0.9756764943812474,-0.20785874461009174,0.06964280724552123,0.08738754538012085,0.07743483078238537,-0.993160240794073
4.333,0.016297481954097748,Empty,0.56962,0.10898,0.2088,1.37877,0.10322,0.07401,0.77129,0.63331,0.06328,-0.00428,0.18982629455508326,0.9763971282340784,0.10302730643733021,0.9774801021591512,-0.197797189139448,0.07354537274002172,0.09218800235617446,0.08674629643263296,-0.9919558721419011
4.4,0.016297481954097748,Empty,0.57183,0.11168,0.19924,1.38949,0.11203,0.07891,0.76783,0.63699,0.06819,-0.00556,0.17919891442169184,0.9774391870349537,0.11180511937534862,0.9789558002920067,-0.18843767218815272,0.07833763319725295,0.09763856894037459,0.09541425128752531,-0.990637587872839
4.467,0.016297481954097748,Empty,0.57418,0.11361,0.19081,1.39821,0.11819,0.0861,0.76501,0.63987,0.07281,-0.00509,0.170536883779631,0.9782698771489458,0.11792039150935109,0.9797522360432971,-0.18108884356560784,0.0853954723871812,0.1048938856125163,0.10096968950658837,-0.9893444266594174
4.533,0.016297481954097748,Empty,0.57545,0.11423,0.18379,1.40406,0.11619,0.09146,0.76316,0.64198,0.07376,-0.00261,0.16483767800662535,0.9794836303802977,0.11593255680099594,0.980253974047721,-0.17570489970607928,0.09071898689319002,0.10922768089195271,0.09868944237510252,-0.989105508876913
4.6,0.016297481954097748,Empty,0.57683,0.11484,0.17796,1.41121,0.11308,0.09518,0.76089,0.64468,0.07377,-0.00045,0.15790220731047644,0.9809852166997173,0.11284900328796608,0.9811183612883787,-0.16878695240718006,0.0944337113530045,0.11168551414254942,0.0958069377117563,-0.9891144406068542
4.667,0.016297481954097748,Empty,0.5789,0.11531,0.17296,1.42158,0.11126,0.10009,0.75754,0.6485,0.07467,0.00162,0.14773256008518326,0.9827751517069323,0.11103194080125799,0.9822905717299338,-0.1588795796046203,0.09931018011834929,0.11524028540904262,0.0943942814585474,-0.9888424526924231
4.733,0.016297481954097748,Empty,0.58212,0.11565,0.16792,1.43506,0.11178,0.10953,0.75314,0.65321,0.07796,0.0045,0.13448448078386732,0.9846166236611822,0.1115528073978758,0.9832134771150647,-0.14659976980325184,0.10862672743361786,0.12330929749048751,0.09507161460545183,-0.9878037281002311
4.8,0.016297481954097748,Empty,0.58539,0.11669,0.1607,1.4501,0.1231,0.12223,0.74815,0.65787,0.08638,0.00491,0.11950317548960293,0.9852106623795684,0.12279634270414144,0.98351575767778,-0.1343781038116697,0.120992890764222,0.13570462574062828,0.10631310337673276,-0.9850288212042347
4.867,0.016297481954097748,Empty,0.58635,0.1168,0.15089,1.459,0.13255,0.12463,0.74518,0.66067,0.09069,0.00227,0.11059251532163639,0.9850397241621617,0.13215913656409145,0.9842159238774498,-0.12703138425046057,0.12321543166937204,0.13816045288320197,0.1164464221775162,-0.9835405024812979
4.933,0.016297481954097748,Empty,0.58676,0.11585,0.14097,1.46323,0.13952,0.12665,0.74374,0.66183,0.09394,0.0005,0.10630613204190426,0.9845607182250743,0.13906544652937602,0.9843720384464465,-0.12395401083300545,0.12508834127607324,0.14039478699395277,0.12359447935299014,-0.9823511126162507
5.0,0.016297481954097748,Empty,0.58553,0.11504,0.13177,1.45793,0.14678,0.12938,0.74546,0.65938,0.09752,-0.00065,0.11141925609020364,0.982952817348742,0.1462515238842858,0.9832061740990219,-0.1304388861787591,0.12763744037706068,0.14453846749522636,0.1295741325983506,-0.980978682528584
5.066,0.016297481954097748,Empty,0.5848,0.11517,0.12404,1.4549,0.15611,0.13375,0.74639,0.65757,0.10241,-0.00198,0.11421723700282965,0.9812129089292008,0.15548520869245105,0.9820244233012946,-0.13518593461613698,0.1317300084328598,0.15027459802374862,0.137644434804525,-0.9790156049604846
5.133,0.016297481954097748,Empty,0.58494,0.1164,0.11789,1.45582,0.16582,0.13881,0.74603,0.65714,0.10766,-0.00337,0.11315567162044193,0.9797698803006963,0.16506597358536887,0.981219356157734,-0.1363162330595049,0.13647878848329703,0.15621897798132134,0.14652257935221355,-0.9767941260360066
5.2,0.016297481954097748,Empty,0.58551,0.11701,0.11284,1.45239,0.1765,0.1465,0.74708,0.65485,0.11413,-0.00386,0.1163014655029816,0.9775719662851634,0.1755762508291418,0.9793326391386723,-0.14232161843271196,0.14370852043068544,0.16547371706570815,0.1552340415632231,-0.973920346486511
5.266,0.016297481954097748,Empty,0.58632,0.11722,0.10856,1.44894,0.1875,0.15648,0.74813,0.65233,0.12146,-0.00358,0.11943728762574746,0.9751846467777627,0.1864125505794463,0.9769238575414617,-0.14891846612323717,0.15311128963538836,0.1770720499991855,0.16382367086728455,-0.9704675646164861
5.333,0.016297481954097748,Empty,0.58616,0.11646,0.10482,1.44636,0.19101,0.15865,0.74894,0.65102,0.12347,-0.00377,0.12184838075823634,0.9742234598808786,0.18984631238010913,0.9760854178054328,-0.15230775732585872,0.15511158630470137,0.18002841235257655,0.16640612151029024,-0.9694837664807562
5.4,0.016297481954097748,Empty,0.58582,0.1159,0.10417,1.44543,0.19041,0.15746,0.74925,0.65078,0.12286,-0.00396,0.12279049666849284,0.9742207863625728,0.1892520894124948,0.976166204872603,-0.15294607719198855,0.15397089964081254,0.17894701560105347,0.16583533064661563,-0.9697817325134578
5.467,0.016297481954097748,Empty,0.58624,0.11612,0.10522,1.44599,0.19095,0.15924,0.74906,0.65085,0.12364,-0.00351,0.1222214167688086,0.9741847540624267,0.18980513753677647,0.9759226419137421,-0.152771158606881,0.1556790612061002,0.1806569187247659,0.16620781585184452,-0.9694008663430379
5.533,0.016297481954097748,Empty,0.58672,0.11626,0.10593,1.44635,0.19139,0.16062,0.74895,0.65087,0.12425,-0.00316,0.12187277499489069,0.9741465466913684,0.1902249517921515,0.9757173557646863,-0.1527277669541639,0.1570027734174232,0.1819963416517289,0.16647142328482764,-0.9691050494424795
5.6,0.016297481954097748,Empty,0.58671,0.11627,0.10592,1.44634,0.19139,0.16059,0.74895,0.65087,0.12424,-0.00317,0.1218613356690127,0.9741476920990382,0.1902264146933375,0.9757218356381328,-0.1527140874550541,0.15698823825918468,0.1819799833166183,0.1664772701328545,-0.9691071169902715
5.667,0.016297481954097748,Empty,0.58672,0.11628,0.10593,1.44638,0.19141,0.16063,0.74894,0.65088,0.12426,-0.00316,0.12184079961206967,0.9741480485013467,0.19023774376003694,0.9757205439371368,-0.15269947063387518,0.15701048311228152,0.182000658484823,0.16648859200903915,-0.9691012893614054
5.733,0.016297481954097748,Empty,0.58672,0.11626,0.10593,1.44635,0.19139,0.16062,0.74895,0.65087,0.12425,-0.00316,0.12186740451302147,0.9741472726606127,0.190224674753696,0.9757176852972111,-0.15272281189136627,0.15700554552705107,0.18199817118727346,0.16647172100955837,-0.9691046547141354
5.8,0.016297481954097748,Empty,0.58672,0.11627,0.10592,1.44634,0.19139,0.16059,0.74895,0.65087,0.12424,-0.00317,0.12186272326048164,0.9741473414203249,0.19022732160037542,0.9757211935248997,-0.1527160118528843,0.1569903571245531,0.18198249692177595,0.1664775568281297,-0.9691065957296195
5.867,0.016297481954097748,Empty,0.58672,0.11627,0.10593,1.44635,0.19139,0.16062,0.74894,0.65087,0.12425,-0.00316,0.1218537780663334,0.9741482794824526,0.1902282480399225,0.97571894754517,-0.15271053881026447,0.15700963899590564,0.1820005279451319,0.16647708826639254,-0.9691032901141328
5.933,0.016297481954097748,Empty,0.58672,0.11627,0.10593,1.44635,0.19139,0.16062,0.74894,0.65087,0.12425,-0.00316,0.12184907222822772,0.974149185853914,0.19022662089538708,0.9757203086795323,-0.15270499285265104,0.15700657434703363,0.18199638135808882,0.16647687184119309,-0.969104106025009
6.0,0.016297481954097748,Empty,0.58682,0.11625,0.10579,1.4498,0.19075,0.16658,0.74783,0.65183,0.12595,-0.00093,0.11851123946538378,0.9746845712139498,0.1895918583638476,0.9751509789673567,-0.15023827358289255,0.16281593708798148,0.1871781353133534,0.1655851677787318,-0.9682695378211098
6.066,0.016297481954097748,Empty,0.58612,0.11681,0.10432,1.45838,0.18954,0.17176,0.74504,0.65478,0.1272,0.00086,0.11016593003875846,0.9758909619340552,0.18841522834983213,0.9754529671185589,-0.14252574982625066,0.16786279985769487,0.19066981092531365,0.16529743207893166,-0.9676372161868393
6.133,0.016297481954097748,Empty,0.58644,0.11797,0.10249,1.47303,0.18748,0.17192,0.74024,0.66034,0.1265,0.00068,0.09591153630449506,0.9777844335020596,0.18638288227401104,0.9774423402933035,-0.12791342939429368,0.1680613756415828,0.1881686706273435,0.1660594959092896,-0.9679962785117983
6.2,0.016297481954097748,Empty,0.58719,0.11842,0.10097,1.48285,0.18388,0.16955,0.737,0.66434,0.12441,0.0004,0.08634298135655155,0.9793423542747303,0.18284814107365321,0.9791453203908328,-0.1172961699823516,0.16587962522324604,0.18390032932867592,0.16471236028634786,-0.9690461842666246
6.267,0.016297481954097748,Empty,0.58773,0.11894,0.09981,1.49336,0.18009,0.16539,0.73352,0.66869,0.12165,-0.00049,0.07611675858156064,0.9808770830779017,0.17912673434086743,0.9811168948584679,-0.10571409483979671,0.16196965387220122,0.17780854221975567,0.1634156603413203,-0.9704016922228111
6.333,0.016297481954097748,Empty,0.58866,0.11952,0.09937,1.50231,0.17713,0.16263,0.73053,0.67231,0.11965,-0.00103,0.06736207314500542,0.982047260983762,0.176197412852453,0.9825392607604974,-0.0959916589553233,0.15938068413462206,0.1734328462714667,0.16238466246938393,-0.9713661869907158
6.4,0.016297481954097748,Empty,0.58972,0.12015,0.09875,1.51341,0.17386,0.15633,0.7268,0.67692,0.11634,-0.00286,0.056490187524083246,0.9833034784163793,0.17298302820722827,0.9846355853575373,-0.08354248304284523,0.15334085422566307,0.1652320270441358,0.16166299162543277,-0.972914926587932
6.467,0.016297481954097748,Empty,0.59046,0.12111,0.09848,1.52239,0.17355,0.14485,0.72372,0.68085,0.11231,-0.00743,0.04765239334984639,0.9838247215286362,0.17267937548280712,0.9871616427187819,-0.072770011377778,0.14218444566419366,0.15245045277987032,0.16368702683224126,-0.9746616934578037
6.533,0.016297481954097748,Empty,0.59098,0.12157,0.09816,1.53282,0.17321,0.13548,0.72012,0.68515,0.10894,-0.01127,0.037402525900007755,0.9843264462500281,0.17234412745750746,0.9892357052126176,-0.06088670094227505,0.13306212526808986,0.14147003424327764,0.1655121048780309,-0.9760081826245359
6.6,0.016297481954097748,Empty,0.5913,0.12153,0.0982,1.5423,0.17208,0.131,0.71685,0.68886,0.10694,-0.013,0.02807367355260798,0.9848329827601627,0.17121876334380765,0.9903921976397652,-0.05060641619786249,0.12869454337261121,0.13540739901326598,0.16596079870659183,-0.9767916101119687
6.667,0.016297481954097748,Empty,0.59113,0.12201,0.09788,1.55131,0.17219,0.12141,0.71367,0.69258,0.1036,-0.01694,0.019211702139101117,0.9850254447174248,0.17133529630568717,0.9920465770422213,-0.04010182416441388,0.11931233246189751,0.12439654126916215,0.16768040123379233,-0.9779615450324947
6.733,0.016297481954097748,Empty,0.59187,0.12239,0.09792,1.56403,0.17146,0.11262,0.70917,0.69759,0.10017,-0.02046,0.006669889982652444,0.9853121809116738,0.1706324081606422,0.9935123185961534,-0.025902129853296374,0.11073550680228209,0.11352878650507367,0.16878680581178032,-0.9790925537550278
6.8,0.016297481954097748,Empty,0.59152,0.12187,0.09748,1.56733,0.16923,0.10777,0.70798,0.69911,0.09766,-0.02156,0.0034128539264678404,0.9857076099473988,0.16843057952718515,0.9941297891203761,-0.021558705224144215,0.10602445289901281,0.10814025527782496,0.16708001053640537,-0.9799948751231311
6.867,0.016297481954097748,Empty,0.59127,0.12212,0.09694,1.57238,0.16815,0.10607,0.70621,0.70103,0.09663,-0.02202,-0.0015700131195994782,0.9858961858574085,0.16735066707551013,0.9944067246247704,-0.016134199775553637,0.10437889450764577,0.10560682307426915,0.16657850494411475,-0.9803564660931979
6.933,0.016297481954097748,Empty,0.59097,0.12341,0.0956,1.58078,0.17001,0.10106,0.70318,0.70414,0.09542,-0.02485,-0.009847758850184463,0.9855339189973977,0.16919195061012526,0.9950186958120185,-0.0071277280426523815,0.09943334690886885,0.09920089026908027,0.16932834966000354,-0.9805544826123846
7.0,0.016297481954097748,Empty,0.59099,0.12457,0.0935,1.59224,0.17391,0.09714,0.69904,0.70816,0.09524,-0.02816,-0.02110814387964466,0.9846897400196316,0.17303341342650141,0.995417732805806,0.004554147715990442,0.09551333390856985,0.09326298021029172,0.17425663728722443,-0.9802737581327186
7.066,0.016297481954097748,Empty,0.59103,0.12475,0.09088,1.60065,0.17762,0.09326,0.69594,0.7111,0.09502,-0.03124,-0.02937593578977654,0.9838271093264727,0.1766954253816183,0.995702802051194,0.013270072678293499,0.09165061461066783,0.08782359810367181,0.17862845273200162,-0.9799892302932189
7.133,0.016297481954097748,Empty,0.59102,0.12399,0.08821,1.60468,0.1806,0.09021,0.69442,0.7125,0.0949,-0.03356,-0.03331148919338861,0.9831709538977512,0.1796252212232586,0.9959103317298725,0.017551160650593423,0.08862600021163292,0.08398187805362561,0.18184287770381027,-0.9797347661418283
7.2,0.016297481954097748,Empty,0.59011,0.12245,0.08601,1.59533,0.18098,0.08382,0.69762,0.70953,0.09292,-0.03548,-0.024135167566988247,0.9833701257249674,0.18000191531807394,0.9965592426508798,0.009384954105736698,0.0823504615866725,0.07929167404979046,0.18137011459470082,-0.9802130951779245
7.266,0.016297481954097748,Empty,0.5891,0.12122,0.08472,1.5794,0.18156,0.07382,0.70306,0.70438,0.08988,-0.03846,-0.00846278251500937,0.9835273324197236,0.18056125745974932,0.9973544947540386,-0.00473494470818181,0.07253683266125402,0.07219690510001082,0.18069744514506195,-0.9808853348949751
7.333,0.016297481954097748,Empty,0.58877,0.1208,0.08449,1.56313,0.18341,0.06589,0.70857,0.69891,0.08807,-0.04119,0.007540549757303561,0.9831988911484704,0.1823816891954234,0.9977089165806483,-0.019659764115641132,0.06473338744717191,0.06723137574693762,0.1814757122023103,-0.9810945459005661
7.4,0.016297481954097748,Empty,0.58886,0.12059,0.0846,1.55243,0.18463,0.06191,0.71219,0.69523,0.08734,-0.04256,0.01805369317369032,0.982838672308832,0.1835816123063581,0.9977075851681725,-0.029686046317147274,0.0608137579166877,0.06521992533485109,0.18206285416928927,-0.9811215411308879
7.466,0.016297481954097748,Empty,0.58886,0.12071,0.08461,1.55257,0.18465,0.06193,0.71214,0.69528,0.08735,-0.04257,0.017916891713322947,0.9828348193816572,0.1836156387739309,0.9977104704526325,-0.02955273543973186,0.060831348638808166,0.06521351194744889,0.18210533665726228,-0.9811140831832071
7.533,0.016297481954097748,Empty,0.58884,0.12082,0.08462,1.55275,0.18468,0.06194,0.71208,0.69534,0.08736,-0.04258,0.017748921427889086,0.9828352476737218,0.18362965914655613,0.9977150319329768,-0.02938441653931767,0.06083807294468512,0.06518965288391697,0.18213026106272845,-0.9811110422180034
7.6,0.016297481954097748,Empty,0.58883,0.12085,0.08461,1.55277,0.18468,0.06192,0.71207,0.69535,0.08735,-0.04259,0.017721994357492,0.982835872695274,0.18362891455136462,0.9977167665249655,-0.029354437170570014,0.06082409730827533,0.0651704281937792,0.18213172255737992,-0.9811120481001755
7.667,0.016297481954097748,Empty,0.58883,0.12087,0.08462,1.5528,0.18468,0.06192,0.71206,0.69536,0.08735,-0.04259,0.017687544334535288,0.9828350135162753,0.18363683449100426,0.9977175048541194,-0.02932076617709084,0.06082822682323405,0.0651684838175962,0.18214178234894654,-0.9811103097204028
7.733,0.016297481954097748,Empty,0.58883,0.12086,0.08462,1.55277,0.18468,0.06192,0.71207,0.69535,0.08735,-0.04259,0.017703680518126264,0.9828353785659377,0.18363332577520253,0.997716922627811,-0.029337210979741235,0.06082984755874971,0.06517301587469068,0.18213716449719894,-0.9811108659630253
7.8,0.016297481954097748,Empty,0.58883,0.12087,0.08462,1.55277,0.18468,0.06192,0.71207,0.69535,0.08735,-0.04259,0.017705683384610038,0.982834542841347,0.18363760555432015,0.9977170589176845,-0.029338961065407676,0.06082676802402034,0.06517038530290759,0.18214139222439965,-0.9811102558418334
7.867,0.016297481954097748,Empty,0.58883,0.12087,0.08461,1.55277,0.18468,0.06192,0.71207,0.69535,0.08735,-0.04259,0.017704383521112532,0.9828349754630168,0.18363541545885975,0.9977173498179088,-0.029336801383151312,0.06082303804426562,0.0651662848140508,0.18213940565186928,-0.9811108970102806
7.933,0.016297481954097748,Empty,0.58883,0.12086,0.08462,1.55277,0.18468,0.06192,0.71207,0.69535,0.08735,-0.04259,0.017714199527165964,0.9828347922997696,0.18363544913817823,0.997716926302567,-0.029347132744384552,0.06082500118406785,0.06517010130780918,0.18213872966711978,-0.981110769001532
8.0,0.016297481954097748,Empty,0.58883,0.12087,0.08462,1.55278,0.18469,0.06193,0.71207,0.69535,0.08736,-0.04259,0.017713286756771196,0.9828340471979187,0.18363952499620362,0.9977166911514643,-0.02934719176900763,0.060828829785283416,0.06517394932061638,0.18214274073877326,-0.9811097687446199
8.067,0.016297481954097748,Empty,0.58883,0.12087,0.08462,1.55277,0.18468,0.06192,0.71207,0.69535,0.08735,-0.04259,0.01772280443691293,0.9828335181458234,0.18364143816686362,0.9977167528508746,-0.029356005149389575,0.06082356486080365,0.06517041724278208,0.18214417523152387,-0.9811097370557635
8.133,0.016297481954097748,Empty,0.58883,0.12087,0.08462,1.55278,0.18469,0.06193,0.71207,0.69535,0.08736,-0.04259,0.017718444792643673,0.9828337590545754,0.18364056952858376,0.9977167230816724,-0.0293519728419937,0.060825999157042586,0.0651720584092578,0.18214352514688914,-0.9811097487283289
8.2,0.016297481954097748,Empty,0.58851,0.12112,0.08452,1.55383,0.18534,0.06047,0.71166,0.69576,0.08706,-0.04338,0.016677756600560867,0.9827343677609355,0.18426886567265402,0.997839233484588,-0.02807265015355187,0.0594036230565618,0.06355089734741953,0.18287998451134677,-0.9810790970719269
8.267,0.016297481954097748,Empty,0.58766,0.1214,0.08422,1.55429,0.18604,0.05545,0.71137,0.69611,0.08555,-0.04543,0.016226285600821067,0.9826115119948868,0.184963034552105,0.9981567470254096,-0.02673827494724179,0.05448094180994205,0.05847919307970309,0.18373807756686775,-0.9812341732883026
8.333,0.016297481954097748,Empty,0.58689,0.12133,0.08395,1.55517,0.18495,0.0507,0.71098,0.69667,0.08349,-0.04678,0.015374034747246745,0.9828251539959612,0.18389767733281903,0.9984472703171957,-0.024938570143332894,0.049810803199172526,0.05354145545024978,0.18284634093145327,-0.9816824986502752
8.4,0.016297481954097748,Empty,0.58624,0.12112,0.08392,1.55744,0.18273,0.0445,0.71009,0.69782,0.08049,-0.0483,0.013126104072190725,0.9832628920937103,0.1817189875147841,0.9988132037423874,-0.021417945789941162,0.04374306377024241,0.04690297881536273,0.18092914809297975,-0.9823770935585754
8.467,0.016297481954097748,Empty,0.58592,0.1206,0.08416,1.56053,0.17882,0.04074,0.70902,0.69922,0.07772,-0.04838,0.010093384338787648,0.9840026316736874,0.17786777238118984,0.9990434667429804,-0.017491997081550803,0.04007719546408771,0.04254732836215679,0.17729312140451545,-0.9832379538808939
8.533,0.016297481954097748,Empty,0.58603,0.12,0.08429,1.56359,0.17415,0.03952,0.70803,0.70053,0.07557,-0.04729,0.007082371100629925,0.9848497524660806,0.17326512946087053,0.9991443699793414,-0.014029947513452767,0.03890615004538327,0.04074761291385147,0.17284133082185238,-0.9841064507468457
8.6,0.016297481954097748,Empty,0.58679,0.11911,0.0846,1.56827,0.16553,0.04176,0.70664,0.70242,0.07321,-0.04364,0.0025007372959662266,0.9863271601532261,0.16478009423789228,0.9991075764898387,-0.009412178976949126,0.04117598192523204,0.04216392905764014,0.16453007029408925,-0.9854704759937987
8.667,0.016297481954097748,Empty,0.58788,0.11745,0.0849,1.57205,0.14877,0.04597,0.70573,0.7042,0.06872,-0.03637,-0.0012513673622424615,0.9889529864632208,0.14822423771165538,0.9989515261091759,-0.005546997742154558,0.04544314359940942,0.04576333208883203,0.14812569453516547,-0.9879091537457289
8.733,0.016297481954097748,Empty,0.58842,0.11699,0.0849,1.57867,0.13395,0.04823,0.70368,0.70695,0.0642,-0.03055,-0.007792097180761459,0.9910125314979452,0.13354192463627196,0.9988571230855382,0.0014159633122110549,0.04777491715513994,0.04715645112609274,0.13376156945076803,-0.989890959477487
8.8,0.016297481954097748,Empty,0.5888,0.1174,0.08502,1.58255,0.12249,0.05001,0.70249,0.70862,0.06076,-0.02598,-0.011672696992215403,0.9924378539240317,0.12219187470364051,0.9987529734798153,0.005639410918690191,0.04960539294993464,0.04854117952991255,0.12261852691641842,-0.9912660847354219
8.867,0.016297481954097748,Empty,0.58877,0.11777,0.08498,1.58412,0.11208,0.05104,0.70207,0.70945,0.05746,-0.02196,-0.013237051372103792,0.9936378735526017,0.11184165911160263,0.9986850826327797,0.00759773248247958,0.05069891702869961,0.049526621101490136,0.11236570074087693,-0.9924318934311216
8.933,0.016297481954097748,Empty,0.58889,0.11894,0.08494,1.58528,0.10428,0.05343,0.70176,0.71001,0.05557,-0.01838,-0.014402829915176885,0.9944633488012853,0.10409229741612616,0.9985483457680162,0.008901600552402356,0.0531221485970188,0.051901441737130585,0.10470630066303675,-0.9931479401111747
9.0,0.016297481954097748,Empty,0.58904,0.11995,0.0846,1.58587,0.09751,0.05578,0.70162,0.71034,0.05403,-0.01516,-0.014997814296128065,0.9951372860256417,0.09734910132024466,0.9984127530856349,0.009618601994381248,0.05549285514042595,0.054286646998147205,0.09802685579571602,-0.993702015445528
