time,gr,gr_state,tx,ty,tz,rx,ry,rz,qw,qx,qy,qz,xx,xy,xz,yx,yy,yz,zx,zy,zz
0.0,0.016361506655812263,Empty,0.30747,0.00132,0.4857,0.00636,0.00205,-0.00307,0.99999,0.00318,0.00102,-0.00154,0.9999776584562816,0.0063596103112534275,0.002058626965059981,0.006365907777868607,-0.9999750337412727,-0.003067101612876346,0.0020390699978036194,0.0030801381185001776,-0.9999931774480838
0.067,0.016361506655812263,Empty,0.30747,0.00132,0.4857,0.00636,0.00205,-0.00307,0.99999,0.00318,0.00102,-0.00154,0.9999776409740112,0.006363386869900289,0.002055446325236335,0.006369669578288495,-0.9999750172429908,-0.003064669532491268,0.0020358932966566446,0.003077693523393207,-0.9999931914473521
0.133,0.016361506655812263,Empty,0.30747,0.00132,0.4857,0.00636,0.00205,-0.00307,0.99999,0.00318,0.00102,-0.00154,0.9999777014047224,0.006354241157304208,0.0020543399529436516,0.006360519718609403,-0.9999750766378241,-0.0030642930810845636,0.002034817494671083,0.003077291421432763,-0.9999931948744806
0.2,0.016361506655812263,Empty,0.30747,0.00132,0.48569,0.00636,0.00205,-0.00307,0.99999,0.00318,0.00102,-0.00154,0.9999777068421627,0.006354403032232336,0.0020511900919774496,0.006360676016944733,-0.9999750694321128,-0.0030663194302557235,0.002031654325158307,0.0030792980279369213,-0.999993195129026
0.267,0.016361178830266,Empty,0.30747,0.00132,0.48569,0.00636,0.00205,-0.00307,0.99999,0.00318,0.00102,-0.00154,0.999977748508648,0.006349321937937358,0.0020466065826265346,0.00635558381761947,-0.9999750972773809,-0.0030677971624912944,0.002027077184725376,0.003080736279106838,-0.9999931999879129
0.333,0.016361178830266,Empty,0.30747,0.00132,0.4857,0.00636,0.00205,-0.00307,0.99999,0.00318,0.00102,-0.00154,0.99997770134224,0.0063533425664919485,0.002057147666671166,0.006359633185718194,-0.9999750771386816,-0.0030659692156004815,0.0020376172439401596,0.0030789835531711256,-0.999993183964894
0.4,0.016361506655812263,Empty,0.30747,0.00132,0.48569,0.00636,0.00205,-0.00307,0.99999,0.00318,0.00102,-0.00154,0.9999777115772903,0.006354594120292489,0.002048287629191607,0.006360868812092191,-0.9999750521021454,-0.0030715665818504645,0.0020287179697799722,0.0030845270103748265,-0.9999931849750383
0.467,0.016361506655812263,Empty,0.30747,0.00132,0.48569,0.00636,0.00205,-0.00307,0.99999,0.00318,0.00102,-0.00154,0.9999777165137155,0.006355877948660771,0.0020418843055945383,0.006362124197019148,-0.9999750573036892,-0.003067270152051326,0.0020223381807722516,0.003080192524127096,-0.9999932112581051
0.533,0.016361506655812263,Empty,0.30747,0.00132,0.4857,0.00636,0.00205,-0.00305,0.99999,0.00318,0.00102,-0.00153,0.9999776964586565,0.0063541837454461625,0.0020569234716011926,0.006360459582300415,-0.9999750930620259,-0.003059053692636983,0.00203743445068568,0.0030720684435114817,-0.9999932056050868
0.6,0.016361506655812263,Empty,0.30747,0.00132,0.48569,0.00636,0.00205,-0.00307,0.99999,0.00318,0.00102,-0.00154,0.9999777525384572,0.006350842804780599,0.0020399077930427587,0.006357090768852491,-0.9999750774803327,-0.0030711260409021536,0.002020352714681157,0.0030840255951441295,-0.999993203457422
0.667,0.016361506655812263,Empty,0.30747,0.00132,0.48569,0.00636,0.00205,-0.00307,0.99999,0.00318,0.00102,-0.00154,0.9999777009105082,0.006356735286122406,0.002046850809436496,0.006362995692187456,-0.9999750534801823,-0.0030667088429431073,0.0020273054913180375,0.003079664561011167,-0.9999932028262174
0.733,0.016361506655812263,Empty,0.30747,0.00132,0.4857,0.00636,0.00205,-0.00307,0.99999,0.00318,0.00102,-0.00154,0.9999777137958352,0.006352242034278144,0.0020544908840791866,0.006358532724444865,-0.9999750717010761,-0.003070022478719268,0.002034938143280726,0.0030830176070900097,-0.9999931769913168
0.8,0.016361506655812263,Empty,0.30747,0.00132,0.48569,0.00636,0.00205,-0.00307,0.99999,0.00318,0.00102,-0.00154,0.9999777396666036,0.006351612782692029,0.002043816608498073,0.006357872518788166,-0.9999750729364278,-0.0030709872713735446,0.002024259940143124,0.00308391323562164,-0.9999931959022771
0.867,0.016361506655812263,Empty,0.30747,0.00132,0.48569,0.00636,0.00205,-0.00307,0.99999,0.00318,0.00102,-0.00154,0.9999776541315697,0.006361512612584275,0.002054846661613028,0.006367792776153514,-0.9999750302563789,-0.0030643235654800615,0.0020353016196078613,0.0030773399282367606,-0.9999931937399792
0.933,0.016361506655812263,Empty,0.30747,0.00132,0.48569,0.00636,0.00205,-0.00307,0.99999,0.00318,0.00102,-0.00154,0.9999777088085962,0.006354914643487253,0.0020486448653623075,0.006361175278688402,-0.9999750730702175,-0.003064096487800486,0.0020291217272962875,0.0030770599745115514,-0.9999932071603933
1.0,0.016361506655812263,Empty,0.30747,0.00132,0.48569,0.00636,0.00205,-0.00307,0.99999,0.00318,0.00102,-0.00154,0.9999777364391713,0.006349061284419921,0.002053301438613862,0.006355337515065063,-0.9999751083035879,-0.0030647117804899157,0.0020337922855442818,0.0030776929727553293,-0.9999931957243031
1.067,0.016361506655812263,Empty,0.30747,0.00132,0.48569,0.00636,0.00205,-0.00307,0.99999,0.00318,0.00102,-0.00154,0.9999777205918075,0.0063535247178953536,0.0020472038666933252,0.0063597939255548575,-0.9999750621864071,-0.0030705091622600625,0.002027644258045864,0.0030834605478488476,-0.9999931904417213
1.133,0.016361506655812263,Empty,0.30747,0.00132,0.4857,0.00636,0.00205,-0.00307,0.99999,0.00318,0.00102,-0.00154,0.9999776935773416,0.006355236478218063,0.002055071056178484,0.006361522902768757,-0.9999750617980727,-0.00306705205336972,0.00203552796531138,0.003080057020000999,-0.9999931849141055
1.2,0.016361506655812263,Empty,0.30747,0.00132,0.48569,0.00636,0.00205,-0.00307,0.99999,0.00318,0.00102,-0.00154,0.999977759413502,0.006347666211157732,0.0020464144311321125,0.006353934889997859,-0.9999750965690842,-0.0030714415286430697,0.0020268669827807452,0.003084376002035442,-0.9999931891942625
1.267,0.016361506655812263,Empty,0.30747,0.00132,0.48569,0.00636,0.00205,-0.00307,0.99999,0.00318,0.00102,-0.00154,0.9999777543595454,0.006348777803680206,0.0020454355135632496,0.006355041895623914,-0.9999750919062466,-0.003070669242740495,0.0020258895689328196,0.003083599762120059,-0.9999931935688171
1.333,0.016361834481358528,Empty,0.30747,0.00132,0.48569,0.00636,0.00205,-0.00307,0.99999,0.00318,0.00102,-0.00154,0.9999777498416399,0.006347699478184976,0.002050983419065033,0.006353978653462822,-0.999975101726631,-0.003069671331770621,0.002031447002008187,0.003082634935960721,-0.9999931852692445
1.4,0.016361834481358528,Empty,0.30747,0.00132,0.4857,0.00634,0.00205,-0.00307,0.99999,0.00317,0.00102,-0.00154,0.9999777550652029,0.0063466307287370904,0.0020517439288899497,0.006352905990721636,-0.9999751179938308,-0.0030665907286661423,0.0020322303584338363,0.003079557048852607,-0.9999931931609102
1.467,0.016361178830266,Empty,0.30747,0.00132,0.4857,0.00636,0.00205,-0.00307,0.99999,0.00318,0.00102,-0.00154,0.9999776911383256,0.006355363262394775,0.0020558656246773754,0.006361652655614891,-0.9999750601868395,-0.0030673082362829996,0.0020363204936934103,0.0030803185111386595,-0.9999931824951193
1.533,0.016361178830266,Empty,0.30747,0.00132,0.48569,0.00636,0.00205,-0.00307,0.99999,0.00318,0.00102,-0.00154,0.9999777122661127,0.006353207678639394,0.002052248333793979,0.006359490009436253,-0.9999750677926875,-0.0030693125988262536,0.00203269718634196,0.0030822954435794797,-0.9999931837752433
1.6,0.016361178830266,Empty,0.30747,0.00131,0.48569,0.00636,0.00205,-0.00307,0.99999,0.00318,0.00102,-0.00154,0.9999777441324418,0.006350764870261649,0.002044266459023243,0.00635701887976059,-0.9999750891509445,-0.0030674726604877746,0.0020247347369972755,0.0030803998316977768,-0.9999932057699802
1.667,0.016361506655812263,Empty,0.30747,0.00131,0.48569,0.00634,0.00205,-0.00307,0.99999,0.00317,0.00102,-0.00154,0.9999777674120529,0.006345275249712956,0.0020499179523934784,0.0063515549018337,-0.9999751114458588,-0.003071520661093606,0.002030377288869485,0.003084472539659259,-0.9999931817753643
1.733,0.016361506655812263,Empty,0.30747,0.00132,0.48569,0.00636,0.00205,-0.00307,0.99999,0.00318,0.00102,-0.00154,0.9999777296368699,0.00635068315574161,0.0020515978521000794,0.006356962656663245,-0.9999750851185523,-0.0030689033751739453,0.002032057103811379,0.003081876960513659,-0.9999931863659508
1.8,0.016361506655812263,Empty,0.30747,0.00132,0.48569,0.00636,0.00205,-0.00307,0.99999,0.00318,0.00102,-0.00154,0.9999777562797855,0.006347843698938538,0.002047394934958702,0.006354112082449348,-0.9999751004691471,-0.0030698047759720242,0.00202785731488124,0.0030827458689872424,-0.9999931922131359
1.867,0.016361506655812263,Empty,0.30747,0.00131,0.48569,0.00636,0.00205,-0.00307,0.99999,0.00318,0.00102,-0.00154,0.9999777177494409,0.006352873946172399,0.0020506089932902875,0.006359142796265649,-0.9999750827295861,-0.0030651627778258755,0.002031085304959502,0.003078134594508495,-0.9999931998668302
1.933,0.016361506655812263,Empty,0.30747,0.00131,0.48569,0.00636,0.00205,-0.00307,0.99999,0.00318,0.00102,-0.00154,0.9999777497168635,0.006346950153126141,0.002053361865697547,0.006353232709917889,-0.9999751124297656,-0.0030677280210808676,0.002033840045676775,0.0030807052490342615,-0.9999931863517056
2.0,0.016361506655812263,Empty,0.30747,0.00132,0.48569,0.00636,0.00205,-0.00307,0.99999,0.00318,0.00102,-0.00154,0.9999776892261341,0.0063571296452523685,0.00205132947983865,0.006363404081584978,-0.9999750505216307,-0.003066826169835803,0.0020317820886769236,0.0030798111849553228,-0.9999931932891389
2.067,0.016361506655812263,Empty,0.30747,0.00131,0.48569,0.00636,0.00205,-0.00307,0.99999,0.00318,0.00102,-0.00154,0.9999777418759612,0.006348937440825708,0.0020510353546191453,0.006355214419747401,-0.9999750974287718,-0.0030685129944768145,0.002031502481526771,0.003081479464595055,-0.9999931887177916
2.133,0.016361506655812263,Empty,0.30747,0.00132,0.48569,0.00636,0.00205,-0.00307,0.99999,0.00318,0.00102,-0.00154,0.9999776982325133,0.006356535000461461,0.0020487802206381202,0.006362801212301983,-0.9999750549243052,-0.0030666414634744985,0.002029235899863965,0.0030796090532212305,-0.9999931990817448
2.2,0.016361506655812263,Empty,0.30747,0.00132,0.4857,0.00636,0.00205,-0.00307,0.99999,0.00318,0.00102,-0.00154,0.9999776989081492,0.0063542956780433535,0.0020553862895428487,0.006360588242290355,-0.9999750599571293,-0.0030695897035385227,0.002035829947534049,0.00308259471420323,-0.9999931764798463
2.267,0.016361506655812263,Empty,0.30747,0.00132,0.48569,0.00636,0.00205,-0.00305,0.99999,0.00318,0.00102,-0.00153,0.9999777139313841,0.006352762687293678,0.0020528143612617606,0.006359031496539325,-0.9999750937274083,-0.0030618039269948885,0.0020333123195644537,0.0030747896026022963,-0.9999932056318739
2.333,0.016361506655812263,Empty,0.30747,0.00131,0.4857,0.00636,0.00205,-0.00307,0.99999,0.00318,0.00102,-0.00154,0.99997773891746,0.006347793383244316,0.002056012813139969,0.00635408409926963,-0.9999751070283152,-0.003067725373838688,0.0020364883460415066,0.0030807211612747984,-0.9999931809129216
2.4,0.016361506655812263,Empty,0.30747,0.00131,0.48569,0.00636,0.00205,-0.00307,0.99999,0.00318,0.00102,-0.00154,0.9999777207624352,0.00635336753779403,0.0020476082863930016,0.006359632440138208,-0.9999750716167837,-0.0030677712161409016,0.0020280665647709286,0.003080724904620023,-0.9999931980169019
2.466,0.016361506655812263,Empty,0.30747,0.00131,0.4857,0.00634,0.00205,-0.00307,0.99999,0.00317,0.00102,-0.00154,0.9999777644045621,0.006343874893369683,0.0020557110184845147,0.006350170679269518,-0.9999751228594886,-0.0030706667833930905,0.0020361799523594885,0.003083652621123401,-0.9999931725055496
2.533,0.016361506655812263,Empty,0.30747,0.00132,0.4857,0.00636,0.00205,-0.00307,0.99999,0.00318,0.00102,-0.00154,0.9999777351074655,0.006348399495090584,0.002055994453942788,0.006354695608422778,-0.9999750949205992,-0.0030704042507427158,0.002036451096442457,0.003083401107449446,-0.9999931727289653
2.6,0.016361506655812263,Empty,0.30747,0.00132,0.48569,0.00636,0.00205,-0.00307,0.99999,0.00318,0.00102,-0.00154,0.9999777094579949,0.006354296545827975,0.0020502445097604354,0.0063605637100349055,-0.9999750745381046,-0.00306488691514549,0.0020307182061307175,0.0030778593079804485,-0.9999932014597139
2.667,0.016361506655812263,Empty,0.30747,0.00131,0.48569,0.00634,0.00205,-0.00307,0.99999,0.00317,0.00102,-0.00154,0.9999777790254047,0.006343707156564571,0.0020491058856914345,0.006349977635791981,-0.9999751315553724,-0.003068233179030843,0.002029590954839298,0.0030811767764468284,-0.9999931935319503
2.733,0.016361506655812263,Empty,0.30747,0.00132,0.48569,0.00636,0.00205,-0.00307,0.99999,0.00318,0.00102,-0.00154,0.9999776843446309,0.006358648617641349,0.0020489998798536883,0.006364913180523013,-0.9999750449885529,-0.003065498384616843,0.0020294563199725045,0.0030784716823535284,-0.9999932021364678
2.8,0.016361506655812263,Empty,0.30747,0.00132,0.4857,0.00636,0.00205,-0.00307,0.99999,0.00318,0.00102,-0.00154,0.9999776925902709,0.006354819632228781,0.0020568396339830574,0.006361108007172878,-0.9999750697021786,-0.0030653350622611604,0.0020373087049251355,0.003078350461641169,-0.9999931865426266
2.867,0.016361506655812263,Empty,0.30747,0.00132,0.48569,0.00636,0.00205,-0.00307,0.99999,0.00318,0.00102,-0.00154,0.9999777462421335,0.006351138373296594,0.002042072933603245,0.0063573873098568545,-0.9999750842527562,-0.003068305767982447,0.002022534819325995,0.0030812197352027186,-0.9999932076958563
2.933,0.016361178830266,Empty,0.30747,0.00131,0.4857,0.00636,0.00205,-0.00307,0.99999,0.00318,0.00102,-0.00154,0.999977722949986,0.006349372490302652,0.00205890085736624,0.006355672181674599,-0.9999750968123857,-0.003067765665554503,0.0020393711972483434,0.0030807830236893293,-0.9999931748472491
3.0,0.016361178830266,Empty,0.30747,0.00132,0.4857,0.00636,0.00205,-0.00307,0.99999,0.00318,0.00102,-0.00154,0.999977705957412,0.006353262262800696,0.002055151277064754,0.006359542230821469,-0.9999750844993552,-0.003063756374354169,0.0020356352241861354,0.003076757892176301,-0.9999931948518986
3.067,0.016361178830266,Empty,0.30747,0.00131,0.48569,0.00636,0.00205,-0.00307,0.99999,0.00318,0.00102,-0.00154,0.9999777216731678,0.006352232434755634,0.002050682919350473,0.006358506830777655,-0.9999750787468332,-0.003067780329135793,0.0020311445600527667,0.0030807512654734194,-0.999993191688532
3.133,0.016361506655812263,Empty,0.30747,0.00131,0.48569,0.00634,0.00205,-0.00307,0.99999,0.00317,0.00102,-0.00154,0.9999777963299793,0.006341328644517474,0.0020480229638519067,0.00634760580995769,-0.9999751314507819,-0.003073171077741678,0.0020284840447071916,0.0030861028845294244,-0.9999931805874811
3.2,0.016361506655812263,Empty,0.30747,0.00132,0.4857,0.00636,0.00205,-0.00307,0.99999,0.00318,0.00102,-0.00154,0.9999777152592696,0.006353209929820747,0.002050782396741026,0.006359483619937045,-0.9999750740602661,-0.0030672832039726652,0.002031244184953483,0.003080256767421848,-0.9999931930094865
3.267,0.016361506655812263,Empty,0.30747,0.00131,0.48569,0.00634,0.00205,-0.00307,0.99999,0.00317,0.00102,-0.00154,0.9999778032160803,0.006340663259343737,0.00204672044336607,0.006346924312523872,-0.9999751540936391,-0.003067205107824969,0.0020272214760056477,0.003080127405478893,-0.9999932015710172
3.333,0.016361506655812263,Empty,0.30747,0.00132,0.4857,0.00636,0.00205,-0.00307,0.99999,0.00318,0.00102,-0.00154,0.9999777388722249,0.0063492664751004235,0.002051481226001703,0.006355544850278727,-0.9999750952937075,-0.0030685244005340022,0.0020319472553598566,0.003081494372661601,-0.999993187768188
3.4,0.016361506655812263,Empty,0.30747,0.00131,0.48569,0.00636,0.00205,-0.00307,0.99999,0.00318,0.00102,-0.00154,0.9999777393217187,0.006349519989704788,0.0020504772432874425,0.0063557882927235965,-0.9999751042831961,-0.0030650887409098236,0.002030964352956044,0.00307805290921284,-0.999993200363925
3.467,0.016361506655812263,Empty,0.30747,0.00131,0.48569,0.00634,0.00205,-0.00307,0.99999,0.00317,0.00102,-0.00154,0.9999777691054207,0.006345184230412471,0.002049373569705415,0.006351454828545988,-0.9999751232349301,-0.003067887358978102,0.0020298562774295585,0.0030808356607524437,-0.9999931940444018
3.533,0.016361506655812263,Empty,0.30747,0.00131,0.4857,0.00636,0.00205,-0.00307,0.99999,0.00318,0.00102,-0.00154,0.9999777463370148,0.0063478807280568095,0.002052130845514936,0.006354156231712316,-0.9999751114781898,-0.0030661250406635236,0.0020326163749562146,0.0030790963681505156,-0.9999931937949517
3.6,0.016361506655812263,Empty,0.30747,0.00131,0.48569,0.00636,0.00205,-0.00307,0.99999,0.00318,0.00102,-0.00154,0.999977753686736,0.0063479696308965106,0.0020482707816535323,0.006354239761285019,-0.9999751010995124,-0.0030693351195609565,0.0020287357358371246,0.0030822820418130344,-0.9999931918611892
3.667,0.016361506655812263,Empty,0.30747,0.00132,0.48569,0.00636,0.00205,-0.00305,0.99999,0.00318,0.00102,-0.00153,0.9999777387487707,0.006350215896561984,0.0020486007326766934,0.006356474067822693,-0.9999751064989184,-0.003062943013119819,0.0020290993864199133,0.003075896705608487,-0.9999932107845215
3.733,0.016361506655812263,Empty,0.30747,0.00131,0.48569,0.00636,0.00205,-0.00307,0.99999,0.00318,0.00102,-0.00154,0.9999777304774714,0.006350474140919771,0.002051835108390597,0.006356749323559507,-0.9999750940976265,-0.003066418510264606,0.0020323107941309835,0.003079393224025825,-0.9999931935019399
3.8,0.016361506655812263,Empty,0.30747,0.00131,0.48569,0.00636,0.00205,-0.00307,0.99999,0.00318,0.00102,-0.00154,0.9999777512716461,0.006349644410636568,0.0020442547689524682,0.0063558982402473485,-0.9999750964969052,-0.0030674001312237823,0.0020247269597492333,0.0030803249607601127,-0.9999932060163583
3.867,0.016361506655812263,Empty,0.30747,0.00131,0.48569,0.00634,0.00205,-0.00307,0.99999,0.00317,0.00102,-0.00154,0.9999777864812474,0.006342987545774448,0.002047694571656985,0.006349267520901203,-0.9999751150996028,-0.0030750582894743207,0.002028138558548842,0.003087991342245889,-0.9999931754584416
3.933,0.016361506655812263,Empty,0.30747,0.00131,0.48569,0.00636,0.00205,-0.00307,0.99999,0.00318,0.00102,-0.00154,0.9999777335322915,0.00635186305477653,0.0020460389427077686,0.006358126027176281,-0.9999750768037101,-0.0030692026385998467,0.0020264927940296922,0.0030821432717526493,-0.9999931968367627
4.0,0.016361506655812263,Empty,0.30747,0.00131,0.48569,0.00634,0.00205,-0.00307,0.99999,0.00317,0.00102,-0.00154,0.9999777844809954,0.006344679959646549,0.0020434237666051695,0.0063509361513707785,-0.9999751205812907,-0.003069825472932007,0.0020238958672517456,0.0030827349290377744,-0.9999932002723199
4.066,0.016361506655812263,Empty,0.30747,0.00132,0.4857,0.00636,0.00205,-0.00307,0.99999,0.00318,0.00102,-0.00154,0.999977700072608,0.00635474176805173,0.002053439689727229,0.006361017346742104,-0.9999750737902178,-0.0030641893810520017,0.0020339163730138683,0.0030771830153381308,-0.9999931970412989
4.133,0.016361506655812263,Empty,0.30747,0.00131,0.4857,0.00636,0.00205,-0.00307,0.99999,0.00318,0.00102,-0.00154,0.9999777300967231,0.006348351889668813,0.0020585769090284605,0.0063546491227209345,-0.9999751055150988,-0.003067048189109765,0.0020390549606495115,0.0030800614201922593,-0.999993177714986
4.2,0.016361506655812263,Empty,0.30747,0.00133,0.48569,0.00638,0.00203,-0.00307,0.99999,0.00319,0.00101,-0.00154,0.9999776269180489,0.006371418129817397,0.0020373252960704186,0.006377679481733511,-0.9999749137392911,-0.0030817359597727044,0.00201763915883146,0.0030946604195798903,-0.999993176081273
4.267,0.016361506655812263,Empty,0.30746,0.00114,0.48571,0.00674,0.00211,-0.00363,0.99999,0.00337,0.00105,-0.00182,0.9999751404335242,0.006730362079716112,0.002102555880279164,0.006737981391671977,-0.9999706817953705,-0.003638015457247593,0.0020780090758365927,0.0036520920001567657,-0.9999911720121848
4.333,0.016361506655812263,Empty,0.30733,5e-05,0.4857,0.00821,0.00171,-0.00615,0.99999,0.00411,0.00084,-0.00308,0.9999648913422946,0.008205496973022697,0.0016987943426554058,0.008215805500284667,-0.9999473204019458,-0.006152801065336427,0.0016482180603350166,0.006166542012654136,-0.999979628360914
4.4,0.016361506655812263,Empty,0.30741,-0.00121,0.48586,0.01044,0.00137,-0.00571,0.99998,0.00522,0.00067,-0.00286,0.9999445267565958,0.01044284802085671,0.0013748944472576096,0.01045055025952396,-0.9999290346214365,-0.00571941608166112,0.0013150698844437312,0.005733467210623296,-0.9999826988228064
4.467,0.016361506655812263,Empty,0.30807,-0.00206,0.48683,0.01206,0.00082,-0.00634,0.99998,0.00603,0.00039,-0.00317,0.9999269282459096,0.01206155978588036,0.000810520962660973,0.012066457583552903,-0.9999071161620326,-0.006337164185261476,0.0007340095936697614,0.006346481234375029,-0.9999795914946754
4.533,0.016361506655812263,Empty,0.30962,-0.00258,0.48707,0.01206,-0.00072,-0.00412,0.99998,0.00603,-0.00037,-0.00206,0.9999270244103808,0.012059224097645926,-0.0007217811055419904,0.012056149203944544,-0.9999188225840677,-0.004122803471430448,-0.0007714403241895631,0.004113800706715236,-0.9999912407234233
4.6,0.016361506655812263,Empty,0.31245,-0.00281,0.48736,0.01185,-0.00353,-0.00462,0.99998,0.00592,-0.00178,-0.0023,0.9999236408775575,0.011841827053263365,-0.0035332062223684827,0.011825469281885936,-0.9999194256565951,-0.0046152433140281245,-0.0035875744497304825,0.004573109076449623,-0.9999831078487988
4.667,0.016361506655812263,Empty,0.31603,-0.00345,0.48588,0.01176,-0.00702,-0.00598,0.99997,0.00587,-0.00353,-0.00297,0.9999061263913016,0.011757979760349646,-0.007034793323026297,0.011715980466478149,-0.9999134723430076,-0.0059819418802185675,-0.007104520170397827,0.0058989608325889595,-0.9999573631181701
4.733,0.016361506655812263,Empty,0.32008,-0.00452,0.48361,0.01137,-0.0119,-0.00797,0.99996,0.00566,-0.00597,-0.00395,0.9998648023496582,0.011361761141864213,-0.011886437903537394,0.01126758326426569,-0.9999048328327804,-0.007960329454994988,-0.011975750066791854,0.007825321808363093,-0.9998976676385106
4.8,0.016361506655812263,Empty,0.3259,-0.00484,0.48033,0.01125,-0.01275,-0.00853,0.99995,0.0056,-0.0064,-0.00423,0.9998554008696738,0.011246797702654687,-0.012754877231046256,0.011138602107482798,-0.9999016466859088,-0.008522235498906624,-0.01284947060523051,0.008378931688658633,-0.9998823353819797
4.867,0.016361506655812263,Empty,0.33236,-0.00509,0.47621,0.01303,-0.01464,-0.00896,0.99994,0.00648,-0.00735,-0.00443,0.9998077811769764,0.013029809742409637,-0.014650076997999941,0.01289938830378895,-0.9998766368315657,-0.008961969637593381,-0.014765042477378629,0.008771269946460068,-0.9998525182966573
4.933,0.016361506655812263,Empty,0.33877,-0.00513,0.4715,0.01448,-0.01731,-0.00969,0.99992,0.0072,-0.00869,-0.00478,0.9997452239094066,0.014474554833521613,-0.01731977288251329,0.014308468571261002,-0.9998508179284792,-0.009675206193978783,-0.01745723338549663,0.009424921756818177,-0.9998031885588293
5.0,0.016361506655812263,Empty,0.34903,-0.00459,0.46727,0.01611,-0.01235,-0.0088,0.99994,0.00803,-0.00621,-0.00435,0.9997938470161616,0.016109755102446777,-0.012358772558908812,0.01600156805188263,-0.9998332113041677,-0.00880337395982093,-0.012498531453919515,0.008603799377872149,-0.9998848740468878
5.067,0.016361506655812263,Empty,0.35906,-0.00319,0.46238,0.01959,-0.00905,-0.00697,0.99994,0.00978,-0.00456,-0.00344,0.9997669764917183,0.01959361784410274,-0.00905995896167066,0.01953087339221582,-0.9997850087319606,-0.0069628513822044946,-0.009194438598693247,0.006784279962728708,-0.9999347157911069
5.133,0.016361506655812263,Empty,0.36963,-0.00164,0.45662,0.02302,-0.00826,-0.0054,0.99992,0.0115,-0.00416,-0.00265,0.9997008413516408,0.02302469787760425,-0.008251732452410808,0.022980646694474083,-0.9997213581387423,-0.005394066993682122,-0.008373629937182771,0.005202823163784956,-0.999951405295678
5.2,0.016361506655812263,Empty,0.38058,0.00036,0.45087,0.02585,-0.00467,-0.00372,0.99991,0.01292,-0.00236,-0.00183,0.9996550392061705,0.02584570762130345,-0.004669259819704503,0.025828421894656062,-0.9996594498985205,-0.0037251645626748954,-0.004763949216927159,0.0036032799143911154,-0.999982160421733
5.267,0.016361506655812263,Empty,0.3919,0.00297,0.44506,0.02938,-0.00055,-0.00175,0.99989,0.01469,-0.00029,-0.00087,0.9995684306535777,0.02937095806857737,-0.0005470492455524103,0.029369965005081766,-0.9995670905840677,-0.0017425776603239122,-0.0005979935981757056,0.0017257588000240264,-0.9999983320787194
5.333,0.016361506655812263,Empty,0.40428,0.0065,0.43881,0.03282,0.00455,0.00057,0.99986,0.01641,0.00228,0.00025,0.999450981715944,0.03281920327541149,0.0045425811387979085,0.032816930036025094,-0.9994612146199445,0.0005740848678545745,0.00455897467046798,-0.00042469611735062413,-0.9999895176366409
5.4,0.016361506655812263,Empty,0.41467,0.0103,0.4328,0.03465,0.00582,0.00338,0.99984,0.01732,0.00294,0.00164,0.9993827024858033,0.034643883593588276,0.00583226385946829,0.034624577257332256,-0.9993946761298804,0.003379345055238879,0.005945807087653468,-0.0031753193233493627,-0.9999772821045843
5.466,0.016361506655812263,Empty,0.42544,0.01409,0.42722,0.03449,0.0086,0.00579,0.99984,0.01723,0.00435,0.00282,0.9993683311326712,0.03448005402022114,0.008606079471034565,0.0344309469407168,-0.9993903040135085,0.005790521267778622,0.008800489865039758,-0.005490548110133379,-0.9999462011826364
5.533,0.016361506655812263,Empty,0.43581,0.01823,0.42174,0.03358,0.01357,0.00801,0.99983,0.01676,0.00685,0.00389,0.9993446926903617,0.03356134146596945,0.013558080638900974,0.033454728035038794,-0.9994080933105093,0.008015247816139994,0.013819057989165951,-0.00755641346520597,-0.9998759594328864
5.6,0.016361506655812263,Empty,0.44697,0.0231,0.41696,0.03363,0.02268,0.00974,0.99978,0.01676,0.01142,0.00468,0.9991774302950888,0.03361807327743205,0.022677917409147486,0.03340439599538125,-0.9993944921984887,0.009736287357541862,0.022991500975070255,-0.00897073644903752,-0.9996954119983122
5.667,0.016361506655812263,Empty,0.45722,0.02752,0.41058,0.03585,0.03076,0.00951,0.99971,0.01785,0.01546,0.00448,0.9988849357642715,0.0358248656540443,0.0307484000246577,0.03554762074968454,-0.9993226719179054,0.009516514587542813,0.031068501126435034,-0.008412870599741338,-0.9994818516841757
5.733,0.016361506655812263,Empty,0.46709,0.03142,0.4036,0.03591,0.0375,0.0095,0.99965,0.01786,0.01883,0.00441,0.9986531349234596,0.03586623866961691,0.03749038585078866,0.03553418548489856,-0.9993234364860433,0.009486356078597111,0.037805261134817955,-0.00814138891216887,-0.9992519602268033
5.8,0.016361506655812263,Empty,0.47793,0.03519,0.39693,0.03302,0.04756,0.00779,0.99957,0.01641,0.02384,0.0035,0.9983240981021932,0.0329811899368157,0.04755245796795453,0.03264701869066877,-0.999436606717315,0.007787253944111398,0.04778250013397719,-0.00622175728638071,-0.9988383865356877
5.867,0.016361506655812263,Empty,0.48877,0.03967,0.38959,0.03128,0.05763,0.00566,0.99946,0.01555,0.02885,0.00238,0.9978523385248721,0.031214266071871555,0.057588020403888,0.030939264360144325,-0.9995052351752296,0.005660987384052248,0.05773623144349942,-0.0038670985122830513,-0.9983243827172604
5.933,0.016361506655812263,Empty,0.49744,0.04264,0.38201,0.03114,0.06018,0.00472,0.99942,0.01549,0.03012,0.00189,0.997705647685782,0.031072416738446573,0.06014935987960773,0.03084436795641521,-0.9995130718634375,0.0047163693116552136,0.0602666204566304,-0.002850279310340841,-0.9981782457890923
6.0,0.016361834481358528,Empty,0.50666,0.04502,0.3758,0.02641,0.0676,0.00325,0.99934,0.01314,0.03381,0.00118,0.9973691185828388,0.02633411243943773,0.06753781029407199,0.02617439344691047,-0.9996521125765108,0.0032488381007686196,0.06759987000710381,-0.0014725295738021273,-0.9977114258299726
6.066,0.016361834481358528,Empty,0.51618,0.04642,0.36942,0.01779,0.07539,0.00141,0.99925,0.00886,0.03769,0.00037,0.9970015545654154,0.01772589606399788,0.0753239191948563,0.017670480898488217,-0.9998428817222855,0.001402131980850048,0.07533693847616214,-6.691788928138965e-05,-0.9971581325060912
6.133,0.016361834481358528,Empty,0.52519,0.04728,0.36324,0.00813,0.08145,-0.00087,0.99916,0.00408,0.04071,-0.0006,0.9966513660487464,0.008101797556788137,0.08136593531396523,0.00819878565822002,-0.999966021332544,-0.0008579592606319311,0.08135621959566525,0.0015221881326427616,-0.9966839260650245
6.2,0.016361506655812263,Empty,0.53271,0.04712,0.3565,-0.00935,0.08441,0.00149,0.9991,-0.0047,0.04219,0.00094,0.9963955288021042,-0.009308154889076992,0.0843167150435558,-0.009466421397406055,-0.9999541009754151,0.0014774330359122803,0.08429909281304272,-0.002270285226534809,-0.9964379101358439
6.267,0.016361506655812263,Empty,0.53934,0.04727,0.34995,-0.03077,0.08964,0.00627,0.99887,-0.01551,0.04475,0.00382,0.9955127504637675,-0.030648847258514578,0.08952659842632386,-0.031332135902274516,-0.9994895710494471,0.006236555394926728,0.08928975822492412,-0.009013629963385093,-0.9959649057828383
6.333,0.016361506655812263,Empty,0.54402,0.04744,0.34353,-0.05602,0.09184,0.00834,0.99854,-0.02817,0.04577,0.00545,0.9942221043952717,-0.055767337537453165,0.09171919753149668,-0.05676442524999237,-0.9983531277686427,0.008296523404799909,0.0911054727108968,-0.013454974490950726,-0.995750348482777
6.4,0.016361506655812263,Empty,0.54743,0.04721,0.33933,-0.08501,0.08836,0.01864,0.99806,-0.04286,0.04373,0.01118,0.9925016685306411,-0.08458100664415819,0.08824109744871854,-0.08653662602685175,-0.996075576101044,0.018570381010147775,0.08632410045741674,-0.026067220987940145,-0.9959260262038458
6.467,0.016361506655812263,Empty,0.55054,0.04706,0.33678,-0.11146,0.08905,0.0293,0.99731,-0.05629,0.04362,0.01709,0.9898574382326675,-0.11078720813616477,0.08892944669148992,-0.11376902614838269,-0.9930787016947362,0.029177061701708605,0.08508149425526723,-0.03899854809721508,-0.9956104924023251
6.533,0.016361506655812263,Empty,0.55257,0.047,0.33474,-0.13862,0.08947,0.03571,0.99639,-0.06997,0.04337,0.02089,0.9864479481022065,-0.13761716209227082,0.08934182885197733,-0.14124160391945928,-0.9893359317361519,0.035569980292642106,0.08349404174673145,-0.04770671727786382,-0.9953656685456682
6.6,0.016361506655812263,Empty,0.55522,0.04587,0.3341,-0.16622,0.09521,0.04423,0.99509,-0.08395,0.04558,0.02596,0.9817489980454295,-0.16471464049798268,0.095068354579303,-0.1694476553163365,-0.9845558891493,0.044013557561589436,0.0863504310619921,-0.05931937581475022,-0.9944972673207084
6.666,0.016361506655812263,Empty,0.55721,0.04519,0.33277,-0.19722,0.09668,0.04663,0.9936,-0.09943,0.04578,0.02793,0.9760360924393929,-0.19502773675799034,0.09652838002730915,-0.20014259332262735,-0.978667354809333,0.04640205780562549,0.0854194860306122,-0.06460952348964731,-0.9942480177906853
6.733,0.016361506655812263,Empty,0.55982,0.04468,0.33136,-0.23332,0.09933,0.04699,0.99157,-0.11738,0.04656,0.02908,0.9681096675543971,-0.23007053231971114,0.09915251759708099,-0.23548605470747697,-0.9707530239610704,0.04674274819417708,0.08549847733159903,-0.06860114159809397,-0.9939737892647956
6.8,0.016361506655812263,Empty,0.5616,0.044,0.32789,-0.27747,0.10393,0.04922,0.98858,-0.13933,0.04803,0.03152,0.9565583327124544,-0.27245709903092724,0.10374625441923603,-0.27851284663875997,-0.9591849448236809,0.04893706040176951,0.08617859580861115,-0.07570581755217574,-0.9933991538214699
6.867,0.016361506655812263,Empty,0.56302,0.04467,0.32318,-0.32707,0.10629,0.05013,0.98474,-0.16384,0.04832,0.03334,0.9416415861552674,-0.31946412966356136,0.10608389642775476,-0.3259077288673701,-0.9440874358719008,0.04983036918719426,0.08423345824257823,-0.08149590963430307,-0.9931078195369188
6.933,0.016361506655812263,Empty,0.56392,0.04653,0.31863,-0.37127,0.10549,0.04655,0.98096,-0.18547,0.04751,0.03257,0.9266874907816716,-0.3607824291346335,0.10529165805742945,-0.3669722542778796,-0.9290799446352234,0.04627981273537506,0.08112742457998272,-0.08152604065158094,-0.9933639039529755
7.0,0.016361506655812263,Empty,0.5649,0.04891,0.31455,-0.41492,0.10524,0.04138,0.97677,-0.20671,0.0472,0.03105,0.9100889670325931,-0.4008798090892346,0.10504023395883401,-0.406741207094918,-0.912616745008719,0.04113717516626519,0.07937041348334267,-0.08016268080765392,-0.9936167682105679
7.067,0.016361506655812263,Empty,0.56528,0.0515,0.31108,-0.46887,0.10623,0.03946,0.97084,-0.23294,0.04705,0.03149,0.8870529918827055,-0.44932707574359265,0.1060290931567966,-0.45525412804234866,-0.8894968793184861,0.039229843016199785,0.0766855168355903,-0.08306913197082728,-0.9935888741432606
7.133,0.016361506655812263,Empty,0.56592,0.05538,0.30772,-0.52032,0.11029,0.0384,0.96443,-0.25782,0.04832,0.0327,0.8623835014760085,-0.4941456485604824,0.11006713583408452,-0.5004663384205774,-0.8649146123894584,0.03815963027981982,0.07634225887330519,-0.08799313202706557,-0.9931913552917127
7.2,0.016361506655812263,Empty,0.56593,0.05938,0.30454,-0.56652,0.11108,0.03761,0.95821,-0.28001,0.04804,0.03354,0.8385725343563397,-0.5333923219061978,0.1108545693902629,-0.5398378988228456,-0.8409389951858515,0.03737177237362127,0.07328811375469245,-0.09118243968728672,-0.9931337347381537
7.267,0.016361506655812263,Empty,0.5661,0.06323,0.30236,-0.6158,0.10786,0.03024,0.95123,-0.30336,0.04679,0.03072,0.811564127236562,-0.5742585032552561,0.10766075804019645,-0.580008243308693,-0.8140561601677287,0.030050054691074628,0.07038540386131405,-0.08683167355294963,-0.9937334428262309
7.333,0.016361506655812263,Empty,0.5675,0.0661,0.30094,-0.67566,0.10539,0.01831,0.94197,-0.33142,0.04666,0.02608,0.7759624560865412,-0.6219460531901003,0.10519207986060222,-0.6268132892260704,-0.7789569284123535,0.018199014478424896,0.07062129419471587,-0.08005754555098869,-0.9942853826777373
7.4,0.016361506655812263,Empty,0.57005,0.0692,0.29967,-0.74008,0.10458,0.00502,0.93099,-0.36128,0.04782,0.02124,0.7343769659821929,-0.6706680495709821,0.10437834602753528,-0.6747298761032678,-0.738047888172896,0.004990897434060573,0.07368898240889209,-0.0740923885981766,-0.9945251388594251
7.467,0.016361506655812263,Empty,0.57205,0.07278,0.29694,-0.80561,0.10271,-0.00392,0.91879,-0.39139,0.04799,0.01832,0.6890204357304685,-0.717453892676146,0.10252195389105731,-0.7209704710981802,-0.6929548159344034,-0.0038990867885252065,0.07384049668212246,-0.07122875091676102,-0.9947231002105938
7.533,0.016361506655812263,Empty,0.5731,0.07687,0.29385,-0.86508,0.09449,-0.01047,0.90698,-0.41848,0.04507,0.01505,0.6456930775378157,-0.7577458634981967,0.09434858754171166,-0.7604595100302501,-0.6493018726379635,-0.010412098414125714,0.06915043907522016,-0.06502526078537274,-0.9954847724779613
7.6,0.016361506655812263,Empty,0.57383,0.08033,0.29131,-0.92094,0.08479,-0.01659,0.89516,-0.44364,0.04165,0.01141,0.6029004389281227,-0.7933081265843119,0.08469520078236994,-0.7952092250830319,-0.6061098165216121,-0.016528117224323097,0.06444648231765697,-0.057385595853200355,-0.9962698150127067
7.667,0.016361506655812263,Empty,0.57345,0.08251,0.28844,-0.97682,0.07883,-0.01836,0.88252,-0.46852,0.0391,0.01039,0.5579124494452501,-0.8261548159607189,0.07875226230980442,-0.8277800233638563,-0.5607542971730297,-0.018298937720953496,0.05927842502745132,-0.05498034436862322,-0.9967262563308806
7.733,0.016361506655812263,Empty,0.5728,0.08494,0.28621,-1.03315,0.06961,-0.02052,0.86912,-0.49327,0.03532,0.00827,0.5108662306041494,-0.8568419204391245,0.06955298560450725,-0.8580101259568447,-0.5132245954789003,-0.02047286865679752,0.0532383149980113,-0.04921826869884588,-0.9973681586267233
7.8,0.016361506655812263,Empty,0.57222,0.08642,0.28541,-1.08227,0.06234,-0.02221,0.85683,-0.51453,0.03243,0.00654,0.46841591412495526,-0.8813078047580254,0.0623144017629369,-0.8821568409716516,-0.47043407554224814,-0.022160516592042684,0.04884505421635238,-0.044590737169287846,-0.9978105164996512
7.867,0.016361506655812263,Empty,0.57142,0.08729,0.28517,-1.13063,0.05708,-0.02257,0.84419,-0.53516,0.03014,0.00576,0.425393112991591,-0.9032087655532979,0.05704932293210149,-0.9039026896943678,-0.42714375455160236,-0.022541972204033204,0.044728368879386284,-0.04197783671472549,-0.9981168439827781
7.933,0.016361506655812263,Empty,0.57089,0.08866,0.28544,-1.18171,0.05275,-0.02205,0.83029,-0.5566,0.02804,0.00554,0.37881506329297665,-0.9239689842238681,0.05273010539199659,-0.9245899040414158,-0.38032664596466276,-0.02202615976414127,0.04040615258872729,-0.04040988197932549,-0.9983658569239001
8.0,0.016361506655812263,Empty,0.57137,0.09016,0.28543,-1.2305,0.05521,-0.02347,0.81645,-0.57664,0.02931,0.00635,0.3332495158736737,-0.9412224822489681,0.0551815103005798,-0.9419665208225508,-0.33488732679248856,-0.023442525530333155,0.0405442205427782,-0.04416692498773117,-0.9982011064498512
8.066,0.016361506655812263,Empty,0.57042,0.09249,0.28337,-1.27615,0.05529,-0.01921,0.80306,-0.59518,0.02792,0.00875,0.28997362432662505,-0.9554376873700039,0.055264118087052595,-0.9564151968371816,-0.2913796753818811,-0.019179573333226552,0.034427727978712595,-0.04729387198578766,-0.9982875443572437
8.133,0.016361506655812263,Empty,0.56914,0.09421,0.28186,-1.31127,0.05456,-0.01608,0.79248,-0.60924,0.02652,0.01026,0.2562586309979176,-0.96506859251283,0.054535546062897955,-0.9661570208051429,-0.2574547392937719,-0.016052051710196483,0.029531765744769286,-0.04857642391614844,-0.9983827952501559
8.2,0.016361506655812263,Empty,0.56851,0.09411,0.28131,-1.34432,0.05476,-0.01549,0.78229,-0.62226,0.02624,0.01099,0.22419963142258736,-0.9730052128709348,0.054730073962701645,-0.974158839154674,-0.22533471058338955,-0.015453941345747887,0.027369350865407177,-0.049851017364611956,-0.9983815877213078
8.267,0.016361506655812263,Empty,0.56853,0.09304,0.28112,-1.37623,0.05486,-0.01634,0.77227,-0.63465,0.02637,0.01111,0.1930542216798477,-0.9796551869849457,0.05482501349821481,-0.9808266067410225,-0.1941981956919689,-0.016316503880292797,0.026631466359929926,-0.05062386199683862,-0.9983626543476297
8.333,0.016361506655812263,Empty,0.5693,0.09127,0.27983,-1.40755,0.06016,-0.01751,0.76221,-0.64658,0.02859,0.01279,0.1622440269615858,-0.9849173332762294,0.060122560884650414,-0.9863801381490581,-0.1635513691555055,-0.017469193238512003,0.027038838368782143,-0.05646942765249031,-0.9980381280092795
8.4,0.016361506655812263,Empty,0.5696,0.08974,0.27689,-1.43336,0.06563,-0.01542,0.75373,-0.65632,0.0298,0.01574,0.13671424482088385,-0.9884370977192956,0.06558444263170567,-0.9903131328662427,-0.13799550014031636,-0.015399377054654242,0.024271673524973683,-0.06284382064515175,-0.9977281894739755
8.466,0.016361506655812263,Empty,0.5697,0.08864,0.27355,-1.44876,0.06916,-0.01111,0.74858,-0.66212,0.02957,0.01875,0.12144704909957005,-0.99018897816856,0.0691115169744508,-0.9924074683387536,-0.12249291747330099,-0.011086115385664026,0.019443020610795617,-0.06724040959409928,-0.9975473403639277
8.533,0.016361506655812263,Empty,0.56999,0.08789,0.27061,-1.45988,0.06982,-0.00798,0.74485,-0.66631,0.02867,0.0203,0.11041796278385757,-0.9914340021683187,0.0697602525738921,-0.9937620867331146,-0.11123690879441311,-0.007953935737025596,0.0156457171937861,-0.06844683678866412,-0.9975320757084044
8.6,0.016361506655812263,Empty,0.57128,0.08732,0.26832,-1.4698,0.07031,-0.00733,0.74152,-0.67,0.02853,0.02085,0.10057186544490915,-0.99244647674127,0.07025162407211943,-0.9948261036745957,-0.10132978746544108,-0.007300521887542752,0.014363959361994236,-0.06915392234752747,-0.997502587312634
8.667,0.016361506655812263,Empty,0.57327,0.08568,0.26614,-1.47493,0.08353,-0.00669,0.73962,-0.67172,0.03315,0.0256,0.09538052011869791,-0.9919384207667612,0.08343096420772386,-0.99533311358628,-0.09626790816511122,-0.006669546922796574,0.01464750424230447,-0.08240545651992685,-0.9964912399791651
8.733,0.016361506655812263,Empty,0.57363,0.08565,0.26345,-1.47521,0.08891,-0.00202,0.73938,-0.67182,0.03357,0.02914,0.0950582246511526,-0.9915033465944723,0.08879779061515558,-0.9954165777084396,-0.09561287011209613,-0.0020039690979118674,0.010477153687379706,-0.08820029909750549,-0.9960476577401914
8.8,0.016361506655812263,Empty,0.57434,0.08533,0.26226,-1.47302,0.0934,0.00033,0.74,-0.67098,0.03447,0.03148,0.09719472552796232,-0.9908864439967398,0.09325899652601721,-0.9952266931462289,-0.09758955614031922,0.0003283010164023964,0.00877579505036216,-0.09284575184590352,-0.9956418290657554
