time,gr,gr_state,tx,ty,tz,rx,ry,rz,qw,qx,qy,qz,xx,xy,xz,yx,yy,yz,zx,zy,zz
0.0,0.015700900927186012,Empty,0.30821,0.00155,0.48565,-0.00469,0.00303,-0.00555,0.99999,-0.00234,0.00152,-0.00277,0.9999844294281302,-0.0046863517822949285,0.0030296878171601,-0.004669474693566655,-0.9999736750400376,-0.0055538484861051216,0.003055635348500984,0.005539614958916478,-0.9999799876791156
0.067,0.015700900927186012,Empty,0.30821,0.00155,0.48565,-0.00467,0.00303,-0.00555,0.99999,-0.00233,0.00152,-0.00277,0.9999844782949352,-0.004676605467396289,0.003028618580895737,-0.004659739347331104,-0.9999737294347697,-0.005552231040995834,0.003054504611416376,0.005538032287733707,-0.9999799998999774
0.133,0.015700900927186012,Empty,0.30821,0.00155,0.48565,-0.00469,0.00303,-0.00555,0.99999,-0.00234,0.00152,-0.00277,0.9999844541315008,-0.004686569084604464,0.0030211861146116287,-0.004669740226326047,-0.9999736758705974,-0.00555347567423344,0.003047133331924316,0.005539281186300277,-0.9999800154715074
0.2,0.015700900927186012,Empty,0.30821,0.00152,0.48565,-0.00433,0.00301,-0.00557,0.99999,-0.00216,0.00151,-0.00278,0.9999860885084411,-0.004330264696230601,0.0030119092364503325,-0.004313423411464401,-0.9999751523107437,-0.0055757635870068096,0.0030359789296808683,0.005562694380005025,-0.9999799194299719
0.267,0.015700900927186012,Empty,0.3082,0.00101,0.4856,-0.00205,0.00293,-0.0062,0.99999,-0.00102,0.00147,-0.0031,0.9999936391929598,-0.002040155427804724,0.002925634879949377,-0.0020219804427579757,-0.9999787239060507,-0.006201881191628072,0.0029382254354426555,0.006195926166148618,-0.9999764883887191
0.333,0.015700900927186012,Empty,0.30822,0.00037,0.48564,-0.00059,0.003,-0.00728,0.99999,-0.00029,0.0015,-0.00364,0.9999953479254362,-0.0005919180419914905,0.00299228349544531,-0.0005701277469701838,-0.9999733540955891,-0.007277778037951443,0.0029965116114714736,0.0072760381973377974,-0.9999690396138838
0.4,0.015700900927186012,Empty,0.30833,-0.00114,0.48564,0.00207,0.00291,-0.00784,0.99999,0.00104,0.00145,-0.00392,0.9999936419673034,0.002062000590717372,0.002909326130263393,0.002084755648592451,-0.9999670920943757,-0.007840186362793844,0.0028930639215222612,0.00784620174871627,-0.9999650330382881
0.467,0.015700900927186012,Empty,0.30832,-0.00205,0.48563,0.00283,0.00289,-0.00956,0.99999,0.00142,0.00144,-0.00478,0.9999918231786915,0.0028176168652760403,0.0029007948837406258,0.002845191858045215,-0.9999503864011817,-0.009546183500138947,0.0028737534772379125,0.009554358760687368,-0.9999502266461188
0.533,0.015700900927186012,Empty,0.30832,-0.00232,0.48564,0.00297,0.00293,-0.01004,0.99999,0.00149,0.00146,-0.00502,0.9999912876973798,0.0029683100506445736,0.0029349045605737943,0.002997624520991893,-0.9999451571356854,-0.010034787896140679,0.0029049572402330263,0.010043498211909344,-0.9999453431898665
0.6,0.015700900927186012,Empty,0.30833,-0.00257,0.48567,0.00347,0.00298,-0.00921,0.99999,0.00174,0.00148,-0.00461,0.9999895549194073,0.0034686525794712653,0.0029763234650166627,0.0034959630259082664,-0.9999513810419282,-0.009220292558349823,0.002944196767704963,0.009230601368437804,-0.9999530627503322
0.667,0.015700900927186012,Empty,0.30833,-0.00247,0.48578,0.00369,0.00308,-0.00899,0.99999,0.00185,0.00153,-0.0045,0.999988463876889,0.003690799827613611,0.0030741030843084434,0.003718299433586425,-0.9999526901800142,-0.008988417606793553,0.0030407831988912204,0.008999744351058636,-0.9999548781015836
0.733,0.015700900927186012,Empty,0.30832,-0.00245,0.48576,0.00369,0.00304,-0.00891,0.99999,0.00185,0.00151,-0.00446,0.9999886085802319,0.0036868096934564165,0.003031525037977849,0.003713697143964967,-0.9999533911716539,-0.00891201087474523,0.002998526854066532,0.008923167520163778,-0.9999556919774557
0.8,0.015700900927186012,Empty,0.30829,-0.00234,0.48555,0.00345,0.00341,-0.00839,0.99999,0.00173,0.0017,-0.0042,0.9999882021528816,0.0034495640317959153,0.003419950736215028,0.003478168036702034,-0.9999587249139659,-0.0083934984091187,0.0033908556672412288,0.008405294547245479,-0.9999589257171605
0.867,0.015700900927186012,Empty,0.30801,-0.00173,0.48406,0.00301,0.00365,-0.00707,0.99999,0.00151,0.00182,-0.00354,0.9999888083980778,0.0029971734754621893,0.0036606051071740716,0.0030230428853286195,-0.9999703527467905,-0.007082008131358012,0.0036392705733631274,0.007092995038567437,-0.9999682220606196
0.933,0.015700900927186012,Empty,0.30847,-0.00063,0.48161,0.00328,0.00803,-0.00425,0.99999,0.00165,0.00401,-0.00213,0.9999624057348129,0.0032775934979674126,0.008027733049104256,0.003311715646923896,-0.9999855233991659,-0.004240935223518719,0.008013716773103448,0.004267361357823329,-0.9999587841358876
1.0,0.015700900927186012,Empty,0.30938,0.00085,0.47852,0.0031,0.0117,-0.00078,0.99998,0.00155,0.00585,-0.0004,0.9999267519603345,0.00309789086810508,0.011700161803368924,0.0031071575930530226,-0.9999948732950008,-0.000773922093571671,0.011697704293904597,0.0008102196518827486,-0.9999312512659899
1.067,0.015700900927186012,Empty,0.31122,0.00219,0.47676,0.00186,0.0154,0.00211,0.99997,0.00092,0.0077,0.00105,0.99987976507212,0.0018461303737443702,0.015396337290568739,0.0018138477724178315,-0.9999961279243171,0.0021104721345588245,0.015400173881496036,-0.002082291769996045,-0.9998792420614623
1.133,0.015700900927186012,Empty,0.31388,0.00416,0.47572,-0.00277,0.02077,0.00455,0.99994,-0.00141,0.01038,0.00229,0.9997804615722291,-0.0027808439830836473,0.020767656708495487,-0.002875977147118014,-0.9999855022286068,0.004552371695113468,0.020754696188319138,-0.00461109958068172,-0.9997739646273989
1.2,0.015700900927186012,Empty,0.31679,0.00703,0.47423,-0.01008,0.02602,0.00781,0.99989,-0.00509,0.01299,0.00397,0.999610791755468,-0.0100676480977685,0.0260174454508134,-0.010273815717312285,-0.9999167796857994,0.007802718333186078,0.025936725248443614,-0.008066979890877922,-0.999631036992563
1.267,0.015700900927186012,Empty,0.31984,0.0105,0.47334,-0.01892,0.02412,0.00867,0.99987,-0.00951,0.01202,0.00445,0.9995302259553114,-0.01890953642326132,0.02411963585922611,-0.019123353701218537,-0.9997795814742042,0.008665206892122381,0.02395046439930556,-0.009122384530513178,-0.999671524729766
1.333,0.015700900927186012,Empty,0.32425,0.01462,0.47318,-0.02966,0.01838,0.00633,0.99984,-0.01486,0.00914,0.0033,0.9993915016175396,-0.029645570983434733,0.01837842799874549,-0.029766282237801533,-0.9995368447280171,0.006329650298330272,0.01818226983570762,-0.006872856191259974,-0.9998110666077845
1.4,0.015700900927186012,Empty,0.32923,0.01931,0.47192,-0.04179,0.01427,0.00436,0.99975,-0.02091,0.00709,0.00233,0.9990248141252269,-0.041781940266071294,0.014272008606312218,-0.041848126078621095,-0.999114423991267,0.00437059679059758,0.01407675764386206,-0.004963591461895179,-0.9998885976217727
1.467,0.015700900927186012,Empty,0.33421,0.02464,0.47001,-0.05358,0.01143,0.00185,0.99962,-0.02679,0.00569,0.00108,0.99849949624143,-0.05355240255717886,0.011440987106203839,-0.053576917158566606,-0.9985620176728901,0.0018468375214479426,0.011325632582534108,-0.002457039153206865,-0.9999328442476549
1.533,0.015700900927186012,Empty,0.339,0.02947,0.46724,-0.06313,0.00983,0.00027,0.99949,-0.03156,0.00491,0.00029,0.9979598605224246,-0.06308332307172249,0.009829096412800161,-0.06308893047388303,-0.9980078750405026,0.0002611681495524633,0.009793040269752704,-0.0008807425103085068,-0.9999516591590343
1.6,0.015700900927186012,Empty,0.34399,0.03446,0.46375,-0.07513,0.0103,-0.00227,0.99928,-0.03755,0.00519,-0.00094,0.9971264135040768,-0.07505164800396863,0.01030367043269586,-0.07503207303154358,-0.9971785282353725,-0.0022739487516530614,0.010445262518786124,0.0014943086108288961,-0.9999443302167824
1.667,0.015700900927186012,Empty,0.34894,0.03963,0.46045,-0.08735,0.00905,-0.00454,0.99903,-0.04365,0.00462,-0.00207,0.9961467845186522,-0.08723291292061802,0.009055528506599549,-0.08719471101552934,-0.9961809801989691,-0.004531783395074776,0.00941626593020171,0.003724727265912926,-0.9999487288569981
1.733,0.015700900927186012,Empty,0.35441,0.04533,0.45785,-0.09945,0.00936,-0.00631,0.99875,-0.04969,0.00483,-0.00292,0.9950155208521432,-0.09928033018275606,0.009355709601137902,-0.09922394136930301,-0.9950451136742591,-0.006311197360366163,0.009935930881353252,0.005351428947793875,-0.999936317715152
1.8,0.015700900927186012,Empty,0.36009,0.05101,0.4553,-0.11143,0.00949,-0.00734,0.99843,-0.05567,0.00494,-0.0034,0.9937535421650177,-0.11119330951299228,0.009483952447589993,-0.11112606664058078,-0.9937791652068477,-0.00734629932510126,0.010241813680858537,0.006246496644416855,-0.9999280406770271
1.867,0.015700900927186012,Empty,0.36632,0.05783,0.45315,-0.12585,0.01167,-0.01037,0.99799,-0.06285,0.00615,-0.00481,0.9920244820901059,-0.12550428739252145,0.011666223894331201,-0.1253860132640155,-0.9920538056519761,-0.010372770564682278,0.012875348989965946,0.008827261043312837,-0.9998781450011095
1.933,0.015700900927186012,Empty,0.37262,0.06415,0.45053,-0.13484,0.01358,-0.01086,0.99769,-0.06733,0.00714,-0.00496,0.9908300441733047,-0.13442951190350666,0.013584178035933708,-0.1342878513191933,-0.9908829015296241,-0.010855802333655554,0.014919669956175026,0.008932065025409596,-0.9998487994005796
2.0,0.015700900927186012,Empty,0.37877,0.06925,0.44826,-0.14235,0.01416,-0.0117,0.99743,-0.07107,0.00748,-0.00533,0.9897871490592851,-0.1418486042304138,0.014155318257687968,-0.1416893396043914,-0.9898421735430003,-0.011687707993455582,0.015669416056906905,0.009562685478058013,-0.9998314980269841
2.067,0.015700900927186012,Empty,0.38542,0.07512,0.44561,-0.15251,0.01708,-0.0128,0.99704,-0.07612,0.009,-0.00573,0.9882501593786577,-0.15188794676932982,0.01707846931827075,-0.15168159293466688,-0.9883465515258466,-0.012797986238827452,0.01882330610865059,0.010057122509165949,-0.9997722427803124
2.133,0.015700900927186012,Empty,0.39176,0.08035,0.44221,-0.15835,0.02092,-0.01121,0.9968,-0.07903,0.01087,-0.00476,0.987273544736318,-0.15764869132775633,0.020924578524577984,-0.1574415130721637,-0.987464630774753,-0.011214853116680183,0.022430288124167426,0.00777773048689515,-0.9997181548232181
2.2,0.015700900927186012,Empty,0.39802,0.0863,0.4382,-0.16322,0.02468,-0.01011,0.99659,-0.08145,0.01271,-0.00403,0.9864082934900161,-0.16244790367015327,0.024685160061998272,-0.16224315656264388,-0.9866991608950817,-0.010095743535320324,0.025996859093038827,0.005953526863475454,-0.9996442961549787
2.267,0.015700900927186012,Empty,0.40487,0.09314,0.43424,-0.16588,0.02856,-0.0089,0.99646,-0.08277,0.0146,-0.00325,0.9858707092793861,-0.16505421774300583,0.028566585203773906,-0.16486458829464756,-0.9862761719655513,-0.00888707710184786,0.029641391859973224,0.004051890697215159,-0.999552384855532
2.333,0.015700900927186012,Empty,0.4119,0.10025,0.42965,-0.16544,0.03323,-0.00904,0.99644,-0.08254,0.01693,-0.00313,0.9858009656222825,-0.16459719397316191,0.03322980460876815,-0.16438541360298464,-0.9863548849976755,-0.009026440926419294,0.034262106951429935,0.0034357790068379147,-0.9994069758861326
2.4,0.015700900927186012,Empty,0.41876,0.10776,0.42525,-0.16341,0.03562,-0.00928,0.9965,-0.08152,0.01813,-0.00317,0.9860509760559364,-0.16258806564171502,0.03561732064628802,-0.16235785345251452,-0.9866882800515888,-0.009282533658930479,0.03665242204039133,0.003370299648799237,-0.9993223909424077
2.467,0.015700900927186012,Empty,0.42632,0.11654,0.42182,-0.16451,0.04123,-0.01113,0.9964,-0.08203,0.021,-0.00385,0.9856596419678454,-0.16363352528239927,0.04122062104667081,-0.1633101271571541,-0.9865121438545901,-0.011117211670856691,0.042483791776781785,0.004226042010548643,-0.999088218329689
2.533,0.015700900927186012,Empty,0.43276,0.12392,0.4181,-0.15488,0.04257,-0.01145,0.99677,-0.07722,0.02166,-0.00406,0.987135855342852,-0.1541173894956422,0.04255153759366166,-0.1537653260041788,-0.9880410982560459,-0.011446076874416924,0.04380670742437652,0.0047558818356791075,-0.9990287052795832
2.6,0.015700900927186012,Empty,0.43921,0.12843,0.41431,-0.1473,0.04538,-0.01344,0.99702,-0.07341,0.02312,-0.00503,0.9881521344267099,-0.14662131856377786,0.04536020470144164,-0.14615612442035186,-0.9891704309120981,-0.013425569023199389,0.04683744786343656,0.006636832964091084,-0.9988804762962615
2.667,0.015700900927186012,Empty,0.44608,0.13165,0.41044,-0.14149,0.0502,-0.01547,0.99717,-0.07047,0.02558,-0.00594,0.9887591303391983,-0.14084372832446113,0.05018392534006884,-0.14023603861622108,-0.9899975686055646,-0.015448871424797124,0.051857840719624876,0.008237617782801038,-0.9986205014965206
2.733,0.015700900927186012,Empty,0.45297,0.13397,0.40528,-0.13719,0.05676,-0.01756,0.99723,-0.06826,0.02891,-0.00681,0.9890087238080324,-0.13653836882394305,0.05673639105991554,-0.1357513546748509,-0.9905880239970486,-0.017519600953369557,0.0585944872453851,0.009624996234772386,-0.9982354659657865
2.8,0.015700900927186012,Empty,0.45967,0.13673,0.39944,-0.13286,0.06318,-0.01622,0.99728,-0.06609,0.03205,-0.00599,0.9892092325456497,-0.13221221215063533,0.06312705604320254,-0.1314445145789792,-0.9911914548413608,-0.01618145347497607,0.06471038427905312,0.007709137935055436,-0.9978743083969822
2.867,0.015700900927186012,Empty,0.46585,0.14018,0.39355,-0.12997,0.0679,-0.01411,0.99731,-0.06466,0.03433,-0.00483,0.9892812770412074,-0.12930648333164557,0.06784090406326079,-0.12864288014881742,-0.9915910350796224,-0.01407936563699972,0.06909098553888691,0.005201203526703692,-0.9975968039238794
2.933,0.015700900927186012,Empty,0.47204,0.14347,0.38824,-0.12359,0.07129,-0.01049,0.99746,-0.06153,0.03589,-0.00303,0.9898522867457193,-0.12296492013791732,0.07121852876707091,-0.12252965403655686,-0.9924096749194515,-0.010465228518786118,0.07196481297100804,0.0016326486898151735,-0.9974058352307267
3.0,0.015700900927186012,Empty,0.47777,0.14669,0.38363,-0.12018,0.07403,-0.00871,0.99751,-0.05985,0.0372,-0.00212,0.990066918436277,-0.11956956691886494,0.07396361054551936,-0.11925394160995312,-0.9928258001654159,-0.00868492581379772,0.07447143364125686,-0.0002217943559422974,-0.9972231226654741
3.067,0.015700900927186012,Empty,0.48384,0.14959,0.37957,-0.11643,0.07964,-0.00825,0.99752,-0.05797,0.03998,-0.0018,0.9900806032037284,-0.11580373027187163,0.07956063860264698,-0.11551579527784894,-0.993271566752033,-0.00822774108048488,0.07997812326547489,-0.0010443835890277255,-0.9967960719534619
3.133,0.015700900927186012,Empty,0.48946,0.15277,0.37565,-0.11738,0.08383,-0.00888,0.9974,-0.05842,0.04209,-0.00197,0.9896307397588062,-0.11671151503494093,0.08372228605745669,-0.11637984015400421,-0.9931653675289305,-0.008847912005271887,0.0841827282176472,-0.0009874205655966137,-0.9964498448343803
3.2,0.015700900927186012,Empty,0.49487,0.1562,0.37124,-0.11907,0.08801,-0.00968,0.99726,-0.05923,0.0442,-0.00221,0.9890762737630888,-0.1183350924987453,0.08789158413771322,-0.1179438014772275,-0.9929733789106866,-0.009650309207182926,0.08841597351171142,-0.0008213756797553876,-0.9960833002163871
3.266,0.015700900927186012,Empty,0.50073,0.15954,0.36613,-0.11889,0.09598,-0.00748,0.99709,-0.05916,0.04811,-0.00088,0.9883694632515618,-0.11806724623653231,0.09584325473366079,-0.11789873062234751,-0.9929977574505822,-0.007439288659108742,0.09605047334322964,-0.003947032332836299,-0.9953686390008002
3.333,0.015700900927186012,Empty,0.50611,0.16284,0.36085,-0.11585,0.10068,-0.00879,0.99706,-0.0576,0.05049,-0.00147,0.9882660714168856,-0.11500814873022663,0.10051516209946168,-0.11471042788364805,-0.9933603824960002,-0.008756039181642916,0.10085479572625886,-0.0028768408100089474,-0.9948969966614476
3.4,0.015700900927186012,Empty,0.51159,0.16572,0.35504,-0.11991,0.10505,-0.01087,0.99683,-0.05955,0.05273,-0.00227,0.9873480077850063,-0.11895773655929631,0.10484735779058965,-0.1184792383244308,-0.992897765389285,-0.010802664996512633,0.1053877678340408,-0.0017562453282825366,-0.9944296526116391
3.467,0.015700900927186012,Empty,0.5175,0.16934,0.34898,-0.12292,0.11208,-0.01188,0.99655,-0.06099,0.05627,-0.00248,0.9862272436833068,-0.12183701296632077,0.11185511203459526,-0.12127927647956277,-0.9925482528953433,-0.011802659488248844,0.11245959680445738,-0.0019256027228678491,-0.9936544324566426
3.533,0.015700900927186012,Empty,0.52254,0.17346,0.34233,-0.12498,0.11735,-0.0153,0.99633,-0.06189,0.059,-0.00396,0.985378072168545,-0.12378661952616032,0.11707658910169469,-0.1228524402991748,-0.9923086870854312,-0.015190373508413499,0.11805648140588942,0.0005851162901936316,-0.9930067093615169
3.6,0.015700900927186012,Empty,0.52706,0.17686,0.33563,-0.12766,0.11998,-0.01599,0.99617,-0.06319,0.06034,-0.00414,0.9847327517926769,-0.12639296468918887,0.11969221371459075,-0.12539357623662706,-0.9919800546633154,-0.015875206731095826,0.12073880314717007,0.0006242012842384816,-0.9926841148055836
3.667,0.015700900927186012,Empty,0.53132,0.1815,0.32981,-0.13059,0.12183,-0.01802,0.99601,-0.06458,0.06133,-0.005,0.9841342373571144,-0.12926742360392585,0.1215308029115823,-0.1280401029208988,-0.9916076636478142,-0.01788780140009262,0.12282318553732582,0.002043181276017209,-0.9924264660440778
3.733,0.015700900927186012,Empty,0.53555,0.18684,0.32436,-0.13654,0.12312,-0.01869,0.99578,-0.06751,0.06201,-0.00511,0.9831932223682742,-0.1350921396651661,0.12280554258573341,-0.13382437351775867,-0.9908313943320803,-0.018552225163694425,0.12418584678484325,0.001806047239750316,-0.992257332374873
3.8,0.015700900927186012,Empty,0.53958,0.19205,0.31996,-0.13984,0.12479,-0.02125,0.99561,-0.06906,0.06294,-0.00622,0.9825363431517388,-0.13830606382375882,0.12447396151640189,-0.1367387712666684,-0.9903826209954472,-0.021089629268187228,0.12619367186388575,0.0037009106671430864,-0.9919987199798918
3.867,0.015700900927186012,Empty,0.54411,0.19767,0.31586,-0.14407,0.12897,-0.02206,0.99532,-0.07111,0.06506,-0.00634,0.9814214111847307,-0.1423834951061856,0.12860386459791198,-0.14073342980862358,-0.9898058320110632,-0.021875023455712607,0.1304074974933286,0.003369753438096615,-0.9914547540656072
3.933,0.015700900927186012,Empty,0.54766,0.20349,0.31217,-0.14738,0.12857,-0.02637,0.9952,-0.07262,0.06503,-0.00839,0.9809938351294479,-0.14564190237113966,0.12821673725272026,-0.1434595748630168,-0.9893107814727158,-0.026144369221056153,0.13065391619901875,0.0072535464126059195,-0.9914015030482352
4.0,0.015700900927186012,Empty,0.55141,0.20836,0.30839,-0.14884,0.12941,-0.02879,0.99511,-0.07326,0.06554,-0.00952,0.9806760979263976,-0.14704249993926338,0.12904609318947144,-0.14454623518638549,-0.9890860011723627,-0.028552901399096636,0.1318361742819328,0.009348020992493709,-0.9912274399219523
4.067,0.015700900927186012,Empty,0.55591,0.21263,0.30483,-0.15182,0.13428,-0.0313,0.99483,-0.07461,0.06807,-0.01048,0.979599081080093,-0.14987635911894837,0.13387575330987278,-0.147022885411417,-0.9886469186660118,-0.031008730665756365,0.1370033266469806,0.010693324527390434,-0.990512867810516
4.133,0.015700900927186012,Empty,0.5604,0.21619,0.29965,-0.15366,0.13887,-0.03353,0.9946,-0.0754,0.07045,-0.01135,0.9787016086504319,-0.15159088452910185,0.13843180614562975,-0.14839145582304863,-0.988370977813782,-0.0332082226887305,0.1418560434517079,0.011958843719718275,-0.989815057974526
4.2,0.015700900927186012,Empty,0.56526,0.22009,0.29385,-0.15594,0.14588,-0.03499,0.99426,-0.0764,0.074,-0.01172,0.9773753946399503,-0.15365736626460796,0.14535044459865198,-0.15018989734992455,-0.9880514505946102,-0.03460239459786155,0.14893063045062574,0.011989360721534845,-0.9887749605158234
4.267,0.015700900927186012,Empty,0.56844,0.22375,0.28759,-0.15673,0.143,-0.03935,0.9943,-0.07667,0.07274,-0.01397,0.9776615505997774,-0.15449121216216377,0.14251441275710913,-0.15042666597419807,-0.9878542812986244,-0.038932468247786595,0.14679819700093508,0.01662480931148502,-0.989026746388909
4.333,0.015700900927186012,Empty,0.57168,0.22663,0.28195,-0.15774,0.14035,-0.04371,0.99432,-0.07705,0.0716,-0.01621,0.977873685571203,-0.15554387927825097,0.1398898019387559,-0.15090211200202003,-0.9876015355383676,-0.043263837041895785,0.1448848082468322,0.02119690122000806,-0.9892214533247587
4.4,0.015700900927186012,Empty,0.57514,0.22879,0.27766,-0.15777,0.13821,-0.04771,0.99436,-0.07695,0.07069,-0.01828,0.9781635323596294,-0.15561998891737233,0.1377625602661673,-0.15045052834970424,-0.9874883091651734,-0.04723852010173442,0.14339017567820797,0.025480547707301043,-0.9893381622112374
4.467,0.015700900927186012,Empty,0.57889,0.23028,0.27375,-0.15771,0.1381,-0.05117,0.99433,-0.0768,0.07077,-0.02001,0.9781859334013605,-0.15556230419062428,0.13766862100933816,-0.14989701386520737,-0.9874024497104064,-0.050668407713113775,0.14381642788639584,0.028927008500572088,-0.9891815117809294
4.533,0.015700900927186012,Empty,0.58202,0.23148,0.27033,-0.158,0.13453,-0.05436,0.9944,-0.07689,0.06912,-0.02173,0.978621029033357,-0.15591980081141338,0.13412642263410485,-0.14991040878755202,-0.9872316943173247,-0.05385583601146042,0.14081104669322791,0.03259750681069646,-0.9894996976648774
4.6,0.015700900927186012,Empty,0.58523,0.23237,0.26778,-0.15862,0.13191,-0.05707,0.99443,-0.07715,0.06793,-0.02316,0.9788652698736187,-0.1565948816378419,0.13153260614797269,-0.15030150029424344,-0.9870217880235015,-0.05654598992138757,0.13868036070239723,0.035581357643017855,-0.9896977945533337
4.667,0.015700900927186012,Empty,0.58825,0.23289,0.26569,-0.15651,0.12964,-0.05934,0.99456,-0.07606,0.06686,-0.02445,0.9794900058339806,-0.15455438241146457,0.12927595038814943,-0.14801576780642728,-0.9872354028873296,-0.05880129051786132,0.1367137921060722,0.03846039733677804,-0.9898636961141037
4.733,0.015700900927186012,Empty,0.59125,0.23348,0.26335,-0.15496,0.12723,-0.06154,0.99466,-0.07526,0.06573,-0.02569,0.980032954336999,-0.1530874768493391,0.1268843286044295,-0.14633211101576138,-0.9873524656903084,-0.06100837467871851,0.13461917285128688,0.04122296601617932,-0.9900395675798337
4.8,0.015700900927186012,Empty,0.59435,0.23416,0.26039,-0.15477,0.12499,-0.06285,0.99472,-0.07516,0.06466,-0.02644,0.9803416934740471,-0.15293799321486473,0.12466007487502827,-0.14610065091683888,-0.9873052745863022,-0.062312876484256645,0.13260755573538668,0.04287499277523175,-0.9902408652224014
4.867,0.015700900927186012,Empty,0.59747,0.23491,0.2571,-0.15152,0.12216,-0.06333,0.99492,-0.07358,0.06323,-0.02689,0.9811743914606139,-0.14982201131622824,0.12186130832652899,-0.14302180355794514,-0.9877247656744828,-0.06280566041624255,0.1297751025772124,0.04419448153839787,-0.9905580601623643
4.933,0.015700900927186012,Empty,0.60127,0.23564,0.2532,-0.15175,0.12588,-0.06055,0.99484,-0.07372,0.06498,-0.02536,0.9806869591738376,-0.1499714511392392,0.12554541787561194,-0.14338022198408068,-0.9878449364568782,-0.06003743382508564,0.1330233064172103,0.04087719853043427,-0.990269586824788
5.0,0.015700900927186012,Empty,0.60361,0.23706,0.24721,-0.14891,0.12703,-0.05762,0.99494,-0.07238,0.06541,-0.02395,0.9809657947148019,-0.14716095863085982,0.12668765470401228,-0.14089408984760038,-0.9883748292727124,-0.05713188519690523,0.13362247208300304,0.0381948833612881,-0.9902960092010088
5.067,0.015700900927186012,Empty,0.60627,0.23917,0.24028,-0.14787,0.13203,-0.05202,0.99489,-0.07197,0.06768,-0.02101,0.980480495767913,-0.14604036724249259,0.13164424998603264,-0.140352476605289,-0.9887588721553218,-0.05154682380998475,0.1376923372213172,0.03206405884808971,-0.9899559163926024
5.133,0.015700900927186012,Empty,0.60805,0.24113,0.23309,-0.1462,0.13309,-0.043,0.995,-0.07143,0.06787,-0.01654,0.9805817286205994,-0.1443978719173692,0.13269788273055566,-0.1399075590047409,-0.9892472732558799,-0.04261111696660013,0.13742397326802985,0.023218245875633887,-0.9902401550279035
5.2,0.015700900927186012,Empty,0.60938,0.24355,0.22646,-0.14114,0.13224,-0.03211,0.99528,-0.06929,0.06703,-0.01132,0.9814131596753931,-0.13943732123635338,0.13185387162458048,-0.13640293185632751,-0.9901423792688863,-0.0318168030566603,0.1349905559547018,0.013240174552406047,-0.9907584203936206
5.267,0.015700900927186012,Empty,0.61115,0.24601,0.22179,-0.1355,0.1312,-0.02438,0.99554,-0.06675,0.06622,-0.0077,0.9823182872513512,-0.13392617777672938,0.1308226335069251,-0.1318858498998719,-0.9909700188672494,-0.024177351021800783,0.13287928780573677,0.006496199839809714,-0.9911109394310414
5.333,0.015700900927186012,Empty,0.61307,0.24786,0.21872,-0.13047,0.1282,-0.01763,0.99582,-0.06449,0.06449,-0.0046,0.9833642121767252,-0.1290415397931175,0.12784016277316754,-0.12785495152698467,-0.9916388297591228,-0.017479779288929007,0.12902688704328705,0.0008439915749156562,-0.9916407364051459
5.4,0.015700900927186012,Empty,0.61483,0.24853,0.21758,-0.12609,0.12337,-0.01368,0.99612,-0.06246,0.06195,-0.00293,0.9845232984257853,-0.12479335737037028,0.12304670988304711,-0.12406842468851609,-0.9921809168188053,-0.013566661192228373,0.1237776266217837,-0.001909517432696775,-0.9923081441221031
5.467,0.015700900927186012,Empty,0.6177,0.24776,0.21759,-0.12534,0.12129,-0.00842,0.99621,-0.06226,0.06075,-0.0004,0.984866925180635,-0.12409948716533808,0.1209812256944902,-0.12400257215717964,-0.9922466882997751,-0.008358926757196065,0.1210805590656263,-0.0067695526756750115,-0.9926196005383563
5.533,0.015700900927186012,Empty,0.62045,0.24734,0.21824,-0.12355,0.11997,-0.00823,0.9963,-0.06138,0.06009,-0.0004,0.9852415029444644,-0.1223604405813376,0.11969587902878558,-0.12226457297598858,-0.9924638976046092,-0.008172279147636755,0.11979380230517686,-0.00658289694654083,-0.9927769691109174
5.6,0.015700900927186012,Empty,0.62297,0.24655,0.21773,-0.12248,0.12174,-0.00721,0.99628,-0.06087,0.06094,0.00013,0.9851636825582863,-0.1212622148825187,0.12144131838045136,-0.12129340210593947,-0.9925908517279198,-0.007163216568660806,0.12141016915301278,-0.007673089848851061,-0.9925727653519457
5.667,0.015700900927186012,Empty,0.6251,0.24632,0.21639,-0.12133,0.12098,-0.00824,0.99634,-0.06027,0.06059,-0.00044,0.9853926659289607,-0.12014547377920487,0.1206911722694987,-0.12003849666498784,-0.9927355119576029,-0.008183068903874581,0.12079757138214789,-0.006424050797296317,-0.9926563747438125
5.733,0.015700900927186012,Empty,0.62662,0.2458,0.21377,-0.11979,0.11948,-0.0084,0.99643,-0.0595,0.05985,-0.00061,0.9857537764752196,-0.11865521540354301,0.11920751663541153,-0.11850947776961407,-0.9929179287139617,-0.008336097237316036,0.11935240191808666,-0.005909881209926195,-0.9928343655718552
5.8,0.015700900927186012,Empty,0.62807,0.24571,0.21083,-0.11929,0.11698,-0.0084,0.99652,-0.05926,0.0586,-0.0007,0.9861099556257107,-0.11818670019831518,0.11670072541373361,-0.11802213164394476,-0.9929759083977601,-0.008343966914014678,0.1168671547445111,-0.005545199534402049,-0.9931320752568845
5.867,0.015700900927186012,Empty,0.62965,0.24525,0.20731,-0.11531,0.11568,-0.00895,0.99667,-0.05727,0.05797,-0.00113,0.9867197899739268,-0.11428725019763714,0.11542305019393638,-0.11402479005812688,-0.9934380759052374,-0.008895875105881468,0.11568233800373043,-0.004383353050122591,-0.9932765893194243
5.933,0.015700900927186012,Empty,0.63203,0.24456,0.20289,-0.11218,0.12054,-0.00535,0.99662,-0.0558,0.06029,0.00071,0.986504766576807,-0.11113087399587906,0.1202425647021542,-0.11130276569780018,-0.9937723753175365,-0.005306637707851905,0.12008347042478525,-0.008148306612654364,-0.9927303587732602
6.0,0.015700900927186012,Empty,0.63321,0.24475,0.1976,-0.10937,0.11938,-0.00747,0.99673,-0.05434,0.05977,-0.00046,0.9869500898088212,-0.10838338136069914,0.11909056583617575,-0.10827333820552809,-0.9940935214667008,-0.0074131512708860495,0.1191906223668229,-0.005577922799300668,-0.9928557207958537
6.067,0.015700900927186012,Empty,0.635,0.245,0.19227,-0.10865,0.12039,-0.00894,0.99672,-0.05393,0.06031,-0.00119,0.9869076397829699,-0.10765019102660206,0.12010306786232905,-0.10736417888452993,-0.9941802044342116,-0.008868720516467726,0.1203588120183057,-0.0041421592297498705,-0.9927218134434526
6.133,0.015700900927186012,Empty,0.63681,0.24612,0.1868,-0.10895,0.12326,-0.01407,0.99662,-0.05391,0.06188,-0.00366,0.9865295164199968,-0.10791526536205076,0.12293823137643445,-0.10700857419820364,-0.9941598958274627,-0.0139737817499749,0.12372824366406847,0.0006301032983202455,-0.9923159399554348
6.2,0.015700900927186012,Empty,0.63815,0.24609,0.18049,-0.10553,0.12618,-0.0144,0.99662,-0.05218,0.06334,-0.00385,0.9865316134817081,-0.10449019613018207,0.12584583629923507,-0.10351442508089576,-0.9945253440524107,-0.014286491437912496,0.12664967193541982,0.0010672160558966924,-0.9919469348954815
6.267,0.015700900927186012,Empty,0.6388,0.2464,0.17494,-0.10419,0.1248,-0.0153,0.9967,-0.05149,0.06267,-0.00438,0.9868424545394738,-0.10318800983662307,0.12447571869430474,-0.10209056717020631,-0.994659272419647,-0.015180510020546226,0.12537737440771488,0.002272975049416299,-0.9921065202744375
6.333,0.015700900927186012,Empty,0.6407,0.24658,0.16985,-0.10369,0.12838,-0.01634,0.99659,-0.05119,0.06448,-0.00482,0.9864456467295792,-0.10264452417057807,0.12801987230917694,-0.10140186464888606,-0.994713568008197,-0.016204303938481712,0.129006387027896,0.0030032113141353982,-0.9916392150514275
6.4,0.015700900927186012,Empty,0.64284,0.24765,0.16503,-0.10512,0.1333,-0.01919,0.99639,-0.05178,0.06701,-0.00606,0.9856565489197574,-0.10399457489656944,0.13291461907433433,-0.10236997770707268,-0.9945645923156925,-0.019017344088321807,0.13416987454658758,0.005138103152131179,-0.9909450260534896
6.467,0.015700900927186012,Empty,0.6448,0.24848,0.15978,-0.10637,0.13817,-0.01887,0.99619,-0.05238,0.06943,-0.00573,0.9848711663480655,-0.10514936101308742,0.13774032661040295,-0.10355919169574812,-0.9944478483276911,-0.018680759399680412,0.1389398413397842,0.004133864410549193,-0.9902921950886573
6.533,0.015700900927186012,Empty,0.64564,0.24991,0.1545,-0.10483,0.14004,-0.01868,0.99617,-0.05161,0.07035,-0.00564,0.9847739609502892,-0.1036163881580644,0.1395847052486629,-0.10202924852398548,-0.9946093925611668,-0.01849834248622159,0.14074899033353527,0.00397496341920829,-0.990037333329358
6.6,0.015700900927186012,Empty,0.64715,0.2515,0.15005,-0.10722,0.14375,-0.01741,0.99598,-0.05282,0.07217,-0.00482,0.9840023226399699,-0.10591316864098804,0.14325442313440268,-0.10452069711867495,-0.9943734034277816,-0.017232481808389308,0.14427353504011425,0.001983749952964722,-0.9895358567647529
6.667,0.015700900927186012,Empty,0.64833,0.25413,0.14595,-0.10962,0.14765,-0.01748,0.99578,-0.05399,0.07412,-0.00466,0.9831815764217657,-0.10822116997794562,0.1471127667927425,-0.10683944048670868,-0.9941260216272643,-0.01728545862959563,0.14811928213874895,0.0012772987720308976,-0.9889686783546529
6.733,0.015700900927186012,Empty,0.64927,0.25694,0.14213,-0.11053,0.15139,-0.01763,0.99561,-0.05441,0.07599,-0.0046,0.9825313171645658,-0.10904415947195684,0.15080312356154152,-0.10764480860019326,-0.9940365001134157,-0.01743650262233945,0.15180515792386945,0.0008987365161773049,-0.9884100294414173
6.8,0.015700900927186012,Empty,0.64949,0.25965,0.13869,-0.11044,0.15335,-0.01775,0.99554,-0.05435,0.07697,-0.00461,0.982241810150731,-0.10892770342783309,0.1527605375015203,-0.10750799711026021,-0.994049341629716,-0.017548132745908426,0.15376298952984616,0.0008135302488311653,-0.9881074239268618
6.867,0.015700900927186012,Empty,0.64988,0.26178,0.13579,-0.11016,0.15612,-0.01853,0.99544,-0.05416,0.07837,-0.00493,0.981849346423152,-0.10860225640126459,0.15549087057760994,-0.10705738947408999,-0.9940844039476735,-0.018300633513395434,0.1565585394905757,0.0013220183631644877,-0.9876677963667874
6.933,0.015700900927186012,Empty,0.65106,0.2639,0.13336,-0.11062,0.16204,-0.02027,0.99519,-0.05428,0.08136,-0.00561,0.9808697236012378,-0.10895011751998579,0.16132097574343018,-0.10712491479623965,-0.9940444841746872,-0.019995402265990045,0.16253872754617407,0.002331388912576034,-0.9866994104961293
7.0,0.015700900927186012,Empty,0.65164,0.26531,0.13045,-0.11138,0.16594,-0.02167,0.99501,-0.05457,0.08334,-0.00617,0.980151301428599,-0.10962569592627164,0.16518363448145873,-0.10756755207179197,-0.993967824684352,-0.021381890317260996,0.16653122244523982,0.003189088417974862,-0.9860310246974767
7.067,0.015700900927186012,Empty,0.65285,0.2661,0.1274,-0.11233,0.17261,-0.02147,0.9947,-0.055,0.08666,-0.00584,0.9789298238790313,-0.11042877078301078,0.1717611321094561,-0.1084055309087501,-0.993881866818048,-0.021144164175112654,0.17304519868681947,0.002078796196198758,-0.9849116903650874
7.133,0.015700900927186012,Empty,0.65246,0.26677,0.12442,-0.11319,0.17304,-0.02161,0.99466,-0.05542,0.08688,-0.00586,0.9787602981874172,-0.11126192720716876,0.17218903056299684,-0.1092258553720859,-0.9937890537133144,-0.021284483499271395,0.17348772639675186,0.002024913267578416,-0.9848339497173847
7.2,0.015700900927186012,Empty,0.65216,0.26678,0.12254,-0.11218,0.17392,-0.02224,0.99465,-0.05488,0.08733,-0.00619,0.9787256351001447,-0.11024668262779225,0.17303699074875656,-0.10808461114988299,-0.9939005092044908,-0.021897365951933895,0.1743956651708893,0.002728877538701614,-0.9846718769199121
7.267,0.015700900927186012,Empty,0.6524,0.26649,0.1219,-0.10991,0.17725,-0.02261,0.99456,-0.05371,0.08899,-0.00638,0.9783912679372316,-0.10796307257462928,0.17633633143632538,-0.10569223690150714,-0.9941499781732764,-0.022247965228971378,0.1777067187332318,0.0031298335928860387,-0.9840785163078954
7.333,0.015700900927186012,Empty,0.65257,0.26623,0.12106,-0.1136,0.1813,-0.02796,0.99426,-0.05527,0.09116,-0.00876,0.97726882556798,-0.11150130464013935,0.1803138975135523,-0.10830604477486894,-0.9937371280315406,-0.02750129154875633,0.1822510445462662,0.007347069835821724,-0.9832245813274921
7.4,0.015700900927186012,Empty,0.65167,0.26597,0.11927,-0.11371,0.1834,-0.03386,0.99414,-0.05503,0.09237,-0.01163,0.9768809438948176,-0.11156008285169339,0.18236767632805118,-0.10726238544580846,-0.9936731436182692,-0.03329360779880727,0.18492809987572054,0.012962699021006843,-0.9826665590679506
7.467,0.015700900927186012,Empty,0.65058,0.26474,0.11698,-0.11444,0.18387,-0.03766,0.99407,-0.05521,0.09271,-0.01347,0.9767124068791821,-0.11226219726939884,0.18283892723520775,-0.10726768178906704,-0.9935409815178875,-0.037013004310277986,0.1858131284163596,0.016538352660400542,-0.9824459090450759
7.533,0.015700900927186012,Empty,0.64938,0.26255,0.11452,-0.11376,0.18521,-0.04337,0.99398,-0.05459,0.09353,-0.0163,0.9765426175468173,-0.11158004644381653,0.18415865266233375,-0.10548343283841682,-0.9935078390479027,-0.04260773576464337,0.18771723818401354,0.022182582941627452,-0.9819725920322848
7.6,0.015700900927186012,Empty,0.64825,0.25984,0.11184,-0.11567,0.18605,-0.04843,0.99385,-0.05529,0.0941,-0.0187,0.9761758718383056,-0.11340941220990147,0.18498370864194608,-0.10637194597945665,-0.9931879882273738,-0.0475671015451396,0.18911815446769606,0.026756779758907247,-0.9815897301763431
7.667,0.015700900927186012,Empty,0.64739,0.25681,0.10969,-0.11671,0.18865,-0.0545,0.99364,-0.05548,0.09557,-0.02159,0.9755781973524384,-0.11438045711638023,0.18752144378820806,-0.10612912374411965,-0.9929120381679701,-0.05350040704922286,0.1923116999661526,0.03229234415422794,-0.9808024340126573
7.733,0.015700900927186012,Empty,0.64675,0.25312,0.10756,-0.11815,0.19061,-0.05951,0.99345,-0.05592,0.0967,-0.02395,0.9750443043620056,-0.11573623168582786,0.1894564045008167,-0.106472361251163,-0.9925991033107964,-0.05840082530414174,0.19481334867204203,0.03677152134148645,-0.9801508120679278
7.8,0.015700900927186012,Empty,0.64743,0.25083,0.10723,-0.12096,0.19048,-0.05849,0.99339,-0.05737,0.09664,-0.02331,0.9747412540032793,-0.11847942965864461,0.189320132294155,-0.10946957987250105,-0.9923316078251063,-0.057396787312334524,0.19466868989812483,0.03522222109693711,-0.9802364491868
7.867,0.015700900927186012,Empty,0.64771,0.25126,0.10775,-0.1207,0.19133,-0.05914,0.99335,-0.05719,0.09708,-0.02362,0.9746096764663551,-0.11820114277650517,0.1901695779678633,-0.10902952912891828,-0.9923434265126466,-0.05802659420529584,0.19557234036558788,0.03581918066438658,-0.9800349207964268
7.933,0.015700900927186012,Empty,0.64734,0.25248,0.10808,-0.11914,0.19149,-0.05987,0.99338,-0.05638,0.09716,-0.02405,0.9747598252670773,-0.1166941253033672,0.19033067058406253,-0.10734809225821451,-0.9924852074833945,-0.05873244431457726,0.19575410630129517,0.03681839277215995,-0.9799615991557303
8.0,0.015700900927186012,Empty,0.64712,0.25325,0.10826,-0.11816,0.19159,-0.06026,0.9934,-0.05587,0.09721,-0.02429,0.9748574769216619,-0.11573023022202772,0.19041904711106983,-0.10628381862381203,-0.9925761361345533,-0.05913005897968911,0.19584853736669058,0.037404916641496824,-0.9799205185229926
8.067,0.015700900927186012,Empty,0.6471,0.25331,0.10828,-0.11808,0.19159,-0.06031,0.9934,-0.05583,0.09721,-0.02432,0.9748648794111296,-0.11565101372970094,0.19042927798533626,-0.1061959165442527,-0.9925835029929244,-0.05916432113716101,0.19585937353124075,0.03745440707830678,-0.9799164623529715
8.133,0.015700900927186012,Empty,0.6471,0.25333,0.10829,-0.11804,0.19161,-0.06031,0.9934,-0.05581,0.09722,-0.02432,0.9748643738792823,-0.11562130564763057,0.19044990475527213,-0.10616290431263498,-0.9925864494931667,-0.05917413311959592,0.19587978529920153,0.03746803921859983,-0.979911861214187
8.2,0.015700900927186012,Empty,0.64711,0.25332,0.10831,-0.11806,0.19165,-0.06032,0.9934,-0.05582,0.09724,-0.02432,0.9748596941081182,-0.11562595345605192,0.1904710363567268,-0.10616638295581321,-0.9925859488916198,-0.059176289111456185,0.1959011892090149,0.03746695811380874,-0.9799076237667468
8.267,0.015700900927186012,Empty,0.64711,0.25331,0.10831,-0.11806,0.19165,-0.06032,0.9934,-0.05582,0.09724,-0.02432,0.9748576776429068,-0.11563576169702611,0.19047540249971046,-0.10617665385871694,-0.9925849857352912,-0.0591740168337261,0.1959056571823396,0.03746220374751697,-0.9799069123005181
8.333,0.015700900927186012,Empty,0.64712,0.25331,0.10832,-0.11806,0.19167,-0.06032,0.9934,-0.05582,0.09725,-0.02432,0.9748542196824073,-0.11563538926086436,0.19049332565182803,-0.10617514067902617,-0.9925850175010247,-0.059176199052319314,0.19592368378834144,0.03746251170142119,-0.9799032964266562
8.4,0.015700900927186012,Empty,0.64711,0.25333,0.10832,-0.11805,0.19165,-0.06033,0.9934,-0.05581,0.09724,-0.02433,0.9748585619972531,-0.11560500036135046,0.19048954824897885,-0.10614249465546433,-0.9925879569243301,-0.05918545933841157,0.19591976656009621,0.03747841592485163,-0.9799034714760434
8.467,0.015700900927186012,Empty,0.64712,0.25331,0.10832,-0.11806,0.19165,-0.06032,0.9934,-0.05582,0.09724,-0.02432,0.9748555376270784,-0.1156324973325687,0.19048833643678267,-0.10617250321973976,-0.9925853332729154,-0.05917563461044789,0.19591855531795296,0.03746307157893461,-0.97990430040387
8.533,0.015700900927186012,Empty,0.64711,0.25333,0.10832,-0.11802,0.19167,-0.06031,0.9934,-0.0558,0.09725,-0.02432,0.9748585960271479,-0.11559754791624677,0.19049389666792194,-0.10613569749703738,-0.9925889700881445,-0.05918065711171286,0.1959232795478765,0.03747456971211002,-0.9799029161891991
8.6,0.015700900927186012,Empty,0.64712,0.25331,0.10832,-0.11804,0.19167,-0.06031,0.9934,-0.05581,0.09725,-0.02432,0.9748561958582993,-0.11561722524151985,0.19049423777148008,-0.10615686478510794,-0.9925870480091341,-0.05917492867346405,0.19592375418943436,0.0374647748153502,-0.9799031958271965
8.667,0.015700900927186012,Empty,0.64711,0.25333,0.10833,-0.11802,0.19167,-0.06031,0.9934,-0.0558,0.09725,-0.02432,0.974856998085186,-0.11560076098814293,0.19050012426059454,-0.10613856568495156,-0.9925886154345565,-0.05918146148965438,0.1959296765645291,0.03747405193827406,-0.9799016569394332
8.733,0.015700900927186012,Empty,0.64712,0.25332,0.10832,-0.11804,0.19167,-0.06031,0.9934,-0.05581,0.09725,-0.02432,0.974855559836685,-0.11561367804224709,0.19049964541974013,-0.10615206961793106,-0.9925872707343333,-0.059179794626183474,0.1959295168455561,0.03746982019854083,-0.9799018506988116
8.8,0.015700900927186012,Empty,0.64711,0.25333,0.10832,-0.11802,0.19167,-0.06031,0.9934,-0.0558,0.09725,-0.02432,0.9748584816733294,-0.11559159405597513,0.1904980947232005,-0.10612936174130216,-0.992589614695768,-0.059181207950588816,0.19592728060674622,0.0374758613203972,-0.9799020668068518
