time,gr,gr_state,tx,ty,tz,rx,ry,rz,qw,qx,qy,qz,xx,xy,xz,yx,yy,yz,zx,zy,zz
0.0,0.015694333240389824,Empty,0.30818,0.00113,0.48559,0.01063,0.00319,-0.005,0.99998,0.00532,0.00158,-0.00251,0.9999383632165053,0.010637263546056264,0.0031809420220883186,0.010653092466215985,-0.9999307467263965,-0.00500133703099252,0.003127521191358689,0.005034915634155737,-0.9999824339635945
0.067,0.015694333240389824,Empty,0.30818,0.00113,0.48559,0.01063,0.00319,-0.005,0.99998,0.00532,0.00158,-0.00251,0.9999384252727865,0.01063104061558906,0.0031822379561443864,0.010646888097163465,-0.9999307936349784,-0.005005168765256586,0.003128807572591468,0.005038741504772826,-0.9999824106689184
0.133,0.015694333240389824,Empty,0.30818,0.00113,0.48559,0.01065,0.00319,-0.005,0.99998,0.00533,0.00158,-0.00251,0.9999382692648873,0.0106449428449637,0.0031847843520628402,0.010660799830750023,-0.9999306505589143,-0.005004140265336673,0.003131294701935405,0.005037783704560933,-0.9999824077096736
0.2,0.015694333240389824,Empty,0.30818,0.00113,0.48559,0.01065,0.00319,-0.005,0.99998,0.00533,0.00158,-0.00251,0.9999382370377989,0.010647321825483391,0.003186949589078325,0.010663188718545769,-0.9999306266563199,-0.0050038266408711125,0.0031334511471248104,0.005037500634620265,-0.9999824023807943
0.267,0.015694333240389824,Empty,0.30818,0.00113,0.48559,0.01063,0.00319,-0.005,0.99998,0.00532,0.00158,-0.00251,0.9999383541008116,0.010637245630647052,0.0031838661329413815,0.010653101882651173,-0.9999307264723069,-0.00500536480610525,0.003130402280389001,0.005038974296185961,-0.999982404505002
0.333,0.015694333240389824,Empty,0.30818,0.00113,0.48559,0.01065,0.00319,-0.005,0.99998,0.00533,0.00158,-0.00251,0.9999382227160519,0.010648146696272731,0.0031886867826722417,0.010664016160739087,-0.9999306276838449,-0.005001857566481263,0.003135205062962962,0.005035552772688064,-0.999982406693981
0.4,0.015694333240389824,Empty,0.30818,0.00113,0.48559,0.01063,0.00319,-0.005,0.99998,0.00532,0.00158,-0.00251,0.9999383448543379,0.010635513980346678,0.0031925432402716207,0.0106514114848964,-0.999930748442674,-0.0050045731339446444,0.0031390959441485685,0.0050382696679945535,-0.9999823808024849
0.467,0.015694333240389824,Empty,0.30817,0.00113,0.48559,0.00987,0.00318,-0.00496,0.99998,0.00494,0.00158,-0.00249,0.9999461158182781,0.00988015633547601,0.0031855879717196545,0.009895867997182617,-0.999938759711924,-0.004954656634039346,0.0031364401032617424,0.00498591381448246,-0.9999826515529722
0.533,0.015694333240389824,Empty,0.30758,0.00165,0.4849,0.00559,0.00289,-0.00361,0.99999,0.0028,0.00144,-0.00181,0.9999801688446828,0.005597192255344052,0.002886755309448169,0.005607608445634682,-0.9999777506423344,-0.0036128863554939785,0.002866469061468533,0.0036290025012372636,-0.9999893067908104
0.6,0.015694333240389824,Empty,0.30639,0.00234,0.48318,0.00034,0.00118,-0.00186,1.0,0.00017,0.00059,-0.00093,0.9999992404735443,0.0003336062004224427,0.001186490302445261,0.00033581227455442564,-0.9999982145301893,-0.001859614623918929,0.0011858678050334942,0.0018600116494996248,-0.9999975670341469
0.667,0.015694333240389824,Empty,0.30659,0.00257,0.48331,-0.00034,0.00018,-0.00142,1.0,-0.00017,9e-05,-0.00071,0.9999999268702093,-0.0003380705877264467,0.00017879556266571788,-0.0003378146468761001,-0.9999989211045421,-0.0014295702206915135,0.00017927866540887744,0.0014295097163874787,-0.9999989621800268
0.733,0.015694333240389824,Empty,0.30775,0.00234,0.48398,-0.00082,-0.00114,-0.00194,1.0,-0.00041,-0.00057,-0.00097,0.9999990014065306,-0.0008228095259764645,-0.001148986695153658,-0.0008250365514201885,-0.9999977795524218,-0.0019391247805955211,-0.001147388613547488,0.0019400708002187757,-0.9999974598091036
0.8,0.015694333240389824,Empty,0.30961,0.00209,0.48537,-0.00117,-0.00502,-0.0025,1.0,-0.00059,-0.00251,-0.00125,0.9999867240558136,-0.0011823903366949828,-0.00501534298068801,-0.0011949155011786727,-0.9999961732976355,-0.0024951086209418615,-0.00501237359614079,0.002501068407090421,-0.9999843102607938
0.867,0.015694333240389824,Empty,0.31211,0.00206,0.48733,-0.00103,-0.00802,-0.00262,0.99999,-0.00052,-0.00401,-0.00131,0.9999672813900058,-0.0010236474228940695,-0.008024231766015029,-0.0010447024819988382,-0.9999960216127033,-0.002620182339036335,-0.008021517699614436,0.0026284795451543574,-0.9999643725398799
0.934,0.015694333240389824,Empty,0.31462,0.00216,0.48832,-0.00079,-0.00906,-0.00244,0.99999,-0.0004,-0.00453,-0.00122,0.9999586151134702,-0.000795352362734647,-0.009062862404847565,-0.0008175321023535798,-0.9999966795406856,-0.0024438798793793032,-0.009060888566345392,0.00245118792064298,-0.999955945017662
1.0,0.015694333240389824,Empty,0.31708,0.0024,0.48888,-0.00023,-0.0118,-0.00214,0.99998,-0.00012,-0.0059,-0.00107,0.9999304501320287,-0.00023593126204191073,-0.011791489948179103,-0.00026106326528035906,-0.999997697738412,-0.0021298741387763137,-0.011790960297191266,0.0021328043311795585,-0.9999282096235484
1.067,0.01569466106593609,Empty,0.31947,0.00265,0.4889,0.00035,-0.01362,-0.0018,0.99998,0.00017,-0.00681,-0.0009,0.9999072567228517,0.00034517397603173183,-0.013614654160420597,0.00032073299063367644,-0.9999983333491147,-0.0017973395176858432,-0.013615251864372884,0.0017928061577835084,-0.9999057009352185
1.133,0.01569466106593609,Empty,0.32166,0.00336,0.488,0.00152,-0.01684,-0.00053,0.99996,0.00076,-0.00842,-0.00026,0.9998569835667495,0.0015297658292520722,-0.01684257193270304,0.0015210416013536898,-0.9999987023492694,-0.00053078453676241,-0.016843362052974407,0.0005050903732677046,-0.9998580129390708
1.2,0.015694333240389824,Empty,0.3246,0.0043,0.48773,0.00475,-0.01864,0.00136,0.99995,0.00238,-0.00932,0.0007,0.9998149523336577,0.00474201726567397,-0.01864334632778893,0.004767952838653111,-0.9999877261132433,0.0013469404566357514,-0.018636730286566185,-0.0014355818044931206,-0.9998252904328377
1.267,0.015694333240389824,Empty,0.32929,0.00423,0.48747,0.01082,-0.0201,-0.00035,0.99993,0.00541,-0.01005,-0.00012,0.9997395750786477,0.010819529258823735,-0.020092780001338906,0.010814532067442317,-0.999941457384834,-0.00035735032715378777,-0.02009547007977207,0.00013996325057439834,-0.999798055855562
1.333,0.015694333240389824,Empty,0.33545,0.00331,0.48705,0.0169,-0.02049,-0.00349,0.99991,0.00843,-0.01026,-0.00166,0.9996472235629974,0.016889849140338087,-0.02049783936923294,0.016821794608938845,-0.9998524196866203,-0.0034879898143606956,-0.02055372591344272,0.0031419488899454297,-0.9997838128856896
1.4,0.01569466106593609,Empty,0.3415,0.00256,0.48535,0.02686,-0.02203,-0.00662,0.99984,0.01339,-0.01106,-0.00316,0.9993966702571894,0.02684553208219742,-0.02203662601367745,0.02670563675862614,-0.9996214319486614,-0.006618289372902402,-0.022205955150798887,0.006025794232370242,-0.9997352576355952
1.467,0.01569466106593609,Empty,0.34758,0.00193,0.48302,0.04257,-0.02345,-0.01014,0.99969,0.02122,-0.01183,-0.00482,0.9988192236022413,0.042550241307714676,-0.02344430692664242,0.04232200993498997,-0.9990524948090258,-0.010146925195518004,-0.023853847439731422,0.009142733755068997,-0.9996736489383954
1.533,0.01569466106593609,Empty,0.35428,0.00104,0.48122,0.05842,-0.02243,-0.01502,0.99948,0.02912,-0.01143,-0.00718,0.9980427351147203,0.058374553210165436,-0.02243012309912351,0.058046086326913104,-0.9982008061360871,-0.015026725904002312,-0.023266945370134386,0.013695333759314678,-0.9996354771047113
1.6,0.015694333240389824,Empty,0.36129,-0.00046,0.47842,0.07329,-0.02094,-0.0196,0.99923,0.03653,-0.01082,-0.00941,0.9970967519843373,0.0732091267136839,-0.020940175455430803,0.07280164600024747,-0.9971537868967839,-0.019602183986935938,-0.022315634025030513,0.01802079474448387,-0.9995885470706628
1.667,0.015694333240389824,Empty,0.36795,-0.00181,0.4746,0.08816,-0.02012,-0.02403,0.99891,0.04394,-0.01058,-0.01156,0.995914176154229,0.08803235643316887,-0.02013101974235533,0.08754302563000044,-0.995871113097013,-0.024019674486989228,-0.022162409584444768,0.022159203950939566,-0.999508777991305
1.734,0.015694333240389824,Empty,0.37485,-0.0031,0.47069,0.10475,-0.01751,-0.02856,0.9985,0.05222,-0.00949,-0.0138,0.9943657426094399,0.10454582855001143,-0.017519693421089964,0.10402163352360083,-0.9941650557875915,-0.0285541872575003,-0.020402688152767103,0.026570878488418843,-0.9994387018384341
1.8,0.015694333240389824,Empty,0.38285,-0.00438,0.46611,0.12265,-0.01221,-0.03159,0.99798,0.06118,-0.00706,-0.01539,0.9924139380348734,0.1223339543885123,-0.01220570349401419,0.12189939210465534,-0.9920398272187965,-0.03158353077500235,-0.015972282198542916,0.029856068317335716,-0.9994265862913597
1.867,0.015694333240389824,Empty,0.3889,-0.00533,0.46115,0.13413,-0.01389,-0.03563,0.99758,0.06688,-0.00812,-0.01731,0.9909222346417892,0.1337163558315505,-0.01389464197642704,0.13315398806643103,-0.9904553182642758,-0.03561289070009632,-0.018524048005974438,0.03343947824267674,-0.9992690633359615
1.933,0.015694333240389824,Empty,0.39604,-0.00574,0.45705,0.1455,-0.01275,-0.03801,0.99716,0.07255,-0.00774,-0.01849,0.9893538123954895,0.14497012990679725,-0.012755208085982732,0.1443976955375667,-0.9887900703549848,-0.03799345063066245,-0.018120138574266035,0.03574714257378767,-0.9991965784448319
2.0,0.015694333240389824,Empty,0.40353,-0.00518,0.45394,0.15677,-0.01052,-0.04053,0.99672,0.07818,-0.00683,-0.01979,0.9876830003793489,0.1561144355256699,-0.010515406894121199,0.1555738392259527,-0.9869925882244489,-0.04052667440712578,-0.016705427565462984,0.03839158515228548,-0.9991231229830236
2.067,0.015694333240389824,Empty,0.4116,-0.00413,0.4506,0.1607,-0.01023,-0.04417,0.99653,0.08013,-0.00687,-0.0216,0.9870637277445216,0.16000215151903646,-0.010222958493919299,0.15940879077414655,-0.9862245912971865,-0.04415759215154075,-0.017147442812660205,0.041956728065672085,-0.9989722709740293
2.134,0.015694333240389824,Empty,0.41959,-0.00303,0.44737,0.16265,-0.01007,-0.04754,0.99641,0.08109,-0.00695,-0.02328,0.9867525040706915,0.1619202772505704,-0.010065760046760991,0.16127351554269742,-0.9857650951392958,-0.047518737246632387,-0.017616722019716518,0.04526589245904137,-0.9988196284040312
2.2,0.015694333240389824,Empty,0.42678,-0.00165,0.44371,0.16258,-0.00879,-0.04908,0.9964,0.08107,-0.00637,-0.0241,0.986774010325346,0.16186357509905258,-0.00878837883726816,0.161249344704107,-0.9856933656650813,-0.049063608880110965,-0.016604257855443026,0.04699757376714042,-0.9987569908046061
2.267,0.015694333240389824,Empty,0.43468,4e-05,0.44016,0.16267,-0.00376,-0.05088,0.99637,0.08117,-0.00394,-0.0252,0.9867910743790351,0.1619545119829997,-0.0037565375304722953,0.16155748765608874,-0.9855517436302617,-0.05086195837365883,-0.011939585760075103,0.04958322978285566,-0.9986986280235787
2.333,0.015694333240389824,Empty,0.4424,0.00163,0.43614,0.16315,0.00257,-0.0557,0.99628,0.08149,-0.00099,-0.02786,0.986717360312998,0.16242624376162257,0.0025624586707454454,0.16231556975977907,-0.985166589316306,-0.05568165863580963,-0.006519713989709091,0.05535798616610344,-0.9984452847788535
2.4,0.015694333240389824,Empty,0.44914,0.00296,0.43074,0.16416,0.0047,-0.06424,0.99611,0.08202,-0.00029,-0.0322,0.9865465354124611,0.16341293347200736,0.004706021647138632,0.16337575694578665,-0.984473580277117,-0.06418825265378755,-0.005856236680777671,0.06409354811857836,-0.9979267115282118
2.467,0.015694333240389824,Empty,0.45556,0.00377,0.4253,0.16563,0.00698,-0.07098,0.99593,0.08279,0.00054,-0.03565,0.9862896573517184,0.1648760469013414,0.006971438819694198,0.16495253313437136,-0.9837485561626665,-0.07091854525033088,-0.0048346265196180065,0.071096184187731,-0.9974577479674818
2.534,0.015694333240389824,Empty,0.46103,0.00442,0.41998,0.16825,0.01046,-0.07448,0.99574,0.08416,0.00208,-0.03754,0.9858258967655515,0.16744525604803218,0.010458847613635615,0.16775743912577118,-0.9830163261865223,-0.07440661307112091,-0.00217781642005987,0.07510651554799537,-0.9971731386463835
2.6,0.015694333240389824,Empty,0.46548,0.00546,0.41475,0.17027,0.01205,-0.07906,0.99556,0.0852,0.00264,-0.03989,0.9854673298605165,0.169437294090921,0.012047620044233556,0.16985803291613405,-0.9822993333295833,-0.078970047449127,-0.00154610201635316,0.07986878684068402,-0.9968041866169867
2.667,0.015694333240389824,Empty,0.46926,0.00659,0.40984,0.17475,0.01538,-0.08214,0.99529,0.0875,0.00407,-0.04157,0.9846538323108311,0.17384000963223706,0.015377957167872505,0.17451689046168817,-0.9812307089062171,-0.08203749656703338,0.0008279246199432565,0.0834622486545062,-0.9965105958244282
2.733,0.015694333240389824,Empty,0.47255,0.00806,0.4055,0.18077,0.01938,-0.08666,0.9949,0.09059,0.00573,-0.04401,0.9835229741723386,0.17974301901706008,0.019365081715042434,0.1807508310909796,-0.9797155432697444,-0.08652509078637108,0.0034199905142483136,0.08859966924488195,-0.9960614450296628
2.8,0.015694333240389824,Empty,0.47511,0.00977,0.40176,0.18812,0.02314,-0.09109,0.99443,0.09434,0.00723,-0.04641,0.9820970839769733,0.1869495853306627,0.023133745667716386,0.1882916348542661,-0.9778928945917336,-0.09094914486078623,0.005619420595849791,0.09367678075005463,-0.9955868032775812
2.867,0.015694333240389824,Empty,0.47635,0.01141,0.39891,0.19638,0.02481,-0.09495,0.99393,0.0985,0.00768,-0.04844,0.9804778711974802,0.19505754418575977,0.02481327363080986,0.19654604386355518,-0.9759024001395533,-0.0947847985884052,0.005726843252830503,0.09781134830928104,-0.9951884964207928
2.933,0.015694333240389824,Empty,0.47754,0.01281,0.39718,0.20395,0.02897,-0.09817,0.99343,0.10237,0.0094,-0.05028,0.9788647116651311,0.20244610847514,0.028973253528244515,0.20433694494936833,-0.9739847832136477,-0.09797987036643105,0.00838386459211877,0.10182934366642843,-0.9947665533093507
3.0,0.015694333240389824,Empty,0.47869,0.01217,0.39597,0.22774,0.03293,-0.09914,0.99208,0.11428,0.01071,-0.05109,0.9736522317815244,0.22564910203170402,0.032921335014573755,0.2278371896712434,-0.9686612837720463,-0.09892184957733517,0.009567996110265717,0.10381618406287464,-0.9945504780437529
3.067,0.015694333240389824,Empty,0.48058,0.01018,0.39439,0.24915,0.03966,-0.10357,0.9906,0.12508,0.01322,-0.05381,0.9683624237729573,0.2463788195954088,0.03964458953421281,0.2492235384327442,-0.9629201373932765,-0.10330748711287184,0.012721796870947055,0.1099194534979444,-0.9938590793603929
3.134,0.015694333240389824,Empty,0.48229,0.00691,0.39155,0.2722,0.04543,-0.10519,0.98897,0.13664,0.01534,-0.05515,0.9621882933796668,0.2685715710145396,0.045420252376073736,0.27195637875579914,-0.9565762932735891,-0.10488814614146214,0.015277962467440431,0.11327447368998204,-0.9934462630022325
3.2,0.015694333240389824,Empty,0.48369,0.00369,0.3879,0.29561,0.04956,-0.1066,0.98719,0.14832,0.01663,-0.05632,0.9554468338790308,0.2909751465642943,0.04954605647701071,0.29472198424138113,-0.94965706393136,-0.1062563547751017,0.016133804119262466,0.11612460982563814,-0.9931036075644295
3.267,0.015694333240389824,Empty,0.48546,0.00102,0.38388,0.32111,0.05593,-0.10873,0.98505,0.16107,0.01888,-0.05808,0.9474026366964995,0.3151231156450701,0.05590765570710947,0.3195096234942469,-0.9413691419224615,-0.10834084700948898,0.018489036618642006,0.12050543814414645,-0.9925404751961514
3.333,0.01569466106593609,Empty,0.48701,-0.00144,0.3792,0.34291,0.06187,-0.10496,0.98323,0.1719,0.02149,-0.05693,0.9399764197670559,0.3355903325597582,0.06183412467511952,0.3404840897192638,-0.9344191155372732,-0.10455381947391675,0.022691737041302215,0.11933166055565887,-0.9925951036848194
3.4,0.01569466106593609,Empty,0.48878,-0.0028,0.37501,0.36722,0.06829,-0.09958,0.98109,0.18392,0.02444,-0.05513,0.931151652585414,0.35819159760023295,0.06823033999655305,0.36358044132422557,-0.9262681212132315,-0.09917978781279681,0.027674222192029228,0.11715864045260518,-0.9927275509390093
3.467,0.01569466106593609,Empty,0.49066,-0.00357,0.37148,0.39096,0.07353,-0.095,0.97885,0.1956,0.0268,-0.05368,0.922042160520894,0.3800540235169609,0.07346559351513424,0.3858086439201202,-0.9177148536719122,-0.09461045199373373,0.03146338345568472,0.1155784865730213,-0.9927999138512302
3.533,0.01569466106593609,Empty,0.49283,-0.00503,0.36848,0.41343,0.07749,-0.08452,0.97677,0.20651,0.02921,-0.04926,0.9129972058053775,0.40055275850010663,0.07741827852341415,0.4063093674317269,-0.9098509313276266,-0.08416638699314813,0.03672601433321696,0.10829944792197996,-0.993439695930755
3.6,0.01569466106593609,Empty,0.49451,-0.00641,0.3655,0.43375,0.08039,-0.06884,0.97491,0.21623,0.03182,-0.04222,0.9044594591782379,0.41893072528205,0.08031272699681447,0.4243056064549158,-0.902919697275523,-0.06856218055753424,0.043793139119448786,0.09608885308157956,-0.9944089165325959
3.667,0.01569466106593609,Empty,0.4967,-0.00746,0.36346,0.4565,0.08177,-0.05412,0.97264,0.22708,0.03368,-0.03558,0.8946046690608636,0.43933010964596547,0.08167950081242445,0.44412388122657115,-0.8943414226461215,-0.053920291760695134,0.049360553266240205,0.08451316168370471,-0.9951990058694163
3.734,0.01569466106593609,Empty,0.49977,-0.00856,0.36192,0.48399,0.0834,-0.03654,0.96967,0.24013,0.03609,-0.02771,0.8820692168573003,0.46369839112796735,0.08329284926140676,0.46769834877844735,-0.8831379116424836,-0.0364099377871808,0.056675843378485864,0.07107201337437365,-0.9958597379612503
3.8,0.01569466106593609,Empty,0.50401,-0.00961,0.35979,0.51332,0.08323,-0.01788,0.96627,0.25398,0.03797,-0.0192,0.8681077612487361,0.48936547006902487,0.08312852436937271,0.4922811024970138,-0.8702539870912304,-0.01781331176792475,0.06362571008666042,0.05638647582478359,-0.9963796135811036
3.867,0.01569466106593609,Empty,0.50792,-0.00962,0.35682,0.54086,0.08137,-0.00595,0.96282,0.26704,0.0384,-0.01373,0.8544299672405404,0.5131699360438046,0.08127759729548188,0.5152792186962553,-0.8570018048375379,-0.005935763217928568,0.0666089923441712,0.04695235080376709,-0.9966738277354803
3.933,0.01569466106593609,Empty,0.51189,-0.0091,0.35378,0.56717,0.07734,-0.00048,0.95934,0.2796,0.03705,-0.01105,0.8409076777018872,0.5356357619028281,0.07725676768280901,0.5372730695998479,-0.8434082129798267,-0.0004847276885049587,0.0648993548872077,0.041915591955163645,-0.9970111117165508
4.0,0.01569466106593609,Empty,0.51557,-0.00797,0.34985,0.59273,0.07597,0.00452,0.95574,0.29175,0.03698,-0.00893,0.8270247669030826,0.5570175625587988,0.07590434724017503,0.558338212876988,-0.8296011304519122,0.004517122340679025,0.06548644875264852,0.03864452553680088,-0.997104871954702
4.067,0.01569466106593609,Empty,0.51798,-0.00571,0.34482,0.61565,0.07269,0.00649,0.9524,0.30267,0.03561,-0.00792,0.8142493467127615,0.5759549224206738,0.0726218198425025,0.577082851437638,-0.8166599651638661,0.006471775270983041,0.06303478368683788,0.036639168084832044,-0.9973385520512105
4.133,0.01569466106593609,Empty,0.52036,-0.00277,0.3404,0.64139,0.06995,0.00848,0.94847,0.31489,0.03452,-0.007,0.799302680873812,0.5968517009850485,0.06988040769193651,0.5978175230454283,-0.8015874942918418,0.008467475110971762,0.061069087824903896,0.035007656679366186,-0.9975194386507232
4.2,0.01569466106593609,Empty,0.52403,0.00015,0.33644,0.67032,0.06887,0.00571,0.94383,0.32863,0.03345,-0.00863,0.7817610432778587,0.6197689765405332,0.06881923372876138,0.6209234313482556,-0.7838504774978738,0.005702747501265364,0.057478375201655746,0.03827328891348072,-0.9976128466193299
4.267,0.01569466106593609,Empty,0.52619,0.00278,0.33102,0.69209,0.06961,0.00073,0.94016,0.33896,0.03286,-0.01146,0.7680506649796096,0.6366003941307549,0.06955655409051759,0.638107090792012,-0.7699472842007756,0.000721271658222597,0.05401404174225817,0.0438305571994886,-0.9975777491254745
4.333,0.01569466106593609,Empty,0.52782,0.00512,0.32571,0.7144,0.0679,-0.00511,0.93631,0.34953,0.03091,-0.01426,0.7537520634051367,0.6536463232897696,0.06785507322422178,0.6554098531890002,-0.7552561873844239,-0.005100564705677359,0.04791399853144915,0.0483174447514518,-0.9976821504253842
4.4,0.01569466106593609,Empty,0.52997,0.00797,0.32102,0.73879,0.06848,-0.01094,0.93192,0.36101,0.02995,-0.01746,0.7375439503916493,0.6718225864228902,0.06843488593355246,0.6739148599590872,-0.7387282700920847,-0.010922659615653994,0.04321669546603685,0.054175228091938886,-0.9975957908362396
4.467,0.01569466106593609,Empty,0.5332,0.01048,0.31615,0.76485,0.07159,-0.01481,0.92704,0.37317,0.03044,-0.02022,0.719631282346294,0.6906610657284643,0.07154096557532555,0.6931238473806938,-0.7206671111778401,-0.014773187156836124,0.0413539558060965,0.06021799692291522,-0.9973282524754721
4.533,0.01569466106593609,Empty,0.53672,0.01313,0.31045,0.79222,0.07683,-0.02437,0.92164,0.38595,0.03073,-0.02605,0.7002015241080486,0.70980779216421,0.07675105093570558,0.713009665842072,-0.7007332143092059,-0.024293595445404315,0.0365382272769537,0.07173465373763174,-0.9967542813555405
4.6,0.015694333240389824,Empty,0.54031,0.01507,0.30392,0.8182,0.081,-0.03267,0.91634,0.39801,0.03065,-0.03108,0.6812938435464705,0.7275243487818062,0.0809136618580955,0.7313349560508294,-0.6812406095626595,-0.032563997617421694,0.03143057116580889,0.0813606404369133,-0.9961890209111353
4.667,0.015694333240389824,Empty,0.54343,0.01732,0.29639,0.84143,0.08833,-0.04431,0.91128,0.40881,0.03125,-0.03823,0.6637975011582163,0.7426910348360354,0.08822076983503668,0.7474706104105941,-0.6628275618642159,-0.044128333364777825,0.025701440203265098,0.09523471009730362,-0.9951230004196268
4.733,0.015694333240389824,Empty,0.54588,0.01915,0.28849,0.86312,0.09281,-0.05395,0.90649,0.41882,0.03085,-0.04387,0.6472802655996648,0.7565967204379204,0.0926804207360457,0.762010469083917,-0.6453354516237504,-0.053686123757248065,0.019191216004617272,0.10537341932457699,-0.9942475243761538
4.8,0.015694333240389824,Empty,0.54889,0.02154,0.28098,0.88333,0.10072,-0.06273,0.90178,0.42812,0.0321,-0.04982,0.6313724790244872,0.7689338120932592,0.10054643380151093,0.7753302486710798,-0.6284678769008147,-0.062378948367405304,0.015224921218666386,0.11734104279198493,-0.9929749651679919
4.867,0.015694333240389824,Empty,0.55094,0.02296,0.27442,0.90305,0.10064,-0.0679,0.89738,0.43707,0.03044,-0.05244,0.616084420685383,0.7812450105498976,0.10047994864472276,0.7876309576088686,-0.6124383940291573,-0.06750324536733723,0.008801204740948462,0.1207288159880522,-0.9926465089775063
4.934,0.01569466106593609,Empty,0.55286,0.0243,0.2693,0.91878,0.10154,-0.0674,0.8939,0.44411,0.03054,-0.05265,0.6036652939684256,0.7907674252712626,0.10136612840526345,0.7971992989316934,-0.5999875475099126,-0.06699418344794639,0.00784159682916571,0.12125106994537521,-0.9925908962892367
5.0,0.01569466106593609,Empty,0.55492,0.02657,0.26587,0.9344,0.10472,-0.06405,0.89039,0.45104,0.0323,-0.05211,0.591034294312126,0.7998453358014984,0.10452703833724376,0.8065778941075474,-0.5876904528303594,-0.06365557626069664,0.010514926723556169,0.12193182705362546,-0.9924827786250816
5.067,0.01569466106593609,Empty,0.55754,0.02947,0.26388,0.9527,0.10592,-0.06059,0.88629,0.45911,0.03315,-0.05114,0.5762364904378683,0.8104165997982117,0.10571869210008883,0.8171978307602228,-0.5732031290687822,-0.06021526572675182,0.011798834206609975,0.1210913192481676,-0.9925712467697739
5.134,0.01569466106593609,Empty,0.56222,0.03295,0.26247,0.97673,0.11,-0.05712,0.88067,0.46967,0.03515,-0.05096,0.5563463239486152,0.8236664350976418,0.1097832934576324,0.8308318531399157,-0.5536233991803852,-0.056741199212294646,0.014042778818876465,0.12277921474540415,-0.9923346536272659
5.2,0.01569466106593609,Empty,0.56758,0.03607,0.26085,1.00082,0.1129,-0.05322,0.87496,0.48017,0.03674,-0.05037,0.5361740801854473,0.8365545292524923,0.11266709956518055,0.8439572773425097,-0.5337994518589801,-0.052860753075135755,0.015920733585732098,0.12342878425307818,-0.9922257129604631
5.267,0.01569466106593609,Empty,0.57265,0.03909,0.25808,1.02412,0.11617,-0.05099,0.86926,0.49028,0.03812,-0.05062,0.5163401936799542,0.8485024035480498,0.11591581239731455,0.8562218531661422,-0.5141220709187332,-0.05062246887470223,0.016641591008213403,0.12538806708540876,-0.9919681900551551
5.333,0.015694333240389824,Empty,0.57846,0.04224,0.25523,1.04988,0.12055,-0.0477,0.86282,0.50135,0.04018,-0.05078,0.49405993876221177,0.861071707868881,0.12025094934364446,0.8692325828416634,-0.4921327440855163,-0.04732947417065498,0.018425358522714288,0.1279096403975396,-0.991614658048519
5.4,0.015694333240389824,Empty,0.58477,0.04618,0.25157,1.0749,0.12801,-0.0456,0.85629,0.51202,0.04328,-0.05228,0.4719173645462663,0.8723527712940128,0.12765047377648858,0.8814024409101819,-0.4701979392280996,-0.04520658252092873,0.020584902168331726,0.1338452104533582,-0.9907884342489148
5.467,0.01569466106593609,Empty,0.58901,0.05016,0.24662,1.09551,0.13413,-0.04652,0.85074,0.52079,0.04511,-0.0547,0.4534876794103644,0.8811746331134327,0.13371682983233701,0.8910431043700436,-0.4515734913958672,-0.04608218769917991,0.01977652086688645,0.14004516352218033,-0.989947595277875
5.533,0.01569466106593609,Empty,0.59201,0.0538,0.24169,1.11262,0.13825,-0.04924,0.84602,0.52808,0.04567,-0.05732,0.43808481743980576,0.8883059541775494,0.1378195359934331,0.8987778891518804,-0.43568439652336555,-0.04875871817183884,0.016733161698319548,0.14522960579297842,-0.9892564697290556
5.6,0.01569466106593609,Empty,0.5941,0.05695,0.23775,1.12543,0.14171,-0.05108,0.84245,0.5335,0.04627,-0.0593,0.42646372207037386,0.8934112937826346,0.14122660478649895,0.9043853849195852,-0.4237134234944102,-0.05053721692476567,0.014689087845651065,0.1492755669635374,-0.9886865204937191
5.667,0.015694333240389824,Empty,0.59565,0.05976,0.234,1.13766,0.14434,-0.05235,0.83904,0.53865,0.04667,-0.06082,0.41535865150504625,0.89821284415869,0.1438432383126383,0.909567708213213,-0.4123168398851029,-0.05178231090755058,0.0127974527025261,0.1523433954443687,-0.98824476475659
5.734,0.015694333240389824,Empty,0.59614,0.06231,0.23144,1.14541,0.14756,-0.0537,0.83678,0.5419,0.04742,-0.06243,0.4081943116262828,0.9009793541567548,0.1470156703866034,0.9128202310624642,-0.4048952901545635,-0.05309453619461258,0.0116888715885769,0.15587176586517906,-0.987708136489245
5.8,0.015694333240389824,Empty,0.59646,0.06428,0.22942,1.15308,0.1501,-0.05429,0.83457,0.5451,0.04808,-0.06355,0.4011043726425581,0.9037453368013193,0.1495314296624284,0.9159666858545201,-0.3976505053215531,-0.05365730166715874,0.01096871239968267,0.15848798638188105,-0.9872999774743794
5.867,0.015694333240389824,Empty,0.59694,0.0658,0.22784,1.15968,0.15325,-0.05318,0.83269,0.54779,0.04949,-0.0641,0.39496259664759786,0.9059262333695427,0.1526506041332954,0.9186162253290108,-0.39164391283924993,-0.05252881207720511,0.012197451031560187,0.16097423777994754,-0.9868832337006731
5.933,0.015694333240389824,Empty,0.59686,0.06736,0.22616,1.16308,0.1592,-0.05109,0.83159,0.54909,0.05244,-0.06494,0.3915080144679852,0.9064143345876041,0.1585387292160712,0.9200371183593692,-0.38857495337719367,-0.050410380368527546,0.015911487935567473,0.16559758350296863,-0.9860650409022993
6.0,0.01569466106593609,Empty,0.59634,0.06932,0.22369,1.1656,0.16561,-0.05023,0.83066,0.55004,0.05526,-0.0664,0.3887958723323522,0.9064555273274473,0.16485189302778688,0.9211330514667053,-0.38608418873618033,-0.04952676754606046,0.018752897188468703,0.17110633005662051,-0.9850740848594045
6.067,0.01569466106593609,Empty,0.5954,0.07153,0.22074,1.16568,0.17102,-0.05285,0.83032,0.55008,0.05679,-0.06897,0.3883712144110504,0.9056501541751307,0.17019282611040915,0.921318645016008,-0.385307880420413,-0.052055658979556746,0.01843242151083819,0.17701874343834512,-0.9840348623441937
6.133,0.01569466106593609,Empty,0.594,0.07399,0.21742,1.16127,0.17649,-0.06114,0.83099,0.54842,0.05695,-0.07378,0.3919757276278294,0.9030653038369819,0.17557928680927432,0.9198730332212341,-0.3875770964148107,-0.06014646362863558,0.01373432572060797,0.18508660497314347,-0.9826262346164566
6.2,0.015694333240389824,Empty,0.59268,0.07653,0.21355,1.15737,0.18304,-0.06933,0.83145,0.54696,0.05759,-0.07885,0.39504377307072686,0.9004492501551803,0.18202078247556644,0.9186131669278306,-0.3892402264437275,-0.06813145870196084,0.009500889688094706,0.1941215959469969,-0.9809314650280749
6.267,0.015694333240389824,Empty,0.59115,0.07844,0.2095,1.15618,0.1856,-0.07667,0.83135,0.54665,0.0567,-0.08256,0.3959122092013862,0.8995535049002379,0.1845454264591122,0.9182795831130531,-0.38871006615686904,-0.07528008837693972,0.004016197579193396,0.19926860337248398,-0.9799366784986591
6.333,0.015694333240389824,Empty,0.59033,0.07871,0.20758,1.15617,0.18395,-0.07989,0.8313,0.54675,0.05513,-0.08345,0.3960435393625675,0.8998286395279109,0.18291510165789962,0.9182316389257714,-0.38819606729984185,-0.0784504340882119,0.000414975737377774,0.1990282211604325,-0.9799936708861193
6.4,0.015694333240389824,Empty,0.59044,0.07854,0.20782,1.15599,0.18416,-0.07948,0.83136,0.54666,0.05534,-0.08333,0.3962076413096886,0.8997138725154191,0.18312414524338708,0.9181604750403678,-0.3884470342278769,-0.07804001328301356,0.0009203485532939,0.19905740177866918,-0.9799873997943374
6.467,0.015694333240389824,Empty,0.59056,0.07855,0.20813,1.15607,0.18446,-0.07896,0.83134,0.54668,0.0556,-0.0832,0.39609565518894546,0.8997050027489637,0.18340975974284182,0.9182080534537025,-0.38843566231973603,-0.07753519723964325,0.0014840866559795057,0.19911967322872667,-0.9799740574219722
6.534,0.015694333240389824,Empty,0.59056,0.07854,0.20811,1.15605,0.18444,-0.07898,0.83135,0.54667,0.05559,-0.0832,0.3961180279425094,0.8996978612547252,0.18339647322838648,0.9181984368903546,-0.38845385015535,-0.0775579576290805,0.001462337528311022,0.19911646027678834,-0.9799747429478962
6.6,0.01569466106593609,Empty,0.59057,0.07854,0.20814,1.15608,0.18448,-0.07893,0.83134,0.54668,0.05562,-0.08319,0.39608864154710194,0.8997049195652125,0.1834253138133497,0.918211028742685,-0.3884341694332063,-0.07750743649505604,0.0015148375066232956,0.19912296132513072,-0.9799733422601041
6.667,0.01569466106593609,Empty,0.59056,0.07854,0.20813,1.1561,0.18446,-0.07894,0.83134,0.54669,0.05561,-0.08319,0.3960866093404449,0.8997077319134263,0.18341590726103402,0.9182119324286259,-0.3884294275162778,-0.07752049396814623,0.001498348049892929,0.19911950425454308,-0.9799740700541755
6.734,0.015694333240389824,Empty,0.59056,0.07854,0.20813,1.1561,0.18446,-0.07894,0.83134,0.54669,0.05561,-0.08319,0.39607812620574034,0.8997106054857136,0.1834201306233325,0.9182155925976714,-0.3884206977110263,-0.07752088170413517,0.0014978156951485587,0.19912354950183628,-0.9799732489113838
6.8,0.015694333240389824,Empty,0.59057,0.07854,0.20813,1.1561,0.18446,-0.07894,0.83134,0.54669,0.05561,-0.08319,0.3960858910027462,0.899707615597205,0.18341802906190027,0.9182122324301294,-0.3884298544942348,-0.07751480086580338,0.0015043816796690838,0.19911919689969407,-0.9799741232613147
6.867,0.015694333240389824,Empty,0.59057,0.07854,0.20813,1.15611,0.18448,-0.07892,0.83134,0.54669,0.05562,-0.08319,0.39608176974678905,0.8997075508549217,0.18342724609198532,0.918213995212879,-0.38842702867204904,-0.07750807952856334,0.0015134957728942064,0.19912500177436596,-0.9799729297276042
6.934,0.01569466106593609,Empty,0.59057,0.07854,0.20813,1.15608,0.18446,-0.07894,0.83134,0.54668,0.05561,-0.08319,0.39608594272414044,0.8997070009753217,0.18342093220873387,0.9182122014846967,-0.38843079555570753,-0.07751045160871457,0.0015096426582885856,0.1991201382581684,-0.979973923897515
7.0,0.01569466106593609,Empty,0.59057,0.07854,0.20813,1.1561,0.18446,-0.07894,0.83134,0.54669,0.05561,-0.08319,0.3960831555100375,0.8997074221723012,0.18342488492373205,0.9182133986448435,-0.3884284222487773,-0.07750816304371884,0.0015127690827140485,0.19912286477800192,-0.9799733650729002
7.067,0.01569466106593609,Empty,0.59057,0.07854,0.20813,1.1561,0.18446,-0.07893,0.83133,0.54669,0.05561,-0.08319,0.3960747797631118,0.8997113569512931,0.18342367079650812,0.91821701525968,-0.3884198968494019,-0.077508042286621,0.0015105373901843535,0.19912171630528713,-0.9799736018752901
7.134,0.01569466106593609,Empty,0.59057,0.07854,0.20813,1.1561,0.18448,-0.07892,0.83133,0.54669,0.05562,-0.08319,0.396071255782357,0.8997124151775477,0.18342608952482917,0.9182185240703972,-0.3884177417981559,-0.07750096715785135,0.0015173651399143031,0.1991211385860506,-0.9799737087142834
7.2,0.01569466106593609,Empty,0.59057,0.07854,0.20813,1.1561,0.18448,-0.07892,0.83133,0.54669,0.05562,-0.08319,0.39607351460606394,0.8997115977896615,0.18342522135838948,0.9182175557586757,-0.3884192212620369,-0.07750502468070072,0.0015137120476419186,0.1991219459451093,-0.9799735503159611
7.267,0.015694333240389824,Empty,0.59057,0.07854,0.20813,1.1561,0.18448,-0.07892,0.83133,0.54669,0.05562,-0.08319,0.39606815174396076,0.8997132718445378,0.18342859003143397,0.9182198586336475,-0.38841507780958345,-0.07749850670161279,0.0015199950419877697,0.19912246432025724,-0.9799734352614361
7.333,0.015694333240389824,Empty,0.59057,0.07854,0.20813,1.1561,0.18448,-0.07892,0.83133,0.54669,0.05562,-0.08319,0.39607020070167737,0.8997121083665336,0.18342987263469387,0.9182189685624806,-0.38841777966188723,-0.07749551093182151,0.0015237743230197562,0.19912245102242132,-0.9799734320942767
7.4,0.015694333240389824,Empty,0.59039,0.07856,0.20811,1.15553,0.18362,-0.07894,0.83153,0.54646,0.05528,-0.08295,0.3966529169818241,0.899627901437788,0.18258176909114407,0.9179677755007964,-0.389003864448939,-0.07753164893068704,0.0012753791318538316,0.19835733512636533,-0.9801289410121693
7.467,0.01569466106593609,Empty,0.58999,0.07864,0.20788,1.15418,0.18175,-0.07741,0.83206,0.54587,0.05497,-0.08177,0.39801756954480577,0.8993959398690904,0.18074556061115654,0.917375154699348,-0.39068724688609413,-0.07606773731951938,0.002199971361852271,0.19608778255556794,-0.9805838779311271
7.533,0.01569466106593609,Empty,0.59023,0.07863,0.20808,1.15664,0.18024,-0.07592,0.83151,0.54687,0.05465,-0.08081,0.3958858078046249,0.9006317253339648,0.1792677397103143,0.9182963647312323,-0.38879747979543605,-0.07462108432688674,0.002492729484379121,0.19416234193757304,-0.9809662436970167
7.6,0.015694333240389824,Empty,0.59107,0.07809,0.20866,1.15964,0.17969,-0.07329,0.83082,0.54805,0.05502,-0.07965,0.3932208512967983,0.9019042490801907,0.17873468492857866,0.9194348195018576,-0.3865867744702564,-0.07204358744725034,0.004120047694841412,0.19266393356251224,-0.9812561510182813
7.667,0.015694333240389824,Empty,0.59226,0.07737,0.20916,1.16553,0.18016,-0.0702,0.82931,0.5504,0.05583,-0.07866,0.38788693261842616,0.9041217753915549,0.17918577724443108,0.921687429168329,-0.3817441015466785,-0.06901973520230084,0.006000868015959367,0.19192513174970505,-0.981391223409866
7.733,0.015694333240389824,Empty,0.59373,0.0762,0.20963,1.17434,0.1784,-0.06599,0.82713,0.55395,0.05592,-0.07668,0.3800345902935353,0.9077905655921938,0.17745421720046406,0.9249414053751767,-0.37453023106621186,-0.06488838601847749,0.007556904327685214,0.1887945842424899,-0.9819875244409613
7.8,0.015694333240389824,Empty,0.59542,0.07389,0.20971,1.18742,0.17211,-0.05864,0.82404,0.55922,0.05487,-0.07227,0.36851512628875976,0.9137095414598662,0.17126434404621543,0.9295721769189307,-0.36409058986033993,-0.057737425240044174,0.009600499704676742,0.18047968367755585,-0.9835318572293781
7.867,0.015694333240389824,Empty,0.59745,0.07252,0.20995,1.20113,0.17069,-0.05386,0.82042,0.56474,0.05514,-0.07029,0.3560463280658934,0.9189010826051565,0.16985821339536603,0.9344025687220614,-0.3522463531418825,-0.05305041247584607,0.011083854763008263,0.1776043554795761,-0.9840395525985106
7.934,0.01569466106593609,Empty,0.5993,0.07129,0.20931,1.21467,0.16969,-0.05037,0.81674,0.5702,0.05525,-0.06895,0.34363068140813013,0.9237961891004804,0.16887437875063627,0.9390330757094283,-0.34022671417494005,-0.04962525249724024,0.011611955850563778,0.17563138661740602,-0.9843875144048566
8.0,0.01569466106593609,Empty,0.60167,0.06951,0.20855,1.23263,0.16612,-0.04557,0.8119,0.57743,0.05456,-0.06647,0.32719909042257717,0.9303745357594462,0.16536014766875695,0.9448812056950067,-0.3243182299637324,-0.044913169978770304,0.011843240729989197,0.1709412440682077,-0.9852100429479111
8.067,0.01569466106593609,Empty,0.6028,0.06809,0.20698,1.24512,0.16343,-0.04485,0.80841,0.58251,0.05326,-0.06574,0.31568595369262364,0.9348091384270967,0.16270910655021148,0.948815879231716,-0.31271643354690826,-0.04423640477534406,0.009529216070834465,0.16834579561988328,-0.9856819401501602
8.133,0.01569466106593609,Empty,0.60356,0.06695,0.20552,1.25837,0.15844,-0.04527,0.80471,0.58794,0.05069,-0.0648,0.3035205899573292,0.939670148148539,0.15778233155349586,0.9528097020650639,-0.3002600690642972,-0.0446941000154098,0.0053780221865326865,0.16390211592290663,-0.9864619471998679
8.2,0.01569466106593609,Empty,0.60373,0.06669,0.20451,1.26864,0.15518,-0.04535,0.80181,0.59211,0.04902,-0.06413,0.29400774636855415,0.9432259526308029,0.154545292257636,0.9557993375880673,-0.2905877286617917,-0.04479283667499026,0.002659199408715841,0.16088372893147138,-0.986969783946606
8.267,0.01569466106593609,Empty,0.60396,0.06623,0.20367,1.28324,0.14945,-0.04509,0.79768,0.59802,0.04634,-0.06268,0.2804442260377337,0.9482508528420439,0.14890049081998538,0.9598697694937122,-0.27688269744442534,-0.04456453150193032,-0.0010303854541751573,0.15542294534667309,-0.9878474813277506
8.333,0.01569466106593609,Empty,0.60466,0.06659,0.20293,1.29801,0.14856,-0.0444,0.7933,0.60389,0.04573,-0.06248,0.2664623058588253,0.9524100892045356,0.14802993460042554,0.9638409644272692,-0.26283697045398347,-0.04390127850625409,-0.0029042810314574676,0.1543753508303067,-0.9880080041212773
8.4,0.01569466106593609,Empty,0.60524,0.06713,0.20123,1.31191,0.14833,-0.04378,0.78911,0.60938,0.04539,-0.06248,0.2531967830348242,0.9560608321349477,0.14778049370010693,0.9674042299036443,-0.2495084526823253,-0.043296512614860935,-0.004521617559361202,0.15392601241344175,-0.9880720306117078
8.467,0.01569466106593609,Empty,0.6068,0.0671,0.19896,1.33094,0.14542,-0.04466,0.78335,0.61692,0.04338,-0.06236,0.23506364334091412,0.9611160004668983,0.14491762220588894,0.9719385337383443,-0.23104951384788797,-0.044177016481559576,-0.008976091234654227,0.15123543168572598,-0.9884570167634905
8.534,0.01569466106593609,Empty,0.60695,0.06681,0.19652,1.34287,0.14198,-0.04522,0.77976,0.62164,0.04149,-0.06177,0.22368323987095,0.9643355821055721,0.14150156637275346,0.9745869518906896,-0.21949602763236603,-0.0447411114974339,-0.012086414077351419,0.14791341703415342,-0.9889264581636146
8.6,0.01569466106593609,Empty,0.60698,0.06631,0.19388,1.35342,0.13695,-0.04476,0.77666,0.6258,0.03935,-0.06024,0.21366224427675357,0.9673206245051943,0.13652565611452575,0.9768033875025485,-0.20950169615972541,-0.04431908696876005,-0.014268410358808154,0.14282803895971868,-0.9896446653990278
8.667,0.015694333240389824,Empty,0.60652,0.06661,0.19165,1.36459,0.13395,-0.04383,0.77328,0.63015,0.03814,-0.05916,0.20290874650986185,0.9700494267306347,0.1335370745874115,0.9790737148617157,-0.19881792659832026,-0.04342917141766682,-0.015578878543619485,0.13955479842238366,-0.9900917920983948
8.733,0.015694333240389824,Empty,0.6063,0.0667,0.18966,1.37464,0.13065,-0.04181,0.77027,0.63403,0.03721,-0.05753,0.19323799762715788,0.9724646274932636,0.13027518776587593,0.9810275701277247,-0.18938893869234674,-0.04143351964627953,-0.015619952699628655,0.135810081272983,-0.9906117498305212
8.8,0.015694333240389824,Empty,0.60594,0.06623,0.18761,1.38644,0.12403,-0.03739,0.76684,0.63857,0.03574,-0.05395,0.18189647836827666,0.9755042983879463,0.12371351981032548,0.9832167423766092,-0.1786299324128488,-0.03709696424924505,-0.014089310400008432,0.12838501109094386,-0.9916243140724366
8.867,0.01569466106593609,Empty,0.60536,0.06603,0.18596,1.39546,0.11982,-0.03441,0.76416,0.64202,0.03484,-0.05162,0.17319814165873948,0.9776077631223292,0.11952181896589009,0.9848007914426928,-0.17029735200551377,-0.03414986198736553,-0.0130309209116315,0.12361987454639296,-0.9922440837401496
8.933,0.01569466106593609,Empty,0.60514,0.06574,0.18412,1.40646,0.11685,-0.0314,0.76077,0.6462,0.0344,-0.04971,0.16249103537443732,0.9797978422834841,0.11658838569759944,0.9866381694424331,-0.1599150784863485,-0.031181569427948135,-0.011907393595088049,0.12009727694387502,-0.9926907162094534
