time,gr,gr_state,tx,ty,tz,rx,ry,rz,qw,qx,qy,qz,xx,xy,xz,yx,yy,yz,zx,zy,zz
0.0,0.01596783474087715,Empty,0.30744,0.0014,0.4855,0.00648,0.00163,-0.00335,0.99999,0.00324,0.00081,-0.00168,0.9999777056164731,0.006473480663813536,0.001637778406565026,0.006478934251130664,-0.9999734109178018,-0.003346769843672435,0.0016160696096710794,0.003357306288116022,-0.9999930583826593
0.067,0.01596783474087715,Empty,0.30744,0.0014,0.4855,0.00648,0.00163,-0.00335,0.99999,0.00324,0.00081,-0.00168,0.9999777571289521,0.0064674205819514885,0.0016302510132551414,0.006472850090108284,-0.9999734478921244,-0.003347494951089768,0.0016085580689097752,0.003357972863609286,-0.9999930682555686
0.133,0.01596783474087715,Empty,0.30744,0.0014,0.4855,0.00648,0.00163,-0.00335,0.99999,0.00324,0.00081,-0.00168,0.9999776890866431,0.006477828638059513,0.0016306639975822098,0.006483256252223568,-0.999973387209329,-0.003345483742239167,0.0016089491306689459,0.003355981113998858,-0.9999930743127461
0.2,0.015967506915330887,Empty,0.30744,0.0014,0.4855,0.00648,0.00163,-0.00335,0.99999,0.00324,0.00081,-0.00168,0.9999777169666095,0.006473782839619635,0.0016296336988439269,0.0064792075186991815,-0.9999734123996685,-0.003345797915614601,0.0016079304016635937,0.003356282096002205,-0.9999930749411795
0.267,0.015967506915330887,Empty,0.30744,0.0014,0.4855,0.00648,0.00163,-0.00333,0.99999,0.00324,0.00081,-0.00167,0.9999777215588854,0.00647202778916528,0.001633781563403746,0.006477463343127765,-0.9999734300363738,-0.0033439033969300297,0.0016120963181778306,0.0033544116601627334,-0.9999930745099564
0.333,0.015967506915330887,Empty,0.30744,0.0014,0.4855,0.00648,0.00163,-0.00333,0.99999,0.00324,0.00081,-0.00167,0.9999777073114176,0.006474180436862098,0.0016339730328400874,0.006479615391028037,-0.999973418650541,-0.0033431387548640786,0.0016122855161073849,0.003353651744125043,-0.9999930767537312
0.4,0.01596783474087715,Empty,0.30743,0.0014,0.4855,0.00648,0.00163,-0.00335,0.99999,0.00324,0.00081,-0.00168,0.9999777579201727,0.006467547909744464,0.0016292602552508359,0.00647297399736374,-0.9999734472838147,-0.003347437072305487,0.001607567284325791,0.0033579087776100854,-0.9999930700640218
0.467,0.01596783474087715,Empty,0.30743,0.0014,0.4855,0.00648,0.00163,-0.00335,0.99999,0.00324,0.00081,-0.00168,0.9999777221444723,0.006473985475672739,0.001625646583025142,0.006479399178976386,-0.999973406135678,-0.0033472985659658574,0.0016039329885016683,0.0033577572084673565,-0.9999930764087807
0.533,0.01596783474087715,Empty,0.30743,0.0014,0.4855,0.00648,0.00163,-0.00335,0.99999,0.00324,0.00081,-0.00168,0.9999777056727233,0.006475910565334142,0.0016281092918487175,0.006481329493992161,-0.9999733999498434,-0.003345408904859673,0.0016064014151876483,0.003355886633991376,-0.9999930787257445
0.6,0.015967506915330887,Empty,0.30744,0.0014,0.4855,0.00648,0.00163,-0.00333,0.99999,0.00324,0.00081,-0.00167,0.9999777204868683,0.00647413917647055,0.0016260540612072852,0.006479549438124843,-0.9999734151916277,-0.0033443009839230257,0.0016043593628537127,0.003354762572203994,-0.9999930857756564
0.667,0.015967506915330887,Empty,0.30744,0.0014,0.4855,0.00648,0.00163,-0.00335,0.99999,0.00324,0.00081,-0.00168,0.999977705468253,0.006475169355667276,0.0016311800216733084,0.006480598292020245,-0.9999734053136181,-0.003345222154612362,0.001609475760968705,0.003355718596913268,-0.9999930743462542
0.733,0.015967506915330887,Empty,0.30743,0.0014,0.4855,0.00648,0.00163,-0.00335,0.99999,0.00324,0.00081,-0.00168,0.9999777239632258,0.006472552169115631,0.0016302287399884196,0.006477981287418166,-0.9999734152742548,-0.0033473128301263404,0.001608519743885317,0.0033577988565344982,-0.9999930689015162
0.8,0.01596783474087715,Empty,0.30744,0.0014,0.4855,0.00648,0.00163,-0.00333,0.99999,0.00324,0.00081,-0.00167,0.9999776724988532,0.006480244116850775,0.001631238781459414,0.0064856714330430165,-0.9999733761541385,-0.0033441066006311727,0.0016095247244848076,0.0033546116138525946,-0.9999930779815835
0.867,0.01596783474087715,Empty,0.30743,0.0014,0.4855,0.00648,0.00163,-0.00333,0.99999,0.00324,0.00081,-0.00167,0.9999777249374555,0.006472274137837852,0.0016307349250034913,0.006477698164516266,-0.9999734312302313,-0.003343091402759216,0.0016090541943562398,0.0033535803438196343,-0.9999930821978106
0.933,0.01596783474087715,Empty,0.30743,0.0014,0.48549,0.00648,0.00163,-0.00335,0.99999,0.00324,0.00081,-0.00168,0.999977705898115,0.0064772477033887,0.0016226425768214028,0.006482647860345858,-0.9999733922822589,-0.0033451463690002204,0.001600932060369689,0.0033555908123949867,-0.9999930884895345
1.0,0.01596783474087715,Empty,0.30744,0.0014,0.4855,0.00648,0.00163,-0.00333,0.99999,0.00324,0.00081,-0.00167,0.9999777183324853,0.0064722614541399826,0.0016348303353583133,0.006477699132055981,-0.9999734313963786,-0.003343039830197908,0.0016131498723665674,0.0033535552807403327,-0.999993075683261
1.067,0.01596783474087715,Empty,0.30744,0.0014,0.4855,0.00648,0.00163,-0.00333,0.99999,0.00324,0.00081,-0.00167,0.9999777408447513,0.006469229705792556,0.0016330591051981307,0.006474662862628766,-0.9999734481432907,-0.0033439122645312564,0.0016113832078916478,0.0033544113390099263,-0.9999930756603898
1.133,0.01596783474087715,Empty,0.30743,0.0014,0.4855,0.00648,0.00163,-0.00333,0.99999,0.00324,0.00081,-0.00167,0.9999777250816158,0.006471890093579069,0.0016321700931526283,0.006477319416650029,-0.9999734326834983,-0.0033433905479354283,0.0016104886746070484,0.0033538881612194976,-0.9999930788562644
1.2,0.01596783474087715,Empty,0.30743,0.0014,0.4855,0.00648,0.00163,-0.00335,0.99999,0.00324,0.00081,-0.00168,0.9999777235498204,0.006473399403204683,0.0016271153264859257,0.006478814591801385,-0.99997341711229,-0.003345150258922754,0.0016054175793721239,0.0033556175193694476,-0.9999930812087952
1.267,0.01596783474087715,Empty,0.30743,0.0014,0.4855,0.00648,0.00163,-0.00333,0.99999,0.00324,0.00081,-0.00167,0.9999776866033718,0.006478139308496389,0.001630952626101892,0.006483565371126654,-0.999973390440457,-0.003343918524056965,0.001609246857135971,0.0033544182978451874,-0.9999930790772685
1.333,0.01596783474087715,Empty,0.30737,0.00151,0.48531,0.00613,0.00258,-0.00495,0.99999,0.00307,0.00128,-0.00248,0.9999779027669287,0.006128061598768331,0.0025769825177140273,0.006140789872346453,-0.999968840808973,-0.004960656297498989,0.0025465030136621013,0.0049763713888665885,-0.9999843754030368
1.4,0.01596783474087715,Empty,0.30661,0.00277,0.48437,-0.00583,0.00307,-0.00969,0.99998,-0.00291,0.00155,-0.00484,0.9999782634433445,-0.005839034965573586,0.003062402897041742,-0.005809093526965847,-0.9999361138497662,-0.009696527802361214,0.0031188256167927844,0.00967852724838911,-0.999948298181998
1.467,0.01596783474087715,Empty,0.3055,0.00518,0.48293,-0.02031,0.00432,-0.01368,0.99992,-0.01014,0.00223,-0.00682,0.999784439269849,-0.02030590228772139,0.004329587296193027,-0.020244916536927116,-0.9997012812055031,-0.013692761244110958,0.004606337838967197,0.013602157489048628,-0.9998968761644155
1.533,0.01596783474087715,Empty,0.30394,0.00545,0.48163,-0.02035,0.00437,-0.01317,0.99992,-0.01016,0.00225,-0.00656,0.9997835185504466,-0.02034197142743749,0.004372668902921272,-0.02028282774291451,-0.9997075441763057,-0.013169396938783304,0.00463928158668073,0.013077855918509499,-0.9999037187404267
1.6,0.01596783474087715,Empty,0.30301,0.00468,0.47947,-0.02204,0.0051,-0.0149,0.99991,-0.011,0.00263,-0.00742,0.9997440130257784,-0.02204524307976402,0.005090744215404246,-0.02196727239615376,-0.9996477229565777,-0.014895265395513295,0.005417320609464998,0.014779622636715542,-0.9998761000204629
1.667,0.01596783474087715,Empty,0.30233,0.00384,0.47696,-0.02455,0.00724,-0.01797,0.99988,-0.01224,0.00373,-0.00894,0.9996724523166785,-0.02455020692357246,0.007230174214210136,-0.024416992683660377,-0.9995403368681891,-0.017970126368865372,0.007668021090485742,0.0177877011847143,-0.9998123819692968
1.733,0.01596783474087715,Empty,0.30156,0.00353,0.47456,-0.02627,0.00974,-0.02127,0.99985,-0.01308,0.00501,-0.01057,0.999607601984074,-0.026264109785280876,0.009738510812014708,-0.026052260811218197,-0.9994341175266017,-0.02127732197542865,0.010291829879728645,0.02101526257291379,-0.9997261809999365
1.8,0.01596783474087715,Empty,0.30128,0.00337,0.4741,-0.02676,0.00913,-0.02166,0.99984,-0.01333,0.00471,-0.01077,0.9996003572425639,-0.026755950039674403,0.009123866396080258,-0.02655318424234615,-0.9994126218290726,-0.021664250167757984,0.009698154831260321,0.02141332450166548,-0.9997236694840508
1.867,0.01596783474087715,Empty,0.30221,0.00408,0.47346,-0.02685,0.01263,-0.02013,0.99984,-0.01336,0.00645,-0.00998,0.9995599175000655,-0.02684539826007526,0.01262124873063195,-0.026588096344531742,-0.9994437657549389,-0.02013038068096724,0.013154636446380116,0.019785946675474186,-0.9997176960793076
1.933,0.01596783474087715,Empty,0.30469,0.00594,0.47103,-0.02735,0.01739,-0.0168,0.99983,-0.0136,0.00881,-0.00828,0.9994747714277252,-0.027349080227879075,0.017384162050137163,-0.027057585233463854,-0.9994929037546044,-0.016787567588032577,0.01783447113962829,0.01630837683149242,-0.9997079415930895
2.0,0.01596783474087715,Empty,0.30942,0.0097,0.46682,-0.02842,0.02408,-0.013,0.99981,-0.01413,0.01213,-0.00633,0.9993060191887062,-0.028414407623600424,0.024085295360878316,-0.02810717805453311,-0.9995203791013458,-0.012999934727238965,0.02444312899429278,0.012313943336785956,-0.9996253799521432
2.067,0.01596783474087715,Empty,0.31489,0.01496,0.45966,-0.02846,0.02519,-0.01096,0.99981,-0.01416,0.01267,-0.0053,0.9992776647587127,-0.028453351171512542,0.025190385496943184,-0.02818484530356874,-0.9995427429534404,-0.01095077642575352,0.025490453302911765,0.010232879175653135,-0.9996226913061689
2.133,0.01596783474087715,Empty,0.31808,0.01802,0.45287,-0.02379,0.01821,-0.0074,0.99988,-0.01186,0.00915,-0.00359,0.9995509297290599,-0.02379185479134044,0.018217752972303915,-0.023660336984697328,-0.9996926591253659,-0.0074010637496031316,0.018388238946203502,0.006966701977471175,-0.9998066501739294
2.2,0.01596783474087715,Empty,0.3217,0.02038,0.44859,-0.02352,0.02019,-0.0079,0.99987,-0.01172,0.01014,-0.00383,0.9995194342597342,-0.023515504396167952,0.02019706884907621,-0.023360139143980274,-0.9996959458841983,-0.007894281593172257,0.020376565860674253,0.007418681533279611,-0.9997648517166592
2.267,0.01596783474087715,Empty,0.32519,0.02317,0.4447,-0.02456,0.02415,-0.00958,0.99984,-0.01222,0.01213,-0.00464,0.9994071155131932,-0.024548764104789345,0.024140746519658928,-0.02432350373052783,-0.9996582278643382,-0.009580951382917143,0.024367696400563098,0.008988083447444725,-0.9996626579642112
2.333,0.01596783474087715,Empty,0.32711,0.02478,0.44152,-0.02181,0.02316,-0.00767,0.99987,-0.01086,0.01162,-0.00371,0.9994944666652559,-0.02179363283745861,0.023148405415520365,-0.02162146260115788,-0.9997368674727909,-0.007662125728415239,0.023309299871982023,0.0071577498864764146,-0.9997026773776494
2.4,0.01596783474087715,Empty,0.33298,0.02708,0.43706,-0.01936,0.03221,-0.00503,0.99982,-0.00964,0.01613,-0.00236,0.9992933872867668,-0.019357522553374085,0.03221820053223991,-0.01920542914042417,-0.9998029383257849,-0.005023545228074459,0.03230909494975322,0.004401231159796899,-0.9994682343865691
2.467,0.01596783474087715,Empty,0.34164,0.03198,0.43017,-0.01797,0.04572,-0.00101,0.9997,-0.00897,0.02286,-0.0003,0.9987938386337374,-0.017945331086768324,0.04570375257536177,-0.017917632388430416,-0.9998389504582872,-0.0010156751762459282,0.04571461863426915,0.00019554707067055002,-0.9989545211892615
2.533,0.01596783474087715,Empty,0.35145,0.03914,0.41996,-0.01383,0.05266,0.00208,0.99963,-0.00694,0.02632,0.00122,0.9985187610216273,-0.013804059941752433,0.05262824162898823,-0.013932181129069077,-0.9999008032089272,0.002068349856562953,0.052594469450898296,-0.0027985123310139874,-0.9986120318281329
2.6,0.01596783474087715,Empty,0.36238,0.04706,0.40762,-0.00997,0.05973,0.00446,0.99954,-0.00505,0.02985,0.00238,0.9981668729489179,-0.009948893943617143,0.05969851971931231,-0.010232636620137625,-0.9999377474195879,0.0044490935302443115,0.05965053977273547,-0.005051811035589067,-0.9982065379018922
2.667,0.01596783474087715,Empty,0.37166,0.0554,0.39375,-0.00681,0.06387,0.00541,0.99948,-0.00349,0.03192,0.00281,0.9979383623367508,-0.006787935129246914,0.06381965930122596,-0.007146667169090126,-0.9999599118642019,0.005394424242864598,0.06378048388823691,-0.00583940075854455,-0.9979468679612976
2.733,0.01596783474087715,Empty,0.38001,0.06463,0.37986,-0.00666,0.06984,0.00189,0.99938,-0.00336,0.03491,0.00106,0.997539404522356,-0.006650360575914505,0.06979189873755548,-0.006798858137238517,-0.9999751006667466,0.0018903900548526212,0.06977758919031639,-0.0023602437882778477,-0.9975597813144071
2.8,0.01596783474087715,Empty,0.38756,0.07447,0.36542,-0.00632,0.07633,-0.00256,0.99927,-0.00311,0.03816,-0.00116,0.9970679741602392,-0.006306434507753811,0.07626063065432834,-0.0061292335220407,-0.999977945722289,-0.0025574529248761357,0.07627507719057866,0.002082535192997961,-0.9970846381560298
2.866,0.01596783474087715,Empty,0.38713,0.07851,0.35529,-0.00029,0.06033,0.00041,0.99954,-0.00015,0.03016,0.00021,0.9981802380772322,-0.00027797835862469755,0.060300373465776644,-0.0003028933182476212,-0.9999998725033921,0.0004040406375032911,0.06030025346313054,-0.0004215699599465017,-0.9981801950104253
2.933,0.01596783474087715,Empty,0.38823,0.0786,0.35499,-0.0044,0.06377,0.00022,0.99949,-0.0022,0.03188,0.00018,0.9979573361223271,-0.00439349203478151,0.0637326643674052,-0.004417036123186502,-0.9999902187361431,0.00022852554995540786,0.06373103695621538,-0.0005095682298071357,-0.9979669810513294
3.0,0.01596783474087715,Empty,0.39089,0.08104,0.35445,-0.00907,0.0737,1e-05,0.99931,-0.00453,0.03684,0.00017,0.9972443652552332,-0.00903783079413556,0.07363418758446787,-0.00906272395851776,-0.9999589326661664,3.948803996449424e-06,0.07363112793608237,-0.0006712642385226906,-0.9972853184536421
3.067,0.01596783474087715,Empty,0.39423,0.0859,0.35283,-0.0113,0.0836,-0.00083,0.99911,-0.00563,0.04179,-0.00018,0.9964438791546788,-0.011257735399857693,0.08350364715892397,-0.01122762506408781,-0.9999366236040965,-0.0008301871231555583,0.08350770102568698,-0.00011031276436291388,-0.9965071257650386
3.133,0.01596783474087715,Empty,0.39755,0.09115,0.34827,-0.01421,0.08787,0.00048,0.99901,-0.00711,0.04392,0.00055,0.9960413785856763,-0.014150206642359553,0.08775730053462036,-0.014247091850942917,-0.9998983909124772,0.0004777284057313688,0.08774162363972952,-0.0017261235811417601,-0.996141771023807
3.2,0.01596783474087715,Empty,0.40179,0.09705,0.34288,-0.02079,0.09594,0.00397,0.99879,-0.01048,0.04793,0.00248,0.9951856082134235,-0.020705894503507627,0.09579598706463638,-0.021182295779640203,-0.9997677924814022,0.003958719788933578,0.09569177368186972,-0.005968839893402096,-0.9953931170145517
3.267,0.01596783474087715,Empty,0.40739,0.10426,0.33647,-0.02287,0.10873,0.00741,0.99845,-0.01162,0.05429,0.00432,0.9938358894179975,-0.022743489452208443,0.1085032653530524,-0.02368243210101406,-0.9996923457560017,0.0073726688955819825,0.10830220364571738,-0.009896844163687153,-0.9940687527334724
3.333,0.01596783474087715,Empty,0.41281,0.11182,0.3271,-0.02375,0.11785,0.01148,0.99817,-0.01219,0.05882,0.00643,0.9927823865030678,-0.02358423233904705,0.11758791193932855,-0.025096603235505832,-0.9996200579551267,0.011397378638478409,0.11727443692174812,-0.014266173935820553,-0.9929970708546525
3.4,0.01596783474087715,Empty,0.41714,0.11948,0.31633,-0.02455,0.12514,0.0154,0.99793,-0.01273,0.06243,0.00845,0.9918812186803599,-0.02434519826651671,0.1248157015384192,-0.026454113150709502,-0.9995334482108102,0.015266492891841746,0.12438580275326118,-0.018444436266017588,-0.9920624853527402
3.467,0.01596783474087715,Empty,0.41793,0.12496,0.30768,-0.01882,0.11806,0.0189,0.99816,-0.00995,0.0589,0.00999,0.9928643780179125,-0.018685741899707453,0.11777593095688424,-0.021039653338402575,-0.9996023422400586,0.018774727044308208,0.11737827674021772,-0.021118722448243598,-0.9928626993253654
3.533,0.01596783474087715,Empty,0.42011,0.12561,0.30413,-0.01653,0.11139,0.02003,0.99836,-0.00881,0.05558,0.01046,0.9936673897710645,-0.01642442773187275,0.11115465208096328,-0.018748809285199508,-0.9996261994139233,0.01989833147935311,0.11078628369950276,-0.021856340474916955,-0.9936038947815664
3.6,0.01596783474087715,Empty,0.42566,0.12493,0.30351,-0.01565,0.11192,0.0217,0.99834,-0.00842,0.05584,0.01127,0.9936210289453222,-0.015545750768692801,0.11169413803184183,-0.018063681748531846,-0.9996042155645571,0.02156653952895289,0.1113146631820184,-0.02344657456013199,-0.993508582701765
3.667,0.01596783474087715,Empty,0.4322,0.12457,0.30341,-0.01507,0.11434,0.02196,0.99827,-0.00815,0.05705,0.01139,0.9933573119782466,-0.014977812273642865,0.11409169943009659,-0.017578146588532628,-0.9996073772402807,0.021819718818510858,0.11372009277987802,-0.02368029785079415,-0.9932305794687524
3.733,0.01596783474087715,Empty,0.43825,0.12462,0.30238,-0.01409,0.11373,0.022,0.99829,-0.00766,0.05675,0.01138,0.993442079442246,-0.014008753197092216,0.11347506169784198,-0.016591260944759156,-0.9996236704976988,0.02184599370527531,0.11312632255018713,-0.023585423773402465,-0.9933006407587281
3.8,0.01596783474087715,Empty,0.44302,0.12383,0.30091,-0.01242,0.11361,0.02502,0.99829,-0.00691,0.05669,0.01284,0.9934761764826062,-0.012330822332556002,0.11337123789614355,-0.01524225706509369,-0.9995749934857996,0.02484966795401658,0.11301663754095079,-0.026415586657619675,-0.9932418921997153
3.867,0.01596783474087715,Empty,0.4477,0.1236,0.29993,-0.00931,0.11483,0.02899,0.99823,-0.00548,0.05731,0.01474,0.9933715729856065,-0.009246744704921706,0.11457493485253803,-0.012625693821471495,-0.9995054346213004,0.028800660027360245,0.11425195770588673,-0.030056345001465767,-0.9929970323649134
3.933,0.015967506915330887,Empty,0.45157,0.1238,0.29882,-0.00684,0.11437,0.03168,0.99823,-0.00432,0.05709,0.01601,0.9934448494719779,-0.006797431397278841,0.11411014847067172,-0.01045306218216635,-0.9994500899770989,0.031468256001636295,0.11383349484494985,-0.03245477732427143,-0.9929695981651284
4.0,0.015967506915330887,Empty,0.45454,0.12442,0.29788,-0.0066,0.11347,0.03328,0.99824,-0.00424,0.05664,0.0168,0.9935469666430803,-0.006565872396273653,0.11323124301185408,-0.010373012969103368,-0.9993993272106558,0.03306637828415608,0.11294611846485242,-0.03402754899436563,-0.9930182778948028
4.067,0.01596783474087715,Empty,0.45759,0.12534,0.29745,-0.00542,0.11454,0.03579,0.99819,-0.00373,0.05718,0.01802,0.99343272885729,-0.0053886320792363995,0.11429075150454154,-0.009510648725949866,-0.9993225896683604,0.03555150263116039,0.11402175580111819,-0.03640500546403534,-0.9928110166497922
4.133,0.01596783474087715,Empty,0.46017,0.12636,0.29711,-0.00434,0.11392,0.03569,0.99821,-0.00318,0.05688,0.01794,0.9935094936432655,-0.004312911762872018,0.11366743083587186,-0.008394799099462502,-0.9993359566541382,0.03545663670228174,0.11343902938927895,-0.036180720422396374,-0.9928859663027446
4.2,0.01596783474087715,Empty,0.46253,0.12707,0.29718,-0.00447,0.11408,0.03508,0.99822,-0.00323,0.05696,0.01764,0.9934907584216162,-0.004448161570731246,0.11382586169005054,-0.008466958246725886,-0.9993567750303443,0.03484747937797327,0.11359763883501288,-0.03558440753463159,-0.9928893827569711
4.267,0.01596783474087715,Empty,0.46463,0.12755,0.29729,-0.00515,0.11451,0.0352,0.9982,-0.00358,0.05717,0.01772,0.9934383061397221,-0.005119877452915533,0.11425462244087672,-0.009170951366974822,-0.9993466630939037,0.03495912776520879,0.11400098922932536,-0.03577756025704848,-0.9928362103775167
4.333,0.01596783474087715,Empty,0.46681,0.12847,0.29754,-0.00647,0.1154,0.03515,0.99817,-0.00424,0.0576,0.01773,0.9933291443130884,-0.0064179427425136715,0.11513479521492029,-0.010503655110873478,-0.9993350930284304,0.034914825950736736,0.11483415993309502,-0.035891250365684316,-0.9927360846970599
4.4,0.01596783474087715,Empty,0.46846,0.12938,0.29722,-0.00738,0.1153,0.03598,0.99817,-0.00472,0.05754,0.01817,0.9933331540174831,-0.007335575117910276,0.1150453583043147,-0.011516964480265512,-0.9992953616875699,0.03572309671442697,0.1147022434777933,-0.036809909635823514,-0.9927176969782313
4.467,0.01596783474087715,Empty,0.46958,0.1307,0.29679,-0.01127,0.11529,0.03595,0.99816,-0.00666,0.0575,0.01827,0.9932997379553027,-0.011187788261097398,0.11502375394565842,-0.015390355598347893,-0.9992435522050742,0.03571358748629682,0.11453718842578112,-0.037244553567062966,-0.9927205425985236
4.533,0.01596783474087715,Empty,0.47043,0.13245,0.29554,-0.01614,0.1152,0.03657,0.99813,-0.00911,0.05741,0.01872,0.9932429280357203,-0.016034039087704344,0.11494083476973477,-0.020332799008049962,-0.9991331464993778,0.0363253747503209,0.11425875542612808,-0.03841699047019405,-0.9927079488206415
4.6,0.01596783474087715,Empty,0.47134,0.13465,0.29375,-0.0197,0.11628,0.0374,0.99808,-0.01092,0.05791,0.01924,0.9930537194637302,-0.019562722590201476,0.11602417913568613,-0.02401925517218978,-0.9990214674460377,0.03713735266465059,0.115184137971442,-0.03966620055947139,-0.9925518660971584
4.667,0.01596783474087715,Empty,0.47256,0.13696,0.29162,-0.02373,0.11776,0.03765,0.99801,-0.01295,0.05861,0.01949,0.9927952885374958,-0.023570646212520086,0.11748165684426903,-0.028139433210707943,-0.9989047260700735,0.03738342591912904,0.11647183074173105,-0.04041995635815445,-0.9923711703650375
4.733,0.01596783474087715,Empty,0.47395,0.13945,0.28965,-0.02879,0.11997,0.03819,0.9979,-0.01551,0.05966,0.01992,0.9923999596457174,-0.02857332539011348,0.11969078983500989,-0.03332637879330813,-0.9987256903659812,0.03789918045972546,0.11845536109312553,-0.04160000575894909,-0.9920875802816768
4.8,0.01596783474087715,Empty,0.47578,0.14262,0.28756,-0.0348,0.12356,0.03916,0.99773,-0.01857,0.06138,0.02061,0.9917747383628321,-0.03453474521633004,0.12324860939653205,-0.039595136719506874,-0.9984603690283221,0.03884735033422718,0.12171726867416707,-0.04340786625336221,-0.991615179217135
4.867,0.01596783474087715,Empty,0.47778,0.14638,0.28466,-0.04162,0.12786,0.04124,0.9975,-0.02208,0.06343,0.0219,0.9909776080708415,-0.04127969262251596,0.1275122240382648,-0.04683651245299458,-0.9980652602152169,0.040891043674279134,0.1255775513514837,-0.046494336520934675,-0.9909937211042478
4.933,0.01596783474087715,Empty,0.47956,0.15057,0.28123,-0.04845,0.131,0.04386,0.99729,-0.0256,0.06489,0.02346,0.9902688381868241,-0.04802023804358824,0.1306203845284325,-0.05410994941381464,-0.9975880231257034,0.04347699955822017,0.1282175553134315,-0.050121780239614167,-0.9904787053011583
5.0,0.01596783474087715,Empty,0.48156,0.15496,0.2778,-0.05474,0.13475,0.04622,0.99705,-0.02885,0.06665,0.02489,0.9894503760699849,-0.0542018463308952,0.13435070952282635,-0.060838847950496766,-0.9970965256548255,0.045794684267193395,0.1314784692450486,-0.053485309958881344,-0.9898751101748045
5.067,0.01596783474087715,Empty,0.48365,0.15967,0.27397,-0.06191,0.13893,0.04823,0.99677,-0.03254,0.06861,0.02619,0.9884692425630767,-0.061270855779411826,0.13847179762982506,-0.06845665389753025,-0.9965113595014912,0.04773674603115845,0.13506384802725896,-0.056665621116758935,-0.9892152265000378
5.133,0.01596783474087715,Empty,0.48622,0.16513,0.27009,-0.06754,0.14628,0.0506,0.99638,-0.03551,0.07216,0.02768,0.9870653253924608,-0.06676722478597757,0.1457538373500133,-0.07475490276571184,-0.9959463647185074,0.05002542470063289,0.14182294567651738,-0.060274176048855835,-0.9880552999611243
5.2,0.01596783474087715,Empty,0.48822,0.1701,0.26529,-0.07293,0.15274,0.05225,0.99601,-0.03833,0.07527,0.02881,0.9857312010577775,-0.0720111591187082,0.1521459569741231,-0.0806861082446153,-0.9954016474048001,0.05162666249282597,0.147728640410483,-0.0631660771790526,-0.9870087616106962
5.267,0.01596783474087715,Empty,0.49009,0.17499,0.25988,-0.07876,0.15803,0.05366,0.99567,-0.04135,0.07779,0.02983,0.9844779024216843,-0.07770591437462643,0.15736915363121196,-0.08698882158316396,-0.9947997358495764,0.05297575363489572,0.15243426308731628,-0.06584281604560907,-0.9861179032003277
5.333,0.015967506915330887,Empty,0.49198,0.17971,0.25467,-0.08526,0.16224,0.05409,0.99535,-0.04465,0.07978,0.03038,0.9832837273257988,-0.08403395699534572,0.1615283431723012,-0.09372894465499976,-0.9941670494185164,0.053355063343051096,0.1561025192306144,-0.06760304669306973,-0.9854246960410877
5.4,0.015967506915330887,Empty,0.49387,0.18468,0.2499,-0.09298,0.16529,0.05318,0.99506,-0.04849,0.0812,0.0303,0.9821088730091739,-0.09158556545738383,0.16454253479420317,-0.10142846944117828,-0.9934602265255423,0.05243132554721486,0.15866451129181403,-0.06818256750570023,-0.9849754871796862
5.467,0.015967506915330887,Empty,0.49588,0.18988,0.246,-0.10043,0.16859,0.05086,0.99476,-0.05214,0.08279,0.02953,0.9808554402604199,-0.09885089067911462,0.16778291546961407,-0.1086301568865149,-0.9928178650015482,0.050121611591996997,0.16162330997213595,-0.06738833983497089,-0.9845489918373476
5.533,0.01596783474087715,Empty,0.49752,0.19553,0.24224,-0.10686,0.17202,0.04369,0.99454,-0.05507,0.0846,0.02632,0.9796206553819181,-0.10508701642860857,0.17117269211890876,-0.11399463830277484,-0.9925485624467302,0.04304153369884359,0.16537410313383666,-0.06167714457611137,-0.9843004296705435
5.6,0.01596783474087715,Empty,0.49936,0.20128,0.23877,-0.11401,0.1753,0.03188,0.99434,-0.05814,0.08648,0.02084,0.9782811519367447,-0.1120223719766309,0.17440463279983545,-0.11923166968644094,-0.9923701535947044,0.03138928476735654,0.16955765010491167,-0.05150210123045502,-0.9841736314592809
5.667,0.01596783474087715,Empty,0.50142,0.20665,0.23553,-0.12028,0.18027,0.01895,0.99404,-0.06071,0.08928,0.01483,0.976686537850621,-0.11805377351396218,0.179295045498982,-0.12334930445315567,-0.9921882400603399,0.01863988671875265,0.17569392668015196,-0.04032124557946254,-0.9836187479316516
5.733,0.01596783474087715,Empty,0.50332,0.21127,0.23166,-0.12668,0.18535,0.00806,0.99368,-0.0634,0.0921,0.00986,0.9749981877635099,-0.12417780786707017,0.18427806676650335,-0.1278090976884404,-0.9917672215953797,0.007912819791177125,0.18177834966226758,-0.03126739839369397,-0.9828422973151657
5.8,0.01596783474087715,Empty,0.50532,0.21593,0.22757,-0.13217,0.19057,-0.00333,0.9933,-0.06558,0.09504,0.00463,0.9733348676390137,-0.12939278485807465,0.18941156951151694,-0.13115442160800755,-0.9913565953439342,-0.003258613317344755,0.18819604972159515,-0.02167044288322353,-0.9818923763704616
5.867,0.01596783474087715,Empty,0.50718,0.22055,0.22341,-0.13929,0.19356,-0.0135,0.99293,-0.06861,0.09686,2e-05,0.9718218169263557,-0.1362449650996529,0.192352971463793,-0.13625231003863425,-0.990585512086247,-0.013253348782988672,0.19234776878116472,-0.013328643210094528,-0.9812363034025421
5.933,0.01596783474087715,Empty,0.50921,0.22514,0.21956,-0.14621,0.1979,-0.02284,0.99247,-0.07155,0.09935,-0.00412,0.9700196446922291,-0.14283867394018168,0.19661892619524818,-0.14120012381157337,-0.9897275963665231,-0.022401116627108406,0.19779892301718538,-0.006033093531130804,-0.9802240498149829
6.0,0.01596783474087715,Empty,0.51079,0.22971,0.21567,-0.15056,0.20177,-0.03081,0.9921,-0.07327,0.10157,-0.00771,0.96862768519271,-0.14695333666143118,0.20041238565089797,-0.1438195627790963,-0.9891433371015503,-0.030189270107741875,0.20267298991291793,0.00041894114229179037,-0.9792463855680437
6.067,0.01596783474087715,Empty,0.51235,0.23438,0.21182,-0.15376,0.20606,-0.0394,0.99172,-0.07436,0.10403,-0.01164,0.9672949054155877,-0.1499115525546047,0.20461449696372358,-0.14506586835077873,-0.9886700155117497,-0.03856804723642858,0.20807801372726586,0.007624095924424893,-0.9780825186888125
6.133,0.01596783474087715,Empty,0.51392,0.23835,0.20816,-0.15613,0.21117,-0.04724,0.99132,-0.07505,0.10687,-0.0152,0.9658931632188263,-0.1520454955808847,0.2096009649803472,-0.1455480985050499,-0.9882730004076279,-0.046176051009904434,0.21416383510923095,0.014094110077197408,-0.9766960672555399
6.2,0.01596783474087715,Empty,0.5154,0.24191,0.204,-0.15686,0.2169,-0.0532,0.99094,-0.07499,0.10994,-0.01788,0.9645778476443015,-0.15255410357322624,0.21521343200845094,-0.14469018417739998,-0.9881134212218623,-0.05192896498041191,0.22057725729684133,0.0189502581564489,-0.975185398413659
6.267,0.01596783474087715,Empty,0.517,0.24492,0.19979,-0.15457,0.22349,-0.05888,0.99062,-0.07342,0.11339,-0.02056,0.9635046375948572,-0.15013302886452984,0.22162781183137925,-0.14080705173814878,-0.9883723152846043,-0.05738937671521678,0.22766683446214372,0.024088171846635906,-0.9734410986100154
6.333,0.01596783474087715,Empty,0.51861,0.24691,0.19517,-0.15189,0.22978,-0.06424,0.99031,-0.07166,0.11667,-0.02312,0.9625036811036539,-0.1473313444267883,0.22777212035565464,-0.13654262482320184,-0.9886600630064823,-0.06250913071230998,0.23439875312873604,0.029064665238280444,-0.9717059584906744
6.4,0.01596783474087715,Empty,0.52023,0.24824,0.19047,-0.14962,0.23513,-0.06858,0.99004,-0.07017,0.11944,-0.02519,0.9616196249890765,-0.14496811700569173,0.23296339173288988,-0.13293256715833635,-0.9888819004009772,-0.06664472708358755,0.24003464213434356,0.03311845574865262,-0.9701992261717497
6.467,0.01596783474087715,Empty,0.52155,0.24919,0.18591,-0.14688,0.23921,-0.07131,0.98986,-0.06856,0.12152,-0.02655,0.9610637054920679,-0.14217734547348948,0.23694336120678378,-0.12927297322514653,-0.9891902193944337,-0.06921855421722413,0.24422336575231057,0.035893067415648086,-0.9690545058623427
6.533,0.01596783474087715,Empty,0.52307,0.25012,0.18211,-0.14482,0.24388,-0.07391,0.98962,-0.06728,0.12389,-0.02778,0.960248875222998,-0.14004883558052905,0.24147136742376968,-0.1262807444448586,-0.989402877326816,-0.07165975104526622,0.24894833041299858,0.03831801129958531,-0.9677584713112176
6.6,0.01596783474087715,Empty,0.52434,0.2511,0.17825,-0.1415,0.24778,-0.07718,0.98945,-0.06534,0.12588,-0.02946,0.9597722197605056,-0.13671833231657493,0.24524555813422205,-0.1218846143040947,-0.9897254922341328,-0.07475018941678442,0.25294550198003835,0.04185149496108343,-0.9665748938378177
6.667,0.01596783474087715,Empty,0.52548,0.25185,0.17471,-0.13578,0.25211,-0.07966,0.98934,-0.06225,0.12801,-0.03089,0.9594764910559399,-0.13108455773582584,0.2494427826860977,-0.11526930426478416,-0.9903412823961071,-0.07705278629839829,0.2571339157040421,0.04517724100957226,-0.9653192043513221
6.733,0.01596783474087715,Empty,0.52659,0.25217,0.17108,-0.12811,0.25694,-0.08211,0.98923,-0.05818,0.13035,-0.03243,0.9592470428506752,-0.12355896335829492,0.25412259513088975,-0.10665086702167553,-0.991127251799349,-0.07932441808292355,0.26166907219952334,0.048989318371387425,-0.963913555947704
6.8,0.01596783474087715,Empty,0.52783,0.25186,0.16743,-0.12043,0.26212,-0.08371,0.98909,-0.05415,0.13283,-0.03355,0.9588495910511504,-0.11603596552555911,0.2591198881706935,-0.09820825977967457,-0.9918833316476386,-0.0807625786526677,0.2663880617672072,0.05199145222179909,-0.9624626171669105
6.867,0.01596783474087715,Empty,0.52921,0.25138,0.16394,-0.11326,0.26824,-0.08545,0.98885,-0.05034,0.13578,-0.0347,0.958058538511114,-0.10897610272158997,0.2650434791153362,-0.0901281036628021,-0.9925237787158953,-0.08230111550682401,0.2720308102331342,0.054961420279445394,-0.9607176903569388
6.933,0.01596783474087715,Empty,0.5302,0.25075,0.16061,-0.10702,0.27312,-0.08751,0.98864,-0.04699,0.13813,-0.036,0.9574228760181978,-0.10285242986556309,0.26974583249383455,-0.08295986706709707,-0.9929921449819916,-0.08416804892756562,0.2765123811572496,0.058206337067478395,-0.9592460192213128
7.0,0.01596783474087715,Empty,0.5308,0.25035,0.15758,-0.10178,0.27741,-0.09107,0.98841,-0.04404,0.14023,-0.038,0.9567922907639264,-0.09771614240169146,0.27386140262704206,-0.07640179004680758,-0.9932331127127834,-0.08746856743149939,0.2805553043739541,0.06276574961718778,-0.9577834733710069
7.067,0.01596783474087715,Empty,0.53109,0.25027,0.15511,-0.09773,0.28036,-0.09481,0.98822,-0.0417,0.14169,-0.04005,0.9563730716939743,-0.0937601860708474,0.2766940101386225,-0.07106491850757346,-0.9933154303760057,-0.09096281182132686,0.2833731199252038,0.06733114646944835,-0.9566431892921026
7.133,0.01596783474087715,Empty,0.53144,0.25017,0.15301,-0.0926,0.28413,-0.09751,0.98801,-0.03887,0.1435,-0.04165,0.9557909245509779,-0.08876212038017722,0.280330152733525,-0.06485630442562557,-0.9935092902215001,-0.09345025425230984,0.2868054537874708,0.07113772718597158,-0.9553439461516345
7.2,0.01596783474087715,Empty,0.53214,0.24972,0.15124,-0.08468,0.29077,-0.09856,0.98767,-0.0347,0.14663,-0.04257,0.9545922450081317,-0.08102370989208968,0.28668589816322854,-0.056052855494670595,-0.9939669663066266,-0.09427484967951287,0.2925948105507479,0.07392447718126689,-0.9533747681327883
7.266,0.01596783474087715,Empty,0.53257,0.24889,0.14904,-0.07765,0.29582,-0.09856,0.98742,-0.03109,0.14897,-0.04297,0.9536817358358054,-0.07420396632695397,0.2915217283746674,-0.04860005254771743,-0.9943740685905416,-0.09411825862738826,0.2968655952204029,0.07559089294380061,-0.9519227044662788
7.333,0.01596783474087715,Empty,0.53271,0.24796,0.1466,-0.06821,0.3015,-0.09682,0.98717,-0.02641,0.15155,-0.0427,0.9526712560210975,-0.06507717888235748,0.29695528070721045,-0.03919050017656056,-0.9949583163801834,-0.09231496824362759,0.3014657238345605,0.07630799076521774,-0.9504185961450248
7.4,0.01596783474087715,Empty,0.53196,0.24743,0.14333,-0.05833,0.30606,-0.09545,0.98698,-0.02152,0.15357,-0.04269,0.9519080585416468,-0.05559234997337398,0.3012980894528049,-0.02937134693073673,-0.99542939355183,-0.09087159309987905,0.3049727398685772,0.07765187104940605,-0.9491900836289745
7.467,0.01596783474087715,Empty,0.53069,0.2465,0.14019,-0.05391,0.30221,-0.09078,0.98741,-0.01979,0.15153,-0.04079,0.9532913932794236,-0.051447157486336215,0.29763855510661097,-0.02672166020492922,-0.9958886390860096,-0.08655501958470092,0.3008678653084562,0.0745587588817824,-0.9507468217663104
7.534,0.01596783474087715,Empty,0.53022,0.24626,0.13873,-0.04862,0.30147,-0.08675,0.9876,-0.0175,0.15102,-0.03921,0.9537725989049826,-0.04640155235647053,0.2969254544779627,-0.022715118752757946,-0.996312875107898,-0.08273257081876388,0.29966957296009056,0.07216336212471944,-0.9513099369862451
7.6,0.01596783474087715,Empty,0.52947,0.24638,0.13792,-0.04416,0.2982,-0.08022,0.988,-0.01586,0.14927,-0.03637,0.9549316357914246,-0.042194798873096684,0.29381145299796035,-0.02047738722379222,-0.9968512164798844,-0.0766050182106972,0.29611863767280944,0.06713606445594868,-0.9527888020291622
7.667,0.01596783474087715,Empty,0.529,0.24745,0.13781,-0.03567,0.29579,-0.0715,0.98839,-0.01236,0.14787,-0.03272,0.9559611786001296,-0.03410422592176582,0.2915049344071691,-0.014751623696676153,-0.9975536416727503,-0.06833097089713477,0.2931221837523773,0.061021584375617256,-0.9541256477175984
7.733,0.01596783474087715,Empty,0.52864,0.24853,0.1378,-0.02606,0.29007,-0.06088,0.98902,-0.00849,0.14484,-0.02823,0.9579003917386895,-0.02497012794574366,0.2860128182743543,-0.008613202680663457,-0.9982616277032506,-0.05830553485595141,0.2869715181798491,0.05338740830598494,-0.9564502770076041
7.8,0.01596783474087715,Empty,0.5278,0.2488,0.13762,-0.014,0.27834,-0.04531,0.99008,-0.00379,0.13884,-0.02146,0.9614185629883483,-0.013456326692915577,0.274760393822242,-0.0015393437538635535,-0.9990504149527838,-0.043541920071104065,0.2750853997620148,0.04143905952847515,-0.9605263282092625
7.867,0.01596783474087715,Empty,0.52823,0.24941,0.13848,0.00027,0.26301,-0.03075,0.99125,0.00215,0.13111,-0.01526,0.9656128217086857,0.00026304890031936257,0.25998424828644157,0.008263218351841295,-0.999525317089746,-0.029679280973643016,0.25985303110462227,0.03080700085887456,-0.965156635434799
7.933,0.01596783474087715,Empty,0.53016,0.25071,0.13946,0.01005,0.25505,-0.02386,0.99179,0.0065,0.12711,-0.01247,0.9676028011032558,0.009724805475865628,0.25229000665026213,0.016063856437267654,-0.999604589742205,-0.023078489610040526,0.25196581477155905,0.026383561639294756,-0.9673764189092734
8.0,0.01596783474087715,Empty,0.53139,0.2513,0.13852,0.01849,0.24391,-0.01599,0.99249,0.01015,0.12157,-0.00906,0.970235995928635,0.017942188939755743,0.24149573507708144,0.022346187112446902,-0.9996299801878561,-0.01550969474753744,0.24112809899699636,0.020444573012816408,-0.970277928898941
8.067,0.015967506915330887,Empty,0.53241,0.25207,0.13668,0.02461,0.23244,-0.00959,0.99316,0.01278,0.11589,-0.00619,0.9728139807013059,0.023960815241878763,0.2303450418069024,0.02682857502805336,-0.9995965506523108,-0.009325421490017152,0.2300286645486671,0.015251729637877676,-0.973064334064819
8.133,0.015967506915330887,Empty,0.53278,0.25256,0.1341,0.02566,0.22452,-0.00677,0.99361,0.01313,0.11197,-0.0048,0.9745812230060927,0.02501927951206534,0.2226330510428441,0.02716827784446202,-0.9996091210525344,-0.0065946787295269454,0.222381034359755,0.012475606649646843,-0.9748800104606765
8.2,0.015967506915330887,Empty,0.53234,0.25237,0.1314,0.02701,0.2167,-0.00265,0.99404,0.01357,0.10811,-0.00278,0.9762575759942891,0.026379290057891636,0.21500064737064578,0.02758011410658706,-0.9996162496786993,-0.0025866356836014986,0.2148499071901656,0.008454965069925591,-0.9766104806656764
8.267,0.015967506915330887,Empty,0.53071,0.25255,0.12996,0.03252,0.20393,-0.00305,0.99467,0.01633,0.10175,-0.00317,0.9787614730336986,0.03183891563354502,0.20251484477979498,0.033130915969185215,-0.9994465413396738,-0.0029922251263230226,0.2023074919817535,0.009638176977200336,-0.9792746214584594
8.333,0.015967506915330887,Empty,0.52995,0.25226,0.1297,0.03773,0.19362,-0.00214,0.99514,0.01888,0.09662,-0.00289,0.9806178209953925,0.037008769665952235,0.19240332667098076,0.03812556167159953,-0.9992707413700379,-0.0021040411116829,0.19218514691170271,0.009398745107038623,-0.9813136771170268
8.4,0.015967506915330887,Empty,0.52937,0.2517,0.1299,0.04117,0.18422,0.00103,0.99555,0.02045,0.09197,-0.00138,0.9822486441835188,0.04045717516771191,0.18316882370394633,0.04096640329168627,-0.9991600195808953,0.0010045259815734675,0.18305560576224172,0.006517073618871913,-0.983080959509676
8.467,0.01596783474087715,Empty,0.52868,0.2515,0.13026,0.04514,0.1745,0.00303,0.99594,0.02235,0.08715,-0.00046,0.9838094945254868,0.04443958394835218,0.17362028067021357,0.04460136061985759,-0.9990004446927458,0.002971554232039611,0.1735787922309745,0.004820257482115078,-0.9848081884333832
8.533,0.01596783474087715,Empty,0.52807,0.25093,0.13041,0.04893,0.16635,0.00531,0.99625,0.02416,0.08312,0.00061,0.9850163111783923,0.0482369619613609,0.16557796415359916,0.048035372998635584,-0.9988319737752986,0.00522408891797474,0.16563655892765416,0.0028077864732213484,-0.9861828667553125
8.6,0.01596783474087715,Empty,0.52761,0.25041,0.13043,0.05053,0.15915,0.00684,0.99652,0.02491,0.07955,0.0014,0.9861025128136616,0.04986428990963715,0.15847834809332642,0.04941968908560457,-0.9987553076482216,0.006747575504416292,0.15861755436667174,0.001178149529267754,-0.9873393962617022
8.667,0.01596783474087715,Empty,0.52771,0.2499,0.13084,0.05158,0.15366,0.01091,0.99671,0.02529,0.07687,0.00346,0.9869043921056733,0.050938233727476745,0.153052334798447,0.04987547638247297,-0.9986972906928681,0.010777681492140506,0.15340194815631394,-0.0030029830917872933,-0.988159311242068
8.733,0.01596783474087715,Empty,0.52804,0.24991,0.13136,0.05162,0.14887,0.01416,0.99689,0.02521,0.07452,0.00514,0.987621303255192,0.051029197525940484,0.14832458446385244,0.04949659057879113,-0.9986760534674861,0.01400813162710085,0.14884303436033383,-0.00649316798375079,-0.9888395167528164
8.8,0.01596783474087715,Empty,0.52819,0.25029,0.13142,0.05213,0.14816,0.01492,0.9969,0.02544,0.07418,0.00551,0.9876995816753673,0.051543768691710234,0.14762376593001436,0.04990844005506745,-0.9986446827276154,0.014762969590488798,0.1481846279800099,-0.007213707016190509,-0.9889334044623586
8.867,0.01596783474087715,Empty,0.52798,0.25055,0.1307,0.0525,0.14684,0.01494,0.99695,0.02563,0.07352,0.00552,0.9878755622962951,0.051912039015359235,0.14631135848951154,0.05028748939391253,-0.9986253732193203,0.014782840492616148,0.146877642370225,-0.007245975975729242,-0.9891281282037852
