time,gr,gr_state,tx,ty,tz,rx,ry,rz,qw,qx,qy,qz,xx,xy,xz,yx,yy,yz,zx,zy,zz
0.0,0.016065021976828575,Empty,0.30734,-0.00042,0.48541,0.00652,0.00095,0.00434,0.99999,0.00326,0.00048,0.00217,0.9999783229552063,0.006516935245304389,0.000939773749997704,0.006512804500789726,-0.999969401584466,0.004333505779310078,0.0009679861709588045,-0.004327291279002478,-0.9999901687281527
0.067,0.01606469415128231,Empty,0.30734,-0.00041,0.48541,0.00652,0.00095,0.00434,0.99999,0.00326,0.00048,0.00217,0.9999783111422038,0.006518995773746372,0.0009380507915464319,0.006514866732982405,-0.9999693624194284,0.004339439357017749,0.0009663108387682976,-0.004333233963638926,-0.9999901446148254
0.133,0.01606469415128231,Empty,0.30734,-0.00042,0.48541,0.0065,0.00093,0.00432,0.99999,0.00325,0.00047,0.00216,0.9999783799199922,0.006509069446617666,0.0009336527873014511,0.006504965844608579,-0.9999694552422868,0.004332897622218331,0.0009618274006313709,-0.004326730565132952,-0.9999901770970895
0.2,0.01606469415128231,Empty,0.30734,-0.00041,0.48541,0.00652,0.00095,0.00432,0.99999,0.00326,0.00048,0.00216,0.999978308868376,0.006519305337712222,0.0009383233215884473,0.00651518483015362,-0.9999694039224554,0.0043293862842216976,0.0009665192036871273,-0.004323179025063365,-0.9999901879337346
0.267,0.01606469415128231,Empty,0.30734,-0.00042,0.48541,0.0065,0.00093,0.00436,0.99999,0.00325,0.00047,0.00218,0.9999783736842502,0.0065102888725152575,0.000931827558084619,0.006506159337806516,-0.9999692942332449,0.0043681210304993365,0.0009602366753434048,-0.00436196394556644,-0.9999900255582879
0.333,0.01606469415128231,Empty,0.30737,-0.00043,0.48477,0.00652,0.00211,0.00437,0.99999,0.00326,0.00106,0.00218,0.9999764954495001,0.006522097445670616,0.002114425086259069,0.0065127960921166905,-0.9999692146676415,0.004376437368770183,0.0021429035439640316,-0.004362563683138177,-0.9999881879314935
0.4,0.01606469415128231,Empty,0.30682,-0.00044,0.48273,0.0065,0.00163,0.00435,0.99999,0.00325,0.00082,0.00217,0.9999774856147791,0.00651093425961885,0.0016235758716987008,0.006503829049133825,-0.9999694152932774,0.0043438100465185625,0.0016518084767559685,-0.004333152788388023,-0.9999892476000273
0.467,0.01606469415128231,Empty,0.30657,-0.00043,0.48031,0.00655,0.00325,0.00433,0.99999,0.00327,0.00163,0.00216,0.9999732792948403,0.006552741237927762,0.003240721924569729,0.0065386798228497245,-0.9999692448677424,0.004330702577080084,0.0032690002291043724,-0.004309396814593736,-0.9999853712612984
0.533,0.01606469415128231,Empty,0.30681,-0.0007,0.47656,0.00603,0.00703,0.0038,0.99999,0.00301,0.00352,0.00189,0.9999571622588246,0.0060326898021023645,0.007019992950865818,0.006006111098520006,-0.9999747388670331,0.003801086329099813,0.007042746392625084,-0.0037587606415737346,-0.9999681352131619
0.6,0.016065021976828575,Empty,0.30707,-0.00061,0.47352,0.00624,0.00891,0.00393,0.99998,0.00311,0.00446,0.00195,0.9999407537292906,0.006244977371989202,0.008915676582388676,0.006210097887210553,-0.9999729768664865,0.0039344912007363494,0.00894000646138897,-0.003878890872498223,-0.9999525141175802
0.667,0.016065021976828575,Empty,0.3079,-0.0005,0.47124,0.00612,0.01077,0.00307,0.99998,0.00305,0.00539,0.00152,0.9999231982955865,0.006118339205209711,0.010777914255333523,0.006085620119978208,-0.9999767823561729,0.003065938086509534,0.010796422466754628,-0.0030001123253952044,-0.9999372163230819
0.733,0.016065021976828575,Empty,0.30883,-9e-05,0.46939,0.00505,0.01146,0.00105,0.99998,0.00252,0.00573,0.00051,0.9999215485616729,0.005054757147234967,0.011460634895527226,0.005042952197536754,-0.9999867237968719,0.0010587082373269534,0.011465834254839699,-0.0010008297462114012,-0.9999337642987461
0.8,0.01606469415128231,Empty,0.31058,0.00071,0.46752,0.00241,0.01718,-0.00098,0.99996,0.00121,0.00859,-0.0005,0.9998494112176499,0.0024021687983113438,0.017186752828360508,0.002419357077729889,-0.9999965937702793,-0.0009793667186043797,0.01718434168215841,0.001020800129061238,-0.9998518172049533
0.867,0.01606469415128231,Empty,0.31334,0.00191,0.46341,0.00051,0.02672,-0.00403,0.99991,0.00028,0.01336,-0.00202,0.9996428950915857,0.0005044950834067752,0.026717555607201265,0.0006126967635780578,-0.9999916441803478,-0.00404180308285952,0.02671529329034168,0.004056729494991034,-0.9996348513583425
0.933,0.01606469415128231,Empty,0.31637,0.00375,0.45758,-0.00264,0.03555,-0.00689,0.99984,-0.00126,0.01778,-0.00342,0.9993647885044931,-0.002646170484432886,0.03553895439003217,-0.0024029833413969914,-0.9999734191012365,-0.006883804329275914,0.03555622545252003,0.00679403214226322,-0.9993445831938148
1.0,0.01606469415128231,Empty,0.32014,0.00776,0.45152,-0.00976,0.04287,-0.01103,0.99974,-0.00476,0.02146,-0.00541,0.9990336489788922,-0.009740668731844815,0.042858926498175375,-0.009276451903687255,-0.999896282721717,-0.011016861593527345,0.042961792886216,0.01060863666777305,-0.9990203907729076
1.067,0.01606469415128231,Empty,0.32392,0.01219,0.4448,-0.01353,0.05011,-0.01152,0.99965,-0.00662,0.02509,-0.00559,0.9986530124344964,-0.013505970092962227,0.05009740040515412,-0.012944806681389587,-0.9998499755758781,-0.011509053866309366,0.05024532550882493,0.010845050150375847,-0.9986780222633062
1.133,0.01606469415128231,Empty,0.32827,0.01827,0.43797,-0.02128,0.0567,-0.01435,0.99952,-0.01043,0.02842,-0.00687,0.9981665953995207,-0.021247515469683675,0.05667442910956321,-0.02046688276212999,-0.9996879862526664,-0.014319107936227836,0.056960991375945874,0.01313290632166671,-0.9982900241077316
1.2,0.016065021976828575,Empty,0.33199,0.02479,0.43177,-0.02761,0.06098,-0.01307,0.99942,-0.0136,0.03057,-0.00611,0.9977607801058181,-0.0275606985502152,0.06094123052624263,-0.02681302929627849,-0.9995552444488851,-0.013052768085226023,0.06127386998211717,0.011389521067804031,-0.9980560062778345
1.266,0.016065021976828575,Empty,0.3362,0.03262,0.42478,-0.03603,0.06761,-0.01077,0.99926,-0.01782,0.03389,-0.00477,0.9970676761157822,-0.035928728453637315,0.06756608407165736,-0.03528219129490939,-0.999319695170672,-0.01073842732548037,0.067905936577761,0.008323059275290784,-0.9976570104308379
1.333,0.016065021976828575,Empty,0.33976,0.04061,0.41777,-0.04314,0.07094,-0.00704,0.99914,-0.02143,0.03553,-0.00275,0.9965572509997329,-0.04302095891937924,0.07087201544694699,-0.04262964176328393,-0.9990662422612998,-0.007025469167204333,0.07110808057449777,0.003980033610707224,-0.9974606760216006
1.4,0.01606469415128231,Empty,0.34345,0.04938,0.41098,-0.05386,0.07532,-0.00241,0.99893,-0.02686,0.03767,-0.00019,0.9957189587254369,-0.05366741998493191,0.07525664932012327,-0.053638764236493275,-0.9985575129633784,-0.002403388352640576,0.07527707623116751,-0.0016435743222064333,-0.9971613011231105
1.467,0.01606469415128231,Empty,0.34741,0.05887,0.40363,-0.06418,0.08041,0.00709,0.99867,-0.0322,0.04006,0.00483,0.9947169930457256,-0.06392165352132018,0.08032512656180499,-0.06469574094531211,-0.997879998402396,0.007068938532152194,0.07970297892555023,-0.012228286860169437,-0.9967436501683161
1.533,0.01606469415128231,Empty,0.35151,0.06818,0.3967,-0.07191,0.08548,0.01724,0.99839,-0.03628,0.04239,0.01014,0.9937732735220932,-0.07158926934122478,0.08537949020913835,-0.07330840441383996,-0.997161525681024,0.017168853886887214,0.08390803701362406,-0.02332098232669346,-0.9962005687148738
1.6,0.01606469415128231,Empty,0.35608,0.07745,0.38922,-0.08291,0.08982,0.02727,0.99801,-0.04201,0.04429,0.01547,0.9925456071902785,-0.08249056563177071,0.08971356769759925,-0.08523104981075946,-0.9959912065208596,0.02715114511909745,0.08711421121399804,-0.03459513137528105,-0.9955974543407041
1.667,0.01606469415128231,Empty,0.36019,0.08665,0.38129,-0.0897,0.09441,0.03619,0.99768,-0.04563,0.04632,0.02017,0.991544858975907,-0.08917189055802216,0.09427176975509169,-0.09290848442024752,-0.9950232237338188,0.036011078199513866,0.09059142432472032,-0.044465246706467475,-0.9948949872595356
1.733,0.01606469415128231,Empty,0.36452,0.09444,0.37299,-0.09524,0.09984,0.04292,0.99734,-0.0486,0.04881,0.02378,0.9905094859974496,-0.09462859557963516,0.09968142779722738,-0.09927143474413769,-0.9941444860037966,0.04268399222293473,0.09505861556381079,-0.0521744175518332,-0.9941034602898325
1.8,0.01606469415128231,Empty,0.36862,0.10206,0.36472,-0.10048,0.10293,0.04844,0.99706,-0.05138,0.05015,0.02674,0.9896905231728235,-0.09976984182989829,0.10275527725202283,-0.10513423694133517,-0.9932906258538998,0.04817182593104932,0.09725975819765467,-0.058478297273477114,-0.9935395453545515
1.867,0.01606469415128231,Empty,0.37224,0.10856,0.35719,-0.10138,0.10404,0.05272,0.99695,-0.05195,0.05058,0.02892,0.9894854753857583,-0.10066658962309988,0.10384956299510287,-0.10651741976762819,-0.9929286417851526,0.05240946106133226,0.09783932382568024,-0.06292018798721796,-0.9932112145243763
1.933,0.016065021976828575,Empty,0.37578,0.11417,0.35035,-0.10234,0.10564,0.05431,0.99686,-0.05249,0.05132,0.02978,0.9892228585078814,-0.10158839759395821,0.10544161265737545,-0.10770126647387512,-0.9927166070532099,0.053983101806827374,0.09918958314974147,-0.06475751350271891,-0.9929591587973423
2.0,0.016065021976828575,Empty,0.37944,0.11854,0.34479,-0.1025,0.10878,0.05321,0.99678,-0.05258,0.05291,0.02931,0.9888719608899841,-0.10171053220913867,0.1085689301933642,-0.10791441982761057,-0.9927533473465522,0.05287030665208833,0.10240470183965225,-0.06399811692502666,-0.9926819823443873
2.067,0.01606469415128231,Empty,0.38321,0.12212,0.33929,-0.09986,0.11086,0.05074,0.99683,-0.05122,0.05405,0.02806,0.9889111188124255,-0.09907694585061277,0.11062801584622052,-0.10514351615058481,-0.9931786981321973,0.050407485435452724,0.1048791690501434,-0.061480341389328785,-0.9925827560067739
2.133,0.01606469415128231,Empty,0.38613,0.1257,0.33382,-0.09694,0.10783,0.04957,0.997,-0.0497,0.05261,0.02733,0.9895245583559028,-0.09622095452016155,0.1076228429367326,-0.10197298776628949,-0.9935661469066974,0.04927292854087803,0.10218932515958694,-0.059731395699475026,-0.9929700409333712
2.2,0.01606469415128231,Empty,0.38935,0.12885,0.3299,-0.09277,0.10465,0.04589,0.99724,-0.04749,0.05117,0.02531,0.9902528438579127,-0.09212155801642974,0.10446494043429817,-0.09730237165494626,-0.9942086715225621,0.045621989650437386,0.0996571808834596,-0.05534199145285176,-0.9934816104389623
2.267,0.01606469415128231,Empty,0.39416,0.13407,0.32463,-0.08922,0.11088,0.03461,0.99728,-0.04548,0.05458,0.01973,0.9899067228495237,-0.08855204039191239,0.11064906777621278,-0.09285901153273912,-0.9950852799343143,0.03438734702197839,0.10706018884010271,-0.04431502905873415,-0.9932644633555785
2.333,0.01606469415128231,Empty,0.39878,0.13974,0.31761,-0.08487,0.11711,0.02298,0.99729,-0.04302,0.05798,0.01394,0.9895755646973385,-0.08418277797309981,0.11684802799652032,-0.08741669618192172,-0.9959103326473748,0.022823903146316736,0.11444877886015833,-0.03280044540744226,-0.9928875101432652
2.4,0.01606469415128231,Empty,0.40234,0.1464,0.30949,-0.08172,0.11861,0.01135,0.99738,-0.04111,0.05899,0.00808,0.9896593050667387,-0.0810501530204234,0.11834412782299521,-0.08295680227547403,-0.9964894531638308,0.011266707126628042,0.11701550688283781,-0.020967651957604815,-0.9929087212429636
2.466,0.016065021976828575,Empty,0.40568,0.15256,0.30178,-0.07858,0.12295,0.00443,0.99733,-0.03934,0.0613,0.00462,0.9893888501361868,-0.07790763069720535,0.1226381029914525,-0.07904085153338652,-0.9968616890103579,0.004395085015533089,0.12191081582481272,-0.014041868200652662,-0.9924417257060308
2.533,0.016065021976828575,Empty,0.40887,0.15957,0.2937,-0.07611,0.12546,-0.00394,0.99731,-0.03785,0.06272,0.00042,0.9892672933314914,-0.07543784461024744,0.12513734033111465,-0.07554205147047088,-0.9971349151315514,-0.003919117914348277,0.12507446103908582,-0.0055760762327966475,-0.992131688118885
2.6,0.01606469415128231,Empty,0.41214,0.16587,0.28603,-0.07578,0.13043,-0.01009,0.99716,-0.03747,0.06531,-0.00256,0.9886611361015771,-0.07505753629402118,0.13005969478593482,-0.07438861292965793,-0.9971791820806064,-0.010000654551299053,0.13044344456023974,0.0002122981972663204,-0.9914557290674836
2.667,0.01606469415128231,Empty,0.41516,0.17324,0.27727,-0.07862,0.13319,-0.01566,0.997,-0.03869,0.0668,-0.00519,0.9880818029104969,-0.07784899283522384,0.13279263937313285,-0.07646107821573572,-0.9969516603815316,-0.015527085386321741,0.13359661026848246,0.0051885621368789655,-0.9910222119345877
2.733,0.01606469415128231,Empty,0.41871,0.18184,0.269,-0.08194,0.13778,-0.02175,0.99676,-0.04011,0.06922,-0.00802,0.9871987692856798,-0.08107184844905246,0.13735335929598785,-0.07885003914827965,-0.9966535477685703,-0.02154940942664753,0.13864076329548122,0.010443232707183258,-0.9902876741853701
2.8,0.016065021976828575,Empty,0.42179,0.19029,0.25966,-0.08587,0.13995,-0.02523,0.99659,-0.04193,0.07039,-0.00957,0.986573667889606,-0.08492449886885933,0.1394999187050735,-0.08222885096214871,-0.9963002257143453,-0.024985522027551624,0.1411056834301643,0.013179140086426792,-0.9899068119627668
2.867,0.016065021976828575,Empty,0.4251,0.1987,0.25107,-0.08969,0.14325,-0.02665,0.99639,-0.04376,0.07208,-0.01007,0.9857792046207151,-0.08865792161197822,0.14275549962363868,-0.08575586059739898,-0.9959672241347548,-0.026367040457938258,0.14451744569618524,0.013749959445591797,-0.9894067144024721
2.933,0.016065021976828575,Empty,0.42729,0.20624,0.24299,-0.0911,0.14235,-0.02583,0.99639,-0.0445,0.07162,-0.00963,0.9857793786439111,-0.09006522706177456,0.1418706154026812,-0.08730704383922006,-0.995853473283771,-0.02556051338893431,0.1435844585478562,0.012810722967904059,-0.9895551468415283
3.0,0.016065021976828575,Empty,0.43052,0.213,0.23633,-0.0911,0.14579,-0.02559,0.99627,-0.04448,0.07333,-0.00943,0.9852890447464814,-0.09001718089108601,0.14526667011736655,-0.08725132153763565,-0.9958646748031426,-0.02531316592540392,0.14694456503219966,0.01226607613103845,-0.9890686721273932
3.067,0.016065021976828575,Empty,0.4335,0.21881,0.23017,-0.09187,0.14899,-0.02304,0.99615,-0.04493,0.07487,-0.00806,0.984749845881326,-0.0907283690689803,0.14844562668798028,-0.08831396274212538,-0.9958319479926583,-0.022789807851956473,0.14989457969348588,0.009332438225325451,-0.988657939115083
3.133,0.01606469415128231,Empty,0.43785,0.22428,0.22459,-0.09065,0.15593,-0.02108,0.99592,-0.04435,0.07828,-0.00697,0.9838107357979896,-0.08943672976000894,0.15529812458124853,-0.08725558804000016,-0.9959683862309978,-0.02081912544309987,0.15653401701998093,0.006931449939000746,-0.9876482453370388
3.2,0.01606469415128231,Empty,0.44198,0.22907,0.21895,-0.09041,0.15635,-0.01769,0.99592,-0.04436,0.07841,-0.00528,0.983766841791172,-0.08919129472233289,0.15571677474818507,-0.0875347154162126,-0.9960081417292003,-0.017477276851622495,0.15665399640362127,0.0035629418883178633,-0.9876471185883524
3.267,0.01606469415128231,Empty,0.44668,0.2328,0.21521,-0.09218,0.15649,-0.01647,0.99588,-0.04529,0.07846,-0.0046,0.9835854430037416,-0.09093828783783103,0.15585218675481077,-0.08949378402193814,-0.9958543987790057,-0.016275105343415405,0.156686115953416,0.002060154758353998,-0.9876463014813573
3.333,0.01606469415128231,Empty,0.45168,0.23516,0.21313,-0.09089,0.15507,-0.01707,0.99596,-0.04463,0.07776,-0.00498,0.9839224412826924,-0.08966409847473567,0.15445704576036554,-0.08811610525643998,-0.995967627475284,-0.016853397749121632,0.15534536212820366,0.002972282955404863,-0.9878557506029361
3.4,0.01606469415128231,Empty,0.457,0.23734,0.21254,-0.09111,0.15677,-0.01859,0.99589,-0.04467,0.07864,-0.00569,0.9836402667735593,-0.08986192416071642,0.15613026666144672,-0.08807352391002798,-0.9959449589057496,-0.01834920206151311,0.15714604661813952,0.004298071236982574,-0.9875660213960032
3.467,0.01606469415128231,Empty,0.46286,0.24006,0.21199,-0.0882,0.15972,-0.01941,0.99583,-0.04317,0.08012,-0.00615,0.9834337936279948,-0.08697224266981063,0.15904025451260423,-0.08500161589679917,-0.996196483767728,-0.019164838213448457,0.16010215128280858,0.005328670922308786,-0.9870860683956686
3.533,0.01606469415128231,Empty,0.46933,0.24293,0.21056,-0.08723,0.16354,-0.01898,0.9957,-0.04268,0.08201,-0.00589,0.9829078161345449,-0.08594948592006174,0.16280328882334164,-0.08401856612302883,-0.9962883000224392,-0.01872174631352984,0.1638081363310428,0.004723251896206027,-0.9864809097814692
3.6,0.01606469415128231,Empty,0.47444,0.24482,0.2075,-0.08369,0.16505,-0.01984,0.99571,-0.04087,0.08277,-0.00643,0.9829567885293901,-0.08245110369363906,0.16430997347601395,-0.08032224030952234,-0.9965768148377734,-0.019570126199316543,0.16536108851736248,0.00603884322520348,-0.9862146028004525
3.667,0.01606469415128231,Empty,0.48068,0.24636,0.20357,-0.08171,0.17009,-0.02033,0.99554,-0.03983,0.08528,-0.00665,0.9822809379521853,-0.0804388153072314,0.16927420337353294,-0.07816977825713023,-0.9967386783912133,-0.020037284401048946,0.17033392117545526,0.006450115573115655,-0.9853652882591754
3.733,0.01606469415128231,Empty,0.48599,0.24741,0.19917,-0.08297,0.17059,-0.01969,0.99549,-0.04048,0.08552,-0.00627,0.9820971939239951,-0.08165888085374912,0.16975549730223005,-0.07951261068647297,-0.9966447745388942,-0.01941489444055612,0.1707713278874284,0.005569610581520021,-0.9852949472160781
3.8,0.01606469415128231,Empty,0.49136,0.24788,0.1946,-0.08256,0.17378,-0.01893,0.99537,-0.04029,0.08709,-0.00584,0.9815861356693852,-0.08121792555871976,0.17289391785016944,-0.07918455257170604,-0.9966857352567693,-0.0186373756117007,0.17383459061896075,0.004603661978373144,-0.9847641044436617
3.867,0.01606469415128231,Empty,0.49692,0.24818,0.18992,-0.08184,0.17911,-0.01776,0.99515,-0.03995,0.08972,-0.00518,0.9807094976102297,-0.0804358449550896,0.17815430430795565,-0.0785779456979675,-0.9967548553569519,-0.017471827959018,0.1789815290664883,0.0031357883702512993,-0.9838474368947244
3.933,0.01606469415128231,Empty,0.50164,0.24852,0.18447,-0.08271,0.18071,-0.01556,0.99507,-0.04047,0.09047,-0.00401,0.9803548351086779,-0.08127414206360534,0.17971897815996385,-0.0798242628393871,-0.9966915724983405,-0.015296939985950511,0.18036763662360586,0.0006504941277268455,-0.9835990506889505
4.0,0.016065021976828575,Empty,0.50536,0.24839,0.17908,-0.08087,0.18191,-0.01361,0.99505,-0.03964,0.09103,-0.0031,0.9802824720608772,-0.07945711403803885,0.18092219874565313,-0.07832916419749553,-0.9968377290050751,-0.013382229564853715,0.18141338706483956,-0.0010531195329992592,-0.9834063625647904
4.067,0.016065021976828575,Empty,0.5091,0.24785,0.17377,-0.08161,0.18553,-0.01071,0.99488,-0.04012,0.09277,-0.00155,0.9795684519231947,-0.0801080191401029,0.1844677567116917,-0.07953454180883318,-0.996776616762341,-0.010518219197178075,0.184715740141586,-0.004368242812599149,-0.9827822819926477
4.133,0.016065021976828575,Empty,0.51307,0.24882,0.16844,-0.08205,0.19257,-0.01048,0.99454,-0.04032,0.09627,-0.00127,0.9782134115214136,-0.08045209239308077,0.19137915860723326,-0.07996404479284941,-0.996744688776816,-0.010284791469692536,0.1915835928778987,-0.005242730660932383,-0.9814622971440178
4.2,0.016065021976828575,Empty,0.51529,0.24932,0.16288,-0.08384,0.19364,-0.01036,0.99445,-0.04121,0.0968,-0.0011,0.9778629252916955,-0.08218075128143387,0.19243290638242558,-0.08175353974670713,-0.9966006558343012,-0.010173078665019167,0.19261479195236247,-0.0057841947979116555,-0.9812573999780526
4.267,0.016065021976828575,Empty,0.51826,0.25006,0.15716,-0.08251,0.20124,-0.01159,0.9941,-0.04045,0.1006,-0.00162,0.976489435279126,-0.08074133765424829,0.19987300763748939,-0.08009032368730018,-0.9967229420788424,-0.011354152780378227,0.20013476169800387,-0.004920683641456286,-0.9797560227079923
4.333,0.01606469415128231,Empty,0.52002,0.25072,0.15095,-0.08063,0.20644,-0.01087,0.99388,-0.03953,0.10317,-0.00125,0.975584332583658,-0.07883996708926466,0.20498651079195984,-0.07832343183712054,-0.9968711622412461,-0.010645464623146264,0.20518442933749748,-0.005669698506128107,-0.9787069042753785
4.4,0.01606469415128231,Empty,0.52132,0.25101,0.14475,-0.0826,0.20957,-0.01264,0.99367,-0.0404,0.10476,-0.00196,0.9747863963944698,-0.08069305810800653,0.20803872662911022,-0.07987129467679638,-0.9967285364484908,-0.012361266759605527,0.20835560393456204,-0.004566727759312572,-0.9780424772506745
4.467,0.01606469415128231,Empty,0.52223,0.25139,0.13902,-0.08159,0.21522,-0.01224,0.9934,-0.03989,0.10756,-0.0017,0.9736776215616747,-0.07961910148072454,0.2135712713578354,-0.07888707780796977,-0.9968117909287135,-0.011961706417156437,0.21384274181023658,-0.005201167647076633,-0.9768542519896136
4.533,0.01606469415128231,Empty,0.52216,0.2514,0.13355,-0.0814,0.21694,-0.00853,0.99331,-0.03999,0.10834,0.00017,0.9733277680974379,-0.07941582572282957,0.2152351794554537,-0.07948895824810581,-0.9968009393664898,-0.008330233773117326,0.21520818145946755,-0.009000772347139975,-0.9765267148061356
4.6,0.01606469415128231,Empty,0.52212,0.25172,0.12909,-0.08504,0.21876,-0.00789,0.99314,-0.04182,0.10923,0.00072,0.9726378193212827,-0.08291359308144097,0.2170276676100655,-0.08323023500465576,-0.9965006153278508,-0.007697508186717536,0.21690643237813295,-0.010576376200761515,-0.9761351032820459
4.667,0.01606469415128231,Empty,0.52205,0.25273,0.12571,-0.08511,0.22289,-0.00756,0.99291,-0.04186,0.11127,0.00098,0.9717317662105267,-0.08291327468102283,0.22104923302069818,-0.08334838554752144,-0.9964931790815619,-0.007375003087721821,0.2208855386031222,-0.011257571922553007,-0.9752347645107905
4.733,0.01606469415128231,Empty,0.52192,0.25341,0.12323,-0.08316,0.22762,-0.00806,0.99268,-0.04084,0.11363,0.00072,0.970840219328386,-0.08092042182099074,0.2256571600165257,-0.08124921632022775,-0.9966629390152015,-0.007845434400306855,0.22553898417293594,-0.0107178041544704,-0.9741751871672502
4.8,0.01606469415128231,Empty,0.52223,0.25353,0.1217,-0.08403,0.2331,-0.00904,0.99235,-0.04119,0.11637,0.0004,0.9695218254140925,-0.08166454999084621,0.23099422356526156,-0.0818488312285206,-0.9966058894066983,-0.008801705880604124,0.23092899097395864,-0.010373161267234997,-0.9729153090855714
4.867,0.01606469415128231,Empty,0.52257,0.25407,0.12014,-0.08377,0.23959,-0.01096,0.99197,-0.04092,0.11963,-0.00043,0.9680257842651799,-0.08129277416695108,0.2373132231166744,-0.08108495141188782,-0.9966502598107554,-0.010653181387996771,0.23738431214449515,-0.008929976897779267,-0.9713747700348667
4.933,0.01606469415128231,Empty,0.5226,0.25448,0.11767,-0.08377,0.24538,-0.01338,0.99162,-0.04074,0.12255,-0.00151,0.9666431349908159,-0.08117092852305147,0.24292453547929882,-0.08043095937098727,-0.9966756702453647,-0.0129795653091999,0.24317053758584725,-0.006992045742048423,-0.9699583501091947
5.0,0.01606469415128231,Empty,0.52252,0.25487,0.1148,-0.0839,0.25065,-0.01514,0.9913,-0.04066,0.1252,-0.00226,0.9653436542482123,-0.08117511272268468,0.24803675186787766,-0.08004161440102336,-0.9966835934983775,-0.014668142869444012,0.24840484932220117,-0.005693463411666986,-0.9686395693484725
5.067,0.016065021976828575,Empty,0.5222,0.25457,0.11139,-0.08381,0.25441,-0.015,0.99106,-0.0406,0.12706,-0.00212,0.9644166573052995,-0.08101557870050968,0.2516684070754488,-0.0799390628705362,-0.9966940534710527,-0.014515853499633899,0.2520124150502365,-0.006118805705681702,-0.9677046568438551
5.133,0.016065021976828575,Empty,0.52194,0.25431,0.10817,-0.08498,0.25727,-0.01473,0.99086,-0.04118,0.12847,-0.00185,0.9636006018222942,-0.08209045245596375,0.2544308113874713,-0.08113966412501472,-0.9966008944398101,-0.014248231730623048,0.25473561799126476,-0.0069148259085026476,-0.9669860133989855
5.2,0.016065021976828575,Empty,0.52127,0.25441,0.10502,-0.0867,0.25844,-0.01406,0.99075,-0.04207,0.12904,-0.00138,0.9631584283804461,-0.0837151401707299,0.25557311506867053,-0.08300329570607345,-0.996456607664689,-0.013589773482657178,0.25580518904361355,-0.00812430597496494,-0.9666942127222993
5.267,0.01606469415128231,Empty,0.5204,0.25419,0.10226,-0.08937,0.25723,-0.01215,0.99077,-0.04352,0.1284,-0.00029,0.9632377288090451,-0.08631258730479135,0.254407576678733,-0.08616170268800538,-0.9962117757884978,-0.011758348958565826,0.25445871725821534,-0.01059410463797581,-0.9670256078089261
5.333,0.01606469415128231,Empty,0.51981,0.2549,0.10077,-0.09293,0.25645,-0.01197,0.99074,-0.0453,0.12801,1e-05,0.9631202453205108,-0.08976763431872464,0.25365560290003225,-0.08977215058226273,-0.9958949871176523,-0.011581693044042274,0.25365400456841736,-0.011616645933771498,-0.9672252578916943
5.4,0.01606469415128231,Empty,0.51948,0.25645,0.10023,-0.09451,0.25658,-0.01267,0.99069,-0.04604,0.12809,-0.00023,0.9629452075059068,-0.09127380295084558,0.25378262398417994,-0.09115698319482513,-0.9957612405996168,-0.012245657774502774,0.25382460825582653,-0.011342160922949584,-0.9671837589772557
5.467,0.01606469415128231,Empty,0.51925,0.25753,0.09987,-0.09474,0.25679,-0.01289,0.99067,-0.04614,0.1282,-0.00032,0.962869621906852,-0.09151205001832263,0.25398353472302015,-0.09134558357758049,-0.9957411113690162,-0.012474914447313523,0.25404345212940804,-0.011188558041165681,-0.9671280890342978
5.533,0.01606469415128231,Empty,0.51933,0.25847,0.09994,-0.09561,0.25679,-0.01334,0.99065,-0.04654,0.12821,-0.00049,0.9627928538452226,-0.09234110671581003,0.25397448807915984,-0.09208747676644258,-0.995667175024004,-0.01291406994363016,0.2540665605847452,-0.010954295514474336,-0.9671247004406515
5.6,0.01606469415128231,Empty,0.51994,0.26037,0.10058,-0.09858,0.25763,-0.01466,0.99053,-0.04792,0.12866,-0.00093,0.9623019465199082,-0.09517318619964088,0.25478820293059856,-0.09469276391237885,-0.9954055501022439,-0.014179960799789268,0.25496714334719645,-0.010481195268553156,-0.966892910491701
5.667,0.01606469415128231,Empty,0.52028,0.26273,0.10091,-0.09951,0.25896,-0.01684,0.99042,-0.04823,0.12937,-0.00192,0.9618760675304563,-0.09604159054177042,0.2560672638162723,-0.09504808735291059,-0.995339504591958,-0.016282864895030405,0.2564376957522024,-0.008676605606068392,-0.9665218180219513
5.733,0.01606469415128231,Empty,0.52007,0.26415,0.10053,-0.09929,0.25872,-0.01767,0.99044,-0.04807,0.12927,-0.00235,0.961959951932263,-0.09582281261788911,0.25583400763087555,-0.09460761764910436,-0.9953680697703365,-0.017082282178765257,0.2562858746814558,-0.007771374632001476,-0.9665697885693976
5.8,0.01606469415128231,Empty,0.51975,0.26489,0.09983,-0.09933,0.25797,-0.01776,0.99049,-0.04809,0.1289,-0.00241,0.9621428973446747,-0.09589133046168019,0.25511937956863207,-0.09465008190033763,-0.9953625682670646,-0.017167401930765727,0.25558248587384536,-0.007629576336986915,-0.9667571476226403
5.867,0.01606469415128231,Empty,0.51934,0.26526,0.09909,-0.09954,0.25693,-0.01759,0.99055,-0.04821,0.12838,-0.00234,0.962390821166966,-0.09611006107280617,0.25409990848907094,-0.09490849438178517,-0.9953406006873251,-0.017013709694750564,0.2545511442279439,-0.0077424016930196906,-0.9670283192276574
5.934,0.01606469415128231,Empty,0.5189,0.26542,0.09855,-0.09948,0.25609,-0.01772,0.9906,-0.04818,0.12797,-0.00243,0.9626019897914977,-0.09608489548121468,0.2533083143321857,-0.09484234666693325,-0.9953447081032349,-0.017141800652071104,0.25377615831310596,-0.007523623545216778,-0.967233713515297
6.0,0.01606469415128231,Empty,0.5187,0.26526,0.0981,-0.09872,0.25613,-0.01827,0.99062,-0.04777,0.128,-0.00275,0.9626660573197107,-0.09534258562894543,0.25334532450809205,-0.09393376849916923,-0.9954214467023218,-0.017680231350328993,0.2538710484085722,-0.0067775224561686135,-0.9672143278349884
6.067,0.01606469415128231,Empty,0.51806,0.26443,0.09734,-0.09834,0.25508,-0.01777,0.99069,-0.04762,0.12747,-0.00255,0.962965795867901,-0.09500551456486744,0.2523307912062352,-0.09370779379162752,-0.9954514402573096,-0.017183697866110667,0.25281559558541034,-0.007098048458039204,-0.9674884455831406
6.133,0.01606469415128231,Empty,0.51756,0.26364,0.09667,-0.09863,0.25414,-0.0184,0.99075,-0.04773,0.12702,-0.00287,0.9631781054479306,-0.09529560208868099,0.2514093980110751,-0.09383932379961624,-0.9954281591529408,-0.017803406253254675,0.2519565805740468,-0.006444236800698054,-0.9677170833035297
6.2,0.01606469415128231,Empty,0.51763,0.26292,0.0963,-0.09726,0.25538,-0.02047,0.9907,-0.04691,0.12768,-0.00395,0.9629950808742085,-0.09395828623943958,0.25261099473107684,-0.0919392209822899,-0.9955675031574227,-0.019812276549266844,0.25335282484560206,-0.004145733209273041,-0.9673650598605011
6.266,0.01606469415128231,Empty,0.51749,0.26182,0.09574,-0.09713,0.2559,-0.02177,0.99066,-0.04676,0.12797,-0.00459,0.9628733696439169,-0.09381688225731444,0.25312697729417555,-0.09146761113921681,-0.9955853207668939,-0.02106051248107696,0.253985334503892,-0.0028743133089065916,-0.967203798679445
6.333,0.01606469415128231,Empty,0.51776,0.26044,0.09506,-0.09507,0.25812,-0.02222,0.99057,-0.04569,0.12907,-0.00489,0.9625088953957981,-0.09177160259862216,0.2552539896660594,-0.0892478465806874,-0.9957778506621866,-0.021477756198135564,0.256147317309142,-0.0021083375149770437,-0.9666354570096488
6.4,0.01606469415128231,Empty,0.51789,0.25905,0.0942,-0.09532,0.25848,-0.02175,0.99054,-0.04584,0.12924,-0.00463,0.9623942736666334,-0.09200630257641479,0.25560145206921286,-0.08961086249895184,-0.995754851419239,-0.02102781960267046,0.2564510778606066,-0.002667613402601588,-0.9665535311108575
6.467,0.016065021976828575,Empty,0.51775,0.25813,0.09326,-0.09389,0.25883,-0.0199,0.99056,-0.04525,0.12937,-0.0038,0.9624323008810547,-0.09063770535734117,0.25594701129013986,-0.08867015124456179,-0.9958751759875457,-0.019241572961725892,0.2566352869327709,-0.004176148863565792,-0.9664992960585143
6.533,0.016065021976828575,Empty,0.51757,0.25788,0.09246,-0.09366,0.25942,-0.02026,0.99052,-0.04511,0.12967,-0.00398,0.962300499727869,-0.09040546861706089,0.2565240719067564,-0.08833909995391143,-0.9958977624482759,-0.01959209457538348,0.2572429817173367,-0.00380762322814811,-0.9663392522103851
6.6,0.01606469415128231,Empty,0.51723,0.258,0.09184,-0.09437,0.25977,-0.02102,0.99048,-0.04541,0.12986,-0.0043,0.9621482733761525,-0.09106780685278809,0.256860574231064,-0.08883275722240574,-0.9958393261076759,-0.02031693435719492,0.25764207979977527,-0.0032697297186040737,-0.9662348925515026
6.667,0.01606469415128231,Empty,0.51688,0.25837,0.09133,-0.09451,0.26082,-0.02177,0.99041,-0.04542,0.1304,-0.00464,0.961866873456153,-0.09116967040465757,0.2578763442931336,-0.0887512979383982,-0.9958318200198459,-0.021028393904688705,0.2587186210189254,-0.002660344764717402,-0.9659490657916692
6.733,0.01606469415128231,Empty,0.51623,0.25921,0.09064,-0.09507,0.26192,-0.02372,0.99032,-0.04556,0.13099,-0.00554,0.9615317722657146,-0.09168627505861149,0.2589406841140085,-0.08878269316968235,-0.9957874804831048,-0.02291128775621762,0.25995054205962376,-0.0009595201857158329,-0.9656214553353303
6.8,0.016065021976828575,Empty,0.51537,0.26062,0.09004,-0.09784,0.26183,-0.02802,0.99025,-0.04665,0.13105,-0.00749,0.9613023237704352,-0.09434620952424833,0.25883708208440276,-0.09041908300024148,-0.9955360211206012,-0.027063260719236468,0.2602349548829992,0.0026121638096773298,-0.9655417882501383
6.867,0.016065021976828575,Empty,0.51501,0.26191,0.08972,-0.10074,0.26364,-0.03312,0.99004,-0.04773,0.13208,-0.00978,0.9605550036507525,-0.09709074849882687,0.26059062054771004,-0.09192479697020184,-0.9952526169207867,-0.031969676481211365,0.26245745686394634,0.006753892822936194,-0.9649199284232066
6.933,0.016065021976828575,Empty,0.51483,0.26328,0.08899,-0.10478,0.26659,-0.03799,0.98972,-0.04937,0.13368,-0.01184,0.9593861385824163,-0.10088082934124015,0.2634412560085154,-0.09455017953273354,-0.9948458470261061,-0.03663337556432893,0.26577904478391123,0.010237134673966915,-0.9639796161887543
7.0,0.01606469415128231,Empty,0.51382,0.26518,0.08703,-0.10565,0.26899,-0.04228,0.98951,-0.04948,0.13498,-0.01384,0.9586625098102872,-0.10166910319249078,0.26576227298146615,-0.09419544079381287,-0.9947192677588992,-0.040752880669449876,0.2685021624082383,0.014034664414719164,-0.9631768357767261
7.067,0.01606469415128231,Empty,0.51203,0.26692,0.0842,-0.10628,0.26944,-0.04605,0.98944,-0.04953,0.1353,-0.01565,0.9584836037528941,-0.10224184485982013,0.26618750251754,-0.09377490824882712,-0.994604603354728,-0.044361577615186304,0.26928692489571204,0.017558136155200736,-0.9628999241535782
7.133,0.01606469415128231,Empty,0.51035,0.26737,0.08231,-0.10458,0.26589,-0.04475,0.98973,-0.04883,0.1335,-0.01522,0.9595873048371685,-0.10070987807106707,0.262773143327567,-0.0925848528541599,-0.9947691879234491,-0.043154464196594675,0.2657447072235172,0.017081663181094543,-0.9638920932166912
7.2,0.01606469415128231,Empty,0.51037,0.26732,0.08231,-0.10466,0.26593,-0.04477,0.98972,-0.04887,0.13352,-0.01522,0.959568979500194,-0.10080082622262854,0.26280518833118877,-0.09267213471166025,-0.9947600513586752,-0.04317772190458641,0.26578045268405276,0.017077284729175947,-0.9638823150765546
7.267,0.01606469415128231,Empty,0.51046,0.26731,0.08237,-0.10478,0.26607,-0.04483,0.98971,-0.04892,0.13359,-0.01524,0.9595219851147037,-0.10089829062502387,0.26293933716826495,-0.09275267712695823,-0.9947497048135927,-0.043243099554177614,0.26592198285835744,0.017104377282392804,-0.9638427980280087
7.333,0.01606469415128231,Empty,0.51046,0.2673,0.08237,-0.1048,0.26609,-0.04485,0.98971,-0.04893,0.1336,-0.01525,0.959516821822312,-0.10091838547593218,0.2629504670331293,-0.09277117003881369,-0.9947476439059775,-0.043250837600399133,0.2659341622462959,0.017105683746572117,-0.9638394144949267
7.4,0.01606469415128231,Empty,0.51046,0.26731,0.08237,-0.1048,0.26609,-0.04485,0.98971,-0.04893,0.1336,-0.01525,0.959515005775754,-0.1009262010975468,0.26295409413654713,-0.09277411975251904,-0.9947465671561311,-0.043269271258453604,0.2659396856343555,0.017122180442628657,-0.9638375975970175
7.467,0.01606469415128231,Empty,0.51046,0.2673,0.08238,-0.10482,0.26609,-0.04486,0.98971,-0.04894,0.1336,-0.01525,0.9595098404714157,-0.10095490752622555,0.26296192249998757,-0.09280334262321827,-0.9947437792448921,-0.04327069737763481,0.26594812583749444,0.017114914547274877,-0.9638353978058513
7.533,0.016065021976828575,Empty,0.51046,0.26731,0.08237,-0.10482,0.26609,-0.04488,0.98971,-0.04894,0.1336,-0.01526,0.9595102452489606,-0.10095816826820447,0.2629591936445809,-0.09280436574075263,-0.9947433041994721,-0.04327942293715209,0.2659463084190791,0.017123288534775332,-0.9638357505446761
7.6,0.016065021976828575,Empty,0.51047,0.2673,0.08238,-0.10485,0.26609,-0.04488,0.98971,-0.04895,0.1336,-0.01526,0.9595075970530351,-0.10096915413927177,0.26296463851611307,-0.09281474006627294,-0.9947421920442954,-0.04328273782167984,0.265952242374341,0.01712312119066209,-0.9638341161718389
7.667,0.016065021976828575,Empty,0.51046,0.26731,0.08238,-0.10485,0.26611,-0.04488,0.98971,-0.04895,0.13361,-0.01526,0.9595061661655584,-0.1009749516162815,0.2629676334387203,-0.09281775578677043,-0.9947414470790068,-0.04329339064881761,0.2659563522478435,0.017132209701414686,-0.9638328206124585
7.733,0.016065021976828575,Empty,0.51047,0.26731,0.08238,-0.10485,0.26611,-0.04488,0.98971,-0.04895,0.13361,-0.01526,0.9595062368258842,-0.1009701712254219,0.2629692111539657,-0.09281439060597363,-0.9947420165437431,-0.043287520360141635,0.26595727173490075,0.017127318680894427,-0.9638326538181468
7.8,0.016065021976828575,Empty,0.51047,0.2673,0.08238,-0.10487,0.26611,-0.04488,0.98971,-0.04896,0.13361,-0.01526,0.9595044457118946,-0.10098654949577202,0.2629694573140541,-0.09283010790689888,-0.9947403515312125,-0.04329207897009847,0.26595824808624297,0.017127459137237608,-0.9638323819100489
7.867,0.01606469415128231,Empty,0.51047,0.26731,0.08238,-0.10487,0.26611,-0.04488,0.98971,-0.04896,0.13361,-0.01526,0.9595041551993436,-0.10099081594548104,0.26296887886185283,-0.09283417750382406,-0.9947399143038085,-0.043293398781336145,0.2659578756915883,0.017127696445151382,-0.9638324804508822
7.933,0.01606469415128231,Empty,0.51047,0.26731,0.08238,-0.10487,0.26611,-0.04488,0.98971,-0.04896,0.13361,-0.01526,0.9595037138155097,-0.10099202430900273,0.26297002528846236,-0.09283443987469658,-0.9947397369379936,-0.043296911318046555,0.2659593764983596,0.01713087220491727,-0.9638320098804061
8.0,0.01606469415128231,Empty,0.51046,0.26731,0.08238,-0.10487,0.26611,-0.04488,0.98971,-0.04896,0.13361,-0.01526,0.9595044730314983,-0.10099303814806282,0.26296686574199934,-0.09283556949457983,-0.9947396347221217,-0.04329683763876212,0.26595624314755956,0.01713083064314749,-0.9638328752290576
8.067,0.01606469415128231,Empty,0.51047,0.26731,0.08238,-0.10487,0.26611,-0.04488,0.98971,-0.04896,0.13361,-0.01526,0.9595029999881175,-0.10099246889658026,0.2629724590902542,-0.09283455831110027,-0.9947396789371512,-0.043297989920968505,0.2659619104251307,0.017131619134997025,-0.963831297390175
8.133,0.01606469415128231,Empty,0.51047,0.26731,0.08238,-0.10487,0.26611,-0.04488,0.98971,-0.04896,0.13361,-0.01526,0.9595026285137551,-0.1009989909542871,0.2629713096545134,-0.0928409117617528,-0.9947390182586326,-0.04329954569159691,0.26596103281954786,0.01713153174903127,-0.9638315411115634
8.2,0.01606469415128231,Empty,0.51047,0.26731,0.08238,-0.10487,0.2661,-0.0449,0.98971,-0.04896,0.13361,-0.01527,0.9595024521137077,-0.1009950418513767,0.26297346997220195,-0.09283639875393479,-0.9947393796591641,-0.04330091940942532,0.265963244554924,0.017133828432076385,-0.963830889974521
8.267,0.01606469415128231,Empty,0.51046,0.26731,0.08238,-0.10487,0.2661,-0.0449,0.98971,-0.04896,0.13361,-0.01527,0.9595023692574942,-0.10099525972821899,0.2629736886110179,-0.09283520931076866,-0.9947392680232177,-0.043306033815841916,0.26596395865131944,0.01713902462401683,-0.9638306005380078
8.333,0.01606469415128231,Empty,0.51047,0.26731,0.08238,-0.10487,0.2661,-0.0449,0.98971,-0.04896,0.13361,-0.01527,0.9595020437549602,-0.10099775011769041,0.2629739198118676,-0.09283868414804763,-0.9947390852756076,-0.0433027822513333,0.26596392002621916,0.01713495538984226,-0.9638306835477252
8.4,0.01606469415128231,Empty,0.51046,0.26731,0.08238,-0.10487,0.2661,-0.0449,0.98971,-0.04896,0.13361,-0.01527,0.9595018980215737,-0.10099398146049704,0.26297589889903394,-0.09283274062083341,-0.9947393244322358,-0.04331002998063897,0.26596652037770313,0.017143282557769885,-0.9638298179146157
8.467,0.014578656293451786,Grasping,0.51047,0.26731,0.08238,-0.10487,0.2661,-0.0449,0.98971,-0.04896,0.13361,-0.01527,0.9595010960432724,-0.1009998028298223,0.262976589300448,-0.09283946367839213,-0.9947388075308339,-0.043307490992243236,0.2659670669005244,0.01713897956331519,-0.9638297436289568
8.533,0.014578656293451786,Grasping,0.51047,0.26731,0.08238,-0.10489,0.2661,-0.04491,0.98971,-0.04897,0.13361,-0.01527,0.9595010765051586,-0.10100342046752936,0.26297527115548547,-0.0928423239661389,-0.9947383962860046,-0.04331080505963632,0.2659661389463105,0.01714152875932532,-0.9638299543621711
8.6,0.012942899949848652,Grasping,0.51047,0.26731,0.08238,-0.10487,0.2661,-0.0449,0.98971,-0.04896,0.13361,-0.01527,0.9595013042169467,-0.100997799549644,0.26297659913404464,-0.0928378361419277,-0.9947390303441886,-0.04330586207880033,0.2659668840033711,0.017137852725280275,-0.9638298141360351
8.667,0.012942899949848652,Grasping,0.51047,0.26731,0.08238,-0.10487,0.2661,-0.0449,0.98971,-0.04896,0.13361,-0.01527,0.9595020139306977,-0.10099571116125455,0.26297481170250436,-0.09283595351902629,-0.9947392454093185,-0.04330495787681875,0.2659649807721843,0.01713767690010337,-0.9638303424531307
8.733,0.012942899949848652,Grasping,0.51047,0.26731,0.08238,-0.10487,0.2661,-0.0449,0.98971,-0.04896,0.13361,-0.01527,0.9595015565369212,-0.10100015018177738,0.2629747757228507,-0.09284015443145577,-0.994738789953222,-0.04330641393077006,0.26596516450161045,0.017137952784919204,-0.9638302868482465
8.8,0.011308456771075726,Grasping,0.51047,0.26731,0.08238,-0.10487,0.2661,-0.0449,0.98971,-0.04896,0.13361,-0.01527,0.9595002638698744,-0.10099999804459908,0.2629795505902175,-0.09283894367686868,-0.994738750702693,-0.043309910960532313,0.2659702505367942,0.01714112730939807,-0.9638288269106491
8.867,0.011308456771075726,Grasping,0.51047,0.26731,0.08238,-0.10489,0.2661,-0.04491,0.98971,-0.04897,0.13361,-0.01527,0.9594993203800983,-0.10100257587959444,0.2629820029123971,-0.09284217495916919,-0.994738544414116,-0.043307722241377355,0.265972526286044,0.01713790893230623,-0.9638282561423728
