time,gr,gr_state,tx,ty,tz,rx,ry,rz,qw,qx,qy,qz,xx,xy,xz,yx,yy,yz,zx,zy,zz
0.0,0.016104750335216522,Empty,0.30728,-0.00053,0.48549,-0.00428,0.00101,0.0047,0.99999,-0.00214,0.0005,0.00235,0.9999902981983525,-0.004287611546076209,0.0010098992029774407,-0.004292309355939938,-0.9999797594715453,0.004696459051613709,0.0009897421700284278,-0.0047007482872970414,-0.999988461621421
0.067,0.016104750335216522,Empty,0.30728,-0.00053,0.48549,-0.00428,0.00101,0.0047,0.99999,-0.00214,0.0005,0.00235,0.9999903240996987,-0.0042801387192087925,0.001015932834703695,-0.004284871040161731,-0.9999797627269147,0.004702554283878117,0.0009957846903238146,-0.004706861923613876,-0.9999884268648724
0.134,0.016104750335216522,Empty,0.30728,-0.00053,0.48549,-0.00428,0.00103,0.0047,0.99999,-0.00214,0.00051,0.00235,0.999990328783568,-0.004277760090561911,0.0010213265588354865,-0.004282512387437265,-0.9999797983524614,0.004697124079851157,0.0010012127564272115,-0.004701452496587403,-0.9999884468919824
0.2,0.016104750335216522,Empty,0.30728,-0.00053,0.48549,-0.00428,0.00101,0.0047,0.99999,-0.00214,0.0005,0.00235,0.9999902984392897,-0.00428741601767485,0.0010104905699522605,-0.0042921206864409145,-0.9999797409383528,0.004700575802777296,0.0009903167743724414,-0.004704867347334516,-0.9999884416811676
0.267,0.016104750335216522,Empty,0.30728,-0.00053,0.48549,-0.00428,0.00101,0.0047,0.99999,-0.00214,0.0005,0.00235,0.9999903257123415,-0.004279290319111839,0.0010179175260981727,-0.004284025305893946,-0.9999797978337313,0.004695854723919294,0.0009978020362990765,-0.00470017007931101,-0.9999884563295328
0.334,0.016104750335216522,Empty,0.30728,-0.00053,0.48549,-0.0043,0.00101,0.0047,0.99999,-0.00215,0.0005,0.00235,0.9999902852214229,-0.0042896822157730274,0.0010139473679533024,-0.004294401256587477,-0.9999797399804313,0.004698696257054584,0.0009937709115887114,-0.004703004907111897,-0.9999884470153738
0.4,0.016104750335216522,Empty,0.30728,-0.00053,0.48549,-0.00428,0.00101,0.0047,0.99999,-0.00214,0.0005,0.00235,0.9999903233833207,-0.004280409054898737,0.0010154989143390488,-0.004285133648561645,-0.9999797884301176,0.004696845842774578,0.0009953739680369077,-0.004701151941765669,-0.9999884541338887
0.467,0.016104750335216522,Empty,0.30728,-0.00053,0.48549,-0.00428,0.00101,0.0047,0.99999,-0.00214,0.0005,0.00235,0.9999903150525266,-0.004282719403274016,0.0010139603845437418,-0.004287441302260386,-0.9999797569650493,0.00470143671662342,0.0009938049246588031,-0.00470573847908732,-0.9999884341216843
0.533,0.016104750335216522,Empty,0.30728,-0.00053,0.48549,-0.00428,0.00101,0.0047,0.99999,-0.00214,0.0005,0.00235,0.999990333563326,-0.00427745009317404,0.0010179393933275691,-0.004282188545516319,-0.9999797899608136,0.0046992053783211606,0.0009978182042492045,-0.00470351896216009,-0.9999884405672916
0.6,0.016104750335216522,Empty,0.30728,-0.00053,0.48549,-0.00428,0.00101,0.0047,0.99999,-0.00214,0.0005,0.00235,0.9999903550755824,-0.0042736951472232,0.0010125638741023772,-0.004278408030269465,-0.9999798076820869,0.0046988778258897105,0.0009924618567289088,-0.004703164666978354,-0.9999884475640598
0.667,0.016104750335216522,Empty,0.30728,-0.00053,0.48549,-0.00428,0.00101,0.00472,0.99999,-0.00214,0.0005,0.00236,0.9999903291753879,-0.0042779751480939154,0.0010200413382412353,-0.004282743392783894,-0.9999796938064571,0.004719118961787838,0.0009998323514450237,-0.004723441899317756,-0.9999883446480227
0.734,0.016104750335216522,Empty,0.30731,-0.00062,0.4855,-0.0041,0.00099,0.0052,0.99999,-0.00205,0.00049,0.0026,0.9999910818686886,-0.004103514489111448,0.0009986750859635346,-0.004108643931513722,-0.9999780934615395,0.00518957050902758,0.000977357730673186,-0.005193627428087829,-0.9999860354054974
0.8,0.016104750335216522,Empty,0.30789,-0.00112,0.48658,0.00315,-0.00213,0.00666,0.99999,0.00158,-0.00106,0.00333,0.9999927788416749,0.0031534390411345203,-0.002120869330941248,0.003167497136928654,-0.9999728180283975,0.006658090284232341,-0.0020998157996895586,-0.006664760052641814,-0.9999755855754918
0.867,0.016104750335216522,Empty,0.30924,-0.00149,0.48936,0.00735,-0.0098,0.01518,0.99995,0.00371,-0.00487,0.00761,0.9999251127003861,0.0073449965476649615,-0.009788769934739682,0.007493207676392499,-0.9998565283874854,0.015191263266901732,-0.009675785747882467,-0.015263474920235373,-0.9998366894165869
0.933,0.016104750335216522,Empty,0.31111,-0.00065,0.49147,0.01379,-0.0173,0.01498,0.99991,0.00696,-0.0086,0.00755,0.9997551877466615,0.013778865794329076,-0.01731206027774104,0.014038831197794976,-0.9997891473498174,0.014985728548371057,-0.017101923641452927,-0.015225100950322468,-0.9997378258867745
1.0,0.016104750335216522,Empty,0.31298,0.00047,0.49289,0.01614,-0.021,0.01727,0.99987,0.00816,-0.01043,0.00872,0.9996492844761073,0.016145566662130573,-0.020991158223518904,0.01650920753396079,-0.9997146040549483,0.017267208977096354,-0.020706378558471433,-0.017607700486344073,-0.9996305391346224
1.067,0.016104750335216522,Empty,0.31417,0.00194,0.49374,0.01774,-0.02272,0.0197,0.99985,0.00898,-0.01127,0.00995,0.9995846501640449,0.017742519329062234,-0.022709693178951572,0.018190732638124263,-0.9996407417343891,0.01968463133535295,-0.022352279582014654,-0.02008956128386911,-0.9995482905417373
1.133,0.016104750335216522,Empty,0.31479,0.0033,0.49399,0.01976,-0.02329,0.02121,0.99983,0.01,-0.01154,0.01072,0.9995336743012604,0.019756332678035726,-0.02328349752370765,0.020250942580955167,-0.999570092065568,0.02120213132245924,-0.022854611403490863,-0.021663756995191946,-0.9995040512026195
1.2,0.016104750335216522,Empty,0.31564,0.00355,0.49421,0.02051,-0.02398,0.02086,0.99982,0.01038,-0.01188,0.01055,0.9995025172427994,0.020503704548726076,-0.02396489359639245,0.02100475044287664,-0.9995620226499964,0.02084618273643379,-0.023526973544005493,-0.021339188729351286,-0.9994954329761755
1.267,0.016104750335216522,Empty,0.31743,0.00345,0.49513,0.02202,-0.02656,0.01805,0.99981,0.01113,-0.01318,0.00917,0.9994046172955182,0.022016539550088532,-0.026564693008527818,0.022500164282123425,-0.9995839543682341,0.018046073723714702,-0.026156328788180493,-0.018633039360331862,-0.999484195126927
1.333,0.016104750335216522,Empty,0.31977,0.00345,0.49613,0.01909,-0.02701,0.01556,0.99983,0.00965,-0.01343,0.00791,0.999453043284761,0.019092364523653316,-0.027001775603205675,0.01951701870459538,-0.9996885658190249,0.015551763616560186,-0.02669644638738271,-0.016070251634521353,-0.9995144054803257
1.4,0.016104750335216522,Empty,0.32297,0.00397,0.49674,0.01935,-0.03251,0.00667,0.99982,0.00973,-0.01622,0.00349,0.9992847464815868,0.019335953096237313,-0.03249794404407149,0.019562605720996884,-0.999786378868921,0.006670913398864654,-0.03236201332791774,-0.007301886470662281,-0.9994495397704346
1.467,0.016104750335216522,Empty,0.32679,0.00405,0.49762,0.01739,-0.03621,-0.00376,0.9998,0.00866,-0.01812,-0.00172,0.9991935827112819,0.017375680988051312,-0.03619765156462928,0.017250979038752168,-0.9998441414549566,-0.00375453331392751,-0.03625724742444423,0.0031270606649586134,-0.9993375973617727
1.534,0.016104750335216522,Empty,0.33062,0.00344,0.49696,0.01601,-0.04204,-0.01284,0.99973,0.00787,-0.02107,-0.00625,0.998988134357093,0.01599218210404063,-0.04203519388899314,0.015465280206013343,-0.9997980846428332,-0.012830239774524414,-0.04223188986871813,0.012167171243698939,-0.9990337468884837
1.6,0.016104750335216522,Empty,0.33391,0.00371,0.49626,0.016,-0.04736,-0.01824,0.99965,0.00778,-0.02375,-0.00893,0.9987512015401512,0.015979970728682347,-0.04733579995748529,0.015131415461158149,-0.9997193011300413,-0.018230721713734264,-0.04761383925127696,0.017491697561193235,-0.9987126527826616
1.667,0.016104750335216522,Empty,0.33745,0.00431,0.49616,0.01634,-0.0512,-0.02329,0.99957,0.00787,-0.02569,-0.01143,0.998555746182726,0.016324486641375924,-0.051185280123832944,0.01515022248005532,-0.999614970049933,-0.02324612679299739,-0.051545053344278786,0.02243708510405975,-0.9984185919181237
1.734,0.016104750335216522,Empty,0.34134,0.00522,0.49627,0.01818,-0.05481,-0.02883,0.99948,0.00869,-0.02753,-0.01416,0.9983334419885299,0.01814366593076705,-0.05478271619705364,0.016584500805142455,-0.9994481049210047,-0.028782631965413273,-0.055274704344559174,0.02782612003864219,-0.9980833703169373
1.8,0.016104750335216522,Empty,0.34489,0.00621,0.49614,0.01973,-0.05774,-0.03263,0.99941,0.00939,-0.02902,-0.01602,0.9981395898123302,0.01969531163654581,-0.05770142068279409,0.01783536035891653,-0.9993101904406454,-0.03257365810510746,-0.05830316603874108,0.031483932108619966,-0.9978023365621266
1.867,0.016104750335216522,Empty,0.34888,0.00689,0.49673,0.02182,-0.06006,-0.03487,0.99934,0.01038,-0.03021,-0.0171,0.9979593639689894,0.021784852042514735,-0.06002106370346954,0.019718808561975276,-0.999199677664691,-0.03480190718442381,-0.060731181904408654,0.03354734529382055,-0.9975902461272519
1.933,0.016104750335216522,Empty,0.35378,0.00704,0.49808,0.02985,-0.06313,-0.03575,0.99924,0.01435,-0.03182,-0.01739,0.9975633646803461,0.0297924710474064,-0.06308519728522335,0.027579526028168655,-0.998983216935206,-0.035663735444399915,-0.06408356413065415,0.033836976086465326,-0.9973707213757761
2.0,0.016104750335216522,Empty,0.35956,0.00669,0.49988,0.03981,-0.06618,-0.03915,0.99908,0.01924,-0.03346,-0.0189,0.9970199409211347,0.03970904977117434,-0.06613946455701035,0.037178632068262996,-0.9985449586778403,-0.03906039959604723,-0.06759428025469572,0.0364850224796499,-0.9970455638593
2.067,0.016104750335216522,Empty,0.36519,0.00522,0.50033,0.04688,-0.06944,-0.04377,0.9989,0.02266,-0.03521,-0.02105,0.9964928637711761,0.046760699215762036,-0.06939315140539999,0.043795751030992536,-0.9980864391722599,-0.04365079761093031,-0.07130150520676996,0.040458583135005104,-0.9966339340028298
2.134,0.016104750335216522,Empty,0.3704,0.00349,0.49979,0.05703,-0.07395,-0.05049,0.99862,0.02755,-0.03766,-0.02416,0.9956453958361371,0.05683667653925811,-0.0738907162658053,0.05319757290117516,-0.9973153602874172,-0.05031988048677155,-0.07655236108524754,0.046169950560408554,-0.995996019910483
2.2,0.016104750335216522,Empty,0.37463,0.00194,0.49871,0.06205,-0.07848,-0.05391,0.99842,0.02993,-0.04003,-0.0257,0.9950036178645503,0.06181409898211121,-0.07840164286216163,0.057699502880745934,-0.9968884386647432,-0.05370482495907751,-0.08147740670744838,0.048912759312884004,-0.9954742458610514
2.267,0.016104750335216522,Empty,0.37828,0.00139,0.49714,0.06454,-0.08325,-0.05559,0.99827,0.03107,-0.04247,-0.02641,0.994461916941754,0.06427977812771835,-0.08314809604785531,0.0597933839334282,-0.9966740375525731,-0.05536798810180363,-0.08643059059338719,0.05008964955460489,-0.9949978794033559
2.333,0.016104750335216522,Empty,0.38144,0.0017,0.49531,0.06847,-0.08654,-0.05531,0.99814,0.03299,-0.04416,-0.02613,0.9939229066757388,0.0681583033180509,-0.08643900319910536,0.06354171009498111,-0.9964578850990513,-0.055082976518442864,-0.08988718853905571,0.049255750047385485,-0.99473321268761
2.4,0.016104750335216522,Empty,0.38446,0.00242,0.4937,0.07322,-0.0873,-0.05529,0.99804,0.03535,-0.0446,-0.026,0.9935220595678614,0.07288974755453714,-0.08718372470519181,0.06825229097392899,-0.9961485268931949,-0.05504304811079527,-0.09086001281556685,0.048735993577160526,-0.994670428333527
2.467,0.016104750335216522,Empty,0.38776,0.00318,0.49211,0.0787,-0.08826,-0.05527,0.99792,0.03807,-0.04515,-0.02585,0.9930241525224655,0.07831989773029147,-0.08814207920486228,0.07365174007374764,-0.9957647309237949,-0.055027464346191095,-0.09207851916244451,0.0481517836406804,-0.9945868247875963
2.533,0.016104750335216522,Empty,0.39131,0.00369,0.49099,0.08437,-0.08915,-0.05541,0.99779,0.04088,-0.04567,-0.02577,0.9924866863365112,0.0839247538762341,-0.08903265205296831,0.07921727784811855,-0.9953302729623283,-0.0551567821312212,-0.09324591323540868,0.04768944759116578,-0.9945003349689451
2.6,0.016104750335216522,Empty,0.39558,0.00412,0.4897,0.09029,-0.08878,-0.0563,0.99766,0.04382,-0.04558,-0.02609,0.9920040818549042,0.08981380118004045,-0.08866443876098457,0.08505752265681871,-0.9947985411962099,-0.056045341228133864,-0.0932368994695392,0.048055629758493194,-0.9944835529187106
2.667,0.016104750335216522,Empty,0.39994,0.00486,0.4876,0.09329,-0.08986,-0.05637,0.99757,0.0453,-0.04616,-0.02603,0.9916347932308803,0.09277511092396179,-0.08973971053550021,0.08796871652113353,-0.9945413450256788,-0.056116111306277784,-0.09445603086925287,0.04775240127533585,-0.9943831084671874
2.733,0.016104750335216522,Empty,0.40402,0.00626,0.48521,0.09638,-0.091,-0.05771,0.99745,0.04679,-0.0468,-0.0266,0.9912416095845397,0.09582239030769579,-0.09087431399449533,0.09084252513169377,-0.994206995358341,-0.0574463750661226,-0.09585252764506598,0.04868798513247018,-0.9942040902389166
2.8,0.016104750335216522,Empty,0.40846,0.00825,0.4826,0.10039,-0.09049,-0.06014,0.99734,0.04874,-0.04666,-0.02773,0.9908940945441284,0.09980527630621411,-0.09037588295011012,0.0946290197538065,-0.9937110451313738,-0.05986407440482388,-0.09578226358781393,0.05076677659013663,-0.9941068817670673
2.867,0.016104750335216522,Empty,0.41244,0.01035,0.47962,0.10355,-0.09073,-0.06195,0.99723,0.05027,-0.04687,-0.02855,0.9905539265762227,0.10292967341409354,-0.09060022558081925,0.09757726967662061,-0.993316191428929,-0.06165728089676968,-0.0963410348028466,0.05223433905004605,-0.993976850252118
2.933,0.016104750335216522,Empty,0.41611,0.01218,0.47684,0.10731,-0.09062,-0.06433,0.9971,0.05209,-0.04693,-0.02965,0.9901687129319561,0.10666614994771972,-0.09048896278554505,0.10110009015589372,-0.9928140048545699,-0.06402439796749555,-0.09666794557216651,0.054246513435986514,-0.993837322743967
3.0,0.016104750335216522,Empty,0.41976,0.01404,0.4741,0.11076,-0.08938,-0.06321,0.99705,0.05386,-0.04633,-0.02905,0.9899063848258229,0.11009002080066438,-0.0892498549084479,0.10470604432143393,-0.9925103185061747,-0.06292783121425682,-0.09550912816913171,0.05294766263850906,-0.9940193918920752
3.067,0.016104750335216522,Empty,0.42373,0.01576,0.47199,0.11418,-0.08951,-0.06236,0.99697,0.05558,-0.04642,-0.02854,0.989512617096753,0.11346652019910008,-0.08938752373928915,0.10816792506115336,-0.992193758880793,-0.06205839851275469,-0.09573129370430261,0.05173870535595564,-0.994061681071044
3.134,0.016104750335216522,Empty,0.42805,0.01763,0.47017,0.11693,-0.08981,-0.06343,0.99687,0.05692,-0.04664,-0.029,0.9891698226343619,0.11618444986843951,-0.0896896627169092,0.11077363509147009,-0.9918384824742825,-0.06313181806137036,-0.09629259451342416,0.0525128393050706,-0.9939668696440506
3.2,0.016104750335216522,Empty,0.43171,0.01951,0.4671,0.11619,-0.08761,-0.06264,0.99695,0.05661,-0.04551,-0.02869,0.9894492864103357,0.11547941701142705,-0.08749065017919594,0.11025673778197825,-0.9919449975184254,-0.06235842903607327,-0.093987027805722,0.05205406943622985,-0.9942116537535528
3.267,0.016104750335216522,Empty,0.4351,0.022,0.464,0.11786,-0.08448,-0.06419,0.99694,0.05746,-0.04402,-0.02952,0.9895198435229512,0.11717263259320071,-0.08438633447124615,0.11197494143160241,-0.9916536471045344,-0.06391131883840895,-0.09117067382499415,0.053792363356282465,-0.9943813603838532
3.333,0.016104750335216522,Empty,0.43811,0.02504,0.46068,0.11793,-0.07893,-0.06332,0.99706,0.05761,-0.04123,-0.02925,0.9899626602814344,0.11728905447098165,-0.07884927995745024,0.11246447317252606,-0.9916511674836368,-0.0630848975775193,-0.08559014851331571,0.053583950298975176,-0.9948884795532741
3.4,0.016104750335216522,Empty,0.4408,0.02866,0.45641,0.11758,-0.07087,-0.06172,0.99723,0.0576,-0.03716,-0.0287,0.9906025140562194,0.11702131404350208,-0.07080022037415956,0.11275542280891576,-0.9917160250235076,-0.061526744906225915,-0.07741365365799581,0.05296543940255031,-0.9955911753607575
3.467,0.016104750335216522,Empty,0.4428,0.03259,0.45157,0.11714,-0.06469,-0.06123,0.99735,0.05749,-0.03406,-0.02865,0.9910695793989363,0.11662529400632005,-0.06465005481787992,0.11272150978884643,-0.9917482168411612,-0.061068286559395384,-0.07123868345876755,0.053235469288030565,-0.9960376673543753
3.534,0.016104750335216522,Empty,0.44455,0.0364,0.44656,0.11621,-0.05716,-0.05845,0.99753,0.05719,-0.03021,-0.0275,0.9916331423122067,0.11575549892613973,-0.057134713934519445,0.11243203969227278,-0.991946637340622,-0.05831727976567081,-0.06342513317805538,0.05140557496023965,-0.9966617878419706
3.6,0.016104750335216522,Empty,0.44616,0.04021,0.44144,0.11524,-0.05266,-0.05727,0.99763,0.05679,-0.02792,-0.02706,0.9919911906758598,0.1148222829082714,-0.052624338183225636,0.11180041862979617,-0.9920849220799035,-0.05716794360403023,-0.05877196623979803,0.05082667340525178,-0.9969766824027853
3.667,0.016104750335216522,Empty,0.44763,0.04396,0.43642,0.11473,-0.04718,-0.05484,0.99774,0.05665,-0.02511,-0.02601,0.9923198162280741,0.11435862531714708,-0.04715386661402963,0.11174650872335379,-0.992227567959677,-0.05474642608395314,-0.053048092418321334,0.04905668350384769,-0.997386255015769
3.733,0.016104750335216522,Empty,0.44891,0.04781,0.43108,0.1132,-0.0435,-0.05216,0.99786,0.05597,-0.02318,-0.0248,0.9926606495320633,0.11284676219733825,-0.04347922644390024,0.11054769030063699,-0.9925050631560988,-0.0520855812936966,-0.04903104159384145,0.046896778898824404,-0.9976956695752156
3.8,0.016104750335216522,Empty,0.45006,0.05163,0.42639,0.11108,-0.03983,-0.0495,0.99798,0.05499,-0.02125,-0.0236,0.9930496794614372,0.11075235182886722,-0.03982776275302875,0.10874554213804827,-0.9928388723378035,-0.04945079008570244,-0.045019342361241874,0.044775999590997935,-0.9979821484746049
3.867,0.016104750335216522,Empty,0.45096,0.05537,0.4221,0.10789,-0.03788,-0.0469,0.99812,0.05345,-0.02017,-0.02239,0.9934717024644748,0.10760847188851402,-0.037873383531933445,0.10580226499819267,-0.993283212979725,-0.04684377796384948,-0.042659783445187054,0.04253087808278958,-0.9981839846871501
3.933,0.016104750335216522,Empty,0.4527,0.05912,0.41942,0.10468,-0.03542,-0.04464,0.99825,0.0519,-0.01885,-0.02136,0.9939013036972204,0.10443234886158093,-0.03541303460900693,0.10282169230750854,-0.9936990526157224,-0.04460821024918607,-0.039848439116051876,0.04069493017402328,-0.9983766947190551
4.0,0.016104750335216522,Empty,0.45492,0.06291,0.41683,0.10304,-0.03439,-0.04288,0.99832,0.05111,-0.01827,-0.02052,0.9941082523231446,0.10279434876225724,-0.03438174698246765,0.10129503569727683,-0.9939340524422018,-0.04283007283334812,-0.03857587855267046,0.03909502856330887,-0.9984906010251292
4.067,0.016104750335216522,Empty,0.45792,0.06619,0.41416,0.10311,-0.0354,-0.04189,0.99832,0.05114,-0.01875,-0.02,0.9940667828439831,0.10285106901682595,-0.03539616996666671,0.10135100862438184,-0.9939702161251975,-0.041847132600077705,-0.03948676103497884,0.038011406947443094,-0.9984968345692652
4.133,0.016104750335216522,Empty,0.46123,0.06876,0.41076,0.10552,-0.03788,-0.04149,0.99824,0.05232,-0.02,-0.01971,0.9937241192752579,0.10525228900330191,-0.037872555104960556,0.10367551381662288,-0.9937476062019572,-0.041437700258808184,-0.04199717377957864,0.037251185584421136,-0.9984230498977288
4.2,0.016104750335216522,Empty,0.46472,0.07121,0.40626,0.10595,-0.03814,-0.04081,0.99823,0.05254,-0.02012,-0.01936,0.9936684685546534,0.10568197455944678,-0.03813521802043955,0.10412408146365609,-0.9937287280780907,-0.04076016010334372,-0.04220367590151269,0.03653129132013751,-0.9984409419163875
4.267,0.016104750335216522,Empty,0.4685,0.0738,0.40147,0.10606,-0.03496,-0.03998,0.99826,0.05264,-0.01851,-0.01903,0.9937725722556803,0.10580072537341711,-0.03496113760716678,0.10439171930209534,-0.9937341584301602,-0.03993483830258805,-0.03896721151790276,0.036036493719008314,-0.998590470386614
4.333,0.016104750335216522,Empty,0.47202,0.07674,0.39621,0.1044,-0.03051,-0.03823,0.99835,0.05187,-0.01623,-0.01829,0.9940929539703576,0.1041553081787614,-0.030510172806386633,0.10296806264306746,-0.99395093393512,-0.038198416263455076,-0.034304182573290654,0.03483120307554857,-0.9988042903143179
4.4,0.016104750335216522,Empty,0.47481,0.08043,0.39082,0.10004,-0.02757,-0.03613,0.9985,0.04974,-0.01467,-0.01735,0.9946211991730902,0.09984060774220327,-0.0275775851218309,0.09882241732199393,-0.9944499703214726,-0.036102442607942195,-0.031029018516897676,0.03318297113414671,-0.9989675122027685
4.467,0.016104750335216522,Empty,0.47748,0.08515,0.38639,0.0937,-0.02318,-0.03341,0.99871,0.04663,-0.01236,-0.01614,0.9953459697794083,0.09353351828840895,-0.02319227027440187,0.09273537506317991,-0.9951308880975765,-0.03338661057999022,-0.026202111666435917,0.031080484402924536,-0.9991733847703806
4.534,0.016104750335216522,Empty,0.47978,0.09066,0.38248,0.08973,-0.02097,-0.03115,0.99883,0.04468,-0.01117,-0.01509,0.9957587044593845,0.0895835079450108,-0.020961812842258027,0.08890920101730737,-0.995552504251539,-0.031150686235679355,-0.023659173016648667,0.029154868937381367,-0.999294869970527
4.6,0.016104750335216522,Empty,0.48224,0.09657,0.37872,0.08302,-0.01853,-0.02874,0.999,0.04136,-0.00985,-0.01397,0.9963851405000953,0.08290691905145037,-0.018522811989584272,0.08235665981917534,-0.9961889619450766,-0.028721641356640543,-0.020833443643187764,0.027092339732608876,-0.9994158157412654
4.667,0.016104750335216522,Empty,0.48511,0.1027,0.37458,0.07823,-0.01563,-0.02819,0.99911,0.03899,-0.00836,-0.01378,0.9968203466049882,0.07813295603362153,-0.015634505932694744,0.07767206937033788,-0.9965804474616657,-0.028186191243854006,-0.017783313359458333,0.0268822044957978,-0.999480415439645
4.733,0.016104750335216522,Empty,0.48791,0.10897,0.36943,0.07264,-0.01294,-0.02783,0.99923,0.03622,-0.00697,-0.01367,0.9972787707783463,0.07257731487744334,-0.012945528958331287,0.07219610407165011,-0.9970024481356391,-0.027817997203573114,-0.01492567960617059,0.02680768130075666,-0.9995291753178447
4.8,0.016104750335216522,Empty,0.4904,0.11528,0.36412,0.06667,-0.01121,-0.02741,0.99934,0.03325,-0.00606,-0.01351,0.9977159828542133,0.06661169671832917,-0.011211575159468983,0.06628418241426587,-0.997424183824722,-0.027411761768616497,-0.013008640164269033,0.026606002741719245,-0.9995613517434455
4.867,0.016104750335216522,Empty,0.493,0.12148,0.35914,0.06063,-0.00927,-0.02571,0.99945,0.03025,-0.00502,-0.01271,0.998118900561924,0.06060235450118012,-0.009274425587050161,0.060346897797767196,-0.9978462791930961,-0.025710990386985582,-0.010812597617699737,0.025102942644381558,-0.9996263952114061
4.933,0.016104750335216522,Empty,0.49543,0.12762,0.35441,0.05604,-0.00896,-0.02358,0.99953,0.02796,-0.00481,-0.01166,0.9983906567284043,0.05599622873100013,-0.008973233827945216,0.055771759923621544,-0.9981653244135935,-0.023568961227157913,-0.010276543798738047,0.023030577635197804,-0.9996819419902222
5.0,0.016104750335216522,Empty,0.49843,0.13411,0.35038,0.0521,-0.00749,-0.02336,0.99959,0.026,-0.00405,-0.01158,0.9986147504729719,0.05208130354367896,-0.0074911920944434555,0.0518938002616558,-0.9983793861465928,-0.023358827281260784,-0.008695609938816413,0.022937723050546727,-0.9996990783376007
5.067,0.016104750335216522,Empty,0.50153,0.14011,0.3462,0.04748,-0.00564,-0.0247,0.99964,0.0237,-0.00311,-0.01228,0.9988572404438051,0.04745916670604061,-0.0056427571766393195,0.04730623019550023,-0.9985750335752266,-0.024698641762752584,-0.006806893393950776,0.024403479583917708,-0.9996790166781137
5.133,0.016104750335216522,Empty,0.5048,0.14614,0.34137,0.04124,0.00192,-0.02727,0.99969,0.02063,0.00068,-0.01365,0.9991477439031988,0.0412318959646491,0.001927850696616858,0.041269166422780834,-0.998775852084907,-0.027270005405880576,0.000801096696355357,0.02732632516875057,-0.9996262452521216
5.2,0.016104750335216522,Empty,0.50766,0.15221,0.33573,0.0338,0.01113,-0.02898,0.99974,0.01698,0.00532,-0.01458,0.9993665328307614,0.033801487337960456,0.011135192479893396,0.03411181728562379,-0.9989980544796435,-0.028970175480299218,0.01014480060399399,0.029331665476559753,-0.9995182521700523
5.267,0.016104750335216522,Empty,0.51071,0.1581,0.32972,0.02474,0.02297,-0.02808,0.99976,0.01253,0.01131,-0.01418,0.9994303320177833,0.024732927486595557,0.022962877449606373,0.0253742218644602,-0.9992838758917886,-0.028069275862713464,0.022252197814957114,0.028635950842023212,-0.9993421946519506
5.333,0.016104750335216522,Empty,0.51342,0.16412,0.32274,0.01526,0.03462,-0.0232,0.99975,0.00783,0.01722,-0.01173,0.9992843807694798,0.015252089258383894,0.03461358293230232,0.016060256965208686,-0.9996020296015095,-0.023191605437193674,0.034246087314736315,0.023730912114735502,-0.9991316476390056
5.4,0.016104750335216522,Empty,0.51564,0.17008,0.31526,0.00943,0.04578,-0.01639,0.99969,0.0049,0.02285,-0.0083,0.9989081288545701,0.009419614605327586,0.04575828852731588,0.01017775501550483,-0.9998143033923381,-0.01636374147126373,0.045595651230203295,0.016811591024679762,-0.9988185055334692
5.467,0.016104750335216522,Empty,0.51743,0.17605,0.30692,0.00254,0.05714,-0.00985,0.99958,0.00141,0.02856,-0.00496,0.99836448549462,0.0025436681176473908,0.05711290445748762,0.0031105388487546737,-0.999946760487882,-0.009838736598807823,0.05708483731371457,0.010000297110466105,-0.9983192452349945
5.534,0.016104750335216522,Empty,0.51857,0.18131,0.29876,-0.00379,0.06682,-0.00457,0.99944,-0.00182,0.03341,-0.00222,0.997761163212922,-0.0037848976005115387,0.06677077005808682,-0.0034877056704917253,-0.9999834893654347,-0.004566936137637784,0.06678695301593182,0.004323834719653884,-0.9977578901517965
5.6,0.016104750335216522,Empty,0.51998,0.18598,0.291,-0.00925,0.07755,0.00134,0.99924,-0.00465,0.03876,0.00085,0.9969517446668859,-0.009228822447997831,0.07747288326812111,-0.009360422687723802,-0.9999552982093202,0.001335690913673436,0.07745709323722229,-0.0020567983209487076,-0.9969935648177009
5.667,0.016104750335216522,Empty,0.52181,0.19044,0.2833,-0.01535,0.0892,0.00915,0.99896,-0.00787,0.04455,0.00491,0.9959071354655886,-0.015294438141186306,0.0890789407810352,-0.01616891186363789,-0.9998278315042909,0.00910349595339014,0.08892437133807392,-0.01050654612005804,-0.9959829660545181
5.733,0.016104750335216522,Empty,0.52396,0.19484,0.27584,-0.02106,0.09987,0.01701,0.99866,-0.01094,0.04982,0.00902,0.9947960973959402,-0.02096090508865417,0.09970639429681216,-0.022758391292512947,-0.9995977267201577,0.016924549083206536,0.09931153121155573,-0.01910563251393237,-0.9948729539869193
5.8,0.016104750335216522,Empty,0.52601,0.19914,0.26833,-0.02346,0.10823,0.02285,0.99839,-0.01233,0.05395,0.01204,0.993873753283739,-0.02332128871639083,0.10803277292701452,-0.025919961290515492,-0.9994059641636954,0.022712868615221538,0.10743890422184729,-0.02537392927082597,-0.9938878435583002
5.867,0.016104750335216522,Empty,0.52823,0.20217,0.26107,-0.02655,0.11614,0.02923,0.99811,-0.0141,0.05783,0.01536,0.9929129505194402,-0.02636757801177475,0.11588193785302575,-0.02992135264669954,-0.9991304586145406,0.02903513947769234,0.11501558740697475,-0.032296710335422196,-0.9928385252169349
5.933,0.016104750335216522,Empty,0.52999,0.20471,0.25417,-0.03036,0.12121,0.03577,0.99787,-0.01623,0.06028,0.01877,0.9922069071852377,-0.030124309906340296,0.12090483566248411,-0.03465012391365391,-0.9987685791405942,0.035506256269099486,0.1196863494583819,-0.03941892025595479,-0.9920288939739512
6.0,0.016104750335216522,Empty,0.53158,0.2073,0.24764,-0.03372,0.12678,0.04322,0.99759,-0.01819,0.06296,0.02263,0.9914108931916008,-0.03344420305559265,0.1264354623632501,-0.03914309479711431,-0.9983139805852593,0.04286040477782186,0.1247888576385596,-0.04744134747233559,-0.9910484647883131
6.067,0.016104750335216522,Empty,0.53313,0.20973,0.24179,-0.03513,0.13325,0.0463,0.99733,-0.01906,0.06614,0.02426,0.9905252240664022,-0.03481865492199637,0.1328436741347745,-0.041236293579474115,-0.9980960509419732,0.045867648575714404,0.13099369671869943,-0.05091104362965615,-0.9900751067754954
6.133,0.016104750335216522,Empty,0.53481,0.21172,0.23646,-0.03542,0.14075,0.04896,0.99704,-0.01938,0.06985,0.02566,0.9894916155763667,-0.035053527378196836,0.14027684385677514,-0.04222161711543315,-0.9979326694618067,0.04845329987720305,0.13828838617985917,-0.05386684916698199,-0.9889260259537068
6.2,0.016104750335216522,Empty,0.53638,0.21306,0.23162,-0.03636,0.14689,0.05086,0.99678,-0.01999,0.07288,0.02669,0.9885763926072715,-0.03596351180234514,0.14636714726480177,-0.043743974147212594,-0.9977762457619498,0.05028944341506215,0.14423307770896945,-0.056117637263442335,-0.9879512285950997
6.267,0.016104750335216522,Empty,0.53802,0.21369,0.22702,-0.03771,0.15337,0.05427,0.99648,-0.02087,0.07606,0.02849,0.9875586419977838,-0.037250243747898926,0.1527754821828927,-0.045917661651571684,-0.9975060988255007,0.05360178312689444,0.1503977957416432,-0.05994999705298534,-0.986806212429473
6.333,0.016104750335216522,Empty,0.53984,0.21442,0.22245,-0.04021,0.16114,0.05723,0.9961,-0.02233,0.07986,0.03013,0.9862485092420019,-0.03967577551395518,0.16043600236634908,-0.04929947810227353,-0.997187261046751,0.05645465317333988,0.15774485562696594,-0.0635877287174569,-0.9854304446686144
6.4,0.016104750335216522,Empty,0.54172,0.21591,0.21724,-0.04283,0.17103,0.05868,0.99563,-0.02383,0.08473,0.03105,0.9845063758479058,-0.042180685771051774,0.1701998403721518,-0.052705098800809425,-0.9969361407795077,0.05779709134600913,0.16724045107335445,-0.0658720043383061,-0.9837131241216795
6.467,0.016104750335216522,Empty,0.5434,0.21766,0.21179,-0.04619,0.18177,0.06119,0.99508,-0.02576,0.08999,0.03255,0.9824765663313189,-0.04541644743204243,0.18076820216087156,-0.057131482435148595,-0.9965539817164891,0.06013447629915249,0.1774141773494542,-0.06940826915911054,-0.9816856430893512
6.534,0.016104750335216522,Empty,0.54428,0.2196,0.20581,-0.04982,0.19068,0.0637,0.99457,-0.02781,0.09433,0.03406,0.9806553430532432,-0.048897105356604686,0.18953672791538625,-0.061749501197647494,-0.996132588559332,0.0625049207017081,0.18574740171256168,-0.07299958286065865,-0.9798821172259458
6.6,0.016104750335216522,Empty,0.54498,0.22163,0.20014,-0.05162,0.19798,0.06612,0.99415,-0.02893,0.09789,0.03543,0.9791613255834171,-0.05057606999409703,0.1966854331812038,-0.06444998836874066,-0.9958157233439502,0.06478614157544847,0.19258581848359124,-0.07611245814528031,-0.9783238708291279
6.667,0.016104750335216522,Empty,0.54565,0.22344,0.19486,-0.05326,0.20475,0.06811,0.99374,-0.02995,0.1012,0.03658,0.9777212551206815,-0.05212220864433853,0.20333327974356719,-0.06692990543327831,-0.9955299412157617,0.06663725610823361,0.19895108706396195,-0.07876173886461567,-0.9768393181312319
6.734,0.016104750335216522,Empty,0.54592,0.22512,0.18985,-0.05449,0.20827,0.06855,0.99353,-0.03064,0.10292,0.0369,0.976935543282808,-0.053290227920357924,0.20677789020811993,-0.06848333554260339,-0.9953984131681313,0.06702262166854939,0.20225473300687982,-0.07963762094991657,-0.9760895821110647
6.8,0.016104750335216522,Empty,0.54632,0.22631,0.18532,-0.05529,0.21248,0.06949,0.99328,-0.03115,0.10498,0.03746,0.9760181715668144,-0.05401210944831514,0.21088200682921138,-0.06974171145087277,-0.9952533283714573,0.06787419280875061,0.20621499085972264,-0.08095371763223418,-0.9751522307548933
6.867,0.016104750335216522,Empty,0.54672,0.22729,0.18128,-0.05587,0.21641,0.0702,0.99305,-0.03154,0.10691,0.03789,0.9751485634984194,-0.054546474232102626,0.21473230137968502,-0.07074946508006996,-0.9951390785404362,0.06850348569653578,0.20995188091049166,-0.08199327112963639,-0.9742675767937723
6.934,0.016104750335216522,Empty,0.5474,0.22806,0.17776,-0.05656,0.2202,0.06889,0.99285,-0.03187,0.1088,0.03732,0.9742928976518559,-0.05515684585813141,0.21842864267337464,-0.07139689835202606,-0.995184228259649,0.06716274807478666,0.21367225484573535,-0.08103131603416747,-0.9735389531656709
7.0,0.016104750335216522,Empty,0.54863,0.22834,0.17423,-0.05713,0.22728,0.06861,0.99245,-0.03225,0.11231,0.0373,0.9726927953577118,-0.05564154621080886,0.2253280812381594,-0.0723965117192884,-0.9951374188133014,0.0667851987230619,0.22051637342854855,-0.08127444870849854,-0.9719912515228986
7.067,0.016104750335216522,Empty,0.54978,0.22869,0.17037,-0.05693,0.23409,0.0677,0.99207,-0.0322,0.11571,0.03692,0.9711463049583775,-0.05534686597664662,0.23197322861108988,-0.07243736760850433,-0.9951994259987922,0.06580980371969575,0.2272172575744196,-0.08071447774865179,-0.9704934265321544
7.133,0.016104750335216522,Empty,0.5506,0.22891,0.16641,-0.05798,0.24081,0.06785,0.99165,-0.03283,0.11902,0.03714,0.9695101594879438,-0.056277181293889256,0.23850142455607232,-0.07396149050298756,-0.9950845057754565,0.06585229144222235,0.2336230908370097,-0.08148438642604847,-0.9689068821081481
7.2,0.016104750335216522,Empty,0.55087,0.22904,0.16257,-0.06006,0.24489,0.06796,0.99137,-0.03393,0.121,0.03737,0.9684136177690925,-0.05823252464359502,0.24245419772198512,-0.07632174485703502,-0.9949037770863955,0.0658897989160811,0.23738166774491248,-0.08231310596045442,-0.9679227739886004
7.267,0.016104750335216522,Empty,0.55106,0.22939,0.15939,-0.06111,0.25037,0.07003,0.99097,-0.03466,0.12366,0.03853,0.9670159395571938,-0.059162237718381805,0.24774987844693436,-0.07822238360311945,-0.9946276545305937,0.06780182553896127,0.24240757278963784,-0.08494503205675388,-0.9664486071090971
7.333,0.016104750335216522,Empty,0.55098,0.23013,0.1569,-0.06294,0.25412,0.07043,0.99069,-0.03565,0.12548,0.03889,0.9659667380963223,-0.06088350027521333,0.2513990061352459,-0.08040192772840699,-0.9944332659566781,0.06810293368343796,0.24585318974767706,-0.08599813342726008,-0.9654846089596248
7.4,0.016104750335216522,Empty,0.55099,0.23112,0.15523,-0.06039,0.26004,0.06812,0.9904,-0.03433,0.1285,0.03766,0.964620748909873,-0.05831444592755458,0.25711133030015976,-0.07766871672972464,-0.9948077191377583,0.06576604279936918,0.2519412257136837,-0.08340879653905205,-0.9641413752379852
7.467,0.016104750335216522,Empty,0.55088,0.23119,0.15404,-0.05354,0.26582,0.06516,0.99018,-0.03083,0.13154,0.03582,0.9634918390941474,-0.05163406883369487,0.26271162694988415,-0.07048300299345034,-0.9955322291303476,0.06283094024273478,0.25829367450249924,-0.07905380255520984,-0.9628265025504641
7.534,0.016104750335216522,Empty,0.55099,0.23073,0.1533,-0.04944,0.27139,0.06084,0.98995,-0.02859,0.13443,0.03347,0.9622237492414072,-0.04760794008872915,0.26806517945514236,-0.06560759821009643,-0.9961239503688204,0.05858940654007576,0.26423682455878905,-0.07396323101463115,-0.9616175648379993
7.6,0.016104750335216522,Empty,0.55137,0.23009,0.15266,-0.04161,0.27928,0.05731,0.98956,-0.02458,0.13851,0.03126,0.9604210322098761,-0.03998097929131483,0.27566821032506317,-0.05729894174687361,-0.9968379622730449,0.0550536851265334,0.2725954367989387,-0.0686702138210635,-0.9596750124756637
7.667,0.016104750335216522,Empty,0.55146,0.22877,0.15152,-0.03442,0.28607,0.05435,0.98921,-0.0209,0.14201,0.02934,0.9587918938895569,-0.03301691699166681,0.282184314596049,-0.04968134307605088,-0.9974051212841195,0.05210362930132975,0.2797317793205419,-0.06397583316046791,-0.9579442699915208
7.733,0.016104750335216522,Empty,0.55167,0.22736,0.15108,-0.03605,0.28553,0.05519,0.98922,-0.02176,0.14171,0.02987,0.9588879830570811,-0.03457867405623222,0.281670288190352,-0.05150857198789255,-0.9972693088199331,0.05292251597931451,0.27907114318841936,-0.06525519892181417,-0.9580506542209464
7.8,0.016104750335216522,Empty,0.55188,0.22735,0.15127,-0.03623,0.28593,0.05502,0.98919,-0.02184,0.14191,0.0298,0.9587665814162976,-0.03475089182400104,0.2820620816003855,-0.05166782042360951,-0.9972697248491126,0.0527591909722763,0.279458545569785,-0.06515728214721712,-0.957944387681878
7.867,0.016104750335216522,Empty,0.55187,0.2274,0.15131,-0.03615,0.28601,0.05499,0.98919,-0.0218,0.14195,0.02978,0.9587510658778833,-0.03466824179632444,0.28212498416264725,-0.05157479094303519,-0.9972766260771524,0.052719749803597546,0.2795289513041622,-0.06509565339501014,-0.9579280355495772
7.933,0.016104750335216522,Empty,0.55187,0.2274,0.1513,-0.03615,0.28599,0.05499,0.98919,-0.0218,0.14194,0.02978,0.9587569176998573,-0.03467915133179961,0.28210375613517674,-0.05158623237061993,-0.997275745487682,0.05272521305592312,0.27950676806201585,-0.06510333267117903,-0.9579339865996154
8.0,0.016104750335216522,Empty,0.55187,0.2274,0.15131,-0.03615,0.28601,0.05499,0.98919,-0.0218,0.14195,0.02978,0.9587520048751828,-0.03466892501235147,0.2821217091723094,-0.05157607653684215,-0.9972764134941313,0.05272251338231394,0.279525493429281,-0.06509854627232788,-0.9579288479821173
8.067,0.016104750335216522,Empty,0.55187,0.22741,0.15131,-0.03615,0.28601,0.05497,0.98919,-0.0218,0.14195,0.02977,0.9587496365431305,-0.03466733951687051,0.2821299523255844,-0.05157272291894677,-0.9972770012439032,0.052714675761997745,0.27953423525418125,-0.06509038608572733,-0.9579268515706564
8.133,0.016104750335216522,Empty,0.55188,0.22739,0.1513,-0.03617,0.28601,0.05498,0.98919,-0.02181,0.14195,0.02978,0.9587516256154927,-0.03468908672165033,0.28212051971111163,-0.05159867845117716,-0.9972749337556732,0.05272838784478008,0.27952262298737446,-0.06511047354331975,-0.9579288749553501
8.2,0.016104750335216522,Empty,0.55187,0.22741,0.15131,-0.03613,0.28601,0.05497,0.98919,-0.02179,0.14195,0.02977,0.9587508755451828,-0.034652994505185386,0.2821275041770453,-0.05155913463885109,-0.9972774309999561,0.05271983738043999,0.2795324923450545,-0.06509144022028372,-0.9579272885419912
8.267,0.016104750335216522,Empty,0.55187,0.2274,0.1513,-0.03613,0.28601,0.05499,0.98919,-0.02179,0.14195,0.02978,0.9587519835653412,-0.03466247700466779,0.2821225738884151,-0.05156954092276039,-0.997276731479831,0.052722891592941815,0.27952677234665574,-0.06509710851340654,-0.9579285724962244
8.333,0.016104750335216522,Empty,0.55188,0.2274,0.15131,-0.03615,0.28601,0.05499,0.98919,-0.0218,0.14195,0.02978,0.9587491788289131,-0.03467197474653577,0.2821309381511711,-0.051579268214584695,-0.9972763630999945,0.052720344199329,0.27953459747468157,-0.06509769403921609,-0.9579262492725859
8.4,0.016104750335216522,Empty,0.55187,0.2274,0.15131,-0.03613,0.28601,0.05499,0.98919,-0.02179,0.14195,0.02978,0.9587509582853861,-0.034658597509086675,0.28212653474204963,-0.05156599923334987,-0.9972768758961876,0.05272362398209837,0.2795309423121526,-0.06509696169133121,-0.9579273656539087
8.467,0.016104750335216522,Empty,0.55187,0.2274,0.15131,-0.03613,0.28601,0.05499,0.98919,-0.02179,0.14195,0.02978,0.958750984073199,-0.03465660089631606,0.2821266923794803,-0.05156381315397934,-0.9972770107381304,0.05272321145605899,0.27953125712823945,-0.06509595891860155,-0.9579273419319305
8.533,0.016104750335216522,Empty,0.55187,0.22741,0.15131,-0.03613,0.28601,0.05499,0.98919,-0.02179,0.14195,0.02978,0.9587494701734814,-0.03464991136587969,0.28213265866326925,-0.051556841444899526,-0.9972774500055206,0.05272172048322435,0.2795377354531826,-0.06509279032905597,-0.9579256667951244
8.6,0.016104750335216522,Empty,0.55187,0.2274,0.15131,-0.03613,0.28601,0.05499,0.98919,-0.02179,0.14195,0.02978,0.958749967776677,-0.03466280423241802,0.28212938395524495,-0.051569883183316734,-0.9972768006502029,0.05272124840474368,0.27953362308795704,-0.06509587458234725,-0.9579266572528813
8.667,0.016104750335216522,Empty,0.55187,0.2274,0.1513,-0.03613,0.28601,0.05499,0.98919,-0.02179,0.14195,0.02978,0.9587519996567608,-0.0346573615548314,0.2821231476575786,-0.051565552068594644,-0.997276703726955,0.05272731780927474,0.27952745302389054,-0.06510025724647239,-0.9579281598911369
8.734,0.016104750335216522,Empty,0.55187,0.2274,0.15131,-0.03613,0.28601,0.05499,0.98919,-0.02179,0.14195,0.02978,0.9587527777572438,-0.034646511259358914,0.28212183609271374,-0.05155461978281739,-0.9972771879961599,0.05272884866485689,0.27952680072189484,-0.0650986141175632,-0.9579284619000286
8.8,0.016104750335216522,Empty,0.55182,0.22757,0.1513,-0.03657,0.28589,0.0545,0.9892,-0.02197,0.14189,0.02957,0.9587714196028587,-0.03506980924483438,0.28200615850057253,-0.05185244240938747,-0.9972859863874883,0.05226839935674013,0.2794077471526161,-0.06473615554437441,-0.9579877561829453
8.867,0.016104750335216522,Empty,0.5514,0.22813,0.15126,-0.03241,0.28326,0.05246,0.98946,-0.01974,0.14067,0.02825,0.9596437449319364,-0.03110977050074576,0.27949251330294894,-0.04700347278740702,-0.9976252715699676,0.05034372921100745,0.27726261262372154,-0.061449163577209545,-0.9588271188992984
