time,gr,gr_state,tx,ty,tz,rx,ry,rz,qw,qx,qy,qz,xx,xy,xz,yx,yy,yz,zx,zy,zz
0.0,0.01624363474547863,Empty,0.30734,0.00142,0.48552,0.0053,0.00123,-0.00422,0.99999,0.00265,0.00061,-0.00211,0.9999851811196259,0.0053012247056540285,0.0012387726866167617,0.005306415749519622,-0.9999769934998204,-0.004225449438002555,0.0012163441298396163,0.004231960264467147,-0.9999903054626468
0.067,0.01624363474547863,Empty,0.30734,0.00142,0.48552,0.0053,0.00123,-0.00422,0.99999,0.00265,0.00061,-0.00211,0.9999852001957725,0.005299652070602123,0.0012300720919969596,0.005304807099359654,-0.9999769992620198,-0.004226105602690669,0.0012076469101231706,0.004232568352321454,-0.999990313430127
0.133,0.01624363474547863,Empty,0.30734,0.00142,0.48552,0.0053,0.00123,-0.00422,0.99999,0.00265,0.00061,-0.00211,0.9999852142356618,0.005295644067540628,0.0012359061321568533,0.005300823500002438,-0.9999770215089967,-0.0042258400605496935,0.0012134991880519178,0.00423232889854356,-0.9999903073589339
0.2,0.01624363474547863,Empty,0.30734,0.00142,0.48552,0.0053,0.00123,-0.00422,0.99999,0.00265,0.00061,-0.00211,0.9999851865036435,0.005300043030472379,0.0012394826131686828,0.005305238272710289,-0.9999769956351614,-0.004226422523362526,0.0012170538784198302,0.004232935665865618,-0.9999903004707124
0.266,0.01624363474547863,Empty,0.30734,0.00142,0.48552,0.0053,0.00123,-0.00424,0.99999,0.00265,0.00061,-0.00212,0.9999852034330696,0.0052974780665903665,0.0012367865846236244,0.005302663171963373,-0.9999770049279265,-0.004227455340720434,0.00121436329268215,0.004233951051568403,-0.9999902994430927
0.333,0.01624363474547863,Empty,0.30734,0.00142,0.48553,0.0053,0.00125,-0.00422,0.99999,0.00265,0.00062,-0.00211,0.9999851772744929,0.005301222325386323,0.001241882908188979,0.005306426768878492,-0.9999769926193144,-0.004225643972006895,0.0012194532575526037,0.004232171297154036,-0.9999903007828949
0.4,0.01624363474547863,Empty,0.30734,0.00142,0.48552,0.0053,0.00123,-0.00424,0.99999,0.00265,0.00061,-0.00212,0.9999852349943379,0.005291765357970768,0.0012357235592616767,0.005296951900073343,-0.999977014660705,-0.004232310342142418,0.0012132987624836275,0.004238793420311448,-0.9999902802209895
0.467,0.01624363474547863,Empty,0.30734,0.00142,0.48553,0.0053,0.00125,-0.00424,0.99999,0.00265,0.00062,-0.00212,0.9999851951461036,0.005297970147263409,0.00124137058439983,0.005303174408555766,-0.9999770030788624,-0.004227251424879267,0.0012189461848443538,0.004233772045754261,-0.9999902946251346
0.533,0.01624363474547863,Empty,0.30734,0.00142,0.48552,0.0053,0.00123,-0.00424,0.99999,0.00265,0.00061,-0.00212,0.999985184152324,0.005300659458744028,0.001238743373352189,0.00530585765280589,-0.9999769711882541,-0.004231426205559052,0.0012162854972237974,0.004237936109400301,-0.9999902802263241
0.6,0.01624363474547863,Empty,0.30734,0.00142,0.48553,0.0053,0.00123,-0.00424,0.99999,0.00265,0.00061,-0.00212,0.9999851831355122,0.005300980588358983,0.0012381899037348656,0.0053061720457909245,-0.9999769847877813,-0.004227816570975913,0.0012157498329575967,0.004234323976645282,-0.9999902961793201
0.667,0.01624363474547863,Empty,0.30734,0.00142,0.48553,0.0053,0.00123,-0.00424,0.99999,0.00265,0.00061,-0.00212,0.9999851523912524,0.005306484512839105,0.001239443084077042,0.005311680291816945,-0.9999769588085942,-0.0042270444038525696,0.0012169837801675927,0.004233565167753625,-0.9999902978911593
0.733,0.01624363474547863,Empty,0.30734,0.00142,0.48553,0.0053,0.00123,-0.00422,0.99999,0.00265,0.00061,-0.00211,0.9999851611288049,0.005304838236636855,0.00123944079374538,0.005310027788593408,-0.9999769892138286,-0.004221924647690505,0.0012170156459350096,0.004228443464151566,-0.9999903195225383
0.8,0.01624363474547863,Empty,0.30734,0.00142,0.48552,0.0053,0.00123,-0.00424,0.99999,0.00265,0.00061,-0.00212,0.9999851859308692,0.005300950573580376,0.0012360589880061148,0.005306135102161769,-0.9999769776878262,-0.004229541889855478,0.0012136099385631866,0.004236037929114131,-0.999990291519663
0.867,0.01624363474547863,Empty,0.30734,0.00142,0.48552,0.0053,0.00123,-0.00424,0.99999,0.00265,0.00061,-0.00212,0.9999852133480149,0.005296872002295561,0.0012313538550055786,0.005302036368902863,-0.9999770003533186,-0.004229323199035364,0.0012089233506603046,0.004235789344427314,-0.9999902982494191
0.933,0.01624363474547863,Empty,0.30734,0.00142,0.48553,0.0053,0.00125,-0.00422,0.99999,0.00265,0.00062,-0.00211,0.9999851594383713,0.0053042698344243355,0.0012432314902766717,0.005309476656758183,-0.9999769878620245,-0.004222937842790658,0.0012208032790498988,0.004229476080597918,-0.9999903105387759
1.0,0.01624363474547863,Empty,0.30734,0.00142,0.48553,0.0053,0.00123,-0.00422,0.99999,0.00265,0.00061,-0.00211,0.9999851798601218,0.005301015290750333,0.0012406840883355077,0.005306213904375079,-0.9999769963777239,-0.0042250218208432526,0.001218258642831289,0.004231542540589341,-0.9999903048998059
1.067,0.01624363474547863,Empty,0.30734,0.00142,0.48552,0.0053,0.00123,-0.00424,0.99999,0.00265,0.00061,-0.00212,0.9999851853143491,0.005300611051136328,0.0012380122420481588,0.005305800433078933,-0.9999769913717751,-0.004226725543172918,0.0012155795289604426,0.00423323157145268,-0.9999903010114006
1.133,0.01624363474547863,Empty,0.30734,0.00142,0.48553,0.0053,0.00123,-0.00422,0.99999,0.00265,0.00061,-0.00211,0.9999852016831969,0.0052968136939204324,0.0012410396076470963,0.0053020096070185985,-0.9999770333700958,-0.004221543138323236,0.0012186503776452102,0.004228060670512914,-0.9999903191502523
1.2,0.01624363474547863,Empty,0.30734,0.00142,0.48552,0.0053,0.00123,-0.00424,0.99999,0.00265,0.00061,-0.00212,0.9999851942918472,0.005300633471139682,0.0012306428811554703,0.0053057937053143656,-0.9999769842394671,-0.004228421040664912,0.0012082012468753174,0.004234887973149362,-0.9999903029397845
1.267,0.01624363474547863,Empty,0.30743,0.00152,0.48567,0.00556,0.00145,-0.004,0.99999,0.00278,0.00072,-0.002,0.99998355555685,0.005550059523164008,0.0014441105115300108,0.005555780802135868,-0.9999766126312599,-0.003988419510186345,0.0014219407719000324,0.003996377084304574,-0.999991003486852
1.333,0.01624363474547863,Empty,0.30749,0.00198,0.48597,0.00582,0.00131,-0.00248,0.99999,0.00291,0.00065,-0.00124,0.9999822666173903,0.005810785772431937,0.0013043080362123848,0.005813992614986385,-0.9999800518550945,-0.002468477618825107,0.0012899382230596485,0.002476017081657236,-0.9999961026918014
1.4,0.01624363474547863,Empty,0.30728,0.00272,0.48683,0.00554,-0.00258,-0.00095,1.0,0.00277,-0.00129,-0.00047,0.9999812945193062,0.00554930892158606,-0.002572116246483575,0.005546910136384142,-0.9999841750877272,-0.0009388088500295055,-0.0025772852832969097,0.0009245239914791076,-0.9999962514209528
1.467,0.01624363474547863,Empty,0.30766,0.00264,0.48967,0.00672,-0.0072,0.00014,0.99999,0.00336,-0.0036,8e-05,0.9999516023519279,0.006709438976067739,-0.007195580757499181,0.006710554283749726,-0.9999774754139124,0.0001308664310678137,-0.007194540639687554,-0.00017914643271664147,-0.9999741029104401
1.533,0.01624363474547863,Empty,0.30849,0.00111,0.49235,0.00981,-0.01095,0.00213,0.99997,0.00491,-0.00547,0.00109,0.999891958191701,0.00979904695985323,-0.010956761485253643,0.009822878252108591,-0.999949499982935,0.002123333869806245,-0.010935401520310068,-0.002230731395082368,-0.9999377184760221
1.6,0.01624363474547863,Empty,0.30939,-0.00024,0.49433,0.0123,-0.01324,0.0038,0.99996,0.00616,-0.00661,0.00194,0.9998367715380109,0.01229227364770391,-0.013241234421951971,0.012343484936253701,-0.9999166230426082,0.003792801431035024,-0.01319350825503216,-0.003955625315515575,-0.9999051376847145
1.667,0.01624363474547863,Empty,0.30993,-0.00138,0.49472,0.01329,-0.01491,0.0069,0.99994,0.00667,-0.00743,0.0035,0.999800658451174,0.013280339628287174,-0.014908921488701462,0.013384252383486506,-0.999886675836271,0.006891826552284694,-0.014815706150367935,-0.007089997492875887,-0.9998651042949828
1.733,0.01624363474547863,Empty,0.31005,-0.00145,0.49457,0.0133,-0.01691,0.00763,0.99993,0.00668,-0.00843,0.00387,0.9997687754364866,0.013295017509871387,-0.016900833459911842,0.013425332431055814,-0.9998808361501104,0.0076206265406580775,-0.016797503128236354,-0.007845763772173749,-0.9998281291699532
1.8,0.01624363474547863,Empty,0.31022,-0.00113,0.49418,0.01287,-0.01799,0.00824,0.99993,0.00647,-0.00897,0.00418,0.9997552760577503,0.012865385141042074,-0.017996384633151452,0.013015237998465323,-0.9998813901399073,0.008234636101826207,-0.01788830831954149,-0.00846684811832876,-0.999804141273883
1.867,0.01624363474547863,Empty,0.3104,-0.00094,0.49336,0.01292,-0.01924,0.00862,0.99992,0.0065,-0.00959,0.00437,0.9997314660279233,0.01291010664157699,-0.019243829664661483,0.013077891199098746,-0.9998773360827438,0.008618674483960819,-0.019130201134434817,-0.008868028787676039,-0.999777672020123
1.933,0.01624363474547863,Empty,0.31106,-0.00093,0.49226,0.01292,-0.0199,0.00861,0.99992,0.0065,-0.00992,0.00437,0.999718720084195,0.01291427764335723,-0.019892263475255877,0.013087464018506079,-0.9998773649599948,0.008600774745406329,-0.019778751193718677,-0.008858694802689136,-0.9997651346829461
2.0,0.01624363474547863,Empty,0.31236,-0.00145,0.4913,0.01412,-0.02253,0.00742,0.9999,0.0071,-0.01124,0.00379,0.9996464216855581,0.014112115063872721,-0.022536189111801185,0.014282408707307515,-0.9998705183838346,0.007413451851822372,-0.022428651604059366,-0.007732701679612326,-0.9997185408463514
2.067,0.01624363474547863,Empty,0.31464,-0.00237,0.49071,0.01403,-0.02576,0.00554,0.99989,0.00705,-0.01286,0.00286,0.9995700418959643,0.014024119089245002,-0.02574986267673076,0.014171066165789004,-0.999884276046374,0.005533118374220405,-0.025669285689801404,-0.005895642372886757,-0.9996531044183208
2.133,0.01624363474547863,Empty,0.31702,-0.00279,0.48867,0.0133,-0.02809,0.00469,0.99988,0.00668,-0.01403,0.00244,0.9995171693052736,0.01329483078258853,-0.028083371208517904,0.01343156599280404,-0.9998988126625439,0.004685879961770235,-0.028018231545799466,-0.0050608211287805115,-0.9995946012211891
2.2,0.01624363474547863,Empty,0.31891,-0.0028,0.48668,0.01331,-0.02893,0.00463,0.99987,0.00669,-0.01445,0.00241,0.99949293219689,0.013304226456544499,-0.02892880997995481,0.013443752228443684,-0.9998988910019466,0.00463392912086389,-0.028864234174555293,-0.0050204911582390445,-0.9995707331920268
2.267,0.01624363474547863,Empty,0.32088,-0.00276,0.48435,0.01308,-0.02766,0.00322,0.99988,0.00656,-0.01382,0.0017,0.9995319434324021,0.013080861992073978,-0.027654748376900594,0.013174682341480948,-0.9999080477326316,0.003213070917130658,-0.027610175722846145,-0.0035759095432849873,-0.9996123704053946
2.333,0.01624363474547863,Empty,0.32306,-0.00241,0.48143,0.01188,-0.02524,0.00047,0.9999,0.00594,-0.01262,0.00031,0.9996110383398025,0.011875192226108333,-0.02523394219726032,0.011890999112487366,-0.9999291860611815,0.00047644845440878054,-0.025226497365439474,-0.0007763199184991344,-0.9996814598451126
2.4,0.01624363474547863,Empty,0.32477,-0.00123,0.47841,0.00989,-0.02758,-0.0035,0.99989,0.00492,-0.0138,-0.00168,0.9995705692408277,0.009894329086872877,-0.027582229052198953,0.009801821198405058,-0.999945880799993,-0.0034870865088328616,-0.027615238705500884,0.0032152329692029637,-0.9996134557258579
2.467,0.01624363474547863,Empty,0.32724,-6e-05,0.47561,0.01023,-0.02664,-0.00782,0.99989,0.00506,-0.01334,-0.00384,0.9995930986947196,0.010221711401294187,-0.026629939127184955,0.01001691633254892,-0.9999193099260346,-0.007812491550696549,-0.026707647389383405,0.007542562765509194,-0.9996148314815325
2.533,0.01624363474547863,Empty,0.32975,0.00049,0.47282,0.00963,-0.0294,-0.01278,0.99986,0.00472,-0.01473,-0.00632,0.9995214058217194,0.009631021102726622,-0.029397325332287973,0.009258682434312548,-0.9998755215898545,-0.012775684913018046,-0.02951670889096689,0.012497390044925302,-0.9994861575521247
2.6,0.01624363474547863,Empty,0.3326,0.00086,0.47033,0.00953,-0.02911,-0.0155,0.99985,0.00465,-0.01459,-0.00768,0.9995309572148441,0.009520557883667125,-0.02910712192507126,0.00907217924860515,-0.9998387426733939,-0.01549787769238216,-0.029249976630048663,0.015226543497150066,-0.999456147732491
2.667,0.01624363474547863,Empty,0.33529,0.00062,0.46807,0.00911,-0.03006,-0.01758,0.99984,0.00442,-0.01507,-0.00872,0.9995066619398905,0.009103508852890907,-0.03005925588471738,0.008577731067378191,-0.9998087660067705,-0.017574240972344866,-0.03021349479145559,0.01730773071733106,-0.9993936097403779
2.733,0.01624363474547863,Empty,0.33822,0.00079,0.46584,0.00868,-0.02933,-0.02041,0.99983,0.00419,-0.01471,-0.01014,0.9995321688849312,0.008681787167904687,-0.029326948967737434,0.008085147464667819,-0.999759163387345,-0.02040209826244028,-0.029497012639581578,0.020155440818967477,-0.9993616384726469
2.8,0.01624363474547863,Empty,0.34131,0.00061,0.46319,0.00805,-0.02871,-0.02288,0.99982,0.00386,-0.0144,-0.01138,0.9995554048176027,0.008036836619868593,-0.02871240075410366,0.0073815147984239715,-0.9997114893574117,-0.02285719331120027,-0.028887816449142838,0.022635090102106296,-0.9993263464738986
2.867,0.01624363474547863,Empty,0.34451,-0.00058,0.46011,0.01063,-0.02652,-0.02612,0.99981,0.00514,-0.01333,-0.01299,0.9995917030715564,0.010626114861023384,-0.026523816344282778,0.009933523147976686,-0.9996097558833299,-0.026108639580381097,-0.026790898984048902,0.025834504559405978,-0.9993071730483056
2.933,0.01624363474547863,Empty,0.34721,-0.00236,0.45629,0.01196,-0.02837,-0.02925,0.99978,0.00577,-0.01427,-0.01454,0.9995261224508962,0.011944520523665791,-0.028370036442257836,0.011114538991965794,-0.9995107642566173,-0.029235238294712296,-0.028705357710214742,0.02890606449540078,-0.9991698763844495
3.0,0.01624363474547863,Empty,0.35035,-0.00449,0.45322,0.01885,-0.02966,-0.03273,0.99971,0.00918,-0.01498,-0.01622,0.9993826901807956,0.018847127514313222,-0.029648344834992464,0.017875464877690594,-0.9993052348764017,-0.032703444834233875,-0.030244112193976744,0.03215327872983634,-0.999025255108458
3.067,0.01624363474547863,Empty,0.35364,-0.00687,0.45009,0.02721,-0.03228,-0.03623,0.99962,0.01331,-0.01638,-0.01789,0.9991093348221629,0.027195950094536292,-0.03226325107100848,0.026024285219678478,-0.9990057935028175,-0.03619614795265999,-0.03321556337050842,0.03532428125612067,-0.9988237689921672
3.133,0.01624363474547863,Empty,0.35681,-0.00897,0.44671,0.03447,-0.03458,-0.03793,0.99953,0.0169,-0.01761,-0.01866,0.9988080325579693,0.03444953124644856,-0.03457952999359755,0.03313485709634434,-0.9987321113502001,-0.037897902358525026,-0.03584125197147808,0.036706941507995805,-0.9986831354850475
3.2,0.01624363474547863,Empty,0.35973,-0.00993,0.44368,0.04307,-0.03552,-0.03792,0.99944,0.02119,-0.01816,-0.01857,0.9984423636430992,0.043038901957740405,-0.03550351251710422,0.041690157765192526,-0.9984117728006999,-0.0378927787114711,-0.037077988460723105,0.03635360850362957,-0.9986509089368871
3.266,0.01624363474547863,Empty,0.36288,-0.00998,0.44041,0.05214,-0.032,-0.03737,0.99937,0.02576,-0.01648,-0.01826,0.9981297440430623,0.05208833220482584,-0.031997182761154534,0.05088477159494703,-0.9980061322937108,-0.03734300368045157,-0.03387851939298795,0.03564499336888513,-0.9987901082667322
3.333,0.01624363474547863,Empty,0.36568,-0.00965,0.43694,0.06559,-0.028,-0.03734,0.9992,0.03252,-0.0146,-0.0182,0.9974588188890936,0.06551370582826094,-0.02799748147641881,0.06445071814057213,-0.9972228561333611,-0.037318629883559766,-0.03036461018256039,0.0354193386989322,-0.9989111376366726
3.4,0.01624363474547863,Empty,0.36851,-0.00971,0.43236,0.07912,-0.02201,-0.03476,0.99901,0.03935,-0.01168,-0.01693,0.9966297937632009,0.07902323434065656,-0.02200869414257107,0.07823196908839036,-0.9963292836176698,-0.03475223184852778,-0.024674140229655302,0.03291332618017172,-0.9991535916783186
3.467,0.01624363474547863,Empty,0.37151,-0.00995,0.42824,0.09405,-0.01807,-0.03265,0.99873,0.04685,-0.00979,-0.01588,0.9954194254736226,0.09388311200279781,-0.01805903293184441,0.0932615330806621,-0.995106632443125,-0.032635510033524134,-0.02103458668973311,0.030801807550431274,-0.9993041553072911
3.533,0.01624363474547863,Empty,0.37484,-0.00945,0.42331,0.11092,-0.01169,-0.03158,0.99833,0.05533,-0.00671,-0.01544,0.993787114892968,0.11068185353604004,-0.0116917736266658,0.11026742070268869,-0.9934005415296485,-0.031566754983316424,-0.015108481203843388,0.0300814126401511,-0.9994332606078739
3.6,0.01624363474547863,Empty,0.37716,-0.00901,0.41745,0.12929,-0.00988,-0.02944,0.9978,0.06452,-0.00588,-0.01437,0.9916048712273529,0.12892753756582165,-0.009872659996111898,0.1285898275696471,-0.9912610845566976,-0.029429891081822045,-0.013580707043214988,0.027913299709871386,-0.9995180899290983
3.667,0.01624363474547863,Empty,0.38033,-0.00809,0.41217,0.14768,-0.004,-0.02787,0.99718,0.07374,-0.00302,-0.01375,0.9891076507331329,0.1471399165240695,-0.003987508805390068,0.14697402609792132,-0.9887477112205678,-0.02786752964753416,-0.008043066190871376,0.026977926558179346,-0.9996036717443919
3.733,0.01624363474547863,Empty,0.38356,-0.00693,0.40533,0.16606,0.0035,-0.02664,0.99646,0.08295,0.00064,-0.01342,0.9862369875399737,0.16530069388979057,0.0035049975222897958,0.1653351309228327,-0.9858775832863474,-0.026639918472110495,-0.0009480985219075847,0.02685277216647674,-0.9996389496894206
3.8,0.01624363474547863,Empty,0.38676,-0.00579,0.39692,0.18682,0.00997,-0.02669,0.99553,0.09333,0.00372,-0.01375,0.9825496136531205,0.18573314160786936,0.009972803947468255,0.18593768254127763,-0.9821993966936731,-0.02667439494653448,0.0048409628466387,0.028063236503578958,-0.9995944276733749
3.866,0.01624363474547863,Empty,0.38994,-0.00517,0.38905,0.20575,0.01298,-0.02657,0.9946,0.10277,0.00509,-0.01388,0.9788259814676034,0.2042824481714316,0.012976107778104744,0.20456506626805732,-0.9784922011317794,-0.02657340751636531,0.007268539518220656,0.02866520004067432,-0.9995626416787994
3.933,0.01624363474547863,Empty,0.39326,-0.00437,0.38249,0.22347,0.01533,-0.0265,0.99364,0.11159,0.00614,-0.01402,0.9750195878356727,0.22158928162763203,0.015329501117290784,0.22193353915210745,-0.9747019630981104,-0.026487493881257936,0.009072350091073928,0.029227955803300554,-0.9995315998323341
4.0,0.01624363474547863,Empty,0.39696,-0.00333,0.37711,0.24617,0.01677,-0.02675,0.9923,0.12287,0.00668,-0.0143,0.9697166419613121,0.24365583943235103,0.016776954842677792,0.24403806381253418,-0.9693971026496808,-0.02673351426643788,0.009749754556210681,0.030018149258752385,-0.9995018024001624
4.066,0.01624363474547863,Empty,0.40098,-0.00224,0.3723,0.2644,0.02043,-0.02575,0.99112,0.13193,0.00843,-0.01411,0.9650489243626745,0.26127153379347545,0.02043915887823221,0.26174750349924086,-0.9647929390545658,-0.025745468773513854,0.012992998051244955,0.030195535757094,-0.9994595597731718
4.133,0.01624363474547863,Empty,0.40502,-0.00067,0.36727,0.28237,0.02464,-0.02385,0.98988,0.14084,0.01052,-0.01354,0.9601065217094438,0.2785463967910023,0.024644914399175995,0.27911617571732567,-0.9599614344396199,-0.023837047668747148,0.017018443640009685,0.029764899183041888,-0.9994120388271773
4.2,0.01624363474547863,Empty,0.40837,0.00141,0.36147,0.30258,0.03133,-0.02114,0.98838,0.15085,0.01389,-0.01281,0.9541054978467388,0.297828374201901,0.03132025700531943,0.298540096673023,-0.9541630798836727,-0.021133567265524015,0.02359045690716618,0.029514005271342316,-0.9992859519855939
4.267,0.01624363474547863,Empty,0.41157,0.00309,0.35449,0.32419,0.03991,-0.01883,0.98662,0.16153,0.01817,-0.01251,0.9471563310785841,0.3182812720162399,0.03989882681833931,0.3191906752335044,-0.9475036765657798,-0.01881743176710434,0.03181504898212492,0.030558383106022532,-0.9990265201085561
4.333,0.01624363474547863,Empty,0.41512,0.00371,0.34672,0.34929,0.04999,-0.0173,0.98441,0.17391,0.02311,-0.01286,0.9384457940210857,0.34179254272722465,0.04997348717261875,0.34298165902847216,-0.9391829960866975,-0.017288187634659207,0.041025275796884676,0.03336401650989613,-0.9986009058418267
4.4,0.01624363474547863,Empty,0.41764,0.00367,0.33718,0.36896,0.05809,-0.01686,0.98254,0.18359,0.027,-0.01361,0.9311349518998193,0.3600251907675014,0.05804794021621536,0.3614951610620864,-0.9322219356238006,-0.016837792922787316,0.048051533578204866,0.036662307001041824,-0.9981717915099305
4.467,0.01624363474547863,Empty,0.41941,0.0035,0.32861,0.39009,0.06239,-0.01576,0.98048,0.19395,0.02907,-0.01377,0.9230799255351122,0.37951989003930314,0.06235466412904786,0.3811212054329526,-0.9243913692735962,-0.015723332401842222,0.05167279597064717,0.03827857725988597,-0.9979301942919327
4.533,0.01624363474547863,Empty,0.42167,0.00321,0.32051,0.41203,0.07008,-0.01653,0.97816,0.20471,0.0326,-0.01525,0.914057780065565,0.3994924779263557,0.07002952792837487,0.4014816699778819,-0.9157186066399807,-0.01648945496682233,0.05753992851387624,0.043187886421911396,-0.9974086239315486
4.6,0.01624363474547863,Empty,0.42406,0.0014,0.31304,0.43316,0.07574,-0.01626,0.97584,0.21503,0.03523,-0.01607,0.9050428137019462,0.4185348565790742,0.07567086093601857,0.4207996717363631,-0.9070086666123862,-0.016214652527588597,0.06184772940887574,0.046517228188652754,-0.9970010059416246
4.667,0.01624363474547863,Empty,0.42697,-0.00101,0.30606,0.45702,0.08057,-0.01824,0.97309,0.22669,0.03716,-0.018,0.8944591856469033,0.4398465399734739,0.08048469721159186,0.4425222459404754,-0.8965731565913907,-0.018183419027967405,0.06416250509195988,0.05188059514994489,-0.9965899742558179
4.733,0.01624363474547863,Empty,0.43047,-0.00367,0.29953,0.47863,0.0868,-0.02142,0.97042,0.23725,0.03961,-0.02068,0.8842864362814904,0.45882719175763087,0.08668971514769162,0.4621042912174877,-0.8865685634526964,-0.021349621444081937,0.06706058937233582,0.05893887003691604,-0.9960065697332557
4.8,0.01624363474547863,Empty,0.43374,-0.00658,0.29323,0.49849,0.09191,-0.02504,0.96786,0.24695,0.04143,-0.02345,0.8745993670890908,0.4760789235399255,0.09178674004684757,0.47996580510806974,-0.8769328067620891,-0.02493347852439834,0.06862049995682289,0.06586130112159853,-0.9954664816056068
4.867,0.01624363474547863,Empty,0.43612,-0.00878,0.28739,0.51763,0.09516,-0.02976,0.96531,0.2563,0.04217,-0.02654,0.865062788429943,0.4925833339518866,0.09501595227463788,0.4970598273156237,-0.8672105279079994,-0.029621417158735862,0.06780781771134033,0.07285299855444365,-0.9950349443405754
4.933,0.01624363474547863,Empty,0.43896,-0.01164,0.28226,0.53876,0.09905,-0.03172,0.96242,0.26653,0.0435,-0.02844,0.8541389946279523,0.5105541235617808,0.09889926577084497,0.5155034477973695,-0.8563062442541476,-0.0315564788970546,0.0685767684057436,0.0779365316486274,-0.9945969655441381
5.0,0.01624363474547863,Empty,0.44179,-0.01493,0.27737,0.55924,0.10159,-0.03384,0.95955,0.27642,0.04413,-0.03025,0.843288004288393,0.5278095825735925,0.10140210237854641,0.5331482627682708,-0.8453522187477267,-0.03365347181897177,0.06795786731846473,0.08244192381176875,-0.9942761474900925
5.067,0.01624363474547863,Empty,0.44489,-0.01815,0.27254,0.58094,0.10156,-0.03625,0.95645,0.28687,0.04344,-0.03188,0.8316339031400984,0.5459922117273491,0.10137828111110724,0.5515304017121945,-0.8333753238770245,-0.03605253860755744,0.06480175256233911,0.08589571750641285,-0.9941944772422083
5.133,0.01624363474547863,Empty,0.44814,-0.02048,0.26915,0.60168,0.1003,-0.03818,0.95343,0.29681,0.04222,-0.03306,0.8202459773760195,0.5631772834754571,0.1001393228240679,0.568760948571333,-0.8216256759860889,-0.037976728935487425,0.06088940777094242,0.08810559538194085,-0.99424840159977
5.2,0.01624363474547863,Empty,0.45195,-0.02202,0.26765,0.61917,0.09818,-0.03859,0.95085,0.30514,0.04086,-0.0333,0.8104375755242678,0.5775656662148012,0.0980246774450163,0.5830084010977352,-0.811558399770929,-0.03839489563354664,0.05737717688950183,0.08826587659509902,-0.994443057495546
5.267,0.01624363474547863,Empty,0.45603,-0.02254,0.26892,0.63608,0.09584,-0.03728,0.94832,0.31314,0.03967,-0.03266,0.8007440416274254,0.5913124779571848,0.09570022575892696,0.5964959145733624,-0.8017579022211762,-0.03710647009871408,0.054786893464255464,0.08679757852631993,-0.9947183403690231
5.333,0.01624363474547863,Empty,0.46033,-0.02264,0.27172,0.6513,0.09395,-0.03332,0.94601,0.32027,0.03916,-0.03079,0.791782184356441,0.6035564576237566,0.09381137988754407,0.6083788524956387,-0.7929534543961169,-0.03316611218329849,0.05437043656099086,0.08333319639811937,-0.995037403320217
5.4,0.01624363474547863,Empty,0.46535,-0.0222,0.27491,0.67006,0.09504,-0.02988,0.943,0.32906,0.03995,-0.02971,0.7802516114609014,0.6182248917606536,0.09489681775589068,0.6229723558716911,-0.7816783253717541,-0.029739526957998003,0.055793069751911985,0.08232240795517659,-0.9950427902940255
5.467,0.01624363474547863,Empty,0.47048,-0.02186,0.27697,0.69093,0.09427,-0.02668,0.93958,0.33882,0.03982,-0.02849,0.7672289377185961,0.6344279544656948,0.09413250086802716,0.6389659371984928,-0.7687764680147435,-0.026556982637868147,0.0555183593709929,0.08052274721623966,-0.9952054054081012
5.533,0.01624363474547863,Empty,0.47545,-0.02195,0.2782,0.71153,0.09133,-0.02608,0.93612,0.34847,0.03825,-0.02811,0.7542093016055039,0.6502681176446208,0.09121241443279571,0.6545698207850776,-0.7555552165626229,-0.02597430350172139,0.05202575409477628,0.07929495507237197,-0.9954926574369802
5.6,0.01624363474547863,Empty,0.48042,-0.02275,0.27887,0.73027,0.08853,-0.02467,0.93289,0.35721,0.03693,-0.02731,0.7420707317216604,0.6644648040483845,0.08841692882599733,0.6684993237909709,-0.743306688217084,-0.024572776456173076,0.04939314945510187,0.0773413953371188,-0.9957804102081007
5.667,0.01624363474547863,Empty,0.48561,-0.02385,0.27888,0.7494,0.08743,-0.02422,0.92947,0.36611,0.03624,-0.02725,0.7293035281941328,0.6785946607790753,0.0873249685125688,0.6825452747465792,-0.7304450899828527,-0.02412298574096254,0.04741636515704643,0.07719622323710838,-0.9958877604595912
5.733,0.01624363474547863,Empty,0.49129,-0.02543,0.27795,0.76918,0.08847,-0.02473,0.92577,0.37529,0.03635,-0.02804,0.7156728480965749,0.6928258350378154,0.08834442145087773,0.696902847419653,-0.7167420473425082,-0.024642622215365784,0.046247116188109304,0.07920353448819732,-0.9957851195759356
5.8,0.01624363474547863,Empty,0.49527,-0.02691,0.2758,0.78458,0.08668,-0.02519,0.92289,0.38242,0.03522,-0.02819,0.7050362312627486,0.7038688858205628,0.08655925242594865,0.707839593906169,-0.7059272436338306,-0.025096533511456253,0.043439865395387765,0.0789640314906815,-0.9959305496997113
5.867,0.01624363474547863,Empty,0.49691,-0.02716,0.2729,0.79433,0.08403,-0.02758,0.92104,0.38696,0.0334,-0.02895,0.6982969995264814,0.7108712896283257,0.08392443049836089,0.7147388506599912,-0.6988510918997742,-0.027486846085499513,0.03911107016623177,0.07917803314464326,-0.996092949105553
5.933,0.01624363474547863,Empty,0.49737,-0.02614,0.2701,0.80351,0.08208,-0.03023,0.91925,0.39123,0.03185,-0.02994,0.6918512556627106,0.7173707533513104,0.08198196310228487,0.7211851074779593,-0.6920870052402518,-0.030126697953545344,0.03512663932025485,0.07996736467930696,-0.9961783674605224
6.0,0.01624363474547863,Empty,0.49828,-0.02482,0.2675,0.81355,0.0826,-0.03155,0.91725,0.39586,0.03168,-0.03081,0.6845881759561327,0.7242459977293457,0.0825031157840709,0.7281496741823393,-0.6846967886003389,-0.03143818806064098,0.03372063654809358,0.08159682869699908,-0.9960948128654138
6.067,0.01624363474547863,Empty,0.49914,-0.02406,0.26487,0.822,0.08062,-0.0333,0.91558,0.39976,0.03029,-0.03135,0.6785561587785016,0.7301207943374614,0.08053052253524316,0.7339191887926142,-0.678425339453894,-0.03319161202562931,0.0304000609498784,0.08162526853188834,-0.9961993534586041
6.133,0.01624363474547863,Empty,0.50154,-0.02384,0.26283,0.83305,0.08088,-0.03383,0.91335,0.40482,0.03013,-0.03181,0.6704275122868716,0.737562828938805,0.08079618887437667,0.7413967545781068,-0.6702197528674926,-0.03370957085588057,0.02928827529724379,0.08250185594290864,-0.9961604492731522
6.2,0.01624363474547863,Empty,0.50456,-0.02408,0.26129,0.84348,0.08136,-0.03452,0.9112,0.40959,0.03004,-0.03238,0.6626606759500269,0.7444970559876829,0.08127091838490724,0.7483876843590987,-0.6623692323924565,-0.03439293356859202,0.028225918037844317,0.08361299902228561,-0.9960984710084743
6.267,0.01624363474547863,Empty,0.50831,-0.02482,0.26089,0.85492,0.07977,-0.03346,0.90889,0.41478,0.02935,-0.03174,0.6541854287251325,0.752125495175706,0.07967850620093968,0.7558513382484763,-0.6538936320480123,-0.03334475123682593,0.027021830280384306,0.08203875592521562,-0.9962627480813185
6.333,0.01624363474547863,Empty,0.5136,-0.0256,0.26191,0.86954,0.07925,-0.02987,0.9059,0.42136,0.02964,-0.03022,0.6431519829187404,0.7616349620660466,0.0791688791530106,0.7652179449926587,-0.6430822079656636,-0.029778691361765523,0.02823160514219028,0.07973367141088358,-0.9964163377396201
6.4,0.01624363474547863,Empty,0.51957,-0.02575,0.26217,0.88693,0.08144,-0.02733,0.9022,0.42918,0.03091,-0.0298,0.6296961064631065,0.7725706231087611,0.08134768475220643,0.7762549239039499,-0.6298300271265994,-0.02724756951693147,0.03018454273427322,0.08030422927248104,-0.9963132660668912
6.466,0.01624363474547863,Empty,0.52608,-0.02568,0.26135,0.90548,0.08616,-0.02519,0.89811,0.43748,0.03322,-0.03015,0.6150187488018085,0.7838022493064901,0.08605796072615757,0.7878093246421138,-0.6154078371393507,-0.02509306665999977,0.03329274138900225,0.08322997038058517,-0.995974078679386
6.533,0.01624363474547863,Empty,0.53121,-0.02536,0.25792,0.92205,0.08913,-0.02558,0.89438,0.4449,0.03421,-0.03126,0.6017872269885366,0.7936815437156406,0.08900416056907183,0.7979590170436719,-0.6021727132881676,-0.02548392610771221,0.03336975505070938,0.08635757370563464,-0.995705191766886
6.6,0.01624363474547863,Empty,0.53427,-0.02481,0.25295,0.93464,0.09169,-0.02614,0.89149,0.45052,0.03503,-0.0323,0.5916063292335384,0.801010587737474,0.09156412803759065,0.8055369719613116,-0.5919732552765254,-0.02603558796559654,0.03334873332255606,0.08916110906544206,-0.9954587679135694
6.667,0.01624363474547863,Empty,0.53707,-0.02424,0.24773,0.9459,0.09335,-0.02595,0.88891,0.45552,0.03563,-0.03279,0.5824683642310227,0.807490809163383,0.09321586660382192,0.8121640348594106,-0.5828568274395889,-0.025836005649852924,0.03346916716798612,0.09075523028300989,-0.9953106565416443
6.733,0.01624363474547863,Empty,0.53993,-0.02348,0.2431,0.95772,0.09395,-0.02474,0.88621,0.46074,0.03598,-0.0326,0.5728556630299518,0.8142703046569734,0.09380970252779808,0.8189621313973897,-0.5733186579553223,-0.024632169562438924,0.03372560854245585,0.09093727175447777,-0.9952853841659149
6.8,0.01624363474547863,Empty,0.54271,-0.02255,0.23862,0.9712,0.09228,-0.02358,0.88314,0.46669,0.03529,-0.03194,0.5619162924840104,0.8220459157234462,0.0921444121117754,0.8265545945700867,-0.5623667604143043,-0.023476136313278592,0.03252049255628218,0.0893540106739543,-0.9954688736170385
6.867,0.01624363474547863,Empty,0.54738,-0.02158,0.23609,0.98881,0.0898,-0.02045,0.8791,0.47441,0.03466,-0.03029,0.5474626853896147,0.8320113231773236,0.08967589537166976,0.8362106188098647,-0.5480298199800273,-0.02037443010938641,0.032193308242789355,0.08614217618204031,-0.9957625803307769
6.933,0.01624363474547863,Empty,0.55428,-0.02066,0.23432,1.01092,0.08965,-0.0147,0.87389,0.484,0.03565,-0.02812,0.5289439434809345,0.8439211824955906,0.08952844458651953,0.8479312215895568,-0.5299040084280973,-0.014641902385851932,0.035084870079276576,0.08365870897329584,-0.9958766350831019
7.0,0.01624363474547863,Empty,0.5594,-0.01918,0.23175,1.02639,0.08969,-0.00894,0.8702,0.49064,0.03686,-0.0259,0.5158314992338304,0.8519948228080447,0.08956944962690641,0.8558134520723598,-0.5172080506757359,-0.008897615871448508,0.03874531778382195,0.08124441042000007,-0.9959408346510032
7.067,0.01624363474547863,Empty,0.56341,-0.01691,0.22869,1.04197,0.08935,-0.00489,0.86641,0.49733,0.03752,-0.02435,0.502510673169998,0.859953222857453,0.0892383205092689,0.8636081788998062,-0.5041399523445067,-0.004880756850988134,0.040791380064855644,0.07951957587385608,-0.995998343555473
7.133,0.01624363474547863,Empty,0.56565,-0.0133,0.22522,1.05478,0.0887,-0.00298,0.86324,0.50284,0.03756,-0.0236,0.49148082627278966,0.8663714213530095,0.08858418407922282,0.8699174615738575,-0.49318836725325865,-0.0029739628378320643,0.04111213269963054,0.07852257426263111,-0.9960642538893051
7.2,0.01624363474547863,Empty,0.56712,-0.0085,0.22175,1.06833,0.08762,-0.00096,0.85986,0.50865,0.03745,-0.02271,0.4797528799746892,0.8730297714768576,0.08749967011970278,0.8764311837696811,-0.48152618338382097,-0.0009564684451407249,0.041298356771997766,0.07714630795362885,-0.9961640893432452
7.267,0.01624363474547863,Empty,0.56874,-0.00279,0.21831,1.08192,0.08835,0.00239,0.85641,0.51441,0.03847,-0.02172,0.46780603123889886,0.8794158765293725,0.0882339687681897,0.882758086219262,-0.4698218165475673,0.0023710568213466607,0.043539388500717764,0.0767800547279012,-0.9960969555444709
7.333,0.01624363474547863,Empty,0.57224,0.00311,0.21437,1.09944,0.09081,0.00851,0.85188,0.52174,0.04092,-0.02009,0.4522191007107248,0.8872845703793834,0.09068614072203382,0.8905731025617033,-0.4547611998872617,0.0084734922387283,0.0487589370885502,0.0769307626620919,-0.9958434735490431
7.4,0.01624363474547863,Empty,0.57658,0.00935,0.20914,1.11943,0.09755,0.01273,0.84655,0.53004,0.04469,-0.0205,0.43412571600040273,0.8955716216472318,0.09739780904766243,0.8992361091890538,-0.43728008158613296,0.01267083969423543,0.05393776633927079,0.08208288949697207,-0.9951648690614828
7.467,0.01624363474547863,Empty,0.5793,0.01502,0.20293,1.13475,0.10256,0.01687,0.84241,0.53633,0.04775,-0.02044,0.420149169145253,0.9016618948234103,0.1023743282762391,0.9055665385112923,-0.42387264796179125,0.016769694050157942,0.058514271722633425,0.0856609930675386,-0.994604581867313
7.533,0.01624363474547863,Empty,0.57996,0.02081,0.19652,1.14598,0.10613,0.01748,0.83933,0.54097,0.0493,-0.02142,0.40985123517698335,0.9059803386526801,0.10593201120849205,0.9102043677648981,-0.4137944921188807,0.017381806401510685,0.059581657627185584,0.08929582446482326,-0.994221445055147
7.6,0.01624363474547863,Empty,0.5779,0.02634,0.19161,1.15035,0.1094,0.01883,0.83809,0.54271,0.05099,-0.02185,0.405734962059173,0.9074467573997254,0.10917656821665106,0.9119023189913433,-0.4099799307913629,0.01872476879750371,0.0617519326098555,0.0919610723786587,-0.9938459940986404
7.667,0.01624363474547863,Empty,0.57428,0.03179,0.18717,1.15029,0.11206,0.02254,0.83809,0.54254,0.05311,-0.02102,0.40566862473405296,0.9071542287416684,0.11182205588563758,0.911619036965191,-0.4104256787937801,0.022394053436627148,0.06620950346468217,0.09285455003807525,-0.9934758850561934
7.733,0.01624363474547863,Empty,0.57033,0.03764,0.18321,1.14899,0.11615,0.02691,0.8384,0.54179,0.05602,-0.02026,0.40665493304323086,0.9062024872219283,0.11588277518421974,0.9107423220189264,-0.41210952918174515,0.026723750507259295,0.07197352509901958,0.09467200278008002,-0.9929033304277054
7.8,0.01624363474547863,Empty,0.56798,0.04333,0.17963,1.14746,0.12434,0.02882,0.83866,0.54091,0.05998,-0.02164,0.40763776167891685,0.9046842100967809,0.1240078032019176,0.9098747395353075,-0.41389635762992405,0.02859656441319458,0.07719723835059489,0.10117452812958885,-0.9918690948148332
7.867,0.01624363474547863,Empty,0.56542,0.04796,0.17605,1.14303,0.13038,0.02791,0.83971,0.53894,0.06232,-0.02352,0.4113158752950894,0.9021732321854792,0.13001042211392083,0.9080359663358519,-0.41797699965543567,0.027675107941172332,0.07930910774148302,0.10667092803123675,-0.9911263181563713
7.933,0.01624363474547863,Empty,0.56307,0.05159,0.17328,1.13281,0.13646,0.02692,0.84229,0.53453,0.06473,-0.02525,0.4201674723052473,0.897192136413202,0.13603516300917734,0.9037303155529168,-0.4272714048051958,0.02665827050691604,0.08204152587101594,0.11173816265765593,-0.9903452786976099
8.0,0.01624363474547863,Empty,0.559,0.05486,0.17019,1.11673,0.13845,0.02452,0.84648,0.52777,0.06514,-0.02627,0.43443155484380397,0.8900689997247617,0.13800869496142965,0.8969138166779901,-0.44153800861821235,0.02428564179889133,0.0825519812488809,0.11323145620553231,-0.9901332272565441
8.067,0.01624363474547863,Empty,0.55641,0.05775,0.16855,1.1077,0.1366,0.02042,0.84885,0.52412,0.0634,-0.02723,0.4425672998053266,0.8863356535601195,0.13617376535580605,0.8932400537762387,-0.4491242537561483,0.0202388492213672,0.07909735439851667,0.11267880863826549,-0.9904782151117797
8.133,0.01624363474547863,Empty,0.55689,0.05938,0.16859,1.10489,0.13809,0.02179,0.84956,0.52285,0.06443,-0.02695,0.44494279593125985,0.8849154484066646,0.13766102396867783,0.8918619952030582,-0.4517925536911157,0.021579386962581416,0.08129015845287631,0.1131730427287875,-0.9902442994222256
8.2,0.01624363474547863,Empty,0.55743,0.05932,0.16816,1.0993,0.14105,0.02682,0.851,0.52024,0.06707,-0.0254,0.4496951653418415,0.8820501164953035,0.14057684823183142,0.8888641635943508,-0.4574008241003299,0.02655154967330898,0.08771976371313979,0.113013619103896,-0.9897136782681901
8.267,0.01624363474547863,Empty,0.55694,0.059,0.16733,1.09551,0.13933,0.02606,0.85202,0.51869,0.06619,-0.02515,0.453156849186913,0.8805459871104526,0.13887992878262778,0.8872046850343046,-0.4606537670972614,0.025806078979224892,0.08669900165612857,0.11152072203308377,-0.9899729348164273
8.333,0.01624363474547863,Empty,0.55568,0.05942,0.16856,1.08501,0.13466,0.02292,0.85482,0.51442,0.06352,-0.02494,0.46267674172193,0.8763011295590202,0.13426303662275663,0.8826392095495028,-0.4695022925580041,0.022707334687439025,0.08293526653606116,0.1079996648900522,-0.9906855272730236
8.4,0.01624363474547863,Empty,0.55533,0.06093,0.17181,1.08171,0.13153,0.01731,0.85568,0.51325,0.06078,-0.02643,0.4657666414716001,0.8751346652685892,0.1311516425268842,0.8815611684089946,-0.47175798179617223,0.017155552015906607,0.07688525245867445,0.10762771137971863,-0.9912138687980158
8.467,0.01624363474547863,Empty,0.55641,0.06273,0.17619,1.08402,0.12993,0.01087,0.85504,0.51446,0.05841,-0.02884,0.4638345540853726,0.8763982923661559,0.12955130093561115,0.8831352839744423,-0.46899440316889485,0.010785174807732771,0.07021094384641854,0.10940878819335184,-0.9915140646658812
8.533,0.01624363474547863,Empty,0.56097,0.06367,0.1815,1.09101,0.13075,0.00719,0.85315,0.51754,0.05771,-0.03083,0.4576478251345458,0.8795221881025096,0.1303809371994006,0.886639450468028,-0.46240653507623636,0.007119072449602075,0.0665503795885015,0.11234285448644735,-0.9914384146392874
8.6,0.01624363474547863,Empty,0.56762,0.06313,0.18553,1.10195,0.13356,0.00898,0.85026,0.52209,0.0592,-0.03112,0.44783209281311087,0.8841455656405497,0.13316544373365602,0.8915143818529832,-0.45290495583480883,0.008899883682565807,0.06818008210557157,0.1147332547190319,-0.9910538616370229
8.667,0.01624363474547863,Empty,0.57483,0.06091,0.18773,1.11778,0.133,0.00873,0.84612,0.52882,0.05865,-0.03154,0.4338198971652122,0.8911877687933828,0.1326071550733099,0.8985862474077532,-0.43871130232663846,0.008668862700322202,0.06590184210791857,0.11539824073155039,-0.991130764956293
8.733,0.01624363474547863,Empty,0.58353,0.05716,0.18918,1.1354,0.13217,0.01119,0.84148,0.5362,0.05868,-0.0308,0.4180875639787269,0.8987967401027701,0.131784706347008,0.9060252382860385,-0.4230779906663212,0.011103215861872906,0.06573474298315227,0.1147581534984831,-0.991216177113024
8.8,0.01624363474547863,Empty,0.59304,0.0519,0.1892,1.15558,0.1321,0.01583,0.8361,0.54453,0.0596,-0.02943,0.3998614763040077,0.9070628894689787,0.13171072210024162,0.9140779398662846,-0.40523435174130085,0.01570477693623141,0.06761892943391393,0.11411413022494289,-0.9911637834713373
8.867,0.01624363474547863,Empty,0.60089,0.04607,0.18706,1.17313,0.13064,0.02144,0.83141,0.55171,0.06028,-0.02722,0.38397180558665,0.9141078703165354,0.13027837095963227,0.9206719179873617,-0.3897582171044886,0.021254449628331958,0.07020592527700796,0.11178252826313248,-0.9912496125755115
8.933,0.01624363474547863,Empty,0.60634,0.04036,0.18329,1.18808,0.12772,0.02464,0.82737,0.55788,0.05976,-0.02553,0.37038861423557634,0.9201020718642894,0.12737524012025125,0.9262051858048657,-0.3762274731633756,0.024430354587608387,0.070400484606458,0.10892688276152862,-0.9915536828528408
