time,gr,gr_state,tx,ty,tz,rx,ry,rz,qw,qx,qy,qz,xx,xy,xz,yx,yy,yz,zx,zy,zz
0.0,0.016270887106657028,Empty,0.30782,0.00199,0.48468,0.01316,-0.00027,-0.00434,0.99998,0.00658,-0.00015,-0.00217,0.9999133125783342,0.013164014206547836,-0.00027578722220886805,0.013162691583086028,-0.9999039189031758,-0.004347011888572707,-0.0003329848505271921,0.004343004955171645,-0.9999905136695292
0.067,0.016270887106657028,Empty,0.30782,0.00199,0.48468,0.01316,-0.00027,-0.00434,0.99998,0.00658,-0.00015,-0.00217,0.9999132458828914,0.013168972903941367,-0.00028082128814989555,0.01316762802561705,-0.9999038494643956,-0.004348033861693336,-0.00033805342714268846,0.004343958901590475,-0.9999905078254203
0.133,0.016270887106657028,Empty,0.30782,0.00199,0.48468,0.01316,-0.00029,-0.00434,0.99998,0.00658,-0.00016,-0.00217,0.9999133414413666,0.013161659056356412,-0.0002834403730587044,0.013160301848142153,-0.9999039328721231,-0.00435103230580136,-0.00034067994750835274,0.00434692509074777,-0.9999904940445329
0.2,0.016271214932203293,Empty,0.30782,0.00199,0.48468,0.01316,-0.00029,-0.00434,0.99998,0.00658,-0.00016,-0.00217,0.9999134107913998,0.01315607765305199,-0.000297557214754792,0.013154660015958386,-0.9999040179292291,-0.004348545601563873,-0.00035473845820913215,0.0043442548004462775,-0.9999905007603098
0.267,0.016271214932203293,Empty,0.30756,0.00197,0.48432,0.01312,-0.00059,-0.00424,0.99998,0.00656,-0.00031,-0.00212,0.9999136920519993,0.01312465801702456,-0.0005931263569532211,0.01312201975439753,-0.9999048609037426,-0.00425226276611766,-0.0006488794220513423,0.004244112746271165,-0.9999907831887715
0.333,0.016271214932203293,Empty,0.30732,0.00216,0.48315,0.01042,-0.00124,-0.00355,0.99998,0.00521,-0.00063,-0.00177,0.9999450021595386,0.010413104928164163,-0.0012489603337198123,0.010408626781916341,-0.999939562789004,-0.003539951673426506,-0.0012857467382566346,0.0035267570217500234,-0.9999929543952969
0.4,0.016270887106657028,Empty,0.3073,0.00318,0.48235,0.00396,-0.00282,0.00015,1.0,0.00198,-0.00141,8e-05,0.999988238135094,0.003950613674789438,-0.002813581892044931,0.003951076433123868,-0.9999921818369947,0.00015893365328882927,-0.0028129320095391457,-0.0001700484610389958,-0.9999960292406319
0.467,0.016270887106657028,Empty,0.30742,0.00462,0.48186,0.00201,-0.00388,0.0042,1.0,0.00101,-0.00194,0.0021,0.9999904148855068,0.0020063331402854767,-0.003891627479881594,0.0020226559751801987,-0.9999891555457079,0.004194955755169372,-0.0038831687985517198,-0.004202786969613527,-0.9999836286568746
0.533,0.016270887106657028,Empty,0.30822,0.0058,0.48121,0.00129,-0.00314,0.0072,0.99999,0.00065,-0.00157,0.0036,0.9999942542943686,0.0012814731518400735,-0.003138344278512604,0.0013040429473765158,-0.9999732281582909,0.007200169350637933,-0.0031290334355448045,-0.007204220516307182,-0.999969153702509
0.6,0.016270887106657028,Empty,0.30982,0.0068,0.47945,-0.0008,0.0002,0.0094,0.99999,-0.0004,0.0001,0.0047,0.999999666721751,-0.0007891914567345615,0.000209124918765494,-0.0007911236362075358,-0.9999554475257808,0.00940622596514487,0.00020169228856127414,-0.009406388273920504,-0.999955738610395
0.667,0.016270887106657028,Empty,0.3118,0.00802,0.47721,-0.00352,0.00278,0.01344,0.99997,-0.00177,0.00138,0.00672,0.9999899531285696,-0.003516659847422887,0.0027797024009995914,-0.0035537138988466777,-0.9999033690918716,0.013439627831501055,0.0027321711962729053,-0.013449371072345256,-0.9999058203942573
0.733,0.016270887106657028,Empty,0.31448,0.00957,0.47461,-0.00592,0.00464,0.01871,0.99995,-0.00298,0.00229,0.00936,0.9999717833955624,-0.005908346402150877,0.0046393809382969725,-0.0059941624766557955,-0.9998070482663921,0.01870658314732238,0.004527960788467104,-0.01873386451420059,-0.9998142526947
0.8,0.016270887106657028,Empty,0.31774,0.01068,0.47167,-0.00694,0.00601,0.0266,0.9999,-0.00351,0.00296,0.01331,0.9999578596258569,-0.006935405922763815,0.006014907909642986,-0.007093059091946463,-0.9996210550218712,0.02659764782230555,0.0058281631062582955,-0.026639191084710707,-0.9996281238606483
0.867,0.016270887106657028,Empty,0.32128,0.01143,0.46854,-0.00649,0.00585,0.03272,0.99986,-0.00329,0.00287,0.01637,0.9999618392245568,-0.006489891376325552,0.005848196693454778,-0.006677881487513804,-0.9994422364087832,0.032720360344117835,0.00563258319783712,-0.03275816527422888,-0.9994474356435091
0.933,0.016271214932203293,Empty,0.32562,0.01156,0.46554,-0.00465,0.00384,0.03609,0.99983,-0.00236,0.00188,0.01805,0.9999818258372369,-0.004647002067214745,0.0038410111967248223,-0.004782617852789439,-0.9993372246536694,0.03608653471830954,0.0036707712677641986,-0.036104248964476233,-0.9993412873713418
1.0,0.016271214932203293,Empty,0.33094,0.0113,0.46179,-0.00236,0.00183,0.03998,0.9998,-0.0012,0.00089,0.01999,0.9999955501437965,-0.0023607428513842676,0.0018238930328909747,-0.0024317472810622687,-0.99919824251799,0.03996196634452262,0.0017280907866305203,-0.03996622376644247,-0.9991995369595024
1.067,0.016270887106657028,Empty,0.33607,0.01133,0.45732,-0.00062,-0.00105,0.04184,0.99978,-0.0003,-0.00053,0.02092,0.9999992484301348,-0.000621269908446187,-0.001056959254947653,-0.0005765128777381334,-0.999124538146356,0.04183090850952764,-0.001082022212139048,-0.041830267720055644,-0.9991241454045643
1.133,0.016270887106657028,Empty,0.34139,0.01168,0.45312,0.00151,-0.00137,0.0419,0.99978,0.00077,-0.00067,0.02095,0.9999979152028564,0.0015155558755483023,-0.0013684591073852455,0.0015715539539961076,-0.9991209209300198,0.041891712523102816,-0.001303766892574716,-0.04189377579470132,-0.999121219743407
1.2,0.016270887106657028,Empty,0.34666,0.01252,0.44904,0.00496,-0.00367,0.04297,0.99976,0.00252,-0.00178,0.02149,0.999981006304197,0.004956673040502901,-0.0036631165985804674,0.005109493431480261,-0.9990637691799599,0.04295902918835212,-0.0034467532140995587,-0.04297692990781892,-0.9990701193549829
1.266,0.016270887106657028,Empty,0.3519,0.0138,0.44507,0.01135,-0.00854,0.04554,0.99972,0.00577,-0.00414,0.02279,0.9998991826996573,0.011350182519675955,-0.008532162289084336,0.011727222366781476,-0.998894475571295,0.04552251013188231,-0.008006040976493512,-0.04561797923973955,-0.9989268758412525
1.333,0.016270887106657028,Empty,0.35667,0.01523,0.44183,0.01787,-0.01531,0.04931,0.99963,0.00912,-0.00743,0.02472,0.9997232013036259,0.017864295504237515,-0.01530972636487498,0.01859928230912261,-0.998611214522966,0.049292077726066696,-0.014407896196726007,-0.04956318366594626,-0.9986670633159382
1.4,0.016270887106657028,Empty,0.36163,0.01609,0.43922,0.0267,-0.02049,0.05544,0.99947,0.01363,-0.00987,0.02785,0.9994336367071766,0.026687760165747032,-0.02049803101771628,0.027787976241963774,-0.9980769179300872,0.05541023616222651,-0.018979836528372755,-0.05594845263734488,-0.9982532426457944
1.466,0.016270887106657028,Empty,0.36667,0.01655,0.43693,0.03434,-0.02394,0.06227,0.99929,0.01753,-0.01143,0.03133,0.9991239675540846,0.03431977714859502,-0.023946823494055226,0.0357524584854948,-0.9974222660393256,0.062214025116687804,-0.02174992347636261,-0.06301568142492527,-0.9977755081797332
1.533,0.016270887106657028,Empty,0.37147,0.0168,0.43444,0.04187,-0.02628,0.0652,0.99915,0.02135,-0.01245,0.03286,0.9987783068742497,0.04184228594004219,-0.02628910087315307,0.043479392895406865,-0.9969283405150243,0.06514158634395265,-0.02348267682471303,-0.06620503746144656,-0.9975296772045805
1.6,0.016270887106657028,Empty,0.37679,0.01645,0.43209,0.05001,-0.02648,0.07008,0.99897,0.02545,-0.01235,0.03535,0.9983998994770491,0.04996792329378158,-0.026473521978103876,0.05171399110870567,-0.9962063356866536,0.06998999829532374,-0.022875835456374508,-0.07124705874264183,-0.9971963461488894
1.667,0.016270887106657028,Empty,0.38225,0.01568,0.42929,0.06038,-0.02685,0.07557,0.99873,0.03067,-0.01227,0.03816,0.997818114679994,0.06032100567551968,-0.026840012868036382,0.062193222301880347,-0.9952065103480923,0.0754718812570712,-0.02215881576644646,-0.07697647715417028,-0.99678664158824
1.733,0.016270887106657028,Empty,0.38819,0.01478,0.426,0.0703,-0.02639,0.08171,0.99844,0.03565,-0.01174,0.04128,0.9971821340024565,0.07022492226903088,-0.026386585959823967,0.07216335778996319,-0.9940498952670094,0.08159200642296632,-0.020499790700989895,-0.08326623572587007,-0.9963164620587475
1.8,0.016270887106657028,Empty,0.39373,0.01455,0.42167,0.07987,-0.02632,0.08399,0.99821,0.04044,-0.01146,0.04247,0.9964673255282477,0.07975346527511096,-0.026310718941007404,0.08169988856631044,-0.993123189263569,0.08385379630767971,-0.01944215427449991,-0.0857071509476839,-0.996130657551306
1.867,0.016270887106657028,Empty,0.39895,0.01422,0.41701,0.08652,-0.02613,0.08691,0.99801,0.04377,-0.01116,0.04396,0.9959190868403022,0.08638948668033081,-0.026115686058151164,0.0883511677637715,-0.9923028098008723,0.08677099063668482,-0.01841856731553389,-0.08872423711930529,-0.9958859202366707
1.933,0.016270887106657028,Empty,0.40463,0.0138,0.41249,0.09424,-0.02511,0.0912,0.99775,0.04762,-0.01038,0.04612,0.9952481352436436,0.09407682621652896,-0.025113742514312386,0.0959924152620047,-0.9912097847939063,0.09104185159026967,-0.016328058862492497,-0.0930199618245614,-0.995530351720097
2.0,0.016270887106657028,Empty,0.41046,0.01371,0.40812,0.10156,-0.02361,0.09401,0.99751,0.05125,-0.00939,0.04752,0.9945706103867795,0.10135296534591182,-0.023598249309207578,0.10313729606080607,-0.9902303149473697,0.09384360138282577,-0.013856374566773988,-0.09576794753373108,-0.9953072395542204
2.067,0.016270887106657028,Empty,0.41616,0.01395,0.4041,0.11099,-0.02348,0.09519,0.99723,0.05596,-0.00907,0.04815,0.9935719123280692,0.11074322784995455,-0.023468969259781453,0.11248902781620096,-0.989100282668093,0.09500973343223543,-0.012691479571328927,-0.09703900407192736,-0.9951996573728403
2.133,0.016270887106657028,Empty,0.42182,0.0141,0.40052,0.12166,-0.02365,0.09739,0.99686,0.06129,-0.00883,0.0493,0.9923313396451079,0.1213222461053311,-0.023652166034050945,0.12306387049317186,-0.9876272010927983,0.09719977078597088,-0.011567028027314474,-0.09936510585493738,-0.9949838087130125
2.2,0.016270887106657028,Empty,0.42741,0.01401,0.39759,0.13286,-0.02637,0.10042,0.99641,0.06695,-0.00981,0.05095,0.9908426386820377,0.1324197334521327,-0.02637952922405442,0.13441989158552858,-0.9858427799212293,0.1002262741167073,-0.012734131919820244,-0.10285439936944218,-0.9946149075972066
2.267,0.016270887106657028,Empty,0.43315,0.01431,0.39501,0.14576,-0.03014,0.10005,0.99593,0.07347,-0.01137,0.05096,0.9889445851824998,0.1451903899770562,-0.03013897968617009,0.1475082913302424,-0.9840098871888141,0.09982908345512195,-0.015162830443072761,-0.10317118092261857,-0.9945480360445071
2.333,0.016270887106657028,Empty,0.43903,0.01459,0.3924,0.15664,-0.03286,0.10018,0.99549,0.07895,-0.01244,0.05119,0.987222921894807,0.15592137339905648,-0.0328546465942373,0.15846885459534338,-0.9822923689347852,0.09994660602405678,-0.016689056555723194,-0.10387601864646202,-0.9944502240642513
2.4,0.016270887106657028,Empty,0.4446,0.01517,0.3894,0.16714,-0.03551,0.09876,0.99507,0.08423,-0.01355,0.05066,0.9854439149838063,0.16625362810371275,-0.035496782442092575,0.16899902300008302,-0.9806782362472503,0.0985369330555784,-0.018428799375061138,-0.10310154263314657,-0.9945001011866511
2.467,0.016270887106657028,Empty,0.45033,0.01613,0.38613,0.17186,-0.0356,0.0973,0.9949,0.08657,-0.01354,0.04997,0.9846450863795742,0.17090154132165142,-0.035590968551651586,0.17360761946159525,-0.9800178737863388,0.09708430112114788,-0.01828792862624656,-0.10177244338811799,-0.9946395937390454
2.533,0.016270887106657028,Empty,0.45549,0.01718,0.38251,0.17675,-0.03752,0.09576,0.9947,0.08904,-0.01444,0.04932,0.983725818401441,0.17571592037927053,-0.03751572384588264,0.17856537484447538,-0.9792772170693811,0.09555385411117695,-0.019947960223207502,-0.10069780262803131,-0.9947170609921293
2.6,0.016270887106657028,Empty,0.46118,0.01808,0.37933,0.18405,-0.03848,0.09416,0.9944,0.09268,-0.01481,0.04862,0.9823825443699086,0.1828775646078265,-0.03847509428727784,0.18575889513001043,-0.9780926917728487,0.09395913569537254,-0.02044919062903185,-0.09945090579604529,-0.9948323215190406
2.667,0.016270887106657028,Empty,0.46678,0.01885,0.37614,0.1913,-0.04017,0.0926,0.99407,0.09631,-0.01555,0.04798,0.9809666334416705,0.18997915582805863,-0.04015450690737109,0.1929633294769229,-0.9768456247974553,0.09240010168419624,-0.021670661071974306,-0.0983897640251644,-0.9949119743895821
2.733,0.016270887106657028,Empty,0.47237,0.01978,0.37293,0.20155,-0.04117,0.09087,0.99359,0.10141,-0.01589,0.04725,0.9789269757529093,0.20001920839719356,-0.041161783433458714,0.2030227630105178,-0.9749662585772463,0.0906782903205669,-0.02199395014175549,-0.09712420351305821,-0.9950292233141277
2.8,0.016270887106657028,Empty,0.47789,0.02085,0.36955,0.21615,-0.0418,0.08912,0.99286,0.10866,-0.01595,0.04653,0.9758762320909595,0.21429001515419177,-0.04177761416318508,0.21725789646828064,-0.9720551572179449,0.08892568666124369,-0.02155425856135061,-0.09585698060763281,-0.9951617221369893
2.867,0.016270887106657028,Empty,0.4824,0.02193,0.366,0.22919,-0.04281,0.08741,0.99216,0.11514,-0.01625,0.04584,0.9729584389460799,0.22698183744743572,-0.042791606099711985,0.22996058336912917,-0.9692835671404917,0.08722096403923645,-0.02167962592243721,-0.0947027557169794,-0.9952695021347098
2.933,0.016270887106657028,Empty,0.48689,0.02317,0.36241,0.24132,-0.04226,0.08601,0.99148,0.12113,-0.01578,0.04521,0.9701555164463401,0.23877584567425675,-0.04224179720701831,0.24162934634894395,-0.9665653625960762,0.08582924217594964,-0.02033550814996861,-0.0934745706171429,-0.995413970042727
3.0,0.016270887106657028,Empty,0.49132,0.02448,0.35872,0.25698,-0.04246,0.08438,0.99054,0.12888,-0.01563,0.04454,0.9662918644937966,0.2539279231768169,-0.042433977473375614,0.25671145702541603,-0.9628131473716401,0.08420255981978013,-0.0194746102654297,-0.09225753670797968,-0.9955447184710415
3.067,0.016270887106657028,Empty,0.49616,0.02543,0.35533,0.27485,-0.04233,0.08261,0.98939,0.13771,-0.01529,0.04379,0.9616019543089027,0.27116571601649836,-0.04231826941828935,0.2738442228994106,-0.9582337198037509,0.08244683023430607,-0.01819403896656825,-0.09086964668318238,-0.9956965824274765
3.133,0.016270887106657028,Empty,0.5006,0.02595,0.3514,0.29301,-0.04226,0.08001,0.98815,0.14667,-0.01505,0.04264,0.9565223561237115,0.2885832486076848,-0.042245601647728226,0.29114955608750054,-0.9533394326457911,0.079848995940167,-0.017231315260150145,-0.08867713789718669,-0.9959113650264109
3.2,0.016270887106657028,Empty,0.50516,0.02609,0.34771,0.31329,-0.0397,0.07776,0.98669,0.15662,-0.01353,0.04148,0.950574768869223,0.3079483696034622,-0.03969144048522516,0.3101932085064113,-0.947499160237634,0.07762418917757499,-0.013703364029347883,-0.08609961096048749,-0.9961922880682882
3.267,0.016270887106657028,Empty,0.50928,0.02642,0.34386,0.33112,-0.03708,0.07554,0.98534,0.16535,-0.01205,0.04029,0.9450279183779368,0.324882041981272,-0.037066052991151385,0.32682356952860264,-0.9420722653034573,0.07540690516521104,-0.010420551177670245,-0.08337569036650633,-0.9964637004773741
3.333,0.016270887106657028,Empty,0.51301,0.02731,0.34027,0.34768,-0.03513,0.07237,0.98402,0.17345,-0.01103,0.03866,0.9395903508014747,0.34049520033399766,-0.035113974857197014,0.34220052621033814,-0.9368445010404098,0.07225773821337875,-0.008292921205990234,-0.07990869426949906,-0.99676769010538
3.4,0.016270887106657028,Empty,0.51679,0.02862,0.33705,0.36263,-0.03275,0.06995,0.98277,0.18075,-0.00979,0.03734,0.9344693674738714,0.3545343249167584,-0.03274772829985126,0.35599708064289415,-0.9318726674764473,0.069852775063466,-0.0057515064738881865,-0.07693337420228544,-0.9970196468009704
3.467,0.016270887106657028,Empty,0.51979,0.03,0.33388,0.37652,-0.03124,0.06837,0.98154,0.18754,-0.00894,0.03649,0.9294970544260195,0.3675051296532205,-0.031228280322861738,0.36880940230280496,-0.9269934751844697,0.06828412508385968,-0.003853645858323821,-0.07498717653032452,-0.9971770518667226
3.533,0.016270887106657028,Empty,0.52262,0.03137,0.33055,0.39347,-0.02876,0.06636,0.97998,0.19581,-0.00761,0.03534,0.9232029792035912,0.38323564097785956,-0.028752437703654325,0.38431120456602197,-0.920821436315212,0.06627805419143876,-0.0010757484030213078,-0.07223798105345422,-0.9973868441375664
3.6,0.016270887106657028,Empty,0.52583,0.03291,0.32726,0.4178,-0.02586,0.06272,0.97761,0.20766,-0.00614,0.03335,0.9136817040301264,0.4056076414700893,-0.025849272749460146,0.4064262667442791,-0.911532449379657,0.06266006246590362,0.0018529492471653591,-0.06775717607009869,-0.9977001211136003
3.667,0.016270887106657028,Empty,0.52936,0.03426,0.32389,0.44615,-0.02297,0.05875,0.97466,0.22145,-0.0047,0.03118,0.9018725204257302,0.4313913737249869,-0.02296605269978942,0.4319772422527509,-0.8999728440210009,0.05869022235823447,0.0046496318831780025,-0.06285191087325384,-0.9980120331052785
3.733,0.016270887106657028,Empty,0.53251,0.03565,0.3203,0.47482,-0.01959,0.05167,0.97152,0.23534,-0.00344,0.02741,0.8892034179091579,0.4570927879001044,-0.019582258000091196,0.4574697515526695,-0.8877243502608838,0.051642079433644794,0.006221574801511292,-0.05487860424247516,-0.9984736505303418
3.8,0.016270887106657028,Empty,0.53534,0.03726,0.31681,0.50789,-0.01673,0.04207,0.96764,0.25133,-0.00281,0.02246,0.8736483019229612,0.48627055679081865,-0.01672094929942263,0.48652262116617195,-0.8726546886366995,0.0420658233484435,0.005863756536913971,-0.0448858552189007,-0.9989749127783658
3.867,0.016270887106657028,Empty,0.53775,0.03862,0.31336,0.53923,-0.0149,0.0362,0.96365,0.26644,-0.00236,0.01943,0.8580086902968088,0.5134188785173086,-0.014904447563872198,0.5136023888600182,-0.8572648167385447,0.036188674188369116,0.005802890007388677,-0.038705156817384144,-0.9992338251396934
3.933,0.016270887106657028,Empty,0.54012,0.04069,0.30965,0.57522,-0.01019,0.02731,0.9588,0.2837,-0.00101,0.01454,0.839024841448027,0.5439978532944352,-0.010180915683739224,0.5440564182525137,-0.8386040570676265,0.027310240349785804,0.006318954926191382,-0.028452962600812533,-0.9995751596192642
4.0,0.016270887106657028,Empty,0.54208,0.04223,0.30582,0.61457,-0.00765,0.01889,0.9531,0.30249,-0.00079,0.01016,0.8169970592120795,0.5765911696951471,-0.007643838590325018,0.5766231223446541,-0.8167919784405296,0.018884881061502615,0.004645429615733845,-0.019836506365469332,-0.9997924449599016
4.067,0.016270887106657028,Empty,0.54374,0.04302,0.30241,0.65005,-0.00763,0.01537,0.9476,0.31935,-0.00116,0.0085,0.7960320185859057,0.6052063157899509,-0.0076381093211971285,0.6052459215927999,-0.7958900921369453,0.015373211555406888,0.0032248691959075484,-0.016860503141933235,-0.9998526509703667
4.133,0.016270887106657028,Empty,0.5447,0.04408,0.29967,0.68154,-0.00836,0.01352,0.94246,0.33423,-0.00168,0.00777,0.7765690947464179,0.6299767095813049,-0.008353829651199022,0.6300288285906437,-0.7764541027035865,0.013516713338293213,0.002028849287251304,-0.015759815350455897,-0.9998737480255642
4.2,0.016270887106657028,Empty,0.5456,0.04559,0.29756,0.7149,-0.00761,0.01306,0.93676,0.3499,-0.00128,0.00745,0.7551402639650582,0.6555191989465201,-0.0076001020581701415,0.655557182332287,-0.7550326191955143,0.01305850846435463,0.002821778044856853,-0.014843307019454532,-0.9998858503876287
4.267,0.016270887106657028,Empty,0.54642,0.04729,0.29563,0.75032,-0.00461,0.01433,0.93041,0.36643,0.00048,0.00751,0.7314504848220488,0.6818789416611507,-0.004614885985440607,0.681864611660196,-0.7313381856185133,0.014321648707846003,0.006390588320320399,-0.013622304331123576,-0.9998867901945854
4.333,0.016270887106657028,Empty,0.54738,0.04904,0.29339,0.78868,-3e-05,0.01552,0.92322,0.38419,0.00297,0.00717,0.7047773712930008,0.7094285419926837,-2.682280065364768e-05,0.7093434774734417,-0.7046922779793608,0.015512070208196307,0.010985803530594359,-0.010951582643336302,-0.9998796802407744
4.4,0.016270887106657028,Empty,0.54915,0.05065,0.29058,0.83405,0.00762,0.01479,0.91428,0.405,0.00648,0.00522,0.6718639345699007,0.7406353701312676,0.007622462513682832,0.7405002098925686,-0.6718934845989257,0.014784603565023143,0.016071483233168017,-0.004288806830972259,-0.999861647210579
4.467,0.016270887106657028,Empty,0.55066,0.05177,0.28634,0.87883,0.01662,0.01261,0.90498,0.42534,0.0102,0.00217,0.637969993241713,0.7698820557753759,0.016610476159632848,0.7697933881175818,-0.6381685778251339,0.012609753649456169,0.02030830701025548,0.004741990270646875,-0.9997825194484299
4.533,0.016270887106657028,Empty,0.55126,0.0525,0.28106,0.91991,0.02555,0.0079,0.89602,0.44382,0.0132,-0.00213,0.6056956718523361,0.795286484255664,0.025537444265481442,0.7953988504654754,-0.6060348837186192,0.007898632436057105,0.021758257686401373,0.015528286332517835,-0.9996426614275862
4.6,0.016270887106657028,Empty,0.55143,0.05232,0.27553,0.95844,0.0299,0.00501,0.88727,0.461,0.01442,-0.00467,0.574536334055183,0.8179328428281253,0.02989758307175864,0.8182021210319423,-0.5749088061120324,0.005015355786820008,0.021290608005928243,0.021580761755299577,-0.9995403847433073
4.667,0.016270887106657028,Empty,0.55211,0.0519,0.27013,1.00039,0.03521,0.00156,0.87736,0.47951,0.01582,-0.00776,0.5396468809807538,0.8411555625889862,0.0351932290838857,0.8416464717281003,-0.5400266789208293,0.001550058508598514,0.020309122959516673,0.02878377284766829,-0.9993793243535056
4.733,0.016270887106657028,Empty,0.55268,0.05093,0.26463,1.03573,0.03738,-0.00138,0.86872,0.49495,0.0159,-0.00985,0.5095471291519031,0.8596306949456098,0.03737367362705381,0.8602571012761244,-0.5098586353229736,-0.0013753874342716174,0.017872964976553544,0.03285179285705396,-0.9993004137040192
4.8,0.016270887106657028,Empty,0.55359,0.04994,0.25919,1.06862,0.03814,-0.002,0.86045,0.50917,0.0159,-0.01057,0.48098656014292346,0.8758990517893437,0.03811535171563258,0.8765708879011824,-0.48126863014087445,-0.001996027669828978,0.016595404364171635,0.03437087017889905,-0.9992713524549449
4.867,0.016270887106657028,Empty,0.55459,0.0495,0.25413,1.09751,0.03908,-0.00314,0.853,0.52155,0.01585,-0.01153,0.45547065750391613,0.8893934963094227,0.0390600675300338,0.8901242518922585,-0.45570711546252174,-0.0031370543627494696,0.015009874956084805,0.0361971496022595,-0.9992319400491931
4.933,0.016270887106657028,Empty,0.55572,0.04946,0.24914,1.12242,0.03912,-0.00293,0.84644,0.53213,0.01578,-0.01165,0.43318569791607087,0.9004558090533589,0.03910865713658394,0.9011908952396616,-0.4334125653226488,-0.002918656810563712,0.014322061936185501,0.0365086861240006,-0.999230701279437
5.0,0.016270887106657028,Empty,0.55699,0.05018,0.2439,1.14865,0.03865,-0.00403,0.83938,0.5432,0.01513,-0.01219,0.40941359810452355,0.9115300693624511,0.03864502988991897,0.9122679258710963,-0.4095741594452693,-0.004029806639191259,0.01215471570856157,0.03690447889871969,-0.999244876055543
5.067,0.016270887106657028,Empty,0.55824,0.0513,0.23745,1.17378,0.03846,-0.00488,0.83249,0.55371,0.01466,-0.01268,0.38638455795278276,0.921535419226015,0.03846354751664809,0.9222794919201296,-0.38649285184678867,-0.004879985131546541,0.010368807027837343,0.037359691958968724,-0.9992480879429044
5.133,0.016270887106657028,Empty,0.55952,0.05264,0.23015,1.19771,0.0395,-0.00394,0.82579,0.56362,0.0152,-0.01276,0.36419996495960855,0.9304830566166877,0.03949261795177922,0.9312590269558783,-0.3643365424991197,-0.003938084937874103,0.010724282568580658,0.03821210736209589,-0.9992121019154727
5.2,0.016270887106657028,Empty,0.56144,0.05406,0.22217,1.22463,0.04196,-0.00138,0.81813,0.57465,0.01677,-0.01262,0.3389948634146956,0.9398527470772777,0.04194396726284371,0.9406992146209439,-0.33923901534479106,-0.0013704303835960843,0.012941027393200315,0.03992122592295015,-0.9991190247066749
5.267,0.016270887106657028,Empty,0.56337,0.05507,0.21388,1.24971,0.04452,0.0016,0.81086,0.58482,0.01852,-0.01237,0.315295481835636,0.9479494311956412,0.04450432596831789,0.948865830057609,-0.3156755692332772,0.00160360167485573,0.015569061728936032,0.04172302583833628,-0.9990079045892348
5.333,0.016270887106657028,Empty,0.56517,0.0558,0.20511,1.27414,0.04832,0.00481,0.80364,0.59462,0.02085,-0.01244,0.2919868182438033,0.9552019546311803,0.04830035031583883,0.9562392904446667,-0.2925464338975337,0.004796188457023821,0.018711423829829012,0.04478626890698254,-0.998821341750191
5.4,0.016270887106657028,Empty,0.56674,0.05642,0.19611,1.29525,0.05327,0.00727,0.79729,0.603,0.02343,-0.01317,0.2716864915047474,0.9609124276708718,0.05323304125740068,0.962146214673081,-0.27243721310675467,0.007254412787128628,0.021473516807969457,0.04924704318328187,-0.9985557655001556
5.467,0.016270887106657028,Empty,0.56773,0.05677,0.18737,1.31354,0.05581,0.0081,0.79172,0.61023,0.02457,-0.01383,0.25403402526933033,0.9655855932100259,0.055777918486653255,0.9669445050759821,-0.2548586559355204,0.008086383499682142,0.022023580744853898,0.05187993523494968,-0.9984104537769987
5.533,0.016270887106657028,Empty,0.56915,0.05725,0.17953,1.32938,0.05779,0.01126,0.78687,0.61642,0.02621,-0.01339,0.2386810175987078,0.9693791681229161,0.05775292414560632,0.9707826672520738,-0.239696690889925,0.01124763705714589,0.02474640986072345,0.05338094028529791,-0.9982675445056112
5.6,0.016270887106657028,Empty,0.57128,0.05797,0.17177,1.34729,0.05945,0.0137,0.78132,0.62339,0.0275,-0.01319,0.22126789818717774,0.9734008425731335,0.05942488460015974,0.9748522883720463,-0.22243235558224445,0.013669785876845978,0.026524198152132788,0.05490579994907202,-0.9981391786942033
5.667,0.016270887106657028,Empty,0.5737,0.05844,0.16475,1.36143,0.06013,0.01707,0.77691,0.62884,0.02873,-0.01229,0.20746917548290417,0.9763942020281896,0.06009079355590531,0.9778062252712167,-0.2088176070453901,0.01703504648340632,0.029180936333481386,0.055222904972226455,-0.9980475458219061
5.733,0.016270887106657028,Empty,0.57531,0.05864,0.15824,1.371,0.05937,0.01939,0.77391,0.63253,0.02911,-0.01129,0.19812334760096378,0.9783793456097467,0.059337974515745656,0.9796938455371254,-0.19956321080485523,0.01935184513001092,0.030775122291660045,0.05429899610030164,-0.998050354877164
5.8,0.016270887106657028,Empty,0.57701,0.05899,0.15274,1.37998,0.05779,0.02348,0.77109,0.63596,0.02975,-0.00934,0.18932814623715766,0.9802134460500648,0.05776203965458799,0.9813251352419204,-0.1909237318556593,0.023433044120112247,0.03399752909886696,0.05224680657193334,-0.9980553287359407
5.867,0.016270887106657028,Empty,0.5793,0.05943,0.14845,1.39042,0.05516,0.02947,0.76781,0.63992,0.03061,-0.00635,0.17913717790206518,0.9822787961842872,0.055120214622508656,0.9830556329295737,-0.18093010635150825,0.029426504737518563,0.038877937943249286,0.048914856458743355,-0.998046012345574
5.933,0.016270887106657028,Empty,0.5819,0.05956,0.14543,1.40172,0.05012,0.0363,0.76421,0.64422,0.03085,-0.00229,0.16804922854823745,0.9845039153879949,0.05011484181406908,0.9847871266000211,-0.16994265143463283,0.03624652405736341,0.044201493947789695,0.043261250664696625,-0.9980855134324461
6.0,0.016270887106657028,Empty,0.58504,0.05951,0.1439,1.41453,0.04396,0.04489,0.76009,0.64906,0.03128,0.00278,0.1554897318783487,0.9868598744535315,0.04393781371391541,0.9865118305363582,-0.1574309417297351,0.04483198409497612,0.05116005758599833,0.03637425985017799,-0.9980278361489466
6.067,0.016270887106657028,Empty,0.58846,0.05967,0.14319,1.42546,0.03935,0.05302,0.75651,0.65315,0.03221,0.00719,0.14470645358480227,0.9886923437738461,0.03933817044408921,0.9877664251094116,-0.146677522507007,0.05294519636170413,0.05811653566311721,0.031195412390049523,-0.9978222860451316
6.133,0.016270887106657028,Empty,0.59235,0.05997,0.14276,1.43626,0.0357,0.06253,0.75291,0.65713,0.034,0.0118,0.13403886332503695,0.9903330031948852,0.03569490021742206,0.9887284555272512,-0.13607267492901937,0.06245212861350754,0.06670550463963729,0.0269215512305875,-0.997409447383626
6.2,0.016270887106657028,Empty,0.59565,0.06032,0.14237,1.44404,0.03412,0.07128,0.75029,0.65993,0.03634,0.01547,0.12633824425672702,0.9914004416178803,0.03411469475166384,0.9891521483922253,-0.12850083345936514,0.07117276959128156,0.07494448191276484,0.024752780856302194,-0.9968804464281096
6.267,0.016270887106657028,Empty,0.59844,0.06061,0.14169,1.44895,0.03424,0.07801,0.74861,0.66164,0.03865,0.01786,0.12148332075443863,0.9920032595561051,0.03422478354258446,0.989241639583127,-0.12383231336560907,0.07788797520418626,0.08150325940329338,0.024394491111399984,-0.9963744915994464
6.333,0.016270887106657028,Empty,0.60025,0.0609,0.14031,1.45322,0.03546,0.08271,0.74716,0.66312,0.0407,0.01913,0.11723206893133203,0.992471472060312,0.035454466016515966,0.9893572717938262,-0.11981369459526175,0.0825643224165871,0.08619066517179348,0.02539794743419709,-0.9959548752345024
6.4,0.016270887106657028,Empty,0.60189,0.06148,0.13849,1.46181,0.03692,0.08611,0.74429,0.66622,0.04246,0.01973,0.10870455772616683,0.9933888463334963,0.03690418824149094,0.9900376867942796,-0.11153063260264279,0.08594356705586463,0.08949132838767113,0.027194079713409418,-0.9956162836012429
6.467,0.016270887106657028,Empty,0.60335,0.06204,0.13666,1.47123,0.03896,0.08803,0.74114,0.66963,0.04395,0.01956,0.09932920916599824,0.9942924011181402,0.03894007299917246,0.9908533081806983,-0.10242637712407948,0.08785532958564346,0.09134237720698749,0.029857299743267837,-0.9953718459843119
6.533,0.016270887106657028,Empty,0.60517,0.06253,0.13438,1.48308,0.04414,0.08839,0.73719,0.67388,0.04609,0.01768,0.08750916775145107,0.9951855057977066,0.0441356387697205,0.9919262017379086,-0.09113361993947428,0.08818771809346986,0.0917853793654212,0.03606206270986613,-0.995125606025619
6.6,0.016270887106657028,Empty,0.60652,0.06247,0.13137,1.49395,0.04922,0.08737,0.73355,0.67778,0.0477,0.01533,0.07667303973338663,0.9958421100970605,0.049190819625988993,0.9929168375759962,-0.08075270202256662,0.08715018516410497,0.09076011588867497,0.0421603234509488,-0.9949799538133348
6.667,0.016270887106657028,Empty,0.60741,0.06154,0.12815,1.50171,0.05363,0.08576,0.73096,0.68055,0.04882,0.01305,0.06894377372742688,0.9961790050958949,0.0536110610823397,0.9936305762876385,-0.07337025006065506,0.08552826592613579,0.08913491981550331,0.047372948105326315,-0.9948923408375873
6.733,0.016270887106657028,Empty,0.6076,0.06063,0.1254,1.50478,0.05692,0.08424,0.72993,0.68163,0.04952,0.0113,0.0658565619206557,0.9962060555484327,0.0568894378652461,0.9939679856741312,-0.07050572047772963,0.08400349299181813,0.08769581920993184,0.051014098723285294,-0.9948401906962493
6.8,0.016270887106657028,Empty,0.60723,0.06019,0.12285,1.50682,0.06048,0.08191,0.72926,0.68234,0.05003,0.00918,0.06382112157248737,0.9961286900875339,0.06045243771530473,0.9942924516333953,-0.0686592342754811,0.0816604566087969,0.08549494175728968,0.05489574057427059,-0.9948251467472664
6.867,0.016270887106657028,Empty,0.60692,0.05987,0.12098,1.50882,0.06297,0.0801,0.7286,0.68305,0.05033,0.00762,0.061820638524896165,0.9961010679598656,0.06293545154830621,0.9945664694409777,-0.06677167357184005,0.07986915219360179,0.0837600532239757,0.05765592786202206,-0.994816589862818
6.933,0.016270887106657028,Empty,0.60662,0.0597,0.11977,1.50923,0.06422,0.07974,0.72845,0.68318,0.05066,0.00705,0.06138473764934649,0.996049307371893,0.06416923926378673,0.9946203773901968,-0.06641784713939292,0.07949197734080327,0.08343991169640268,0.05894443879909641,-0.9947679801193623
7.0,0.016270887106657028,Empty,0.6063,0.05979,0.11907,1.50926,0.06507,0.08159,0.72844,0.68312,0.0516,0.00743,0.06137385287004493,0.9959945610740862,0.06502372255357673,0.9944601624127132,-0.06658907411234194,0.08133191613961555,0.08533601559697128,0.05967184863651753,-0.994563741005238
7.066,0.016270887106657028,Empty,0.6059,0.06006,0.11849,1.50932,0.06576,0.08322,0.72842,0.68308,0.05241,0.00779,0.061310882574041825,0.9959535701409234,0.06570739533371023,0.9943196041369248,-0.06668332820414385,0.08295696817391345,0.08700287642935325,0.06024798638267384,-0.9943845733064507
7.133,0.016270887106657028,Empty,0.60519,0.06019,0.11761,1.50929,0.06607,0.08404,0.72842,0.68304,0.0528,0.00798,0.06132610268328215,0.995931889120032,0.06602106757303794,0.9942464348626302,-0.06677460965123494,0.08375666104182491,0.08782446067371849,0.06050474146485796,-0.9942967566917037
7.2,0.016270887106657028,Empty,0.60427,0.06035,0.1165,1.50955,0.06646,0.08429,0.72833,0.68312,0.05303,0.00793,0.061063876551579355,0.9959220424354378,0.06641150782597287,0.9942394927055985,-0.066562617582278,0.08400743470139749,0.08808537974606026,0.06089912422868814,-0.9942495977083275
7.267,0.016270887106657028,Empty,0.6035,0.06093,0.11547,1.50925,0.06861,0.08623,0.72843,0.6829,0.05447,0.00791,0.06135360735523382,0.99575865259579,0.06855975966350049,0.9940351527894742,-0.06716353138548453,0.08592540410517337,0.09016568018545694,0.06287897766700874,-0.9939398293077131
7.333,0.016270887106657028,Empty,0.60181,0.06197,0.1137,1.50813,0.07146,0.08633,0.72882,0.68241,0.05554,0.007,0.06246123675400367,0.9954893804376317,0.0714106948506994,0.9939350712354341,-0.06853298599924362,0.08600176741346838,0.09050783430937434,0.06560581731772634,-0.9937324633233533
7.4,0.016270887106657028,Empty,0.60038,0.06327,0.11207,1.50766,0.07496,0.08557,0.72899,0.68216,0.05655,0.00554,0.06291736630072714,0.9952049078777927,0.07489056251447306,0.9939507520278481,-0.0692525634836198,0.08524074726456733,0.09001837346372557,0.06907440761165659,-0.9935418555109009
7.467,0.016270887106657028,Empty,0.59954,0.06416,0.11099,1.50881,0.07698,0.08567,0.7286,0.68252,0.05732,0.00485,0.06175042821834914,0.9951242832995717,0.07690608169946211,0.9940112541736998,-0.06827540631432233,0.08532347548384671,0.09015825636556467,0.07117674957546201,-0.9933807724780026
7.533,0.016270887106657028,Empty,0.59919,0.06486,0.11024,1.51282,0.07954,0.08477,0.72723,0.68393,0.05795,0.00353,0.057753111402061574,0.9951639629214479,0.07945605720056959,0.9943449691095481,-0.06444500164976169,0.08440926589476877,0.08912160529250292,0.07413183300608006,-0.9932581793296474
7.6,0.016270887106657028,Empty,0.59892,0.06468,0.10939,1.51551,0.08206,0.08385,0.72632,0.68486,0.05855,0.00225,0.055080710239076125,0.9951120617420103,0.08196401609929022,0.994584967740764,-0.06192601992707608,0.08346202729442416,0.08812977535239014,0.07692303056664598,-0.9931344269859846
7.667,0.016270887106657028,Empty,0.59824,0.06396,0.10824,1.51558,0.08369,0.08283,0.72629,0.68487,0.05879,0.00132,0.05498670777539455,0.9949816135402014,0.08359456133601274,0.9946718354897165,-0.06189611549597035,0.08244277148439348,0.08720322041955679,0.07861589917724351,-0.9930836514337609
7.733,0.016270887106657028,Empty,0.59722,0.06338,0.10692,1.51574,0.08461,0.08182,0.72623,0.68493,0.05878,0.00063,0.05483026012284181,0.9949130278186371,0.08450863655043545,0.9947644941204168,-0.0617393255964373,0.08143621376420335,0.08623945623792766,0.07960102230278944,-0.99308933809408
7.8,0.016270887106657028,Empty,0.59638,0.063,0.10556,1.51554,0.08552,0.08156,0.7263,0.68484,0.05902,0.00023,0.055011356824904156,0.9948255702332763,0.0854156626756468,0.9947711848955523,-0.06197784777828219,0.081172877774977,0.08604673335915983,0.08050360982470836,-0.9930332967647202
7.867,0.016270887106657028,Empty,0.59567,0.06293,0.10422,1.51525,0.08714,0.08204,0.7264,0.68467,0.05977,-0.00014,0.05532223989959373,0.9946689200656734,0.08702407269186341,0.9947023433442173,-0.062466850017681985,0.08164031353682603,0.08664120219626845,0.0820465240229917,-0.9928553117034375
7.933,0.016270887106657028,Empty,0.59439,0.06295,0.10244,1.51341,0.0896,0.08136,0.72702,0.68395,0.06043,-0.00118,0.05712656020281748,0.9943489784672528,0.08947997061088496,0.9946340034286584,-0.0644271894928799,0.08094650380052361,0.08625401638691113,0.08437562607281501,-0.9926938089773437
8.0,0.016270887106657028,Empty,0.59226,0.0629,0.10031,1.51107,0.09126,0.07831,0.72781,0.68314,0.05999,-0.00279,0.05942946311369035,0.9940637757670492,0.09113368543944776,0.9947338331685683,-0.06661075897039348,0.0778948518141929,0.08350293446212205,0.08602451102532246,-0.9927875117259829
8.067,0.016270887106657028,Empty,0.5902,0.06299,0.09849,1.50859,0.09284,0.07591,0.72865,0.68226,0.05975,-0.00413,0.0618988493855564,0.9937670051607028,0.09271284645976224,0.9947544797796029,-0.06900505424744385,0.07551044594437664,0.08143744472388328,0.08755250962841983,-0.9928255137004738
8.133,0.016270887106657028,Empty,0.58858,0.06343,0.09707,1.50671,0.09542,0.07453,0.72928,0.68154,0.06022,-0.00546,0.06375579304847728,0.9934079930483652,0.09526677385310536,0.994721945577983,-0.07094864613108848,0.07412516844984374,0.08039558345028558,0.0900380417367269,-0.9926881187975929
8.2,0.016270887106657028,Empty,0.58772,0.0641,0.09601,1.50798,0.09784,0.07296,0.72883,0.68198,0.06056,-0.0069,0.06247427938505379,0.993254508196518,0.0976854460122453,0.9949258569977075,-0.06971393883639293,0.07254313068301416,0.07886382879809622,0.09265769627617934,-0.9925699208761546
8.267,0.016270887106657028,Empty,0.5874,0.06476,0.09544,1.50992,0.10013,0.07315,0.72815,0.68261,0.06145,-0.00767,0.0605366801411642,0.9931488609347385,0.09995324097555555,0.9950330400336174,-0.06797096173590406,0.07272686987732838,0.07902252589574682,0.09505413396968791,-0.992330666671311
8.333,0.016270887106657028,Empty,0.58708,0.06517,0.09506,1.51174,0.10092,0.07342,0.72753,0.68324,0.06182,-0.0079,0.058732544157119315,0.9931762688276717,0.10075409318918845,0.9951298838880069,-0.0662523623547816,0.0729872500883046,0.079164401405392,0.09597668216788045,-0.992230554876321
8.4,0.016270887106657028,Empty,0.5869,0.06554,0.09486,1.51204,0.10235,0.07395,0.72742,0.68329,0.06252,-0.00821,0.058416015041099556,0.9930495646274622,0.10217696110144475,0.995102506015588,-0.0660991109077641,0.07349768743776841,0.07974065279526384,0.09738310803425423,-0.9920473570154673
8.467,0.016270887106657028,Empty,0.58669,0.06567,0.0945,1.51207,0.10339,0.07388,0.7274,0.68327,0.06287,-0.00859,0.058378126253935125,0.9929446881312338,0.1032125994588184,0.9951060764821553,-0.06613646635324083,0.07341569564199077,0.07972384162451285,0.09842161414178044,-0.9919462157528279
8.533,0.016270887106657028,Empty,0.58651,0.06574,0.09387,1.5135,0.1039,0.07333,0.72691,0.68379,0.06286,-0.00901,0.05696406074152355,0.9929755872428168,0.10370428594623929,0.9952404729587223,-0.06470418836035696,0.07286816172736947,0.07906640733418106,0.09905983620222072,-0.9919353063999965
8.6,0.016270887106657028,Empty,0.5862,0.06576,0.09303,1.51501,0.1045,0.07213,0.72638,0.68436,0.06266,-0.0097,0.055455060229707864,0.9929979022038103,0.1043067711788227,0.9954289668256127,-0.06311957461905504,0.07167350489827182,0.07775543903427286,0.09985532293644314,-0.9919591756629131
8.667,0.016270887106657028,Empty,0.58599,0.06565,0.09216,1.51643,0.10534,0.07114,0.72588,0.68488,0.06262,-0.01039,0.05402501997679088,0.9929883312599594,0.10514500082299547,0.9955908867721448,-0.061652324610925346,0.07069495771498926,0.07668170181185585,0.10086210810621327,-0.9919409013422162
8.733,0.016270887106657028,Empty,0.58579,0.06546,0.09116,1.51694,0.10641,0.07025,0.7257,0.68506,0.0627,-0.0111,0.053516238562671736,0.9929037362912538,0.10619878845340434,0.9956862884015463,-0.061131636893679286,0.06979783707144983,0.07579463898757273,0.10200535980803692,-0.9918921711915951
8.8,0.016270887106657028,Empty,0.58576,0.06531,0.09019,1.51722,0.10806,0.07024,0.72559,0.68511,0.06329,-0.01168,0.05322383708324008,0.9927412409537584,0.10785198966977219,0.9956977901483641,-0.060963386134489594,0.06978091604931219,0.07584941568529577,0.10367397966996855,-0.9917149651384667
8.867,0.016270887106657028,Empty,0.58569,0.06532,0.08914,1.51766,0.10996,0.06996,0.72542,0.68522,0.06388,-0.01245,0.05277389120191578,0.9925591847511014,0.10973231599504664,0.9957392608767952,-0.06062472619898668,0.06948357303586938,0.07561905021845644,0.10559785669949141,-0.9915295517051078
8.933,0.016270887106657028,Empty,0.58562,0.06519,0.0884,1.51811,0.10995,0.06902,0.72527,0.68541,0.06355,-0.0128,0.05235743041107627,0.9925831185770355,0.10971532343586103,0.995835572753393,-0.060105925378136194,0.0685477189508126,0.07463384969081376,0.10566943952876927,-0.9915965701987904
