time,gr,gr_state,tx,ty,tz,rx,ry,rz,qw,qx,qy,qz,xx,xy,xz,yx,yy,yz,zx,zy,zz
0.0,0.015689736232161522,Empty,0.30817,-0.00174,0.48563,0.00911,0.00282,0.00973,0.99998,0.00455,0.00143,0.00486,0.9999544708859387,0.009117775326747346,0.0028146630905865936,0.009089970786865853,-0.9999112673860064,0.00973805861577879,0.0029032027687504658,-0.009712030045329039,-0.9999486226232237
0.067,0.015689736232161522,Empty,0.30817,-0.00174,0.48563,0.00911,0.0028,0.00973,0.99998,0.00455,0.00142,0.00486,0.9999545776774033,0.009109284268424112,0.002804197233245857,0.009081596019554827,-0.9999113915401099,0.00973312293451681,0.0028926105412778887,-0.009707214247035516,-0.9999487000820685
0.133,0.015689736232161522,Empty,0.30817,-0.00174,0.48563,0.00911,0.00282,0.00973,0.99998,0.00455,0.00143,0.00486,0.9999544456587903,0.00912073907874611,0.002814023077221876,0.009092948960276404,-0.9999112682634977,0.009735187665820775,0.0029025654906502584,-0.009709156417545885,-0.9999486523793272
0.2,0.015689736232161522,Empty,0.30817,-0.00172,0.48563,0.00909,0.0028,0.00963,0.99998,0.00454,0.00142,0.00481,0.9999547882076987,0.009086412401000388,0.0028033284102458324,0.009059036741026094,-0.9999126113739218,0.009628264054825073,0.002890569809135482,-0.009602433288684823,-0.9999497176764016
0.267,0.015689736232161522,Empty,0.3082,-0.00168,0.48563,0.00849,0.00274,0.00889,0.99998,0.00424,0.00139,0.00444,0.9999601674240658,0.00849068337453357,0.002751701485898467,0.008465905589030154,-0.9999246058077549,0.008894444488740463,0.0028270139355337583,-0.008870794555116163,-0.9999566575588009
0.333,0.015689736232161522,Empty,0.30891,-0.003,0.486,0.00921,0.00259,0.00561,0.99998,0.0046,0.00131,0.0028,0.999954302544616,0.009201128959166527,0.002594619121907474,0.009186465537362132,-0.9999420786634678,0.005607866716831998,0.002646067542947387,-0.00558377507244692,-0.9999809097090296
0.4,0.015689736232161522,Empty,0.31014,-0.00292,0.48611,0.00704,0.00091,0.0034,0.99999,0.00352,0.00046,0.0017,0.9999748416384912,0.007033988648892542,0.0009160206121731761,0.007030837289688119,-0.9999695058775131,0.0033992119804858605,0.0009399026974143624,-0.0033926860700038185,-0.9999938031128742
0.467,0.015689736232161522,Empty,0.31227,-0.00174,0.48491,0.00236,-0.00214,0.00108,1.0,0.00118,-0.00107,0.00054,0.9999949036347573,0.002363787847339427,-0.0021459756582232633,0.0023661159735778314,-0.9999966143079322,0.0010829902455103883,-0.0021434084334294797,-0.001088062353480374,-0.9999971109561279
0.533,0.015689736232161522,Empty,0.31588,0.00171,0.48387,-0.00329,-0.00716,-0.00301,0.99999,-0.00165,-0.00358,-0.00151,0.9999689277516209,-0.003285986946993391,-0.007165599839352325,-0.003307669456530382,-0.9999899809755404,-0.0030161683150180547,-0.007155616957319294,0.0030397760316133618,-0.999969777997134
0.6,0.015689736232161522,Empty,0.32102,0.00439,0.48255,-0.00764,-0.01153,-0.00678,0.99997,-0.00384,-0.00575,-0.00341,0.9999043852515974,-0.0076380526984580754,-0.01152738069122384,-0.0077165491586626556,-0.9999472383136643,-0.006780520478369049,-0.011474982514442742,0.006868823760383918,-0.9999105680191817
0.667,0.015689736232161522,Empty,0.32798,0.00753,0.47945,-0.01155,-0.01259,-0.01123,0.99995,-0.00581,-0.00626,-0.00565,0.999854019987352,-0.0115482299782812,-0.012592739952089961,-0.011689893268718055,-0.9998685561303896,-0.011234627590454762,-0.012461344650486724,0.011380195345377665,-0.9998575928818075
0.733,0.015689736232161522,Empty,0.33502,0.01125,0.4746,-0.01522,-0.01511,-0.01399,0.99992,-0.00766,-0.0075,-0.00705,0.9997700812980723,-0.015220697958920282,-0.015103472941321156,-0.01543217745190617,-0.9997831004619824,-0.013985704476999454,-0.014887324821430601,0.014215568376551087,-0.9997881201411591
0.8,0.015689736232161522,Empty,0.34199,0.01533,0.46991,-0.01755,-0.01809,-0.01276,0.9999,-0.00883,-0.00899,-0.00646,0.9996824374215163,-0.017536998622165012,-0.01809635295585124,-0.017769311260579623,-0.9997607189759927,-0.012757600476984671,-0.017868292819998032,0.013075108868835762,-0.9997548527713015
0.867,0.015689736232161522,Empty,0.34944,0.02005,0.46674,-0.01824,-0.0226,-0.01286,0.99987,-0.00919,-0.01124,-0.00653,0.999578797553673,-0.018221477896595173,-0.022587722869218955,-0.018514861809482253,-0.9997460286866849,-0.012848269042075311,-0.022347871785217504,0.013261065887238193,-0.9996623013589168
0.933,0.015689736232161522,Empty,0.35914,0.0252,0.46512,-0.01763,-0.02346,-0.01311,0.99987,-0.00889,-0.01167,-0.00666,0.9995695854336519,-0.01763095526034314,-0.023447671368496962,-0.017941531744463002,-0.9997531922714122,-0.013101754912341671,-0.023210887847294377,0.013516802866374298,-0.9996392102781942
1.0,0.015689736232161522,Empty,0.3685,0.02948,0.46158,-0.01342,-0.02412,-0.00842,0.9999,-0.00676,-0.01203,-0.00429,0.9996190795744689,-0.013415074178983133,-0.02411911141530121,-0.013621338291729124,-0.9998718738526171,-0.008408033158733211,-0.024003226737953413,0.008733364943048223,-0.9996737334965534
1.067,0.015689736232161522,Empty,0.37898,0.03471,0.45883,-0.00966,-0.02537,-0.00162,0.99991,-0.00484,-0.01268,-0.00087,0.9996314752892093,-0.009660673019458554,-0.02536897727402244,-0.009704930323146344,-0.9999515905510119,-0.0016219993601078678,-0.02535207957035553,0.0018676057700766585,-0.9996768398388284
1.133,0.015689736232161522,Empty,0.39035,0.04091,0.45705,-0.00423,-0.02798,0.00798,0.99989,-0.00206,-0.014,0.00396,0.9995994957337271,-0.004239649684197377,-0.027979876687253637,-0.004017622998586545,-0.9999600350249167,0.007986680061744801,-0.028012619197780544,-0.007871068766230399,-0.999576580078864
1.2,0.015689736232161522,Empty,0.40289,0.04826,0.45554,0.00093,-0.03279,0.01745,0.99983,0.00061,-0.01639,0.00873,0.9994617011381872,0.0009331612720105409,-0.03279385869338111,0.0015056477387318523,-0.9998468343430926,0.017436768019983864,-0.032772564483846564,-0.017476757826791,-0.9993100229423378
1.267,0.015689736232161522,Empty,0.41634,0.05705,0.45531,0.00504,-0.03693,0.02709,0.99973,0.00277,-0.01843,0.01359,0.9993053237021128,0.005045108500044859,-0.03692447563390709,0.0060470064828167525,-0.9996151820608173,0.027072523083661607,-0.036773682616961186,-0.027276998987084227,-0.9989512808906376
1.333,0.015689736232161522,Empty,0.43049,0.0679,0.45614,0.00426,-0.046,0.03389,0.99959,0.00252,-0.02296,0.01699,0.9989329865408006,0.004256759853160652,-0.04598661105396937,0.005817023735001203,-0.9994100536190631,0.03384829331011233,-0.04581539736314607,-0.0340796819335727,-0.9983684313136927
1.4,0.015689736232161522,Empty,0.44548,0.0797,0.45918,0.00129,-0.05488,0.03612,0.99946,0.00114,-0.02742,0.01807,0.998493869373163,0.0012798433711264656,-0.05484847149332244,0.0032611645558447977,-0.9993446922434756,0.03604928418890263,-0.054766391427116375,-0.03617385914908646,-0.9978437223755602
1.466,0.015689736232161522,Empty,0.46182,0.09244,0.46234,-0.00071,-0.05961,0.03978,0.99936,0.00024,-0.0298,0.01987,0.998224084095485,-0.0007047529960589882,-0.05956661191426364,0.0016638551006665225,-0.9992100574833845,0.039705070334340044,-0.05954753998221862,-0.03973366767950632,-0.9974343718434813
1.533,0.015689736232161522,Empty,0.47525,0.10533,0.46182,-0.00699,-0.06826,0.04351,0.99918,-0.00275,-0.03419,0.02162,0.997647328999872,-0.006967182225351365,-0.0682001855661684,-0.004010747342346965,-0.9990501299487142,0.04339068742498917,-0.0684377150785802,-0.04301506970000173,-0.9967276372879038
1.6,0.015689736232161522,Empty,0.48807,0.12013,0.46068,-0.01397,-0.07367,0.04723,0.99902,-0.00611,-0.03698,0.02334,0.9971903775290922,-0.013930666661428392,-0.07360222476090691,-0.010478314569525304,-0.9988359167144125,0.04708520367441563,-0.07417247391835437,-0.04618168476406302,-0.9961755347855036
1.667,0.015689736232161522,Empty,0.5008,0.13635,0.45738,-0.02905,-0.07283,0.04784,0.99896,-0.01364,-0.03674,0.02337,0.9969284410281513,-0.02897378978859705,-0.07276127386505869,-0.02553918476493322,-0.9985352245780655,0.04769858822202821,-0.07403670380779039,-0.04569381557845869,-0.9962081317210574
1.733,0.015689736232161522,Empty,0.51191,0.15437,0.45084,-0.04334,-0.07489,0.04847,0.99879,-0.02074,-0.03794,0.0234,0.9962613942794535,-0.04320000632917026,-0.07481305849595428,-0.03964837840872104,-0.9980444153057579,0.04832547119839284,-0.07675441588546088,-0.045178584862161045,-0.9960259309435343
1.8,0.015689736232161522,Empty,0.52053,0.17208,0.4418,-0.05608,-0.07505,0.04576,0.99867,-0.02715,-0.03813,0.0218,0.9956187561541612,-0.055885598218038735,-0.07496727489947021,-0.052561572692487235,-0.9975758237266573,0.045604352776607314,-0.07733416754664889,-0.04146415111747516,-0.9961426357213979
1.867,0.015689736232161522,Empty,0.52845,0.18847,0.43136,-0.06808,-0.06943,0.04476,0.99859,-0.03323,-0.03544,0.02117,0.995279689485266,-0.06786731820862524,-0.06937122470651225,-0.06486685012112031,-0.9968954566034942,0.044628918412556534,-0.07218470373615385,-0.03991836322395665,-0.9965921396559597
1.933,0.015689736232161522,Empty,0.53539,0.2043,0.42086,-0.08009,-0.06447,0.04326,0.99847,-0.03931,-0.03306,0.02031,0.9947241907757121,-0.07984164927585058,-0.06441347162291998,-0.07715592637441482,-0.9960843773377712,0.04316105013701884,-0.06760730220109769,-0.037963459596517556,-0.9969894826047833
2.0,0.015689736232161522,Empty,0.54279,0.22006,0.41065,-0.09281,-0.05312,0.03814,0.99841,-0.04586,-0.02741,0.01781,0.994290638091805,-0.09255084932701968,-0.05310807181434692,-0.09059814004706107,-0.9951595030035656,0.038072832856373855,-0.056374675369386264,-0.033043968746861,-0.9978627120533429
2.067,0.015689736232161522,Empty,0.55025,0.23417,0.39929,-0.10682,-0.03702,0.03553,0.99826,-0.05304,-0.01943,0.01675,0.9936173776476593,-0.10655405557885045,-0.037023507077099956,-0.10525185922364416,-0.993811521894666,0.03550640899012073,-0.04057773979110934,-0.031382992035604525,-0.9986834107185011
2.133,0.015689736232161522,Empty,0.55673,0.24731,0.38635,-0.11508,-0.02268,0.03298,0.99816,-0.05731,-0.01227,0.01581,0.9931289000601682,-0.11480575827777922,-0.02268536381776124,-0.11402962538911254,-0.9929300669747894,0.03297160340442909,-0.026310309745396963,-0.030158248684305763,-0.9991988028602703
2.2,0.015689736232161522,Empty,0.56309,0.25872,0.37312,-0.12073,-0.01013,0.0274,0.99808,-0.06025,-0.00588,0.01337,0.9926702945351373,-0.12042831751311234,-0.010134430841687967,-0.12011370935857335,-0.9923821684023204,0.027392127723722515,-0.013356016309069923,-0.02597406741481871,-0.9995733913276617
2.267,0.015689736232161522,Empty,0.5703,0.26704,0.36098,-0.12456,0.00295,0.02036,0.99801,-0.06225,0.00084,0.01025,0.992248829329925,-0.12423169643214749,0.0029574135632676486,-0.12426623414333521,-0.9920400289618159,0.020358879862931122,0.0004046544541258594,-0.020568581356773665,-0.9997883624626478
2.333,0.015689736232161522,Empty,0.57739,0.27246,0.3489,-0.12567,0.01377,0.01495,0.99797,-0.06284,0.0064,0.00789,0.9920204074151109,-0.12532469008297892,0.013756210508803364,-0.1255264529820208,-0.9919778028324824,0.014938148794046865,0.011773736607796462,-0.01654571676434198,-0.9997937879298133
2.4,0.015689736232161522,Empty,0.58593,0.27607,0.33777,-0.129,0.02877,0.01011,0.9978,-0.06452,0.01403,0.00597,0.9912798998989839,-0.12859486689598115,0.02876665194743981,-0.12893003807101805,-0.991602163123096,0.010109172696246435,0.027225086579588203,-0.013729905229155808,-0.9995350340849152
2.467,0.015689736232161522,Empty,0.5948,0.27998,0.32614,-0.13386,0.05004,0.00483,0.99744,-0.06692,0.0248,0.00408,0.9898129260943213,-0.13329879244614895,0.05001802943935544,-0.13370327994571662,-0.9910097117051134,0.004815001340107424,0.04892651907049068,-0.011453525158063044,-0.9987367082935814
2.533,0.015689736232161522,Empty,0.6014,0.28229,0.31167,-0.12945,0.06929,-0.00068,0.99731,-0.06463,0.03459,0.0019,0.9892531796296095,-0.12877541123011138,0.06924622773280703,-0.12903879320854517,-0.9916393167634927,-0.0006747563379885593,0.06875417398231462,-0.008267944808055101,-0.9975993708140859
2.6,0.015689736232161522,Empty,0.60611,0.28362,0.29668,-0.13241,0.08969,-0.00262,0.99681,-0.06603,0.04482,0.00166,0.9872634932784305,-0.1314853095839424,0.08956789716905031,-0.13178242574498072,-0.9912752181278386,-0.002614228447189934,0.08913016944020408,-0.009222542448813825,-0.99597728769603
2.667,0.015689736232161522,Empty,0.60884,0.28332,0.28162,-0.13243,0.11162,-0.00185,0.99626,-0.06601,0.05572,0.00277,0.9850754519949232,-0.13122315275530066,0.11138598681143266,-0.13184016699227746,-0.9912692793488052,-0.0018401594355684572,0.11065497839883211,-0.01287245121408355,-0.9937755157757183
2.733,0.015689736232161522,Empty,0.61045,0.28396,0.26676,-0.12853,0.13582,-0.00128,0.99564,-0.06403,0.06776,0.00372,0.9826171435774673,-0.12699519841778506,0.1354096330638474,-0.1280040435406069,-0.991772838017118,-0.0012659418332248845,0.13445636461288443,-0.016089044418423605,-0.9907888920778174
2.8,0.015689736232161522,Empty,0.61093,0.2851,0.25216,-0.12354,0.15661,-0.00239,0.99504,-0.06145,0.07815,0.00364,0.9802354942882785,-0.12171301611478302,0.1559625514207084,-0.12284963628539419,-0.9924224727020705,-0.0023669686213039776,0.1550688318198115,-0.01683975605970732,-0.987760132832809
2.866,0.015689736232161522,Empty,0.60759,0.28532,0.24316,-0.12029,0.14047,0.00605,0.99571,-0.06017,0.06987,0.00723,0.9829957574491561,-0.11882148540078541,0.1400028408430019,-0.12084067295572892,-0.992653901354107,0.0059802914709517485,0.1382637790477559,-0.022796638647436935,-0.9901330419038705
2.933,0.015689736232161522,Empty,0.60845,0.2855,0.24484,-0.12089,0.14304,0.00461,0.99561,-0.06042,0.07119,0.00661,0.9825625308748824,-0.11936482371959162,0.14255845039539722,-0.12124817615992639,-0.9926117201306284,0.004566490688290431,0.14096011031010708,-0.02177181475453051,-0.9897758510812721
3.0,0.015689736232161522,Empty,0.60988,0.28581,0.24975,-0.12185,0.15051,0.00115,0.99532,-0.06076,0.07501,0.00515,0.9813636203477846,-0.12018410898722759,0.14993740228787206,-0.12172851164715753,-0.9925627884894506,0.0011315291483669082,0.14868629429122546,-0.01936209836231405,-0.9886948442451549
3.067,0.015689736232161522,Empty,0.61106,0.28631,0.25418,-0.12244,0.15721,-0.00212,0.99505,-0.06091,0.07844,0.00375,0.9802744781354962,-0.12061933812664244,0.15656603330885935,-0.12179696804277729,-0.9925528433724324,-0.002086070201678239,0.15565168194326373,-0.01702434677719934,-0.987665290229966
3.133,0.015689736232161522,Empty,0.61149,0.28645,0.25526,-0.12267,0.159,-0.00309,0.99497,-0.06098,0.07936,0.00333,0.9799686003174792,-0.12081472670510379,0.15832038467288811,-0.12187160345157189,-0.9925411807695547,-0.003052334962104483,0.15750826855737762,-0.01630356671864092,-0.9873830761403134
3.2,0.015689736232161522,Empty,0.61128,0.28637,0.25462,-0.12258,0.158,-0.00258,0.99501,-0.06096,0.07885,0.00355,0.9801340618837636,-0.12075236603249451,0.15734067126076678,-0.12187168601331366,-0.9925425874076659,-0.002550358870483979,0.1564752788254633,-0.01667567928602737,-0.9875410922269733
3.267,0.015689736232161522,Empty,0.61112,0.28633,0.25405,-0.12246,0.15712,-0.00218,0.99505,-0.06092,0.0784,0.00372,0.980282317413723,-0.12065814082051407,0.15648703211358378,-0.12182503418480584,-0.9925492656403676,-0.00214856292374338,0.15558033041439298,-0.016957839794719935,-0.9876776763993631
3.333,0.015689736232161522,Empty,0.61108,0.2863,0.25394,-0.12246,0.15697,-0.00207,0.99506,-0.06092,0.07832,0.00377,0.9803101461785021,-0.12065031559310896,0.15631864459099803,-0.12183020861172156,-0.9925488457355562,-0.002046728765424416,0.1554008287272236,-0.01703790410520193,-0.9877045571701055
3.4,0.015689736232161522,Empty,0.61107,0.28631,0.25393,-0.12243,0.15695,-0.00206,0.99506,-0.06091,0.07831,0.00377,0.980316395521016,-0.12062550517905218,0.15629859939545565,-0.12180484401780756,-0.9925519601619495,-0.002046057787427419,0.1553812879547607,-0.01703214252436676,-0.9877077307961852
3.466,0.015689736232161522,Empty,0.61125,0.28629,0.25404,-0.12262,0.156,-0.00146,0.99509,-0.06103,0.07782,0.00405,0.9804376904202663,-0.12083928515601411,0.1553698888663993,-0.12209964039992571,-0.9925168011322387,-0.0014412787505957009,0.1543813881838826,-0.017557523550077864,-0.9878553134691364
3.533,0.015689736232161522,Empty,0.61244,0.28634,0.25507,-0.12212,0.15519,-0.00119,0.99514,-0.06079,0.07741,0.00414,0.9806224525414566,-0.12035241268146668,0.15457976042589885,-0.12163394495147617,-0.9925743303081139,-0.0011756908353515727,0.15357339941252723,-0.017649237239863134,-0.9879796128553116
3.6,0.015689736232161522,Empty,0.61371,0.28654,0.25517,-0.11264,0.15403,-0.00681,0.99546,-0.05586,0.07701,0.00094,0.9818997842405266,-0.11106229091169678,0.15342092831766135,-0.1113531177689785,-0.9937581616446752,-0.006723044527852828,0.1532099764099432,-0.010482542727844456,-0.9881380568657517
3.667,0.015689736232161522,Empty,0.61573,0.28561,0.2533,-0.09331,0.15045,-0.01854,0.99608,-0.04581,0.0755,-0.00573,0.9844026660566059,-0.09211812715329731,0.1498854286127096,-0.09038908840911514,-0.9957379691561341,-0.018322376412103908,0.15093443529299702,0.004488588930455505,-0.9885335850704303
3.733,0.015689736232161522,Empty,0.61895,0.28281,0.24968,-0.07641,0.14254,-0.03582,0.99662,-0.03682,0.07183,-0.01513,0.986970654419749,-0.0755663293799797,0.14205160040734788,-0.0712190290337954,-0.9968305498125685,-0.03545003334068793,0.14428020383176565,0.02487136555175272,-0.9892242607001991
3.8,0.015689736232161522,Empty,0.62347,0.27733,0.24386,-0.06001,0.13435,-0.0493,0.99704,-0.02827,0.06781,-0.02257,0.9892061765336262,-0.05943375107182486,0.1339356918123651,-0.05331083441368917,-0.9973823861665647,-0.048850083918106156,0.13648844362011275,0.041182581247684674,-0.9897852796237865
3.866,0.015689736232161522,Empty,0.6277,0.27089,0.23686,-0.0345,0.12629,-0.0548,0.99751,-0.01548,0.06354,-0.02625,0.991447170608223,-0.03421728330293505,0.12594318328641635,-0.027544792789254535,-0.9981421732655082,-0.05434598733121933,0.12756877471836986,0.05041209648660429,-0.9905477415272215
3.933,0.015689736232161522,Empty,0.63141,0.2638,0.22863,-0.00374,0.11992,-0.05269,0.99786,-0.00029,0.05995,-0.02618,0.9928121100466065,-0.003716972348304537,0.11962565887537256,0.002560852936545732,-0.9986290540424756,-0.05228244881857969,0.1196559909784816,0.052212992049795154,-0.9914414996782036
4.0,0.015689736232161522,Empty,0.63421,0.25794,0.22,0.03314,0.11148,-0.05036,0.99797,0.01794,0.05527,-0.02606,0.9932474298272151,0.03292944113893653,0.11124385397813685,0.03868950329151294,-0.9979984220899036,-0.05002271325227002,0.10937397074572981,0.05398890082544859,-0.9925333914337452
4.067,0.015689736232161522,Empty,0.63717,0.25233,0.21316,0.07897,0.10188,-0.04382,0.99764,0.04053,0.05,-0.02387,0.9917157645387948,0.07847790347015438,0.10169100762684363,0.0832524458167454,-0.9955749296146461,-0.043584283730751336,0.09782061454909957,0.051689246364421945,-0.9938608298849062
4.133,0.015689736232161522,Empty,0.64014,0.24634,0.20818,0.12474,0.08137,-0.02893,0.99709,0.06286,0.03969,-0.01696,0.988946136560731,0.12401160369063075,0.0812813701390528,0.12670352126925283,-0.9915217943159546,-0.02882271837355655,0.07701789843650483,0.03880275179091418,-0.9962743546703775
4.2,0.015689736232161522,Empty,0.64455,0.24123,0.2064,0.16634,0.06309,-0.01253,0.99601,0.08323,0.03091,-0.00886,0.9842347501924313,0.16525128261733812,0.06303943295245369,0.1663468056536649,-0.9859879700979164,-0.012508519936913154,0.06008907356969429,0.022797728297243833,-0.9979326464356304
4.266,0.015689736232161522,Empty,0.65006,0.23869,0.20579,0.18642,0.04927,0.00481,0.99536,0.09299,0.02475,0.0001,0.9814810754263712,0.18512037258516578,0.04924780435535642,0.18511091554869802,-0.9827059472893735,0.004792713930304376,0.04928333921942426,0.004412348130457022,-0.9987750916294212
4.333,0.015689736232161522,Empty,0.65577,0.23892,0.20444,0.20109,0.04404,0.02258,0.99467,0.1001,0.02304,0.00902,0.9788992413592628,0.19954462453757132,0.044025198289385545,0.19871384769585887,-0.9797981694692377,0.02254670349824892,0.047634882178578475,-0.013322534401931043,-0.9987759649075175
4.4,0.015689736232161522,Empty,0.66015,0.24194,0.20011,0.20599,0.04708,0.04029,0.99427,0.10229,0.02548,0.01761,0.97777487527028,0.20430424781912693,0.04707512733120442,0.20250910800872035,-0.9784536130235093,0.04023168322048438,0.05428033219961711,-0.029804386997583372,-0.9980808304200606
4.467,0.015689736232161522,Empty,0.66349,0.24645,0.19241,0.20093,0.05463,0.06039,0.99422,0.09939,0.03019,0.02729,0.978422015188964,0.19927127143768686,0.054601470430514665,0.1959757900054816,-0.9787549574597489,0.06026792662513297,0.06545112623396154,-0.04826689991674232,-0.9966877426993539
4.533,0.015689736232161522,Empty,0.66538,0.25275,0.18244,0.19142,0.06181,0.07206,0.99441,0.09435,0.03418,0.03289,0.9798588917544426,0.18989363176648805,0.06178155763890332,0.18539648984655843,-0.9800328301253197,0.07185953958335298,0.07419362373095573,-0.0589581248946231,-0.9954994955832874
4.6,0.015689736232161522,Empty,0.66549,0.25912,0.17108,0.17562,0.06452,0.0747,0.99504,0.08639,0.03538,0.03435,0.9825699366237152,0.1743534808782446,0.06447622312843491,0.1694914906786451,-0.9827132212811606,0.07448059684733456,0.0763475882448091,-0.062254224152614626,-0.9951358989325814
4.667,0.015689736232161522,Empty,0.66582,0.26317,0.16108,0.15635,0.06252,0.07801,0.9958,0.07678,0.03418,0.03642,0.9858730770267863,0.15540212699369904,0.06248563770636345,0.1504223052345734,-0.9855571073311362,0.07778379186565822,0.07367093104918349,-0.06728571256156402,-0.9950101641709137
4.733,0.015689736232161522,Empty,0.66724,0.26545,0.15358,0.1311,0.06145,0.07907,0.99668,0.06421,0.03322,0.03741,0.9895472274916285,0.13047731459293166,0.06141624329319195,0.1255063694270207,-0.9889555605230944,0.07883559185862762,0.07102419163129951,-0.0703034116317915,-0.9949939670752036
4.8,0.015689736232161522,Empty,0.66896,0.26589,0.14726,0.11467,0.06071,0.08438,0.99708,0.05595,0.03269,0.04035,0.9916025310736294,0.1142055265810476,0.0606755145566772,0.10892909961546521,-0.9904834549238994,0.08412476911694818,0.06970560684289313,-0.07680900481298657,-0.9946062060706753
4.867,0.015689736232161522,Empty,0.67058,0.26456,0.14193,0.1045,0.06297,0.09385,0.99712,0.05067,0.03385,0.04518,0.992573156324691,0.10411034875334813,0.06292507152238186,0.09799332809308164,-0.9907825569075301,0.09352664100147427,0.07208215446892749,-0.08666579608030611,-0.9936262893044269
4.933,0.015689736232161522,Empty,0.67296,0.2619,0.13668,0.09719,0.06974,0.10883,0.99683,0.04658,0.03741,0.0526,0.9928624766309773,0.09679150265478009,0.06968147179869186,0.08892078983763357,-0.9901281343818737,0.10834837626896736,0.07948078782230057,-0.10137890569196363,-0.9916678485500305
5.0,0.015689736232161522,Empty,0.67415,0.25994,0.13095,0.0952,0.07498,0.11949,0.99649,0.04523,0.04021,0.05782,0.9926754143529796,0.09479107566096606,0.07490109287705346,0.08549185389475816,-0.9892220288646152,0.11887354847320444,0.085361962587427,-0.11159941569744436,-0.9900802521812115
5.067,0.015689736232161522,Empty,0.67549,0.25752,0.12531,0.09929,0.08127,0.1296,0.99598,0.04685,0.0437,0.06261,0.9917911483676436,0.09879726547583728,0.081175232393187,0.08785339291784106,-0.9877692857356482,0.1288162237845494,0.09290909197928074,-0.12062727092902589,-0.9883405092051024
5.133,0.015689736232161522,Empty,0.6765,0.25508,0.12029,0.10562,0.08773,0.1347,0.99554,0.04967,0.04724,0.06483,0.9906019382031519,0.1050249427863863,0.08762169492126609,0.09277354176565761,-0.986658834102351,0.1337812207899349,0.10050308441244431,-0.12439496163633745,-0.9871296893230795
5.2,0.015689736232161522,Empty,0.67713,0.253,0.11573,0.11012,0.09417,0.13438,0.9953,0.05169,0.05058,0.06438,0.989538520567459,0.10941116608734675,0.09403570092561335,0.09638495037198991,-0.9863663655130496,0.13338416070270992,0.10734736911053494,-0.12292513868198131,-0.9865931038807549
5.267,0.015689736232161522,Empty,0.67806,0.25084,0.11161,0.1155,0.10558,0.13334,0.99493,0.054,0.0564,0.06338,0.987806064662568,0.11461032274202465,0.10537387027541295,0.10031360321698213,-0.9861336726520524,0.1322027256579859,0.11906451875129098,-0.12002022155763462,-0.9856057968537826
5.333,0.015689736232161522,Empty,0.67879,0.24874,0.10708,0.12094,0.11878,0.13418,0.99441,0.05622,0.06316,0.06322,0.9857012590013426,0.11979306026591191,0.11850169076977661,0.10382064008590852,-0.9856846281717377,0.13284234444669857,0.13271888597829784,-0.1186399447828203,-0.9840275711618088
5.4,0.015689736232161522,Empty,0.67902,0.24672,0.10207,0.1245,0.13224,0.13568,0.99387,0.05746,0.07,0.06341,0.9835963599016351,0.12309705204414584,0.1318533904239621,0.1053419512457035,-0.9853542056467441,0.13409012909987572,0.14642839238344674,-0.11800086945575651,-0.9821580935428292
5.467,0.015689736232161522,Empty,0.67872,0.24503,0.09642,0.12701,0.14509,0.1364,0.99336,0.05822,0.07648,0.06324,0.9815225905972873,0.12534882486730053,0.14457204519400163,0.1060020344395265,-0.9852201288789755,0.13455432488915434,0.15930151550399982,-0.11674317862762461,-0.9803030436564233
5.533,0.015689736232161522,Empty,0.67842,0.24375,0.09061,0.12817,0.15991,0.13778,0.99275,0.0582,0.08391,0.06337,0.9791440531946445,0.12619569450116103,0.15922176290612017,0.10492645261786948,-0.9851931524453337,0.13559089908933897,0.17397517821399994,-0.11605644774933878,-0.9778872830245887
5.6,0.015689736232161522,Empty,0.67698,0.24315,0.08398,0.13002,0.17097,0.13864,0.99224,0.05867,0.08948,0.06333,0.9771043684313245,0.12775200954127425,0.1701366428803291,0.10508725939818897,-0.9850966638085286,0.1361661884077112,0.18499654349365593,-0.11516938400231508,-0.9759673620997411
5.667,0.015689736232161522,Empty,0.67552,0.2433,0.07818,0.12415,0.17753,0.13551,0.99224,0.05566,0.09246,0.06182,0.976705049725682,0.12188711040941813,0.17660911119303987,0.09902166856536532,-0.9861599352579477,0.1329785367891046,0.19037319925578847,-0.11239267951286985,-0.9752568536529406
5.733,0.015689736232161522,Empty,0.67467,0.24392,0.07388,0.11832,0.18733,0.13156,0.99209,0.0526,0.09703,0.05981,0.9756350129407156,0.11597556220569222,0.18624175282477043,0.092761032579187,-0.9873119596344964,0.1288816713017552,0.1988258342344179,-0.10846549374692552,-0.9740141294186769
5.8,0.015689736232161522,Empty,0.67355,0.2453,0.07035,0.11285,0.19489,0.12422,0.9921,0.04999,0.10043,0.0562,0.9748292016875965,0.11048753572750775,0.1936505408874098,0.08790966581703802,-0.9886834173528012,0.12156064703481678,0.20489001486910083,-0.10147711417087737,-0.973510388802549
5.867,0.015689736232161522,Empty,0.67291,0.2461,0.06792,0.10875,0.20114,0.12033,0.99201,0.04795,0.10332,0.05429,0.9740505621429099,0.10635460767250676,0.19978538439012125,0.08391787270304002,-0.9895068430330293,0.11761801831269143,0.21019822318487327,-0.09780033240043398,-0.9727547491286213
5.933,0.015689736232161522,Empty,0.67262,0.24732,0.06645,0.10489,0.20679,0.1148,0.99197,0.04614,0.10589,0.05158,0.973319112959564,0.1024533520380489,0.20531248136383481,0.08060757191499024,-0.990422320458322,0.1120983786141574,0.21483091885847594,-0.0925577538303567,-0.9722554903461857
6.0,0.015689736232161522,Empty,0.67231,0.24843,0.06528,0.1004,0.21192,0.10991,0.99193,0.04402,0.10821,0.04925,0.9727055319688684,0.09798502895737993,0.21033992055095535,0.0766685744635297,-0.9912741016627871,0.10722679265167245,0.21901113617095144,-0.08817363252614684,-0.9717301748737933
6.067,0.015689736232161522,Empty,0.67238,0.24946,0.06452,0.09447,0.21713,0.10528,0.9919,0.04118,0.11055,0.04714,0.9721650691535688,0.09212319953217674,0.2154260764754152,0.0712783622639776,-0.9921635955255526,0.10261966081981017,0.22319156209543833,-0.08440803173728449,-0.9711131812449236
6.133,0.015689736232161522,Empty,0.67252,0.25052,0.06378,0.08794,0.22214,0.10202,0.99183,0.03798,0.11282,0.04576,0.9716570940199916,0.08566676735195511,0.2203263411671231,0.06501747912254391,-0.9929275946640286,0.09933538726584817,0.2272778454869174,-0.08219487043710458,-0.9703549784613115
6.2,0.015689736232161522,Empty,0.67268,0.25175,0.06291,0.08046,0.22855,0.09834,0.9917,0.03431,0.11576,0.04421,0.9708471417242122,0.0782827872120555,0.22655602537173858,0.05781307040973388,-0.9937369619038134,0.0956268761174271,0.23262303474876903,-0.07974117990405354,-0.9692924573789805
6.267,0.015689736232161522,Empty,0.67307,0.25332,0.06205,0.07356,0.23987,0.0933,0.99127,0.03089,0.12114,0.04187,0.9687414028989474,0.0713804429346317,0.23758141062767285,0.05108953846371861,-0.9945850475285397,0.09050106238169542,0.24275492449988184,-0.07553420151896179,-0.9671425081299805
6.333,0.015689736232161522,Empty,0.67247,0.25526,0.06044,0.0713,0.25111,0.08454,0.9908,0.03004,0.12653,0.03744,0.9661744150607348,0.06900631095870624,0.24848567107565211,0.05005498131522512,-0.9953909138499958,0.08180114589907844,0.2529851745213129,-0.06659622866754705,-0.965175343551461
6.4,0.015689736232161522,Empty,0.67172,0.25606,0.05828,0.06463,0.25523,0.07848,0.99075,0.02703,0.12836,0.03478,0.9655847791405192,0.06248352993770612,0.2524714692369789,0.044627190324158905,-0.9961201275235823,0.07584922825034808,0.25623123965653805,-0.06197176799903259,-0.9646268977149391
6.467,0.015689736232161522,Empty,0.67164,0.25622,0.05674,0.05875,0.26061,0.0758,0.99053,0.02418,0.13089,0.03374,0.9645643352050591,0.056735594275918955,0.2576756014693301,0.03906833220224165,-0.9965533991609914,0.07317778378448678,0.2609392815759212,-0.06051772436924688,-0.9634564320029265
6.533,0.015689736232161522,Empty,0.67132,0.25655,0.05547,0.05365,0.26491,0.07363,0.99034,0.02171,0.13291,0.03293,0.9637289183079418,0.05175937685812154,0.2618158492610084,0.034252142520256046,-0.996888160861579,0.07099848918667609,0.26467595801238963,-0.059455543402423414,-0.9625028184940273
6.6,0.015689736232161522,Empty,0.67064,0.25708,0.05439,0.05161,0.26701,0.0712,0.99027,0.02082,0.13389,0.03183,0.9632818420833773,0.04976045174272947,0.26384084246911915,0.03271468916606801,-0.9971067896375143,0.06861340373088456,0.2664917293748957,-0.05746257478680607,-0.9621227627873942
6.667,0.015689736232161522,Empty,0.66974,0.25761,0.05342,0.05134,0.26859,0.06727,0.99022,0.02092,0.13463,0.02988,0.9628735024420938,0.04946856763715307,0.26538176107416184,0.03337926652359252,-0.9973397997534066,0.06480083636946148,0.26788139700479763,-0.05353675974284563,-0.96196329061716
6.733,0.015689736232161522,Empty,0.66877,0.25711,0.05225,0.05148,0.26686,0.06711,0.99034,0.02103,0.13377,0.02982,0.9633268842356206,0.0496230254764351,0.2637022363414009,0.03366485214392695,-0.9973369722121718,0.06469653459641415,0.26621042774282627,-0.053446414297149525,-0.962432069789738
6.8,0.015689736232161522,Empty,0.66865,0.2563,0.05183,0.05346,0.26658,0.06976,0.9903,0.02184,0.13369,0.031,0.9632988184420144,0.05154574589144689,0.26343580331593697,0.03496754893480464,-0.9971239226212905,0.06723952303387416,0.26614405292944393,-0.05556004874750613,-0.9623307248931959
6.867,0.015689736232161522,Empty,0.66881,0.25619,0.052,0.0554,0.26716,0.07068,0.99022,0.02273,0.13402,0.03132,0.9630456009858933,0.05340994166396046,0.26398967508819715,0.036621010100930884,-0.9970049795609325,0.0681173425046196,0.266837163905081,-0.05593253849197686,-0.9621171857403529
6.933,0.015689736232161522,Empty,0.66894,0.25597,0.05203,0.06,0.26798,0.07321,0.99007,0.02482,0.13453,0.03225,0.9625717275532,0.057828102493801714,0.264785913290746,0.0404736054506481,-0.996687563940302,0.07053925962591177,0.26798797841894584,-0.05718225641501839,-0.9617237820571007
7.0,0.015689736232161522,Empty,0.66912,0.2556,0.05207,0.06403,0.26872,0.07555,0.98994,0.02664,0.13499,0.03312,0.9621366247459957,0.061677788246393195,0.2654975814568103,0.043795863437712135,-0.9963874907279346,0.07275912772040784,0.2690260910546182,-0.05837652574385058,-0.9613621292592868
7.067,0.015689736232161522,Empty,0.66922,0.25534,0.05207,0.06367,0.26873,0.07558,0.98994,0.02646,0.13499,0.03316,0.9621554377227565,0.06134848300550971,0.2655057010564062,0.043445566011717895,-0.9964005400278286,0.0727904294957281,0.2690156063399526,-0.058500662091756306,-0.9613575173058012
7.133,0.015689736232161522,Empty,0.66923,0.2553,0.05207,0.06365,0.26873,0.07558,0.98994,0.02645,0.13499,0.03316,0.9621591156245803,0.06131337949956306,0.26550048157181916,0.043408322178556835,-0.9964018447616835,0.07279478910716278,0.26900846415339424,-0.05851523946679409,-0.9613586286937753
7.2,0.015689736232161522,Empty,0.66923,0.25532,0.05207,0.06367,0.26873,0.07558,0.98994,0.02646,0.13499,0.03316,0.9621540936653784,0.061334489792732316,0.26551380454661755,0.04343028802716997,-0.9964011340097285,0.07279141588129631,0.26902288029985705,-0.05850521776723879,-0.9613552045779836
7.267,0.015689736232161522,Empty,0.66924,0.25531,0.05207,0.06367,0.26873,0.07558,0.98994,0.02646,0.13499,0.03316,0.962153227701842,0.061337872051522246,0.2655161612315138,0.043431438087320084,-0.9964005084629861,0.07279929203206678,0.2690257917163245,-0.05851232508535269,-0.961353957293832
7.333,0.015689736232161522,Empty,0.66923,0.25531,0.05207,0.06367,0.26873,0.07558,0.98994,0.02646,0.13499,0.03316,0.9621550858561274,0.061349503856130916,0.2655067402869357,0.04344294102345719,-0.9963997102144271,0.07280335404250317,0.26901728873144987,-0.05851372369976284,-0.9613562516062228
7.4,0.015689736232161522,Empty,0.66905,0.25632,0.05205,0.05788,0.26562,0.06869,0.99033,0.02412,0.13327,0.03019,0.963315950529831,0.055811731548881305,0.2625022477548028,0.03972005414611235,-0.9970143499483659,0.06621709217163754,0.2654141984774705,-0.053361377592345424,-0.9626566712115014
7.467,0.015689736232161522,Empty,0.66958,0.26,0.05298,0.0435,0.2584,0.04782,0.99121,0.01848,0.12929,0.0209,0.9658873103478629,0.04203574323088649,0.25552827632181596,0.03122796331517913,-0.9984435748886407,0.04620867960435186,0.25707298188677313,-0.03665274961880481,-0.9656966697308346
7.533,0.015689736232161522,Empty,0.67023,0.26441,0.05411,0.02706,0.24253,0.0225,0.99252,0.01207,0.1211,0.00953,0.970375919231522,0.02626801583294558,0.24016778868070304,0.02165271660131607,-0.9995270613697183,0.021836058559157975,0.24062779398764766,-0.01598890033166816,-0.9704857648759319
7.6,0.015689736232161522,Empty,0.67164,0.26792,0.05511,0.0138,0.22265,0.00245,0.99379,0.00672,0.1111,0.00045,0.975223771503199,0.013461629973907707,0.22081073346538566,0.013262396099037455,-0.9999092065124546,0.0023848650581301117,0.22082278945975725,0.0006027023136211935,-0.9753137610046999
7.667,0.015689736232161522,Empty,0.67343,0.27015,0.05573,0.0038,0.19879,-0.01253,0.99504,0.00251,0.09922,-0.00642,0.9802980154665836,0.003725627523683217,0.1974890391182072,0.00627518793035059,-0.9999048378775968,-0.012285650386347727,0.1974244738848678,0.013282879527104054,-0.9802281072397139
7.733,0.015689736232161522,Empty,0.67551,0.27101,0.05607,-0.00106,0.17894,-0.01919,0.99595,0.00033,0.08935,-0.00951,0.9840327833146099,-0.001045478318623505,0.17798423620418694,0.0023543165134465305,-0.9998188076684835,-0.01888938924705101,0.1779717352723657,0.019006809502317267,-0.983852022733442
7.8,0.015689736232161522,Empty,0.67725,0.26971,0.05567,0.00189,0.15949,-0.01347,0.9968,0.00148,0.07965,-0.00679,0.9873070412210265,0.0018671866315061458,0.15881221605866963,0.004029447559262156,-0.9999035080618812,-0.013294288920830538,0.15877206904159663,0.013765470555941172,-0.9872192977817159
7.867,0.015689736232161522,Empty,0.67769,0.26792,0.05457,0.01342,0.13808,-0.00098,0.99759,0.00673,0.06898,-0.00095,0.9903915279894704,0.01330309522906259,0.13765045929457748,0.013564325189352577,-0.9999075395845393,-0.0009598771537366602,0.13762496273873853,0.002817789793306898,-0.9904804034870359
7.933,0.015689736232161522,Empty,0.67845,0.26513,0.05395,0.02627,0.11515,0.01718,0.99823,0.01262,0.05765,0.00782,0.9930354350376618,0.026092344107728593,0.11489044494006248,0.024290264806608397,-0.9995594137127848,0.0170575934345581,0.11528489838303402,-0.014148075385638904,-0.9932317071900673
8.0,0.015689736232161522,Empty,0.67909,0.26293,0.05379,0.03648,0.09576,0.03083,0.99858,0.01748,0.04813,0.01452,0.9947551277752776,0.03630877914059377,0.0956237853366543,0.033513305096803836,-0.9989672609241362,0.030680123585429854,0.09663898874822445,-0.0273145411648869,-0.9949446324769395
8.067,0.015689736232161522,Empty,0.67961,0.26102,0.05377,0.04432,0.08418,0.04057,0.99868,0.02128,0.04251,0.01933,0.9954802203141537,0.04414006482874755,0.08408796370585722,0.04085261247155597,-0.9983471317244925,0.04042361477809611,0.08573327835521329,-0.036805695950395914,-0.9956380596020193
8.133,0.015689736232161522,Empty,0.67931,0.25963,0.05343,0.05223,0.07446,0.04922,0.99869,0.02517,0.03784,0.02361,0.9958681109861883,0.05207026757884348,0.07440022012782273,0.04849556761305518,-0.9976171958131101,0.049072502889848074,0.07677815732803461,-0.04526165984864227,-0.99602032946374
8.2,0.015689736232161522,Empty,0.67887,0.25901,0.05267,0.0617,0.06581,0.05583,0.99862,0.0299,0.03373,0.02687,0.9959367327229457,0.061534077479258376,0.06575394833711631,0.05790918505108589,-0.9967678043243422,0.05568186912405698,0.06896775115851331,-0.05164786124522631,-0.9962810586019043
8.267,0.015689736232161522,Empty,0.67822,0.25907,0.05115,0.06507,0.06338,0.05621,0.9986,0.03161,0.03257,0.02704,0.9958791459620473,0.06490169830795373,0.06334426725953202,0.06137840150138202,-0.9965385552300141,0.056067814022051896,0.06676390092736349,-0.05194879687557346,-0.9964155277975858
8.333,0.015689736232161522,Empty,0.67746,0.25854,0.04896,0.06737,0.06371,0.06082,0.9985,0.03268,0.03284,0.0293,0.9957060878125434,0.06719231610555332,0.06367557890911392,0.06334333337852194,-0.9961470253784257,0.06065250156598516,0.06750562057737733,-0.05635864162740073,-0.9961258428052037
8.4,0.015689736232161522,Empty,0.67641,0.25891,0.04654,0.06917,0.06402,0.06081,0.99846,0.03357,0.03302,0.02926,0.9955648151142283,0.06897582169863975,0.06397683117793233,0.0651104214781833,-0.9960329058626138,0.06065544867372419,0.06790678847880749,-0.05622087210169301,-0.9961063605954031
8.467,0.015689736232161522,Empty,0.67531,0.25954,0.04396,0.07164,0.06741,0.05789,0.99841,0.0348,0.0347,0.0277,0.9951702770329276,0.07141052848514068,0.06735470385710915,0.06756597448232604,-0.9960432670834838,0.05772910175910751,0.07121066494886552,-0.05289939998839915,-0.9960575759856495
8.533,0.015689736232161522,Empty,0.67441,0.25998,0.04115,0.0727,0.07212,0.05474,0.99835,0.03532,0.03701,0.02602,0.9947650390483549,0.07245954641236546,0.07205644468636584,0.06860729197595711,-0.9961499263214322,0.05457438755983311,0.07573345743362572,-0.049345095232650724,-0.9959063736123139
8.6,0.015689736232161522,Empty,0.67346,0.26021,0.03832,0.07243,0.07743,0.05162,0.9983,0.03517,0.0396,0.02437,0.9943906178475738,0.0721479768264246,0.07734318700812788,0.06828834182173688,-0.9963386146244038,0.051439939536914545,0.08077129135997647,-0.04586975526616085,-0.9956766362850262
8.667,0.015689736232161522,Empty,0.67233,0.26014,0.03573,0.07022,0.0815,0.04881,0.99829,0.03407,0.04156,0.02294,0.9942245568578444,0.06992141899541893,0.0814157583425346,0.06610718807079408,-0.9966262620490434,0.04864086224075845,0.0845421210178432,-0.04297777285782537,-0.9954926121343068
8.733,0.015689736232161522,Empty,0.67141,0.26005,0.03349,0.06823,0.08551,0.04719,0.99826,0.03306,0.04351,0.0221,0.994027451519208,0.0679276555353604,0.08541228974625385,0.06408043260062801,-0.9968369555872632,0.04700831982992723,0.08833529183709612,-0.041254303884392336,-0.9952361320948256
8.8,0.015689736232161522,Empty,0.67066,0.25987,0.0317,0.06616,0.08906,0.04592,0.99823,0.03201,0.04524,0.02145,0.9938578955326427,0.06584426929832038,0.08894389067269871,0.06196219915545054,-0.9970304627494418,0.04572682172920454,0.09169061764023044,-0.039934803745661086,-0.9949864532176045
8.867,0.015689736232161522,Empty,0.67005,0.25966,0.03007,0.06484,0.09258,0.04582,0.99818,0.03131,0.04698,0.02137,0.9936247758048571,0.06450759399263029,0.0924585054174557,0.0604918099909324,-0.9971265782242518,0.04559964827513236,0.09513435673177506,-0.039715957952400426,-0.9946718538559108
8.933,0.015689736232161522,Empty,0.66941,0.25959,0.02882,0.0635,0.09463,0.0453,0.99816,0.03063,0.04798,0.02111,0.993519405372034,0.06316360696195122,0.09449629571975765,0.059112113067956384,-0.9972329914295,0.0450790294173707,0.09708217775596581,-0.03920101478440519,-0.9945040629389263
