time,gr,gr_state,tx,ty,tz,rx,ry,rz,qw,qx,qy,qz,xx,xy,xz,yx,yy,yz,zx,zy,zz
0.0,0.015964223071932793,Empty,0.30753,0.00096,0.4849,-0.00596,0.00095,-0.0032,0.99999,-0.00298,0.00048,-0.0016,0.9999818280012422,-0.005951749739098844,0.000959344743475586,-0.005948652613813832,-0.9999771880076148,-0.0031995306629947623,0.0009783656646992287,0.003193765712511705,-0.999994421315039
0.067,0.015964223071932793,Empty,0.30753,0.00096,0.4849,-0.00594,0.00097,-0.0032,0.99999,-0.00297,0.00049,-0.0016,0.9999818456570381,-0.00594854846006998,0.0009607952754956219,-0.005945448333981029,-0.9999772123431037,-0.003197880332905734,0.0009797961273522446,0.0031921099188194284,-0.9999944252013682
0.133,0.015964223071932793,Empty,0.30753,0.00096,0.4849,-0.00594,0.00097,-0.0032,0.99999,-0.00297,0.00049,-0.0016,0.9999818628013243,-0.005945430352015335,0.0009622506549869859,-0.005942327048625351,-0.999977235633659,-0.0031963985535319516,0.0009812327149378358,0.0031906225717216533,-0.9999944285394616
0.2,0.015964223071932793,Empty,0.30753,0.00097,0.4849,-0.00592,0.00095,-0.0032,0.99999,-0.00296,0.00048,-0.0016,0.9999820119304013,-0.005921248017962677,0.0009563668419166019,-0.005918166720624285,-0.9999773891372379,-0.003193198543757572,0.0009752529381852756,0.003187481165863385,-0.9999944444073295
0.267,0.015964223071932793,Empty,0.30762,0.00067,0.48513,-0.00552,9e-05,-0.01014,0.99998,-0.00276,6e-05,-0.00507,0.9999847674749232,-0.005518732592513675,9.169894479192208e-05,-0.005517519654023084,-0.9999334059993716,-0.010136100994118533,0.0001476312691094393,0.010135440644975813,-0.9999486242042341
0.334,0.015964223071932793,Empty,0.30798,0.0002,0.48583,-0.00779,-0.00076,-0.01454,0.99997,-0.0039,-0.00035,-0.00727,0.999969392921302,-0.007786671317738858,-0.00076221413798585,-0.0077969319723633634,-0.9998639051648824,-0.01453887891996412,-0.0006489009331003599,0.014544376859135084,-0.9998940143982052
0.4,0.015963895246386528,Empty,0.30934,-8e-05,0.48708,-0.00957,-0.00324,-0.01672,0.99995,-0.0048,-0.00158,-0.00837,0.9999490332731812,-0.009565309326544869,-0.00323043549967873,-0.009618063393294629,-0.9998137831505746,-0.01672996947691226,-0.003069806605087273,0.0167601873385521,-0.9998548256660983
0.467,0.015963895246386528,Empty,0.31206,-0.00017,0.48872,-0.0108,-0.00363,-0.02064,0.99993,-0.00542,-0.00176,-0.01033,0.9999350308667826,-0.010802257175477392,-0.0036394072816285684,-0.01087513512568472,-0.9997278592149639,-0.02063828833656376,-0.0034154767522006513,0.020676526530824555,-0.9997803837689433
0.533,0.015963895246386528,Empty,0.31567,-0.0001,0.48942,-0.01332,-0.00744,-0.02677,0.99988,-0.00671,-0.00363,-0.01341,0.9998835757568123,-0.013319628152870189,-0.007444624748103312,-0.013514469799161821,-0.999550390531126,-0.026765199329003068,-0.007084775071824425,0.026862693367251764,-0.9996140263457883
0.6,0.015964223071932793,Empty,0.31999,-0.00024,0.48862,-0.0145,-0.01208,-0.02997,0.99984,-0.00734,-0.00593,-0.01503,0.9998220881538276,-0.014494367388656892,-0.012070847266111993,-0.014850731603588685,-0.9994402935258626,-0.02997591446103439,-0.011629609217739404,0.030149842303728868,-0.9994777332179553
0.667,0.015964223071932793,Empty,0.32461,-0.00049,0.48597,-0.01459,-0.01765,-0.03071,0.99982,-0.00743,-0.00871,-0.01542,0.9997376976509955,-0.014596914097628644,-0.017648399199712752,-0.0151343461374282,-0.9994136851802989,-0.030712170898951088,-0.017189748761354144,0.030971212006641245,-0.9993724513735415
0.733,0.015964223071932793,Empty,0.32987,-0.00057,0.48268,-0.0151,-0.02278,-0.03173,0.99978,-0.00773,-0.01127,-0.01595,0.9996262915211009,-0.015106418820007239,-0.022783182618004563,-0.015825463199705903,-0.9993715830562685,-0.03171740364724023,-0.022289728896636846,0.032066105002662,-0.9992371754972253
0.8,0.015964223071932793,Empty,0.3362,-0.00035,0.47947,-0.0132,-0.02519,-0.03164,0.99977,-0.0068,-0.01249,-0.0159,0.999595311068693,-0.01319938853474828,-0.025199012516188574,-0.01399405885121302,-0.9994018547185917,-0.03162434350160451,-0.02476651784872201,0.031964181943973574,-0.9991821208700152
0.867,0.015964223071932793,Empty,0.34265,0.00029,0.47644,-0.01198,-0.03029,-0.03162,0.99974,-0.00623,-0.01505,-0.0159,0.9994692956263986,-0.011983425573650064,-0.03029066872142087,-0.012940601563467824,-0.99941670227112,-0.03160373479028487,-0.029894279239440536,0.03197894202502444,-0.999041380191889
0.933,0.015964223071932793,Empty,0.34985,0.00164,0.47336,-0.01047,-0.03288,-0.03025,0.99974,-0.00548,-0.01636,-0.01521,0.999404602402139,-0.010468375655159401,-0.032876341167542907,-0.011463893483035226,-0.99947693562825,-0.030239614636639284,-0.0325425850791212,0.03059850091598103,-0.9990018578051107
1.0,0.015964223071932793,Empty,0.3576,0.00474,0.4699,-0.00877,-0.03304,-0.02618,0.99977,-0.0046,-0.01646,-0.01316,0.9994158234691541,-0.008772572095913977,-0.03303110319523834,-0.009638718212368003,-0.9996114335138717,-0.026154867607484898,-0.03278882295379121,0.02645796604360377,-0.9991120403248781
1.067,0.015964223071932793,Empty,0.36475,0.00889,0.46531,-0.00464,-0.03389,-0.02137,0.9998,-0.0025,-0.01692,-0.01072,0.9994149037962969,-0.004645572285127686,-0.033886114087961175,-0.005371227696475911,-0.99975752679944,-0.021355035024552976,-0.033778691254565715,0.02152455030914536,-0.9991975248924099
1.133,0.015964223071932793,Empty,0.3722,0.01373,0.46041,-0.00137,-0.03331,-0.01734,0.99982,-0.00083,-0.01665,-0.00868,0.9994441387989919,-0.0013628724433092376,-0.03330999848461403,-0.0019410457270704895,-0.9998479196969312,-0.017331180548478462,-0.03328131250156966,0.017386203047871175,-0.999294788429196
1.2,0.015964223071932793,Empty,0.38055,0.01905,0.45495,0.00076,-0.02964,-0.01367,0.99987,0.00028,-0.01482,-0.00683,0.9995604486431537,0.0007560146292308612,-0.029636766864437933,0.0003510084040148076,-0.9999065202234845,-0.01366848958965279,-0.029644330004184274,0.013652078832270365,-0.9994672753232896
1.267,0.015963895246386528,Empty,0.38873,0.02505,0.44835,0.00043,-0.02692,-0.01003,0.9999,0.00015,-0.01346,-0.00501,0.9996373850558584,0.00042702138867933837,-0.026924265104527674,0.00015744198953082655,-0.9999498479303228,-0.010013832240674205,-0.02692719091745759,0.010005962065590897,-0.9995873184031681
1.333,0.015963895246386528,Empty,0.39713,0.03293,0.44135,-0.00049,-0.02272,-0.00954,0.99992,-0.0003,-0.01136,-0.00477,0.9997418333103909,-0.00048228340226652566,-0.02271638465731324,-0.000699103923749278,-0.9999542707085859,-0.00953770126204806,-0.022710745978124874,0.009551120058934074,-0.999696452990975
1.4,0.015963895246386528,Empty,0.4046,0.04074,0.43434,-0.00045,-0.02,-0.01064,0.99994,-0.00028,-0.01,-0.00532,0.9997999653280585,-0.00044378304143000147,-0.019995809226552547,-0.0006563724190089548,-0.9999433229176182,-0.010626388272558589,-0.019989960111518774,0.010637387324138653,-0.9997435908700072
1.467,0.015964223071932793,Empty,0.41294,0.04886,0.42611,-0.00176,-0.01349,-0.01171,0.99996,-0.00092,-0.00674,-0.00586,0.9999074286883584,-0.001754676076633932,-0.013492781985240246,-0.0019126338683269628,-0.999929690004589,-0.011702857728434496,-0.013471298583316482,0.011727581131347545,-0.9998404812545283
1.534,0.015964223071932793,Empty,0.41963,0.05641,0.41782,-0.00197,-0.00815,-0.01277,0.99997,-0.00101,-0.00407,-0.00639,0.9999647956821682,-0.0019588199557130648,-0.008159069842882815,-0.0020630028072097795,-0.9999162020157388,-0.012780178630902401,-0.008133352060336855,0.012796560897422022,-0.9998850416990253
1.6,0.015964223071932793,Empty,0.42588,0.06436,0.40952,-0.00657,-0.00145,-0.0153,0.99997,-0.00329,-0.0007,-0.00765,0.999977357241775,-0.006571619514853577,-0.0014487307229905932,-0.006593015452741713,-0.9998612892987297,-0.015294911216524237,-0.00134801743150763,0.015304116401591024,-0.9998819764703085
1.667,0.015964223071932793,Empty,0.43119,0.07181,0.40198,-0.0099,0.00549,-0.01381,0.99996,-0.00493,0.00278,-0.00689,0.9999358913482299,-0.00990548755494347,0.005485846326653147,-0.009828913271435147,-0.9998562744951996,-0.013813863199065857,0.005621890920624487,0.01375905770315532,-0.9998895352355668
1.734,0.015964223071932793,Empty,0.43628,0.07931,0.39435,-0.01331,0.01386,-0.01225,0.99994,-0.00661,0.00697,-0.00608,0.9998153929817123,-0.013300590696873726,0.013866298855070956,-0.013131072583741521,-0.9998387997688317,-0.012245383196228143,0.014026934434309574,0.012061043235814743,-0.9998288735310854
1.8,0.015963895246386528,Empty,0.44138,0.08678,0.38628,-0.01758,0.02408,-0.01133,0.99987,-0.00872,0.01209,-0.00556,0.9995556185557775,-0.017573446588122266,0.02407777789978595,-0.01730469228081999,-0.9997861208873265,-0.011325197841011127,0.0242716509253726,0.010903506595876706,-0.9996459375725342
1.867,0.015963895246386528,Empty,0.44587,0.09398,0.37785,-0.02047,0.0314,-0.0117,0.99981,-0.01014,0.01576,-0.00569,0.9992980048053977,-0.02044962533750866,0.03138965459361732,-0.0200910305288326,-0.9997297262728081,-0.011697217565972749,0.03162037451139041,0.011058355666721349,-0.9994387748560227
1.933,0.015963895246386528,Empty,0.45073,0.10131,0.36918,-0.02656,0.03958,-0.01589,0.99969,-0.01312,0.01989,-0.00768,0.9988644981496524,-0.0265419429101989,0.03956310911436088,-0.025930844501519723,-0.9995375984445454,-0.015880195186104763,0.03996630630520024,0.014836258364645954,-0.999090876646392
2.0,0.015964223071932793,Empty,0.45593,0.1092,0.35967,-0.03417,0.05155,-0.01919,0.99948,-0.01683,0.02593,-0.00915,0.9980892842811766,-0.03411343243979492,0.05151751479122156,-0.03316461692860295,-0.9992662038796526,-0.01916147092286252,0.052133374982512,0.01741630015600994,-0.9984882491555964
2.067,0.015964223071932793,Empty,0.45978,0.11703,0.34951,-0.04212,0.05941,-0.02153,0.99929,-0.02073,0.02992,-0.01013,0.9973510912393428,-0.04202672309704619,0.05936796568366223,-0.040814804033264485,-0.9989357838927384,-0.02148142058446364,0.06020757905296061,0.019001426376053825,-0.9980050066108171
2.133,0.015963895246386528,Empty,0.46334,0.1257,0.33935,-0.0524,0.06919,-0.02484,0.99899,-0.02575,0.0349,-0.0115,0.9962384024376211,-0.052247498538317005,0.06913207942066282,-0.050642798619499885,-0.9984097171958597,-0.024765773900037612,0.0703160895991882,0.021171573049056945,-0.9973000611842491
2.2,0.015963895246386528,Empty,0.46741,0.13467,0.32965,-0.06343,0.07931,-0.02643,0.99864,-0.03116,0.04004,-0.01194,0.9948511293020549,-0.06319411255740559,0.07923215675789858,-0.061281433117200024,-0.9977727533678077,-0.026346130492465262,0.08072060753939125,0.021355017558077713,-0.9965079762568718
2.267,0.015963895246386528,Empty,0.47157,0.14435,0.31968,-0.07507,0.09007,-0.02655,0.99822,-0.03689,0.04548,-0.01156,0.9931411790975007,-0.07469870047054222,0.08994833255173608,-0.07259627281264075,-0.9970112221858987,-0.02642733450602147,0.09165358451549023,0.01971616046274627,-0.9955957480132531
2.333,0.015963895246386528,Empty,0.47484,0.15365,0.30953,-0.08651,0.09777,-0.02614,0.99781,-0.04255,0.04938,-0.01093,0.9915028275586272,-0.08599043076800222,0.09761039268223869,-0.08383092959954613,-0.996140192217048,-0.026021004827986728,0.0994711927430416,0.01761712990573667,-0.9948844749759447
2.4,0.015963895246386528,Empty,0.47822,0.16218,0.30023,-0.0956,0.10722,-0.02424,0.99738,-0.04706,0.0541,-0.00953,0.989716134165576,-0.09490587610734064,0.10702732572873802,-0.09284352320649636,-0.9953889658977102,-0.02410159263807298,0.10882120184482454,0.013916941092961765,-0.993963915230157
2.467,0.015963895246386528,Empty,0.48194,0.17069,0.29049,-0.10365,0.1187,-0.02322,0.99687,-0.05102,0.05983,-0.0085,0.9876355022075387,-0.10273501756248243,0.11841296781053696,-0.10070190960126552,-0.9946497622564379,-0.023042913137656912,0.12014674436671796,0.01083358710896023,-0.9926970299182079
2.533,0.015963895246386528,Empty,0.48509,0.17761,0.28122,-0.10997,0.12866,-0.02239,0.9964,-0.05412,0.0648,-0.00762,0.9857448113265381,-0.10883089056185014,0.128308239027439,-0.10685634664857618,-0.994026724875837,-0.022194400499594556,0.12995725498688845,0.008167465465594076,-0.9914859577342187
2.6,0.015963895246386528,Empty,0.4878,0.18373,0.27218,-0.11704,0.13571,-0.02246,0.99597,-0.05759,0.06834,-0.00722,0.9840240396754505,-0.11570989743288707,0.13530672184661863,-0.11373738817501539,-0.9932617820017677,-0.022244975742815386,0.1369689595197883,0.006500157747569914,-0.9905540127006317
2.667,0.015964223071932793,Empty,0.49069,0.18938,0.26394,-0.12609,0.14125,-0.02312,0.99551,-0.06203,0.07115,-0.00706,0.9821805087549893,-0.12450807583522755,0.14078063529335283,-0.12249779228759755,-0.9922047712781041,-0.022890669226334724,0.142533291221579,0.00523745212618243,-0.9897761514548481
2.734,0.015964223071932793,Empty,0.49368,0.19459,0.2561,-0.13395,0.14588,-0.02373,0.99509,-0.06588,0.0735,-0.00693,0.9805146236810462,-0.13213271042826802,0.14536856462968806,-0.13009391398579534,-0.9912234876171724,-0.02348555172666314,0.1471959452276891,0.004116361370037739,-0.9890987864099311
2.8,0.015964223071932793,Empty,0.49771,0.19946,0.24896,-0.14123,0.15512,-0.02403,0.9945,-0.06941,0.07813,-0.00648,0.9781551875641956,-0.1390731901542388,0.15450267577480997,-0.13704866329248755,-0.9902800071363053,-0.02373123165495905,0.15630128896140158,0.0020384421605355806,-0.9877073209319464
2.867,0.015964223071932793,Empty,0.50194,0.20402,0.24138,-0.14866,0.1653,-0.02512,0.99383,-0.07297,0.08325,-0.00635,0.9754892198621978,-0.1461068747877966,0.164540460289815,-0.14399201570549475,-0.9892686977609509,-0.024773837882353184,0.16639435490938279,0.0004740992466088246,-0.9860591736220473
2.933,0.015964223071932793,Empty,0.50692,0.20918,0.23292,-0.15345,0.1787,-0.02668,0.99308,-0.07515,0.08998,-0.00641,0.9725090132230694,-0.1504232141650485,0.17776128892463655,-0.1481161353452149,-0.9886213757903739,-0.026256157006431927,0.17968814554747392,-0.0007949657881462511,-0.9837233037694624
3.0,0.015963895246386528,Empty,0.51003,0.21418,0.22393,-0.16042,0.18373,-0.02648,0.99259,-0.07857,0.09249,-0.00579,0.9705427602538845,-0.15705485605363723,0.18270337355599553,-0.1549133603207165,-0.9875851893672132,-0.026025843630311976,0.18452263089635962,-0.0030439994245914687,-0.982823551180266
3.067,0.015963895246386528,Empty,0.51311,0.21906,0.21627,-0.16685,0.18876,-0.0247,0.99211,-0.08179,0.09493,-0.0044,0.9685956189949552,-0.16313119511220753,0.18764525052620595,-0.16145909033461392,-0.9865810048408254,-0.02426691236202047,0.18908593023305234,-0.0067922064551844364,-0.9819370534404797
3.133,0.015963895246386528,Empty,0.51592,0.22369,0.21035,-0.17301,0.19213,-0.02391,0.9917,-0.08485,0.09658,-0.00357,0.9669471343825882,-0.16897739269330148,0.19094470421531634,-0.16759962588747895,-0.9855759074562482,-0.023462652112873877,0.1921551579106788,-0.009315116766123371,-0.9813203472301772
3.2,0.015963895246386528,Empty,0.51831,0.22776,0.20601,-0.17718,0.19555,-0.02295,0.99135,-0.08693,0.09824,-0.00274,0.9655844456979905,-0.1728990695516036,0.19430025726769917,-0.1718214156649841,-0.9848707353374523,-0.02251745533462471,0.1952538843275216,-0.011642440639993862,-0.9806836259625012
3.267,0.015963895246386528,Empty,0.52031,0.23137,0.2032,-0.18022,0.19799,-0.02194,0.99111,-0.08846,0.09941,-0.00198,0.9645866900576601,-0.17574101391059255,0.1966916708792827,-0.1749539890961624,-0.9843416110463099,-0.02151033384433637,0.19739204407206268,-0.013663410717376277,-0.9802294079166474
3.333,0.015963895246386528,Empty,0.52307,0.23502,0.20195,-0.18207,0.20422,-0.02244,0.99071,-0.08929,0.10252,-0.00185,0.9630317961736701,-0.1773005315449016,0.20281587973433013,-0.17654311919825394,-0.9840477199355351,-0.021968430836670633,0.2034755184838364,-0.014649450623480595,-0.9789704321245685
3.4,0.015963895246386528,Empty,0.52514,0.23773,0.20041,-0.18308,0.20919,-0.02204,0.99042,-0.08976,0.10496,-0.00137,0.9618515425921826,-0.178086644489929,0.20766982705091314,-0.17751013564773305,-0.9838827120971267,-0.021562944574566284,0.20816282510420042,-0.016123147667872595,-0.9779612887808585
3.467,0.015964223071932793,Empty,0.5274,0.23966,0.19879,-0.18341,0.21582,-0.02194,0.99006,-0.08986,0.10824,-0.001,0.9604210286882906,-0.17814239072640392,0.2141418601759289,-0.17771115329207482,-0.9838494600337356,-0.02142395824601974,0.21449986864547635,-0.017479376922757264,-0.9765676001862161
3.534,0.015964223071932793,Empty,0.52989,0.24105,0.19587,-0.18528,0.22469,-0.02238,0.98949,-0.09067,0.11265,-0.0007,0.9581789916207764,-0.17959146392671554,0.22280019322534458,-0.17927517280692323,-0.9835570385610095,-0.02181660633885671,0.2230547745098488,-0.019038329279536307,-0.9746199821400157
3.6,0.015964223071932793,Empty,0.53226,0.2422,0.1916,-0.1873,0.23357,-0.02175,0.9889,-0.09161,0.11701,0.00014,0.9558313030635244,-0.18114923876572814,0.23145512173741628,-0.1812131892552456,-0.9832159829392988,-0.021168630863876534,0.23140505639209283,-0.021709080756808486,-0.9726152454536514
3.667,0.015964223071932793,Empty,0.5335,0.2428,0.18652,-0.18972,0.23788,-0.02173,0.98853,-0.09276,0.11914,0.0005,0.9544024358709948,-0.18326579872033455,0.23564727331948904,-0.1835057572055157,-0.98279200709395,-0.021107057224441922,0.2354604584127504,-0.023098004494831965,-0.9716094146890583
3.734,0.015964223071932793,Empty,0.53469,0.24311,0.18159,-0.19128,0.24302,-0.02084,0.98816,-0.09353,0.12164,0.00128,0.9529116312340045,-0.18453316252123542,0.24063859829391604,-0.18515620612583683,-0.9825009905659403,-0.020223324900541698,0.24015953529276307,-0.025284688387590327,-0.9704040818860493
3.8,0.015964223071932793,Empty,0.53541,0.24327,0.17696,-0.19246,0.24711,-0.02027,0.98785,-0.0941,0.12363,0.00183,0.9517191066286114,-0.18546986689305484,0.24460513190182748,-0.18637514637245517,-0.9822820928591769,-0.019651841207412465,0.24391606526156429,-0.02688528450413082,-0.9694236094630911
3.867,0.015964223071932793,Empty,0.53625,0.24329,0.17285,-0.19225,0.25197,-0.02108,0.98757,-0.09389,0.12607,0.00165,0.9505848054051214,-0.18502358020451765,0.249308649070203,-0.18585656313872878,-0.9823648982920021,-0.020409422872878252,0.24868829017701427,-0.026934761406901594,-0.9682089923961597
3.933,0.015964223071932793,Empty,0.53739,0.24324,0.16924,-0.19266,0.25876,-0.02261,0.98712,-0.09392,0.12949,0.00125,0.9488232882009888,-0.18509479755595915,0.2558794319307078,-0.18574445090799852,-0.9823551861221327,-0.021846904948663884,0.2554082354278136,-0.026799332392214003,-0.9664618094156553
4.0,0.015964223071932793,Empty,0.53806,0.24339,0.16546,-0.1963,0.26391,-0.02405,0.98662,-0.09556,0.1321,0.00103,0.946834820542805,-0.18829030504034067,0.26086506787128383,-0.18883684278848495,-0.981734235701176,-0.023206405536069757,0.2604697092050268,-0.027288302989428845,-0.9650963056123496
4.067,0.015964223071932793,Empty,0.53843,0.24366,0.16183,-0.19766,0.26893,-0.02445,0.98623,-0.09614,0.13459,0.00117,0.9452870722872688,-0.18930726474174314,0.2656974039816032,-0.1899365479025275,-0.981513353959012,-0.023572097297487174,0.26524791938379955,-0.028183248856916483,-0.9637682531326887
4.133,0.015964223071932793,Empty,0.53843,0.24428,0.15881,-0.19762,0.27287,-0.02566,0.98597,-0.09599,0.13659,0.00077,0.9442598758193796,-0.18906931926993303,0.26949226227922357,-0.18948748938338467,-0.9815721065465244,-0.024712163341165785,0.26919839948400753,-0.02773070789978142,-0.9626854260632731
4.2,0.015963895246386528,Empty,0.53822,0.24457,0.15616,-0.19678,0.27703,-0.02653,0.98573,-0.09546,0.13868,0.00049,0.9433129037993004,-0.1880612854275922,0.2734844025699706,-0.18833166641612092,-0.9817739873081598,-0.025515118458749236,0.27329827835289966,-0.027437032790713883,-0.961537966115214
4.267,0.015963895246386528,Empty,0.53807,0.2446,0.15396,-0.19554,0.28217,-0.02721,0.98543,-0.09473,0.14125,0.00032,0.9421477459232961,-0.1866155991817524,0.2784461222457362,-0.18679416739448595,-0.98205125995718,-0.026139277800202032,0.27832636217047907,-0.02738504990959236,-0.9600960864217687
4.333,0.015963895246386528,Empty,0.53804,0.24451,0.15192,-0.19586,0.2874,-0.02819,0.98505,-0.09475,0.14387,0.00012,0.9406471022174789,-0.18662542461670723,0.28346777590494077,-0.18669401283550302,-0.9820462431341088,-0.027028168964242316,0.2834226078865926,-0.027497767778789362,-0.9586008022664841
4.4,0.015963895246386528,Empty,0.53774,0.2443,0.14981,-0.19651,0.29243,-0.02873,0.98466,-0.09496,0.14637,0.00015,0.9391184524558773,-0.18696712470989252,0.28827040523542063,-0.18705480830167182,-0.9819643872974633,-0.02750346834024303,0.2882135162481161,-0.028093350765498515,-0.9571539754369013
4.467,0.015963895246386528,Empty,0.53702,0.24414,0.14766,-0.19397,0.29772,-0.0282,0.9844,-0.09367,0.14895,0.00048,0.9380834297442764,-0.18426523091291402,0.29333564992313105,-0.18455226485591447,-0.9824530288007765,-0.026953807462641005,0.29315514727830994,-0.028850838407074322,-0.955629472519261
4.533,0.015964223071932793,Empty,0.53591,0.2441,0.14536,-0.19217,0.30103,-0.02868,0.98424,-0.0927,0.1506,0.00027,0.9374532092907071,-0.18239760059168358,0.29650058294875214,-0.18255922714263273,-0.982813183415338,-0.027392975196084635,0.2964010947612,-0.02844928476087394,-0.9546397379226139
4.6,0.015964223071932793,Empty,0.53514,0.24408,0.14344,-0.19134,0.30474,-0.0288,0.984,-0.09223,0.15243,0.00033,0.9365161797328835,-0.1814057605353383,0.30004898790550977,-0.18160629983443527,-0.9829875619017436,-0.027470074752556972,0.2999276528747731,-0.028764616998345476,-0.9535281851366365
4.667,0.015964223071932793,Empty,0.53422,0.24421,0.14145,-0.19249,0.30713,-0.02976,0.98377,-0.09269,0.15365,6e-05,0.9356008883240843,-0.18235523704992873,0.30232026939596474,-0.18239316252044507,-0.9828165176922807,-0.02836241909656237,0.3022973900531974,-0.028605245527399098,-0.9527843554001829
4.734,0.015964223071932793,Empty,0.53331,0.24459,0.13919,-0.19291,0.30996,-0.02992,0.98353,-0.09284,0.15505,0.00015,0.934680670226957,-0.18257894158061921,0.30501963018039824,-0.18267051343684715,-0.9827610433512786,-0.02849938932371518,0.30496479833712714,-0.02908026413922148,-0.9519195396738048
4.8,0.015964223071932793,Empty,0.53271,0.24538,0.1369,-0.19214,0.31502,-0.03065,0.98318,-0.09233,0.15757,-2e-05,0.9332947208458198,-0.18156788105591654,0.30982909580958856,-0.18155295027064694,-0.9829492180527626,-0.02914379826800015,0.30983784515347146,-0.029050633354997576,-0.950345500548262
4.867,0.015964223071932793,Empty,0.53211,0.24586,0.13432,-0.19156,0.31876,-0.03115,0.98292,-0.09195,0.15943,-0.00013,0.9322524735252022,-0.18080739261568862,0.313391149175687,-0.1807222604786864,-0.9830891705745473,-0.029582888069329266,0.31344024976638757,-0.029058036316391898,-0.9491632316687261
4.933,0.015964223071932793,Empty,0.5317,0.2461,0.13166,-0.19243,0.32227,-0.03172,0.9826,-0.09228,0.16118,-0.00017,0.9310135320674604,-0.18140056383548064,0.3167138117408864,-0.18128807634301003,-0.982969626836127,-0.030088969631676815,0.31677821339720114,-0.029403199788709592,-0.9480437834610077
5.0,0.015964223071932793,Empty,0.53138,0.24643,0.12925,-0.19327,0.32662,-0.03221,0.98222,-0.09258,0.16334,-0.00013,0.9295011000577307,-0.18190821027960935,0.3208381336816708,-0.1818235133455492,-0.9828581299483246,-0.030497645633116327,0.3208861402213395,-0.02998832151607791,-0.9466429028870914
5.067,0.015964223071932793,Empty,0.53058,0.24691,0.12677,-0.1934,0.32863,-0.03188,0.98205,-0.09264,0.16431,0.00014,0.9288436661138415,-0.18190316775964505,0.322739339838212,-0.18199697118551483,-0.982836396932105,-0.03016155408490573,0.3226864521474328,-0.03072221386105236,-0.9460071876978411
5.133,0.015964223071932793,Empty,0.52988,0.24726,0.12451,-0.19483,0.33055,-0.03182,0.98183,-0.09332,0.16525,0.00038,0.9279645341067356,-0.18312794031815754,0.32457045601055307,-0.18338126761830575,-0.9825812037846944,-0.03009133854988222,0.3244273942298528,-0.031596446696577275,-0.9453827428239728
5.2,0.015964223071932793,Empty,0.52903,0.24789,0.12286,-0.19547,0.33262,-0.0324,0.98163,-0.09355,0.16629,0.00025,0.9271927434911034,-0.18358376467347243,0.3265128140912021,-0.18375004575681753,-0.9824958996692871,-0.030622341801464364,0.3264192658251168,-0.0316039314224234,-0.9446965938420855
5.267,0.015964223071932793,Empty,0.52826,0.24835,0.12154,-0.19487,0.33525,-0.03303,0.98144,-0.09316,0.16761,2e-05,0.9264515410495993,-0.18286211814488906,0.3290121393419815,-0.1828771378807767,-0.9826409841680415,-0.031187315912059976,0.3290037910531705,-0.031275261482964126,-0.9438105548741306
5.333,0.015964223071932793,Empty,0.52776,0.2489,0.12003,-0.19607,0.33939,-0.03403,0.98104,-0.0936,0.16969,-0.00016,0.9248852413804803,-0.18371238072173773,0.33292199003088147,-0.18360138352576955,-0.9824769012150338,-0.032088479962879085,0.332983216159605,-0.03144677643982224,-0.9424082332023367
5.4,0.015964223071932793,Empty,0.52726,0.24961,0.11812,-0.19778,0.34329,-0.03592,0.98064,-0.09421,0.17169,-0.00075,0.9232923213717132,-0.18502644289156822,0.3365954615364356,-0.18451028917138507,-0.9822483865330889,-0.033823961078432774,0.3368786762113694,-0.03087592239977096,-0.9410416754480316
5.467,0.015964223071932793,Empty,0.52644,0.25018,0.11582,-0.19762,0.34658,-0.03652,0.98037,-0.09402,0.17333,-0.00089,0.9222336773034693,-0.18464873584587316,0.3396908724087852,-0.18403020796377317,-0.9823205008279456,-0.034341173683273024,0.3400263622193597,-0.030842795003942117,-0.9399099930271057
5.533,0.015964223071932793,Empty,0.52556,0.25079,0.1132,-0.1954,0.35114,-0.03738,0.98008,-0.09278,0.1756,-0.00128,0.9211169120989842,-0.18230651716086133,0.34395925346748324,-0.18140963056667653,-0.9827815372411697,-0.0350855525187416,0.34443312875345466,-0.03007962530617596,-0.9383288527795284
5.6,0.015964223071932793,Empty,0.52467,0.25103,0.10943,-0.19695,0.3546,-0.03814,0.97971,-0.09341,0.17733,-0.00134,0.9196572361053919,-0.18349987989691546,0.34721515254494495,-0.18254642265528354,-0.9825466373881555,-0.03576183626419488,0.34771737324262414,-0.030494252492005245,-0.9371033715178937
5.667,0.015964223071932793,Empty,0.52366,0.25151,0.10567,-0.19619,0.35702,-0.03976,0.97953,-0.09285,0.17859,-0.00208,0.9189720851717722,-0.18263925193865893,0.3494756219342515,-0.18115034079607245,-0.9827498585533121,-0.03724606748251236,0.35024971192637944,-0.02907953171445617,-0.9362048494484294
5.734,0.015964223071932793,Empty,0.52276,0.25153,0.10202,-0.19304,0.36041,-0.04028,0.97938,-0.0912,0.18027,-0.00245,0.918369216525275,-0.17952286941645518,0.3526606321879924,-0.17775942305499476,-0.983352628774077,-0.03767220458464446,0.3535527819914692,-0.02809175750276749,-0.9349926649479653
5.8,0.015964223071932793,Empty,0.522,0.2515,0.0985,-0.19384,0.3634,-0.04232,0.97907,-0.09135,0.18183,-0.00323,0.9171893108638891,-0.1800519003922354,0.35545053270767324,-0.17770179981974094,-0.9832894379767168,-0.039546826728040524,0.3566312358415187,-0.026892272655494022,-0.9338581087582704
5.867,0.015964223071932793,Empty,0.52103,0.25143,0.09504,-0.19528,0.36533,-0.04358,0.97883,-0.0919,0.18283,-0.00362,0.9162533562806428,-0.1812427681029174,0.3572545956525257,-0.17859207524833476,-0.9830810103151559,-0.040701324502100206,0.35858702955203314,-0.0265101144494722,-0.9331197972762795
5.933,0.015964223071932793,Empty,0.52015,0.25173,0.09209,-0.19428,0.36795,-0.04554,0.97864,-0.09118,0.1842,-0.00454,0.9155101966338669,-0.18013979050470053,0.35970923776898045,-0.17679454037273168,-0.9833307159070153,-0.042478154952768604,0.3613651482279561,-0.024705445365739515,-0.9320970285412713
6.0,0.015964223071932793,Empty,0.51902,0.25258,0.09038,-0.19008,0.36818,-0.05152,0.97879,-0.08857,0.18457,-0.00784,0.9161782838971404,-0.17627085299954914,0.35992490674875854,-0.17048248939160426,-0.9841888551047799,-0.04804183904040554,0.3627024578440744,-0.017346004449268,-0.9317435501271331
6.067,0.015964223071932793,Empty,0.51887,0.25271,0.08969,-0.19031,0.369,-0.05554,0.97869,-0.08829,0.18515,-0.00975,0.915852094360843,-0.176420814767155,0.36068079706542566,-0.16920191208815577,-0.9842207039078934,-0.05177179680832647,0.36412313054867784,-0.013612571981220331,-0.9312513321781002
6.133,0.015964223071932793,Empty,0.51871,0.25401,0.08949,-0.18758,0.37181,-0.0606,0.97852,-0.08642,0.18673,-0.01234,0.9153266805407538,-0.1737465245983918,0.3633031971786444,-0.16452750007295408,-0.9847569276299748,-0.056431331762740705,0.3675700880240239,-0.008120263219430475,-0.9299603710455937
6.2,0.015964223071932793,Empty,0.51749,0.25566,0.08949,-0.17695,0.37187,-0.07149,0.97888,-0.0802,0.18713,-0.01866,0.9171011813985359,-0.16400226564470988,0.36335750981755033,-0.15003548580740772,-0.9864384546859801,-0.06654718713267227,0.3693437099450109,0.006513983430877092,-0.929270031768978
6.267,0.015964223071932793,Empty,0.51651,0.25551,0.08938,-0.16665,0.37167,-0.08223,0.97918,-0.07416,0.18733,-0.02489,0.9188156721961521,-0.15456277040814548,0.363164027032541,-0.13591151512874278,-0.987760614737985,-0.07653122256861714,0.370548000375313,0.020959913554128767,-0.9285767935080335
6.333,0.015964223071932793,Empty,0.51584,0.25377,0.08874,-0.1609,0.36988,-0.08738,0.97948,-0.07091,0.18657,-0.02803,0.9203291877610046,-0.1493704111986301,0.3615005759518535,-0.1284541933353156,-0.9883720460847005,-0.08136472658907848,0.3694505465820059,0.028446067859975468,-0.9288148980574992
6.4,0.015963895246386528,Empty,0.51598,0.25326,0.08897,-0.15616,0.37179,-0.0904,0.97943,-0.06825,0.18754,-0.02987,0.9203428788174921,-0.14488661508653916,0.3632861877070144,-0.12248252451293973,-0.9889009640376752,-0.0841006213668701,0.3714391156015587,0.03290519858808838,-0.9278740384917612
6.467,0.015963895246386528,Empty,0.51578,0.25453,0.08971,-0.14541,0.3751,-0.09731,0.97937,-0.06224,0.18921,-0.03413,0.9206549123126797,-0.13482438447446365,0.36635627166136253,-0.10899721994862427,-0.9899233548307934,-0.09039556186018477,0.3748521554933403,0.043291302956012315,-0.9260732825270187
6.533,0.015963895246386528,Empty,0.51584,0.25535,0.09039,-0.13425,0.37906,-0.10204,0.97925,-0.0562,0.19109,-0.03735,0.9206497058772923,-0.12433869329668806,0.37005946605556117,-0.09578940786753642,-0.990893519867613,-0.09462780576954599,0.3784554245990427,0.051671284420307224,-0.924176157427746
6.6,0.015964223071932793,Empty,0.51599,0.25566,0.09091,-0.12362,0.38252,-0.10358,0.97918,-0.05074,0.19262,-0.039,0.9206447928284209,-0.11439205457265689,0.3732661560985141,-0.08434289769659281,-0.9918088777795702,-0.09592406145369387,0.38118163786580295,0.0568296384668792,-0.9227518361648857
6.667,0.015964223071932793,Empty,0.51589,0.25523,0.09079,-0.11068,0.38319,-0.09998,0.9795,-0.04473,0.19261,-0.03846,0.9217992004702344,-0.10243278428678299,0.3738900355929451,-0.07280450919256282,-0.9930414676399313,-0.09256428570869416,0.3807699271918232,0.05810480402503838,-0.9228423994895041
6.733,0.015963895246386528,Empty,0.51585,0.255,0.09071,-0.10242,0.38368,-0.09706,0.97969,-0.04095,0.19263,-0.03781,0.9224349708503266,-0.09480955988656081,0.3743325685890474,-0.06567609172523825,-0.9937863710167107,-0.08986267165589015,0.38052644524139895,0.05830777079903521,-0.9229300235317907
6.8,0.015963895246386528,Empty,0.51566,0.25484,0.09058,-0.08723,0.38431,-0.09201,0.98001,-0.03398,0.19256,-0.03678,0.9235331545403211,-0.08077154027947364,0.3749166183909226,-0.05243950677802539,-0.9949843370739886,-0.08518372559540327,0.3799165837307986,0.0590095522633147,-0.9231366432701078
6.867,0.015963895246386528,Empty,0.51578,0.25396,0.09036,-0.07379,0.38466,-0.08624,0.98028,-0.02794,0.1924,-0.03524,0.9244001619369642,-0.06834484880766684,0.37525101232691105,-0.041224280845161,-0.9959547559174249,-0.07984161091976008,0.3791897932166869,0.058336144943938725,-0.9234782048935243
6.934,0.015963895246386528,Empty,0.51596,0.25254,0.08985,-0.06612,0.38404,-0.07876,0.98057,-0.02491,0.19187,-0.03232,0.925130674158818,-0.06125083947909121,0.3746752866063592,-0.036444545312892374,-0.9966698255310736,-0.0729455549899782,0.3778955290121693,0.05382930000442122,-0.9242820866021622
7.0,0.015964223071932793,Empty,0.51516,0.25222,0.08907,-0.05324,0.38186,-0.06781,0.98109,-0.01969,0.19048,-0.02822,0.9266601281773343,-0.049389822409009965,0.37264145272469734,-0.027890789381028958,-0.9976319944702029,-0.06286897070183514,0.3748641230020145,0.047864904176354466,-0.925843313003944
7.067,0.015964223071932793,Empty,0.51416,0.25278,0.0885,-0.04133,0.38003,-0.05935,0.98148,-0.01468,0.18935,-0.02523,0.9278621670123299,-0.038367289930352544,0.3709444029643567,-0.01925704879321366,-0.9982958710673357,-0.05508647639561337,0.37242578468596743,0.043969362894053274,-0.9270198110222523
7.133,0.015963895246386528,Empty,0.51302,0.25371,0.08789,-0.03038,0.37748,-0.05157,0.98188,-0.01008,0.18792,-0.02247,0.9291681394307555,-0.028238161540020845,0.3685772305767518,-0.011350778817186435,-0.9987873424127929,-0.047906204778020905,0.3694830557509122,0.0403292805394547,-0.9283619017625284
7.2,0.015963895246386528,Empty,0.51245,0.25423,0.08735,-0.02351,0.37606,-0.04338,0.98212,-0.00749,0.18712,-0.01911,0.9298573439201557,-0.021853875175250725,0.3672706469316297,-0.007553275363332612,-0.9991578674364441,-0.040329938893366474,0.36784272181061145,0.03472699353070399,-0.9292393491083336
7.267,0.015963895246386528,Empty,0.51272,0.25571,0.08679,-0.01792,0.37716,-0.0382,0.98209,-0.00522,0.18759,-0.01708,0.9295668493349871,-0.01665185497031707,0.36827732531812585,-0.0038369786805851347,-0.9993622466213716,-0.035501797454345396,0.3686336259920273,0.031588221759576145,-0.9290379077486762
7.333,0.015964223071932793,Empty,0.51266,0.25711,0.08553,-0.01161,0.37767,-0.03401,0.98208,-0.00251,0.18778,-0.01561,0.929468268935064,-0.010793299700148695,0.36874414127473065,0.0009292863213746227,-0.9995002205059426,-0.031598190383389624,0.368900899253158,0.029712184203703373,-0.9289937096880992
7.4,0.015964223071932793,Empty,0.51264,0.25843,0.08429,-0.00555,0.37803,-0.02963,0.98209,6e-05,0.18791,-0.01403,0.9293781094120664,-0.00515090729526213,0.36909321031372105,0.005391685758441789,-0.9996065370040129,-0.02752636742337977,0.36908977156016565,0.027572437920508577,-0.9289846614432256
7.467,0.015964223071932793,Empty,0.51249,0.25934,0.08313,-0.00106,0.37766,-0.026,0.98214,0.00192,0.1877,-0.01267,0.9295309550658266,-0.0009906062632656365,0.3687427589440143,0.00852038351758072,-0.9996717020444537,-0.02416384067688626,0.36864563830204966,0.02560286762797849,-0.9292173516083836
7.534,0.015964223071932793,Empty,0.51225,0.26009,0.08203,0.00263,0.37698,-0.02249,0.98222,0.0034,0.18735,-0.01129,0.9297767321134003,0.0024486269725417786,0.3681157870106575,0.010910669468583878,-0.9997218691102494,-0.020907934246523457,0.3679622069075489,0.02345610045721541,-0.9295448486431772
7.6,0.015964223071932793,Empty,0.51192,0.26093,0.08116,0.00617,0.37654,-0.01955,0.98227,0.00486,0.18712,-0.01018,0.9299274826882226,0.005733975787687029,0.36769824375812765,0.013354148591676773,-0.999745489424925,-0.018183044022066386,0.36750039953248576,0.021819209339093894,-0.9297673786745158
7.667,0.015964223071932793,Empty,0.51155,0.26187,0.08046,0.01003,0.37627,-0.01652,0.9823,0.00647,0.18698,-0.00905,0.9299938608138641,0.009328021520326468,0.3674566734501352,0.016093623438073412,-0.9997526224951985,-0.015352169182432734,0.3672225675706173,0.020191132422151946,-0.929913922918866
7.733,0.015964223071932793,Empty,0.51152,0.26225,0.07992,0.01344,0.37649,-0.01354,0.98228,0.00787,0.18708,-0.00791,0.9298768347531192,0.012507701495629853,0.36765830548597267,0.01842798653051031,-0.9997508389128034,-0.01259640447022084,0.3674091472758293,0.018488307019364717,-0.9298756373847021
7.8,0.015963895246386528,Empty,0.51167,0.26221,0.0793,0.01575,0.37712,-0.01137,0.98222,0.0088,0.18739,-0.00706,0.929613558851144,0.014633899411860496,0.36824513600061876,0.019923030239856587,-0.9997456935876512,-0.010565084903017247,0.3679968805114689,0.017158005156478705,-0.9296687037826312
7.867,0.015963895246386528,Empty,0.51181,0.26176,0.07865,0.01573,0.37724,-0.00976,0.98221,0.00864,0.18746,-0.00627,0.9295654028208511,0.014623155655999864,0.3683671065624196,0.01932385028522715,-0.9997720899241052,-0.00907507680082778,0.36815044572655714,0.015554148239206188,-0.9296361211699393
7.933,0.015963895246386528,Empty,0.51157,0.2614,0.07804,0.01732,0.37709,-0.00741,0.98223,0.0092,0.18739,-0.00526,0.9295991541776928,0.01610461647069228,0.3682201160725066,0.020049372579102,-0.9997752529019738,-0.006889582278963108,0.3680264055897385,0.013787132157419588,-0.9297131169213281
8.0,0.015964223071932793,Empty,0.51145,0.2613,0.0779,0.01791,0.37689,-0.00697,0.98225,0.00945,0.18729,-0.0051,0.9296636878025579,0.01666017614495019,0.36803242535429814,0.02048260727502277,-0.9997691962656748,-0.006482051951621576,0.36783948996887894,0.013564391954878479,-0.9297903617968565
8.067,0.015964223071932793,Empty,0.51136,0.26109,0.07777,0.01842,0.37654,-0.00657,0.98228,0.00966,0.18712,-0.00495,0.9297822369515805,0.01712558975977474,0.3677114439675422,0.02083168236518923,-0.9997643157499494,-0.006111788843790156,0.3675201121831987,0.013342680705731892,-0.9299198567685465
8.133,0.015964223071932793,Empty,0.51126,0.26072,0.07757,0.01847,0.37602,-0.00585,0.98233,0.00962,0.18687,-0.0046,0.9299762228539812,0.017175067261802734,0.36721824844470197,0.02060969491763326,-0.9997728317864695,-0.0054337185302443525,0.36704150364998833,0.012621485103441276,-0.9301189347132651
8.2,0.015964223071932793,Empty,0.51121,0.2603,0.07742,0.01844,0.37561,-0.00539,0.98237,0.00956,0.18667,-0.00437,0.9301280273292647,0.017157731553231637,0.3668343836454241,0.020423177057940722,-0.9997788123435901,-0.00502197448230271,0.36666707871778037,0.012163002786653195,-0.9302727098801625
8.267,0.015964223071932793,Empty,0.51106,0.25961,0.07709,0.01832,0.37477,-0.00475,0.98245,0.00944,0.18626,-0.00404,0.9304331583698042,0.01704404484386418,0.36606507391630716,0.020057396366826408,-0.9997890163290287,-0.004429862166848819,0.3659123373937739,0.011464002930635087,-0.9305787113295849
8.334,0.015964223071932793,Empty,0.51077,0.25863,0.07663,0.01935,0.37372,-0.00338,0.98254,0.00982,0.18575,-0.00346,0.9307993355600827,0.01801048374029718,0.3650865916414202,0.020581860395763374,-0.999783200299891,-0.0031526846904145756,0.36495065960148365,0.010448678076597108,-0.9309682278052744
8.4,0.015964223071932793,Empty,0.51023,0.2574,0.07604,0.02003,0.3719,-0.00203,0.98271,0.01003,0.18486,-0.00285,0.9314492757337597,0.01866202980837467,0.36339231606968003,0.020772919455629923,-0.9997824115885701,-0.0019013930243234056,0.3632777622596031,0.009319770467901497,-0.9316342680076131
8.467,0.015963895246386528,Empty,0.50838,0.25635,0.07566,0.03078,0.36622,-0.00325,0.98316,0.01543,0.18204,-0.0044,0.9332505458165756,0.02872876026500637,0.35807551866428855,0.03193375256006076,-0.9994853673276523,-0.0030390698151323836,0.3578039325950684,0.014270908574587774,-0.9336876817158721
8.534,0.015963895246386528,Empty,0.50706,0.25349,0.07653,0.03885,0.35822,-0.00929,0.98379,0.01994,0.17803,-0.00803,0.9358180373560527,0.036365517452476126,0.3506025528992608,0.04208481070857911,-0.9990761237968993,-0.008704456708254843,0.34996209747155244,0.022900829665679873,-0.9364838932592141
8.6,0.015963895246386528,Empty,0.50998,0.24641,0.07779,0.0352,0.35998,-0.01002,0.98367,0.01821,0.1789,-0.00808,0.935327703499159,0.032935298533107504,0.3522461542409293,0.03871950830001236,-0.9992060335547328,-0.009386276408849897,0.3516573427983478,0.02241804225067696,-0.9358603232521678
8.667,0.015963895246386528,Empty,0.5128,0.24069,0.07757,0.03731,0.36437,-0.00073,0.98328,0.01841,0.18114,-0.00374,0.9337012707828769,0.034849987286760475,0.356352936461247,0.037563111398283944,-0.999294016243897,-0.0006940902122405113,0.3560771680415931,0.014033797962606235,-0.9343511668073323
8.733,0.015963895246386528,Empty,0.51234,0.24104,0.07707,0.05056,0.36702,0.00473,0.9829,0.02442,0.18248,-0.00229,0.9322119214297946,0.04717265206236598,0.35882540941462576,0.04884562857753061,-0.9987966166028401,0.004407179549931806,0.35860150322194245,0.013418627356119095,-0.9333942909225665
8.8,0.015963895246386528,Empty,0.51089,0.2437,0.07705,0.05855,0.36746,0.0049,0.98276,0.02833,0.18269,-0.00294,0.9316456715907003,0.054598623308936056,0.3592427214837926,0.056749732112033435,-0.9983780055222677,0.004563550656108306,0.35890919535660437,0.01613531599155482,-0.9332330047026451
