time,gr,gr_state,tx,ty,tz,rx,ry,rz,qw,qx,qy,qz,xx,xy,xz,yx,yy,yz,zx,zy,zz
0.0,0.016135942190885544,Empty,0.30699,-0.00048,0.48496,0.0049,-0.00125,0.00462,0.99999,0.00245,-0.00062,0.00231,0.9999872667540353,0.004889558934212779,-0.0012484162855490699,0.004895284198750738,-0.999977322944724,0.0046249096117665835,-0.0012257742070316347,-0.004630962074171045,-0.9999885257681015
0.067,0.016135942190885544,Empty,0.30699,-0.00049,0.48496,0.00488,-0.00125,0.00462,0.99999,0.00244,-0.00062,0.00231,0.9999872766635349,0.004886011211950869,-0.0012543546080384324,0.004891758218185049,-0.9999773619432968,0.004620205889342848,-0.0012317518341108506,-0.004626283104371172,-0.999988540080364
0.133,0.016135942190885544,Empty,0.30699,-0.00049,0.48496,0.0049,-0.00125,0.00462,0.99999,0.00245,-0.00062,0.00231,0.9999872509298706,0.004891835494052144,-0.0012521674086845354,0.004897574164092533,-0.999977326559532,0.0046217025172953004,-0.0012295304093243914,-0.004627776177635681,-0.9999885359055986
0.2,0.016135942190885544,Empty,0.30699,-0.00048,0.48496,0.0049,-0.00125,0.00462,0.99999,0.00245,-0.00062,0.00231,0.9999872559707141,0.004891538385942307,-0.0012492991556473658,0.004897260746480225,-0.9999773395408696,0.004619225253782635,-0.001226675728312792,-0.004625284529956286,-0.9999885509392967
0.267,0.016135942190885544,Empty,0.30699,-0.00049,0.48496,0.00488,-0.00125,0.00462,0.99999,0.00244,-0.00062,0.00231,0.9999873158080215,0.004880099140426031,-0.00124613620747918,0.0048858096552047425,-0.9999773854720854,0.004621407623750417,-0.0012235550993247627,-0.00462743738924311,-0.999988544802453
0.333,0.016135942190885544,Empty,0.30699,-0.00048,0.48496,0.00488,-0.00125,0.00462,0.99999,0.00244,-0.00062,0.00231,0.9999872845558534,0.004885642583915217,-0.001249489156786376,0.004891373110501196,-0.9999773411233253,0.004625117189730945,-0.0012268641752680419,-0.004631170096975016,-0.9999885234680587
0.4,0.016135942190885544,Empty,0.30699,-0.00048,0.48495,0.0049,-0.00127,0.00462,0.99999,0.00245,-0.00063,0.00231,0.9999872224331411,0.004891596515095076,-0.0012756386577981902,0.004897427363510565,-0.9999773878496614,0.004608578369459458,-0.0012530665069734115,-0.004614766830709872,-0.999988566810355
0.467,0.016135942190885544,Empty,0.307,-0.00048,0.48494,0.00492,-0.00131,0.00462,0.99999,0.00246,-0.00065,0.00231,0.9999870953147731,0.004908662759718685,-0.0013092875293885624,0.004914656687721786,-0.9999772747812872,0.004614766584717559,-0.0012866054426640084,-0.004621141731319846,-0.9999884947815819
0.533,0.016135942190885544,Empty,0.30706,-0.00052,0.4849,0.00494,-0.00151,0.00452,0.99999,0.00247,-0.00075,0.00226,0.9999866974388443,0.004934042166721553,-0.0015033872590502293,0.004940779726114897,-0.9999776180731059,0.004511324476835163,-0.001481094545150234,-0.00451869236995543,-0.9999886938251925
0.6,0.016135942190885544,Empty,0.30719,-0.00047,0.48477,0.005,-0.00205,0.00461,0.99999,0.0025,-0.00102,0.00231,0.999985412203507,0.004993621242371571,-0.002058914051116801,0.005003090453815695,-0.9999768124458783,0.004619919533015614,-0.0020357961816177476,-0.0046301530718040225,-0.9999872085264084
0.667,0.016135942190885544,Empty,0.30735,-0.00013,0.48469,0.00523,-0.00339,0.00533,0.99999,0.00262,-0.00169,0.00267,0.9999806293792289,0.005221695694810957,-0.0033874415701853934,0.0052396838631231235,-0.9999721037524965,0.00532329125831517,-0.0033595504662312066,-0.0053409372657915255,-0.9999800937067637
0.733,0.016135942190885544,Empty,0.30782,0.00078,0.4846,0.00674,-0.00466,0.00706,0.99999,0.00338,-0.00232,0.00354,0.9999664667919723,0.00673763638476238,-0.004655056124966461,0.006770460303433423,-0.9999520738546919,0.007071835757469351,-0.004607185568163705,-0.0071031154888340975,-0.9999641591534635
0.8,0.016135942190885544,Empty,0.30833,0.00206,0.48384,0.00711,-0.00735,0.00947,0.99998,0.00357,-0.00366,0.00475,0.9999477572998545,0.0071015027911343065,-0.007351960901619675,0.007171041442038784,-0.9999293905336302,0.009475764437734149,-0.007284149615980996,-0.00952799061451974,-0.9999280766931298
0.867,0.016135942190885544,Empty,0.3089,0.00395,0.48257,0.00577,-0.01124,0.01327,0.99996,0.00292,-0.0056,0.00665,0.9999203323138601,0.005766210602470734,-0.011228527981335047,0.005914951497303811,-0.9998946025209843,0.013258853577426817,-0.011150891180718063,-0.01332421347363715,-0.9998490500876546
0.933,0.016135942190885544,Empty,0.30949,0.00615,0.48135,0.00347,-0.01465,0.01784,0.99993,0.0018,-0.00731,0.00893,0.9998866249873349,0.003467570249295837,-0.01465309277944311,0.003728819612325185,-0.9998339118844495,0.01783941002773396,-0.014588799667399378,-0.01789202622413334,-0.9997334856459793
1.0,0.016135942190885544,Empty,0.31031,0.00884,0.48023,1e-05,-0.0182,0.02338,0.99989,0.00011,-0.0091,0.01169,0.9998343238001284,8.738961763565811e-06,-0.018202331575130796,0.0004342916719055623,-0.9997266683451166,0.02337520032677523,-0.018197152026736624,-0.02337923273342619,-0.9995610412250531
1.067,0.016135942190885544,Empty,0.31119,0.01212,0.47869,-0.00211,-0.02195,0.02989,0.99983,-0.00089,-0.01099,0.01493,0.9997569292935005,-0.0021044852380242007,-0.021946605011109028,-0.0014484404183404687,-0.9995528639765459,0.029865936058311872,-0.02199964431497065,-0.029826888174390467,-0.9993129501771941
1.133,0.016135942190885544,Empty,0.31251,0.01572,0.47741,-0.00328,-0.02643,0.03479,0.99976,-0.00141,-0.01324,0.01737,0.999645683991339,-0.003278912134252021,-0.02641505655310393,-0.0023593042675773,-0.9993925551975329,0.034770020119623005,-0.026513018705172295,-0.03469537938921915,-0.9990461903676813
1.2,0.016135942190885544,Empty,0.31449,0.01951,0.47582,-0.00362,-0.02842,0.03924,0.99971,-0.00153,-0.01424,0.01959,0.9995894795437638,-0.0036239992529557563,-0.028420749723428593,-0.0025078975075227272,-0.9992279063302338,0.03920843864512967,-0.028540897594836696,-0.03912106645161544,-0.9988267914529371
1.267,0.016135942190885544,Empty,0.31668,0.02398,0.47368,-0.00521,-0.03047,0.04413,0.99964,-0.00227,-0.01529,0.02202,0.9995222506068115,-0.0052214929242172525,-0.030463199988453957,-0.003875122055768565,-0.9990200720938129,0.04408944298497808,-0.030663560963252148,-0.043950330662181424,-0.9985630247829816
1.333,0.016135942190885544,Empty,0.31917,0.0289,0.47153,-0.0019,-0.03242,0.04922,0.99957,-0.00055,-0.01623,0.02459,0.9994726880680443,-0.0019019755527134308,-0.032414939380394255,-0.00030583856082139205,-0.9987901424180604,0.04917476864495781,-0.032469251127989825,-0.04913892446429095,-0.9982640501559094
1.4,0.016135942190885544,Empty,0.32224,0.03359,0.46919,0.00511,-0.03484,0.0503,0.99953,0.00299,-0.01735,0.02519,0.999380196153175,0.005108357114140316,-0.03482999030198322,0.006856179045389543,-0.9987132256466539,0.05024824103740619,-0.03452848600415897,-0.05045589763397458,-0.9981292431585254
1.467,0.016135942190885544,Empty,0.3257,0.03725,0.46685,0.01357,-0.04019,0.04976,0.99946,0.00728,-0.01992,0.02501,0.999099912169223,0.013562727047785161,-0.04019226217168675,0.015555861577337848,-0.9986430652036183,0.049699532103516096,-0.03946366270427805,-0.050280023426297255,-0.9979551786379053
1.533,0.016135942190885544,Empty,0.33029,0.041,0.46498,0.02319,-0.04947,0.05045,0.9993,0.01221,-0.02443,0.0255,0.9985081504265608,0.023149139573550248,-0.049452915674736246,0.025641683213101174,-0.9984010371653325,0.05037730708550314,-0.04820765098744462,-0.05157020771911244,-0.9975051559075172
1.6,0.016135942190885544,Empty,0.33524,0.04507,0.462,0.03302,-0.0579,0.05218,0.99909,0.01725,-0.0285,0.02655,0.997780375292113,0.03296521533052532,-0.05785859711522745,0.03599195519598147,-0.9979943935062839,0.05207465497912306,-0.05602590332248639,-0.05404151282335031,-0.9969657030453268
1.667,0.016135942190885544,Empty,0.34031,0.04934,0.45818,0.04224,-0.06682,0.05272,0.99885,0.02198,-0.03283,0.02704,0.9968787112013451,0.042131563924747206,-0.06676650713344348,0.04568228654605694,-0.9975713868135787,0.05257810292086477,-0.06438915940955565,-0.05546403818771271,-0.996382344593903
1.733,0.016135942190885544,Empty,0.34505,0.05359,0.45446,0.05173,-0.0758,0.05519,0.99854,0.02688,-0.03715,0.02854,0.9957949414728215,0.051553066483309595,-0.07572790683299888,0.05579450332526098,-0.9969260785254083,0.05500333948624253,-0.07265953437662066,-0.05899724817412144,-0.9956103237572688
1.8,0.016135942190885544,Empty,0.34994,0.05854,0.45155,0.06195,-0.08743,0.05833,0.9981,0.0322,-0.04276,0.03047,0.9942696957364456,0.06166638398063623,-0.0873214133354997,0.06687883844627457,-0.9960692513764093,0.05807983669499244,-0.08339660129905518,-0.06358697625451781,-0.9944856476302579
1.867,0.016135942190885544,Empty,0.35504,0.06312,0.44898,0.06964,-0.09688,0.06093,0.99771,0.03623,-0.04731,0.03209,0.9928989440632545,0.06925092887304313,-0.0967263962333688,0.07532357149351365,-0.9953156907843252,0.060605571162914165,-0.0920763077861805,-0.06746098523400203,-0.9934641256813064
1.933,0.016135942190885544,Empty,0.3594,0.06718,0.44539,0.07791,-0.10682,0.06259,0.99726,0.04054,-0.0521,0.0333,0.9912843932418988,0.07739636804400457,-0.10660700693968028,0.08433488442496645,-0.9944950622659472,0.062186802439721245,-0.10120710935535898,-0.07063549633326242,-0.9923546481342678
2.0,0.016135942190885544,Empty,0.364,0.07141,0.44249,0.08588,-0.11751,0.06416,0.99676,0.04471,-0.05726,0.03451,0.9894445219948711,0.08518621129864068,-0.11722989080829313,0.0930892652550267,-0.9936199523617828,0.06366929372034738,-0.11105821261221656,-0.0739100782921512,-0.9910617406288208
2.067,0.016135942190885544,Empty,0.36893,0.07506,0.44022,0.09478,-0.1269,0.06206,0.99629,0.04922,-0.06184,0.03393,0.9875069548134849,0.09386940934668336,-0.12656440330480975,0.1022616629156437,-0.9928537428062426,0.06151420724810247,-0.11988563922641042,-0.07368839382521535,-0.990049218030465
2.133,0.016135942190885544,Empty,0.37464,0.07839,0.4381,0.10208,-0.13579,0.06187,0.99581,0.05297,-0.06615,0.03428,0.9856376154866335,0.10096308339907739,-0.13536966694342695,0.11003377335504066,-0.9920375042704462,0.06127119096374648,-0.1281056581852455,-0.07528642581113362,-0.9888988292183936
2.2,0.016135942190885544,Empty,0.38025,0.08188,0.43473,0.10875,-0.1431,0.05988,0.9954,0.05632,-0.06973,0.0337,0.9839322452857848,0.10741517405783846,-0.14261597760769573,0.11681579212356213,-0.9913850481871622,0.05924320164780409,-0.13502372901612225,-0.07495109480896159,-0.9880035050492075
2.267,0.016135942190885544,Empty,0.38567,0.08524,0.42962,0.11516,-0.14807,0.05858,0.99506,0.05953,-0.07213,0.03341,0.9825062174181294,0.11365455755311782,-0.14752685952776334,0.12329504355277976,-0.9906790697368009,0.05790779758154524,-0.1395702868451503,-0.07508410173153911,-0.9873613891058989
2.333,0.016135942190885544,Empty,0.39089,0.08887,0.42326,0.11881,-0.15192,0.05875,0.9948,0.0614,-0.07398,0.03374,0.9815160151231315,0.11716215718277423,-0.15132528202877382,0.12714464863782604,-0.9901848619006894,0.05803600249393657,-0.1430403802412898,-0.07620346571509314,-0.9867788411966663
2.4,0.016135942190885544,Empty,0.39553,0.09326,0.41694,0.1247,-0.15653,0.05862,0.99443,0.06438,-0.07618,0.03403,0.9801055175111629,0.12284952984305603,-0.15588831759152225,0.1332202806132856,-0.9893947325415728,0.05788281309945418,-0.14712420391455844,-0.07749874990171804,-0.9860772851993794
2.467,0.016135942190885544,Empty,0.40012,0.0979,0.41089,0.12735,-0.16053,0.05926,0.99417,0.06577,-0.0781,0.03457,0.9791482838792849,0.12537485837308554,-0.15984299504257193,0.13617359690516273,-0.9889589545536955,0.058454578212244736,-0.15074942680541503,-0.07900209551644805,-0.9854102086044413
2.534,0.016135942190885544,Empty,0.40484,0.10317,0.40507,0.12696,-0.16337,0.06048,0.99405,0.06566,-0.07948,0.03525,0.9787430335870925,0.12494351393689229,-0.16263822591825555,0.136150709086228,-0.988890837261841,0.059648104704944804,-0.15337880759757286,-0.08052347672993483,-0.984881165966367
2.6,0.016135942190885544,Empty,0.41006,0.1085,0.39903,0.12951,-0.16292,0.06049,0.99398,0.06692,-0.07921,0.03534,0.9784938020405545,0.12744345858885264,-0.16219754693314978,0.13864138829420575,-0.988544174325932,0.05965719452099903,-0.15273652091125806,-0.08086148817065174,-0.9849532856489958
2.667,0.016135942190885544,Empty,0.41503,0.11314,0.39276,0.12997,-0.16214,0.06004,0.99401,0.06712,-0.07883,0.03511,0.978561927484247,0.1278964575217299,-0.161428158112852,0.1389687097603628,-0.988524138341982,0.05922605526946612,-0.15200082824068928,-0.08038982565371224,-0.9851056918653504
2.733,0.016135942190885544,Empty,0.42001,0.1174,0.38647,0.13103,-0.16007,0.05868,0.99408,0.06757,-0.07783,0.03441,0.9787546965665288,0.12898123022346997,-0.15938345647840002,0.13969324891014478,-0.9885009214729633,0.0578940796284926,-0.1500834439833058,-0.07892889519778006,-0.9855177265503483
2.8,0.016135942190885544,Empty,0.42507,0.12196,0.38037,0.12787,-0.15772,0.05788,0.99429,0.06594,-0.07674,0.03382,0.9795249822531489,0.12594162804186948,-0.15706532229658937,0.13632221860660848,-0.9890160342327543,0.057127372989554066,-0.14814540781320265,-0.07736918221539503,-0.9859345555295143
2.867,0.016135942190885544,Empty,0.42994,0.1277,0.37437,0.12306,-0.15537,0.05835,0.99453,0.06354,-0.07564,0.0338,0.9804824519566823,0.12126793646146428,-0.1547522180499859,0.13149338130572014,-0.9896416896015765,0.05760917353447963,-0.1461631009448028,-0.0768336761382373,-0.9862722413883928
2.933,0.016135942190885544,Empty,0.43415,0.13423,0.36726,0.1173,-0.15324,0.06056,0.99476,0.06073,-0.07461,0.03462,0.9814896038567589,0.1156655602367091,-0.15264218190340065,0.12599732660702984,-0.9902257464079501,0.05981341687865348,-0.14423186613569172,-0.07793875368484122,-0.9864698269410317
3.0,0.016135942190885544,Empty,0.43799,0.14144,0.36,0.11211,-0.15508,0.06477,0.99477,0.05833,-0.07549,0.03657,0.9817970357399048,0.11053439275234861,-0.15445623532640468,0.12157711339026689,-0.9905197322196126,0.06395049322153176,-0.14592321992070448,-0.0815647479151168,-0.9859277893362763
3.067,0.016135942190885544,Empty,0.44194,0.14884,0.353,0.10882,-0.15678,0.06708,0.99475,0.05681,-0.07633,0.03764,0.9818932965374121,0.10728190573157986,-0.1561286229923712,0.11877275637447998,-0.9907117293283353,0.06620650809752612,-0.1475756977218878,-0.08355155338986667,-0.9855153734813263
3.133,0.016135942190885544,Empty,0.44595,0.15576,0.34638,0.10722,-0.16136,0.06786,0.9946,0.05611,-0.07862,0.03808,0.9813405682424717,0.10562352092729133,-0.16066848150295227,0.11759808495715673,-0.990804077130413,0.06691764458018654,-0.152122909306757,-0.08456330509548958,-0.9847373598555988
3.2,0.016135942190885544,Empty,0.44958,0.16231,0.33995,0.10361,-0.16544,0.06893,0.9945,0.05442,-0.08069,0.03857,0.981053499078339,0.10202141518081814,-0.16469870306304943,0.11447057673082528,-0.9911013179361322,0.06793132302681561,-0.15630265195785903,-0.08549741767892466,-0.9840018661370397
3.267,0.016135942190885544,Empty,0.45323,0.16809,0.33399,0.09736,-0.16904,0.07199,0.99446,0.05149,-0.08252,0.03992,0.981079181778458,0.09581523739773223,-0.16823519062112946,0.1089930849177771,-0.9915103160421862,0.07090698570684069,-0.16001295735351498,-0.0879018399371712,-0.9831933278936763
3.334,0.016135942190885544,Empty,0.45625,0.17396,0.32825,0.08757,-0.17317,0.07698,0.99442,0.0469,-0.08465,0.04208,0.9812690181937298,0.08614491258954993,-0.1723083514170216,0.10039346247279257,-0.9920601558349282,0.07574826663034176,-0.16441492215074935,-0.09162805923796585,-0.9821262811545399
3.4,0.016135942190885544,Empty,0.45916,0.1803,0.32305,0.08015,-0.17471,0.08033,0.99444,0.04338,-0.0855,0.04346,0.9816143622543172,0.0788509544037076,-0.17382684144192073,0.09371332550469003,-0.9924592158517707,0.07900960380701,-0.16628606808419716,-0.09384685322648327,-0.9816016053881453
3.467,0.016135942190885544,Empty,0.46214,0.18649,0.3175,0.07267,-0.1728,0.08158,0.99466,0.03968,-0.08469,0.04373,0.9825074920689724,0.07152742235305698,-0.17193852354799785,0.08634213000730073,-0.9930257629349097,0.08027995225049828,-0.16499716547304788,-0.09372119290249847,-0.9818310819009513
3.533,0.016135942190885544,Empty,0.46552,0.19277,0.31124,0.06477,-0.16714,0.08135,0.99505,0.03563,-0.08205,0.0432,0.9839962041279937,0.06382103812044282,-0.16636810197549465,0.07799987818144749,-0.9937280517489958,0.0801285103494656,-0.16021076513573893,-0.09182284171367201,-0.9828026640553267
3.6,0.016135942190885544,Empty,0.4686,0.19866,0.30464,0.05798,-0.16091,0.08327,0.99539,0.03221,-0.07906,0.0438,0.9854240474649427,0.057198816496725646,-0.1602115541063884,0.07104972179314073,-0.9940882563255917,0.08210039992997602,-0.15456837875493026,-0.09228669474479309,-0.9836624330847212
3.667,0.016135942190885544,Empty,0.47124,0.20407,0.29732,0.04823,-0.153,0.08747,0.99575,0.02736,-0.07528,0.04542,0.9871693800777568,0.04764595868470478,-0.15240235450252237,0.06132282779722603,-0.994376898361695,0.08633709976323792,-0.14743176668496116,-0.09457508459203706,-0.9845402112390129
3.733,0.016135942190885544,Empty,0.47292,0.20982,0.29019,0.03907,-0.14742,0.09178,0.99598,0.02284,-0.07266,0.04718,0.9883985922857408,0.03864809528275487,-0.14688276787486335,0.05236022261470202,-0.9945040564981895,0.09066470479952347,-0.14257149033135874,-0.09730368101804272,-0.9849900323379087
3.8,0.016135942190885544,Empty,0.47382,0.21535,0.28336,0.03138,-0.14503,0.09609,0.99604,0.01911,-0.07161,0.04903,0.9890132916709077,0.031046230664419916,-0.14452972171774098,0.045089796577611696,-0.9944623391334204,0.09492926993227814,-0.14078216912260466,-0.10040312548331035,-0.984936339694255
3.867,0.016135942190885544,Empty,0.47508,0.22002,0.27772,0.02573,-0.14312,0.1028,0.99599,0.01649,-0.07074,0.05216,0.9894469594115283,0.025466453268614853,-0.14264001636707396,0.04022697979105322,-0.9940143962424164,0.10157347173211191,-0.13919951367792874,-0.10623953981800474,-0.9845489604743316
3.933,0.016135942190885544,Empty,0.47687,0.22465,0.27278,0.01887,-0.14107,0.10854,0.99596,0.01322,-0.06986,0.05477,0.9898890796235299,0.01867490881560102,-0.14060888244634592,0.033979366974239145,-0.9936519250265841,0.10724390197579475,-0.13771351662822112,-0.1109373682385376,-0.9842397511105696
4.0,0.016135942190885544,Empty,0.47894,0.22974,0.26834,0.00914,-0.14244,0.11448,0.9958,0.00862,-0.07078,0.05739,0.9898313731687176,0.009043183118647768,-0.14195799917586177,0.0252905609748183,-0.9932651652718906,0.11306944318861266,-0.13997942783320105,-0.11550987964882718,-0.983393729635797
4.067,0.016135942190885544,Empty,0.48137,0.23474,0.26406,-0.00156,-0.14196,0.11948,0.99571,0.00346,-0.07084,0.0595,0.9899402700393485,-0.0015443525927750223,-0.14147747781711084,0.015316283134545694,-0.9928944250700222,0.1180087799098513,-0.1406544461628011,-0.1189885525583804,-0.9828825215328112
4.133,0.016135942190885544,Empty,0.48385,0.23936,0.25871,-0.01111,-0.1389,0.12204,0.99574,-0.0013,-0.0696,0.06045,0.9903093699617318,-0.010994560666735709,-0.13844302583280874,0.005835136778452765,-0.9926870873119238,0.12057486414234733,-0.13875627173131674,-0.12021425173378668,-0.9830031692397085
4.2,0.016135942190885544,Empty,0.48619,0.24317,0.25191,-0.01757,-0.1328,0.12151,0.99595,-0.00472,-0.06676,0.06,0.9910416235813913,-0.01741453001088189,-0.13241312047399217,-0.0013914200502124219,-0.9927548044888452,0.1201497487078453,-0.13354611293258872,-0.1188891597615805,-0.983885564185074
4.267,0.016135942190885544,Empty,0.48828,0.24576,0.24475,-0.0203,-0.12837,0.11671,0.99623,-0.00637,-0.06462,0.05755,0.991567389571514,-0.020123205410069178,-0.1280201880265662,-0.00524736388545749,-0.9932946857776175,0.11549083244222379,-0.12948581818325428,-0.11384517473291685,-0.9850242124330979
4.333,0.016135942190885544,Empty,0.49055,0.24714,0.23856,-0.02272,-0.12459,0.11288,0.99645,-0.00781,-0.06279,0.05559,0.991994045295977,-0.022541702577806244,-0.12425653199014108,-0.008581483357998798,-0.9936982107727192,0.11175967094830268,-0.12599274677813654,-0.10979862272355802,-0.9859361491533366
4.4,0.016135942190885544,Empty,0.49281,0.24811,0.23293,-0.02506,-0.12235,0.10885,0.99661,-0.00916,-0.06172,0.05353,0.992212571550843,-0.024860710790324425,-0.12204981735120934,-0.011645474353860374,-0.99410231857471,0.10781912229034057,-0.12401046642738377,-0.10555816057219684,-0.9866503326675957
4.467,0.016135942190885544,Empty,0.49538,0.24937,0.22764,-0.03378,-0.11979,0.10585,0.99672,-0.01367,-0.06066,0.05179,0.9922665522011258,-0.03353621476904067,-0.11950904435169472,-0.02097034910149992,-0.9942624266626416,0.10489266602330437,-0.12234105542070402,-0.1015753376852867,-0.9872766162189136
4.533,0.016135942190885544,Empty,0.4983,0.25109,0.22203,-0.04211,-0.11449,0.1022,0.9969,-0.01807,-0.0582,0.04978,0.9925721686473926,-0.04182353262690519,-0.11424220824729261,-0.030233792508466473,-0.9943902103400493,0.1013608769221492,-0.11784060343178235,-0.09715401020276146,-0.9882685315663728
4.6,0.016135942190885544,Empty,0.501,0.25295,0.21609,-0.04923,-0.10752,0.09717,0.99714,-0.02194,-0.05485,0.04716,0.9930200547317652,-0.04893441059655679,-0.10731539665905136,-0.038586598827668905,-0.9945880251715447,0.09646623542089275,-0.11145512680641696,-0.09165197021850734,-0.9895340676619635
4.667,0.016135942190885544,Empty,0.50292,0.25438,0.21031,-0.05663,-0.10256,0.09572,0.99721,-0.02579,-0.05253,0.04631,0.9931502990772161,-0.05630972667386386,-0.10238016470366972,-0.046579871220204294,-0.9943809393499892,0.09506241662477688,-0.1071578230459399,-0.08964241261449994,-0.9901926271290381
4.733,0.016135942190885544,Empty,0.5043,0.2556,0.20548,-0.06047,-0.10047,0.09529,0.99722,-0.02777,-0.05157,0.04603,0.9931384216080044,-0.06013002077774693,-0.1003018251440595,-0.05063489282369027,-0.9942206428867952,0.09466478165876176,-0.10541434036550802,-0.08893645967225904,-0.9904433971642548
4.8,0.016135942190885544,Empty,0.5057,0.25648,0.20164,-0.05984,-0.09868,0.09075,0.99738,-0.02761,-0.0506,0.04381,0.9933541409351698,-0.05951452562821047,-0.09851686112640652,-0.05064674024118304,-0.9946360349317862,0.09018905542313213,-0.10335597897505852,-0.084600113796754,-0.9910400407428973
4.867,0.016135942190885544,Empty,0.50769,0.25674,0.19859,-0.05577,-0.09496,0.08456,0.99765,-0.02582,-0.04858,0.04088,0.9939465152479356,-0.05549008691839724,-0.09482180698696856,-0.04754615433983428,-0.9953243106174897,0.08407663112489465,-0.09904386923973575,-0.07905926225059082,-0.9919374703167606
4.933,0.016135942190885544,Empty,0.51068,0.25641,0.19586,-0.05463,-0.08682,0.08092,0.99792,-0.02551,-0.04445,0.03921,0.9947472876132062,-0.05439195138427638,-0.08671418229320808,-0.047420122678082655,-0.9956237475807739,0.08052754322845726,-0.09071474935954375,-0.07599255804238948,-0.992973295396613
5.0,0.016135942190885544,Empty,0.51396,0.25621,0.19209,-0.05103,-0.07668,0.0779,0.99822,-0.02398,-0.03928,0.03792,0.9957644527649311,-0.05084921821945815,-0.07659968417837446,-0.044890831757632976,-0.9959737683292709,0.07759552837695878,-0.08023694805926179,-0.07382824531614877,-0.9940379380887199
5.067,0.016135942190885544,Empty,0.51682,0.25565,0.18754,-0.04793,-0.06846,0.07594,0.99844,-0.02263,-0.0351,0.03711,0.9965119597997643,-0.04778500998754204,-0.0684142294886306,-0.042574418016468774,-0.996221776599763,0.07569406026215159,-0.07177278667149194,-0.07251734033251464,-0.994781333984764
5.133,0.016135942190885544,Empty,0.51956,0.25409,0.18256,-0.04328,-0.06197,0.0796,0.99852,-0.02038,-0.03181,0.03909,0.9971452224163175,-0.043192234690271614,-0.06193412851387513,-0.038217876865306644,-0.9961125451752431,0.07936744441146477,-0.06512141967295394,-0.0767738771129814,-0.9949195809173823
5.2,0.016135942190885544,Empty,0.52171,0.25256,0.17711,-0.04036,-0.05747,0.08307,0.99855,-0.01896,-0.02954,0.04092,0.9975352729420732,-0.04029099184456725,-0.05744575887360345,-0.03545517351637534,-0.995931282789088,0.0828481178603654,-0.060550061166830385,-0.08060717051393321,-0.9949051081155583
5.267,0.016135942190885544,Empty,0.52367,0.25077,0.17175,-0.03718,-0.05229,0.08911,0.99852,-0.0174,-0.02694,0.04403,0.9979424565539851,-0.03712047379226091,-0.052277374000956583,-0.03237458669096449,-0.9955166405973298,0.0888735305386025,-0.05534202330586633,-0.08699821101174858,-0.9946700818548672
5.333,0.016135942190885544,Empty,0.52501,0.24923,0.16704,-0.03191,-0.04866,0.09553,0.99846,-0.01477,-0.02506,0.04734,0.9983083775864271,-0.031857861728800396,-0.048635993737401566,-0.02711295188739471,-0.9950811425790742,0.09528067759769476,-0.05143219887101584,-0.09380083330969223,-0.9942616016872519
5.4,0.016135942190885544,Empty,0.52535,0.24849,0.16327,-0.02912,-0.04846,0.09955,0.99838,-0.01333,-0.02492,0.04938,0.9984030533655668,-0.02906806465679429,-0.04843955663940279,-0.02414620213111751,-0.9947680494053748,0.09926474099532599,-0.051071557181631866,-0.09793658917551891,-0.9938813412815983
5.467,0.016135942190885544,Empty,0.52589,0.24777,0.16053,-0.02285,-0.04608,0.10461,0.99832,-0.0102,-0.0236,0.052,0.9986779761849985,-0.022819653792908123,-0.046060430781827574,-0.017911232997542992,-0.9943848961668089,0.10429700862360616,-0.04818181830881283,-0.10333412638667179,-0.9934790237888064
5.533,0.016135942190885544,Empty,0.52702,0.24785,0.15847,-0.01793,-0.03932,0.10507,0.9984,-0.00792,-0.0201,0.05232,0.9990662172025591,-0.017917943695817007,-0.03931464025376805,-0.01371094836799791,-0.9944006855892882,0.10478209004598008,-0.04097198481181697,-0.10414520533018935,-0.9937178033361951
5.6,0.016135942190885544,Empty,0.528,0.24832,0.15622,-0.0175,-0.03296,0.10419,0.99848,-0.00788,-0.01691,0.05192,0.9993038844330657,-0.017497776783714836,-0.03294805555131981,-0.013986223608458415,-0.9944847076691579,0.10394494581923311,-0.03458514285296196,-0.10341176925193954,-0.9940371592018196
5.667,0.016135942190885544,Empty,0.52874,0.24929,0.15355,-0.01748,-0.02625,0.10335,0.99855,-0.00805,-0.01356,0.05153,0.9995026888039951,-0.017466232668874704,-0.026254633685142234,-0.014671057438399748,-0.9945603883619731,0.10312319804447544,-0.027912992444799733,-0.10268673048470127,-0.9943220304484552
5.733,0.016135942190885544,Empty,0.52919,0.2505,0.15021,-0.01453,-0.01782,0.1024,0.99863,-0.0068,-0.00927,0.05111,0.9997356633012047,-0.01452940578883849,-0.017818526626061773,-0.012634283534213364,-0.9946827580709205,0.10220854013243537,-0.01920881056384008,-0.10195639834679254,-0.9946033955466232
5.8,0.016135942190885544,Empty,0.52911,0.25192,0.14649,-0.01168,-0.01017,0.0998,0.99873,-0.00558,-0.00537,0.04985,0.9998799777383724,-0.011688460612325147,-0.010169071069963467,-0.01061768920681705,-0.9949671633480667,0.09963738522767962,-0.011282499449115226,-0.09951745448721909,-0.9949718495809643
5.867,0.016135942190885544,Empty,0.52859,0.25298,0.14241,-0.00872,-0.00298,0.09719,0.99881,-0.00428,-0.0017,0.04857,0.9999576283199172,-0.008708135132350137,-0.0029849534875401526,-0.00837744093939441,-0.9952456302390211,0.09703583860327265,-0.0038157631101792618,-0.09700672076021402,-0.9952764118973366
5.933,0.016135942190885544,Empty,0.52804,0.25369,0.13863,-0.00936,0.00187,0.09653,0.99882,-0.00472,0.00071,0.04825,0.9999544221984713,-0.009361093594410619,0.0018770861563297409,-0.009498436935289234,-0.9952992242569549,0.09638067176197798,0.0009660339062025639,-0.0963941083273272,-0.9953427764636018
6.0,0.016135942190885544,Empty,0.52711,0.2542,0.13533,-0.00912,0.00389,0.09664,0.99882,-0.00465,0.00172,0.04831,0.9999508735131711,-0.009118739084048033,0.003885763472310781,-0.009451165240398351,-0.9952896569883276,0.09648406172863752,0.0029876472088213196,-0.09651604679831166,-0.9953269446139702
6.066,0.016135942190885544,Empty,0.52582,0.25437,0.13279,-0.00707,0.00453,0.09792,0.99879,-0.00364,0.00209,0.04895,0.9999647998815768,-0.007066555597619761,0.004523581521704331,-0.007475046956109177,-0.9951806647454913,0.09777304428995673,0.003810862212376661,-0.0978034166515037,-0.9951984571031501
6.133,0.016135942190885544,Empty,0.52462,0.25451,0.13119,-0.00281,0.00599,0.09821,0.99879,-0.00155,0.00292,0.04909,0.9999781061864328,-0.002804134491896204,0.005993661447488571,-0.0033784113424871753,-0.995174855484023,0.09805913190088555,0.00568977017081607,-0.09807723406635034,-0.9951625408310429
6.2,0.016135942190885544,Empty,0.52336,0.25452,0.12939,-0.00062,0.0074,0.09632,0.99883,-0.00049,0.00368,0.04814,0.9999723821542155,-0.0006231301597821592,0.007405851580188839,-0.0013323968563909716,-0.9953653738009647,0.09615610930504159,0.00731161045467395,-0.09616332121380791,-0.9953387142102377
6.267,0.016135942190885544,Empty,0.52241,0.25423,0.12786,0.00096,0.0087,0.09724,0.99881,0.00027,0.00437,0.0486,0.9999617109289679,0.0009595902503088394,0.008698037857075923,0.00011060378388710879,-0.9952759913368466,0.09708598681200298,0.008750111017273004,-0.0970813074438584,-0.99523798927803
6.333,0.016135942190885544,Empty,0.52189,0.25425,0.12695,0.00132,0.01107,0.09771,0.99879,0.00039,0.00556,0.04883,0.9999377977078233,0.0013257598817048577,0.011074433437622551,0.0002392817092705668,-0.9952318300071943,0.09753741479450236,0.011150939847917487,-0.09752869783436714,-0.9951702415362111
6.4,0.016135942190885544,Empty,0.52128,0.25415,0.12591,0.00136,0.01327,0.09923,0.99875,0.00035,0.00666,0.04959,0.9999109819252077,0.0013527639206919462,0.013273969080195333,3.1110256987876284e-05,-0.9950808422424218,0.0990662224689339,0.01334268554373588,-0.09905699082794338,-0.9949923041464158
6.467,0.016135942190885544,Empty,0.52092,0.2542,0.12475,0.00121,0.017,0.09988,0.99872,0.00018,0.00852,0.04991,0.9998546718444803,0.0012188200218163359,0.017004401445544243,-0.0004825698777042864,-0.9950179632882539,0.0996946330551862,0.017041194708116682,-0.0996883504299752,-0.9948727709971114
6.533,0.016135942190885544,Empty,0.52074,0.25468,0.12318,0.00182,0.02248,0.09736,0.99875,0.00036,0.01127,0.04865,0.9997457069239002,0.001821762620234757,0.022476713909872242,-0.00037120757524417014,-0.995266900103966,0.09717849434096845,0.02254736552608338,-0.09716212604918172,-0.9950131343703138
6.6,0.016135942190885544,Empty,0.52027,0.25466,0.12112,0.00139,0.02616,0.09678,0.99874,6e-05,0.0131,0.04836,0.9996565688284428,0.0013811628851346236,0.026169386451158502,-0.0011536781481306102,-0.9953225348797505,0.09660083119351776,0.02618040154153255,-0.09659784650618614,-0.9949791166780797
6.667,0.016135942190885544,Empty,0.51961,0.25444,0.11876,0.00184,0.02837,0.09733,0.99872,0.00023,0.01421,0.04863,0.9995958462425437,0.0018492911601579731,0.02836766287268324,-0.000915247973737987,-0.9952710315334006,0.09713256977753529,0.028413139492139975,-0.0971192767304523,-0.9948670964463314
6.733,0.016135942190885544,Empty,0.51913,0.25401,0.11644,0.00316,0.03066,0.0986,0.99867,0.00082,0.01539,0.04925,0.9995248499306051,0.003149772522077654,0.03066191944840046,0.00011786648216821627,-0.995148395366385,0.09838524943913837,0.03082305109319037,-0.09833488766845783,-0.9946759217898753
6.8,0.016135942190885544,Empty,0.51863,0.25329,0.11451,0.00427,0.03155,0.10024,0.99862,0.00134,0.01586,0.05006,0.9994930796073445,0.00425819647874115,0.03155077779984144,0.0010818447705257528,-0.994985354891363,0.10001486471320445,0.03181844479101715,-0.09993003209474398,-0.9944855832321675
6.867,0.016135942190885544,Empty,0.51837,0.25263,0.11311,0.00509,0.03248,0.10224,0.99856,0.00171,0.01635,0.05105,0.9994593577118767,0.0050929851335757,0.03248159147258213,0.0017540278471956383,-0.994782192473776,0.10200643569588211,0.03283162604066081,-0.1018943130871201,-0.9942533043908026
6.933,0.016135942190885544,Empty,0.51798,0.2521,0.11204,0.00562,0.03265,0.10385,0.99852,0.00196,0.01645,0.05185,0.9994508283013493,0.005611580896906998,0.03265810722599333,0.002198565974747324,-0.9946146288492814,0.10361904451721626,0.03306369784826998,-0.10349033886717941,-0.9940807520748777
7.0,0.016135942190885544,Empty,0.51744,0.25185,0.1113,0.00622,0.03222,0.105,0.99849,0.00226,0.01625,0.05242,0.9994616689339273,0.006208742464380579,0.03221527353320858,0.002801472293602947,-0.9944944894359649,0.10475143070377219,0.03268828666046336,-0.1046047895581746,-0.9939765157772559
7.067,0.016135942190885544,Empty,0.51702,0.25205,0.11082,0.00687,0.03214,0.10603,0.99846,0.00258,0.01623,0.05293,0.9994598227138515,0.006872288702545193,0.03213774150100075,0.003435920309265872,-0.994383308117278,0.10578294280916348,0.032684204631972434,-0.1056153785474789,-0.9938697774768325
7.133,0.016135942190885544,Empty,0.51678,0.25248,0.11008,0.00652,0.03358,0.10806,0.9984,0.00235,0.01694,0.05394,0.9994147161542271,0.006528357561468079,0.03357984040931802,0.0028722586918937254,-0.9941690754313119,0.10779424653504127,0.034087758277312474,-0.10763470631538907,-0.9936059554632446
7.2,0.016135942190885544,Empty,0.51602,0.25336,0.10867,0.00743,0.03327,0.10941,0.99836,0.0028,0.01681,0.05461,0.9994188990353419,0.0074235494337468455,0.03326792997451735,0.003750317243952417,-0.9940188247408778,0.10914445098736732,0.03387918788215547,-0.10895626175015743,-0.9934690401083855
7.267,0.016135942190885544,Empty,0.5153,0.25431,0.1069,0.00865,0.03325,0.11056,0.99833,0.0034,0.01684,0.05517,0.9994096968847597,0.008647263965238128,0.033248798453899865,0.004931201178107136,-0.9938901199273892,0.11026383253660599,0.03399913274855093,-0.11003478693865472,-0.9933460648916427
7.333,0.016135942190885544,Empty,0.5146,0.25497,0.10473,0.00991,0.03324,0.1126,0.99827,0.00401,0.01687,0.05618,0.9993984336172043,0.009905587953443151,0.03323627853378786,0.006114272740040783,-0.9936564787181794,0.11229166474074906,0.034137758455108434,-0.11202089817835323,-0.9931192938509328
7.4,0.016135942190885544,Empty,0.51417,0.25547,0.10283,0.0118,0.03309,0.11269,0.99826,0.00496,0.01685,0.05621,0.9993827001966875,0.011804930172274186,0.033088701564209226,0.008015682321347362,-0.993631246587096,0.1123952607661744,0.03420478598823286,-0.11206065067364555,-0.9931125027840999
7.467,0.016135942190885544,Empty,0.51402,0.25544,0.10134,0.01267,0.03324,0.11375,0.99823,0.00538,0.01695,0.05673,0.9993678261284873,0.012665168680762284,0.03321959664881036,0.008819715402725026,-0.9935045603970604,0.1134499937878296,0.03444068407329835,-0.11308528627779783,-0.9929881959560404
7.533,0.016135942190885544,Empty,0.51364,0.25537,0.09987,0.01324,0.03267,0.11604,0.99817,0.00566,0.01669,0.05787,0.9993786978609331,0.013234050507037798,0.032666162446229,0.009370418309163964,-0.993238243435528,0.11571511153612643,0.033976661438368645,-0.11533712188313046,-0.9927451509794537
7.6,0.016135942190885544,Empty,0.51297,0.25581,0.09864,0.01227,0.03174,0.1175,0.99814,0.00519,0.0162,0.05861,0.999421480157942,0.012267712334960545,0.031720785503760514,0.008471049056535507,-0.9930761180339551,0.11716682601526812,0.03293852344581799,-0.11683033435147312,-0.9926055241879991
7.667,0.016135942190885544,Empty,0.51248,0.25673,0.098,0.01188,0.03177,0.11848,0.99811,0.00499,0.01621,0.0591,0.9994248913094055,0.011870567543752042,0.03176438662042802,0.00803922384121225,-0.9929651015494703,0.11813415249148396,0.032943246822584045,-0.1178108514995097,-0.9924894688397186
7.733,0.016135942190885544,Empty,0.51215,0.25746,0.09778,0.01306,0.03188,0.11892,0.99809,0.00557,0.0163,0.05931,0.999406807370676,0.013051665644416344,0.03186985103603351,0.009185476010811544,-0.9929024757550543,0.11857613870395012,0.03319127011139245,-0.11821306046029749,-0.9924333790864768
7.8,0.016135942190885544,Empty,0.51214,0.25766,0.09779,0.01349,0.0321,0.11904,0.99808,0.00578,0.01642,0.05937,0.9993937081210111,0.01348304947176826,0.03210021098181293,0.009582451590442853,-0.9928833346615098,0.11870492985953546,0.033472268964799344,-0.11832536130678951,-0.992410558227776
7.867,0.016135942190885544,Empty,0.51259,0.25795,0.09782,0.013,0.03362,0.11989,0.99805,0.00548,0.01717,0.05979,0.999349946636853,0.013000004780126195,0.0336256454605116,0.008892417523772178,-0.9927894847717913,0.11954063676066026,0.034937216081168045,-0.11916391568876006,-0.9922597200986342
7.933,0.016135942190885544,Empty,0.51276,0.2584,0.0976,0.01344,0.03436,0.12056,0.99802,0.00567,0.01755,0.06012,0.9993196727159795,0.013419591157574462,0.03435267523776216,0.00919859404598572,-0.9927064213064501,0.12020543650150572,0.035715229110349474,-0.11980766114946044,-0.9921544974143348
8.0,0.016135942190885544,Empty,0.51285,0.25895,0.0973,0.01277,0.03452,0.12075,0.99802,0.00533,0.01761,0.06022,0.9993226679607528,0.012762812799844814,0.03451544450299568,0.008520078037567491,-0.9926904586523475,0.12038713208157237,0.03579963086453566,-0.1200115157392336,-0.9921268177606807
8.067,0.016135942190885544,Empty,0.51308,0.2597,0.09716,0.01282,0.03507,0.12094,0.99801,0.00534,0.01789,0.06031,0.9993024845271903,0.012821586905760074,0.03507351318306766,0.008504704963143817,-0.9926684035426837,0.12056994070459481,0.03636226631103537,-0.1201875514237547,-0.9920850457856362
8.133,0.016135942190885544,Empty,0.51314,0.26048,0.09718,0.0133,0.03522,0.12125,0.99799,0.00557,0.01798,0.06046,0.999291193218281,0.013295010062920887,0.03521865789337509,0.008946465652113933,-0.9926280417814973,0.12086989460310313,0.03656599388392588,-0.12046913868894621,-0.992043403644631
8.2,0.016135942190885544,Empty,0.51318,0.26129,0.09724,0.01394,0.03564,0.12108,0.99799,0.00588,0.01821,0.06037,0.9992673922747101,0.013937340633192796,0.0356430816930128,0.009539377930899096,-0.9926422264280709,0.12070795574697762,0.03706317586489204,-0.12027951133920181,-0.9920479626241924
8.267,0.016135942190885544,Empty,0.5134,0.26218,0.09697,0.0139,0.03597,0.12085,0.998,0.00585,0.01837,0.06025,0.9992566086406193,0.013893225197731673,0.03596120662120765,0.009466173988024962,-0.9926717380496378,0.120470793255211,0.03737140133948028,-0.12004082126975175,-0.9920653101438468
8.333,0.016135942190885544,Empty,0.51351,0.26287,0.09639,0.01201,0.03624,0.12175,0.99797,0.00489,0.01845,0.06072,0.9992711272985138,0.012002184801382154,0.036237573146536736,0.007519986358951569,-0.9925773731601824,0.12138207485289354,0.03742544525744924,-0.12102109671634001,-0.9919441668747571
8.4,0.016135942190885544,Empty,0.51353,0.2635,0.09583,0.011,0.03636,0.12214,0.99796,0.00438,0.01848,0.06092,0.9992787784116697,0.01098776213843805,0.03634820627308121,0.006485068490094004,-0.9925395998377768,0.12175009913977247,0.03741479523878392,-0.12142656973271858,-0.9918950152411217
8.467,0.016135942190885544,Empty,0.51355,0.2638,0.09548,0.0099,0.03656,0.1226,0.99795,0.00382,0.01855,0.06116,0.9992829273272248,0.009895152962288656,0.036547463662812744,0.005358069471574967,-0.9924893274761293,0.12221385329625321,0.037482292404140416,-0.12193039323250487,-0.9918306594183793
8.533,0.016135942190885544,Empty,0.51359,0.26383,0.09525,0.00985,0.03703,0.12352,0.99792,0.00377,0.01878,0.06162,0.9992660718889984,0.009835894463672501,0.03702124729977137,0.0052061742130080635,-0.9923764556696597,0.12313352907550325,0.0379501425767432,-0.12285041885408238,-0.9916993300722662
8.6,0.016135942190885544,Empty,0.51362,0.2636,0.09514,0.01005,0.03725,0.12431,0.99789,0.00386,0.0189,0.06201,0.9992555310897966,0.010038560024326404,0.03725064964650176,0.005349263749373723,-0.9922789014916776,0.12391112553684973,0.03820692298246578,-0.12361961400646468,-0.9915938796045003
8.667,0.016135942190885544,Empty,0.51369,0.2632,0.09504,0.01054,0.03758,0.12534,0.99785,0.00408,0.01908,0.06252,0.9992385746438625,0.010522265822731136,0.03757063834509723,0.005750492204564472,-0.9921494085515674,0.12492590984331654,0.038590190244511095,-0.12461473842499922,-0.9914544690424073
8.733,0.016135942190885544,Empty,0.51334,0.26253,0.09454,0.01143,0.03701,0.12694,0.99781,0.00453,0.01883,0.06331,0.9992498792023021,0.011418291525421786,0.03700407454356084,0.006649959016941709,-0.9919432452512471,0.12650840385325068,0.038150451625871135,-0.12616743168926212,-0.9912750991635357
8.8,0.016135942190885544,Empty,0.5129,0.2619,0.09402,0.01174,0.03612,0.12816,0.99777,0.0047,0.0184,0.06392,0.9992783874010477,0.011741656296400005,0.036122541170008474,0.007036128845016476,-0.9917833227622193,0.12773540457370292,0.037325559125591753,-0.1273890662425487,-0.991150255227639
8.867,0.016135942190885544,Empty,0.51221,0.26128,0.09328,0.01226,0.03522,0.12933,0.99774,0.00498,0.01797,0.0645,0.9993043080025843,0.012265348423840361,0.03522018221869281,0.007628514031928935,-0.9916297461123218,0.12888852702578518,0.03650624304335895,-0.12853018265471217,-0.99103344361611
