time,gr,gr_state,tx,ty,tz,rx,ry,rz,qw,qx,qy,qz,xx,xy,xz,yx,yy,yz,zx,zy,zz
0.0,0.015504885464906693,Empty,0.3126,-0.00351,0.47494,0.02739,0.00155,-0.01848,0.99986,0.0137,0.00065,-0.00925,0.9996239330439166,0.027378647942993217,0.0015498782612607363,0.027402637699046162,-0.9994536204542012,-0.01848123394484963,0.0010430402417520698,0.01851675451592628,-0.9998280061436822
0.067,0.015504885464906693,Empty,0.31767,-0.00457,0.46805,0.04696,0.0009,-0.02207,0.99966,0.02348,0.00019,-0.01104,0.9988975454859894,0.04693490928651595,0.0008988394361278962,0.046943312916563784,-0.9986539039302529,-0.022061403792201693,-0.00013782047382445196,0.022079276598917487,-0.9997562135592784
0.133,0.015504885464906693,Empty,0.32393,-0.00414,0.46244,0.07336,-0.01236,-0.02585,0.99923,0.03659,-0.00665,-0.01269,0.9972335759373492,0.07329581848433936,-0.012366002422664044,0.0729580416882229,-0.9969998462707057,-0.02585402655697934,-0.014223894551988771,0.024880304035526324,-0.9995892412860765
0.2,0.015504885464906693,Empty,0.33134,-0.00427,0.45528,0.10377,-0.01417,-0.02767,0.99854,0.05176,-0.00779,-0.01345,0.9945211627793136,0.10357246305386814,-0.014156330069516443,0.10315352273837186,-0.9942804820742598,-0.027670809761214266,-0.01694129660758511,0.02605893058305023,-0.9995168455839659
0.267,0.015504885464906693,Empty,0.34116,-0.00512,0.4476,0.14488,-0.01969,-0.02965,0.99723,0.07222,-0.01089,-0.01407,0.9893305389496923,0.1443520818937074,-0.019686572948699747,0.14373901282557594,-0.9891715532591229,-0.029643454840195115,-0.023752492362718588,0.026497446591816316,-0.9993666516502703
0.333,0.015504885464906693,Empty,0.352,-0.00704,0.43853,0.18144,-0.01445,-0.02861,0.99577,0.09048,-0.00849,-0.01359,0.9834819102264981,0.18042810237445778,-0.014457943518723228,0.1799664925390736,-0.9832570518565931,-0.028594257071385323,-0.01937508246232646,0.02551998918168095,-0.9994865363434093
0.4,0.015504885464906693,Empty,0.36267,-0.0079,0.42925,0.21253,-0.01998,-0.02464,0.99425,0.10593,-0.01124,-0.01119,0.9773031803872544,0.2109005343095154,-0.019986451233739808,0.21039742807677775,-0.9773056884339961,-0.024627497096339,-0.02472682477866666,0.019863433301269176,-0.9994968875158398
0.467,0.015504885464906693,Empty,0.37332,-0.00811,0.41891,0.24245,-0.01365,-0.01998,0.9926,0.12085,-0.00798,-0.00909,0.9706633484645151,0.24005566866207662,-0.013635977810878656,0.23976570174297118,-0.9706253330513241,-0.01997175772701615,-0.018029759159680234,0.016116413441250643,-0.9997075517382243
0.533,0.015504885464906693,Empty,0.38516,-0.00974,0.40726,0.27447,-0.0046,-0.0158,0.99057,0.13678,-0.00336,-0.00751,0.9625615723890181,0.2710240986075613,-0.004599710201717728,0.2709231601607859,-0.9624712667051059,-0.015801963661571855,-0.008709801861930587,0.01396419496524357,-0.9998645611334062
0.6,0.015504885464906693,Empty,0.39646,-0.01222,0.39385,0.29782,0.00596,-0.00831,0.98892,0.14837,0.00233,-0.00455,0.9559622921633979,0.2934290448072342,0.0059574848062103536,0.29347143037247625,-0.9559317724766287,-0.008304572525039994,0.0032581462267482096,0.009687209773975252,-0.9999477698609863
0.667,0.015504885464906693,Empty,0.4087,-0.01575,0.37949,0.32575,0.01188,-0.00618,0.98674,0.16217,0.00536,-0.00401,0.9473426784006922,0.3200008866454693,0.011886220034822044,0.3200868547975388,-0.9473681335323244,-0.006166437650645622,0.009287360573493105,0.009646352346531169,-0.9999103423907489
0.733,0.015504885464906693,Empty,0.42049,-0.01983,0.36587,0.35051,0.01491,-0.00656,0.98464,0.17438,0.00677,-0.00453,0.9390918860115118,0.3433423856126289,0.014914284064969863,0.34346516512133074,-0.9391424594527076,-0.006566673533564503,0.01175202006119889,0.011289246872498278,-0.9998672126485261
0.8,0.015504885464906693,Empty,0.43259,-0.02441,0.35275,0.37256,0.01579,-0.00626,0.98266,0.18522,0.00718,-0.00454,0.9312876693647927,0.3639420539516161,0.015794247515196695,0.36407256855411546,-0.9313494680417983,-0.0062716189830126666,0.012427458127119135,0.011590933687070976,-0.9998555938438115
0.867,0.015504885464906693,Empty,0.44653,-0.02921,0.34175,0.39898,0.01451,-0.00807,0.98013,0.19819,0.00631,-0.00539,0.9213592067893722,0.3884417989609071,0.014497616510060977,0.38857766466044436,-0.9213807433783494,-0.00805755909661081,0.010227931926532994,0.01305735622453401,-0.9998624379668093
0.933,0.015504885464906693,Empty,0.46056,-0.03356,0.33184,0.42166,0.01947,-0.00211,0.97781,0.20927,0.0093,-0.00307,0.9122405144167933,0.40919199218432634,0.01947196417435417,0.40930607726200746,-0.9123947097953901,-0.002104436688065975,0.01690499846119052,0.009889745679670131,-0.9998081885828997
1.0,0.015504885464906693,Empty,0.47212,-0.03657,0.32112,0.44008,0.01937,9e-05,0.97584,0.21826,0.00946,-0.00207,0.9045435023897686,0.42594176410232754,0.01935628781166457,0.4260199113741714,-0.9047137812942555,9.512619407715459e-05,0.017552418556828594,0.008160118237298725,-0.9998126449856289
1.067,0.015504885464906693,Empty,0.48205,-0.03826,0.31086,0.45969,0.02317,0.00185,0.97364,0.2278,0.01149,-0.00174,0.8959467304018772,0.44355711604791065,0.023163356523752572,0.44363693129459114,-0.8962046873913421,0.0018524279487744464,0.021580766290948777,0.008616443642670614,-0.9997299772564833
1.133,0.015504885464906693,Empty,0.4886,-0.03881,0.30076,0.47052,0.02378,0.00478,0.97239,0.23305,0.01212,-0.00045,0.891086231506049,0.4532107502369829,0.023776961327710136,0.4532327716324015,-0.8913794692417085,0.004764087822607838,0.023353430984753877,0.006531285019143023,-0.9997059365519637
1.2,0.015504885464906693,Empty,0.49529,-0.03899,0.29169,0.48408,0.03097,0.00699,0.97074,0.2396,0.01587,-0.00032,0.884675773179736,0.4651768359221573,0.030972369465162727,0.4651972473442231,-0.885179509364289,0.006982640256674012,0.030664269308004727,0.008230888351012933,-0.9994958504489947
1.267,0.015504885464906693,Empty,0.50131,-0.03942,0.28466,0.49662,0.03311,0.0097,0.96921,0.24565,0.01724,0.00063,0.8787178038768879,0.47619213964616847,0.03310690696792848,0.47614900990897724,-0.8793113152065262,0.00968149329750714,0.033721528916699134,0.0072565204452934885,-0.9994049236413372
1.333,0.015504885464906693,Empty,0.50865,-0.03989,0.2783,0.50575,0.03999,0.01168,0.96802,0.25002,0.02082,0.00065,0.8741115905261879,0.4840771201995009,0.0399783567338098,0.4840227132577176,-0.8749775467982757,0.011675001049606707,0.04063176538639496,0.009145178961016937,-0.9991323362514877
1.4,0.015504885464906693,Empty,0.51621,-0.04074,0.27219,0.51569,0.04177,0.01168,0.96675,0.25482,0.02168,0.00032,0.869193076352681,0.49270607460180205,0.041762663600947145,0.49267853835802455,-0.8701332061810803,0.011664533528360844,0.042086266904573844,0.010436836279117564,-0.9990594669920903
1.467,0.015504885464906693,Empty,0.52455,-0.04141,0.26633,0.52566,0.04498,0.01134,0.96543,0.25962,0.02319,-0.00037,0.8641218287513867,0.5012695075607059,0.04497049994392821,0.501303568355969,-0.865197258987931,0.01133293401301913,0.04458920753872755,0.012750836428194232,-0.9989240305155592
1.533,0.015504885464906693,Empty,0.53259,-0.04122,0.25862,0.53407,0.05789,0.01398,0.96418,0.26356,0.02976,-0.0009,0.8592968996121885,0.5081943893325511,0.05785586372871474,0.5083019115888125,-0.8610660599832662,0.01394299178989012,0.056903470825945324,0.017427076513556763,-0.9982275752613488
1.6,0.015504885464906693,Empty,0.53752,-0.04035,0.2491,0.53865,0.06621,0.01251,0.96346,0.26573,0.03357,-0.00278,0.856518802875114,0.5118571690962568,0.06616478493992994,0.5122305717532083,-0.8587572501101375,0.012483058305380393,0.0632090316549984,0.023199651463763727,-0.9977306222068145
1.667,0.015504885464906693,Empty,0.5397,-0.03943,0.23981,0.5387,0.06831,0.01056,0.96342,0.26577,0.03432,-0.004,0.8563771342289495,0.5118206988740237,0.0682479023407884,0.5123692478794546,-0.8587005524654139,0.010541111091098707,0.06399967029019538,0.025940959883916127,-0.9976127048123672
1.733,0.015504885464906693,Empty,0.54241,-0.03811,0.23214,0.54007,0.0743,0.01054,0.96313,0.26639,0.0372,-0.00483,0.855300397216047,0.5127879899921333,0.07422740627221275,0.5135067358628295,-0.8580211470600014,0.010513963160549498,0.06908011830892219,0.029123676238875223,-0.9971859148307093
1.8,0.015504885464906693,Empty,0.5456,-0.03688,0.22603,0.54417,0.08293,0.01374,0.96244,0.26823,0.04177,-0.00453,0.852619456592155,0.5159263965950622,0.08282521075694693,0.5166838981528047,-0.8560669865790538,0.013677129782238395,0.07796032086978778,0.031133065796554473,-0.9964702306561832
1.867,0.015504885464906693,Empty,0.55097,-0.03624,0.22014,0.56102,0.09865,0.02042,0.95983,0.27601,0.0502,-0.00385,0.8425922980043988,0.529470068792719,0.09848688032575739,0.5302423774793348,-0.8476023997740936,0.020327149880400512,0.09424033355591137,0.035094417644845805,-0.9949307219004949
1.933,0.015504885464906693,Empty,0.55636,-0.03641,0.21343,0.57473,0.11554,0.02704,0.95753,0.28218,0.05919,-0.00342,0.8337464840771691,0.5399771762141745,0.11528854867993013,0.5407874997595747,-0.8407305693297118,0.0268512550605439,0.11142567205427303,0.039959466491741695,-0.9929690632869428
2.0,0.015504885464906693,Empty,0.56092,-0.03722,0.20583,0.58857,0.12926,0.03422,0.95519,0.28835,0.06675,-0.00239,0.8247991255226552,0.550537936488327,0.12889679214099228,0.5511758340436212,-0.8336989350922615,0.033930599646160284,0.12614120065776246,0.04305886799724634,-0.9910773589298739
2.067,0.015504885464906693,Empty,0.55874,-0.03734,0.20104,0.58839,0.12074,0.02884,0.95544,0.28858,0.06191,-0.00372,0.8257737939749559,0.5509871607096399,0.12046074014937894,0.5519092542832962,-0.8334128990556238,0.028620180365540544,0.11616288658888715,0.042849602341557706,-0.9923054445877578
2.133,0.015504885464906693,Empty,0.55926,-0.03728,0.2024,0.58866,0.12297,0.03014,0.95535,0.28863,0.06316,-0.00343,0.8254046179559427,0.5510553392106369,0.12265899797590935,0.5519218614664064,-0.8333593867049535,0.02990637768437454,0.11869909642647229,0.043013320241450805,-0.9919981747913377
2.2,0.015504885464906693,Empty,0.56034,-0.03728,0.20547,0.58901,0.12797,0.03308,0.95517,0.28862,0.06597,-0.00276,0.824697770030686,0.5509876151650341,0.1276175381409687,0.5517153419779247,-0.8333867960488395,0.03281203434155974,0.12443379578151159,0.043348542146170774,-0.9912805528008741
2.267,0.015504885464906693,Empty,0.56121,-0.0373,0.20698,0.58925,0.13058,0.03484,0.95506,0.28863,0.06747,-0.00231,0.8242790752700768,0.5510075221585571,0.1302102783830602,0.5516311714545196,-0.8333729259632385,0.03453428660309929,0.12754237237726604,0.043362158573552086,-0.9908847896966737
2.333,0.015504885464906693,Empty,0.56099,-0.03727,0.20669,0.58922,0.13005,0.03445,0.95508,0.28864,0.06716,-0.00242,0.8243500776540884,0.5510237292686727,0.12969116876080306,0.5516734584478462,-0.8333606225109985,0.0341535955980247,0.12689895474703955,0.04339265641701747,-0.9909660602932793
2.4,0.015504885464906693,Empty,0.56095,-0.03729,0.20664,0.58917,0.12998,0.0344,0.95508,0.28862,0.06712,-0.00243,0.8243843160209247,0.5509917997190515,0.12960916688673266,0.5516446469659115,-0.8333819647692169,0.03409815642017736,0.1268017467252219,0.04338821775275512,-0.9909786978475734
2.467,0.015504885464906693,Empty,0.56094,-0.03728,0.20658,0.58921,0.12989,0.03435,0.95508,0.28864,0.06707,-0.00244,0.8243822065984706,0.5510163296463739,0.1295182686221349,0.5516719496983372,-0.833365978340334,0.03404711530942611,0.12669663515607862,0.043383759725228815,-0.9909923370199344
2.533,0.015504885464906693,Empty,0.56094,-0.03728,0.2066,0.58919,0.12991,0.03436,0.95508,0.28863,0.06708,-0.00244,0.8243837002153835,0.5510098494566548,0.1295363293479751,0.5516646984136226,-0.8333702992107541,0.03405884492440322,0.12671848856184778,0.043383063459516924,-0.9909895733364043
2.6,0.015504885464906693,Empty,0.56094,-0.03728,0.20657,0.58919,0.12987,0.03435,0.95509,0.28863,0.06706,-0.00244,0.8243872752121846,0.5510129988464734,0.12950017594754765,0.5516684788950784,-0.833368498639158,0.03404166372999291,0.12667876642050122,0.04337765067557029,-0.9909948887658546
2.667,0.015504885464906693,Empty,0.56094,-0.03728,0.20658,0.58919,0.12987,0.03435,0.95509,0.28863,0.06706,-0.00244,0.8243897472119273,0.5510070049944038,0.12950994223978246,0.5516625914440526,-0.8333723127223467,0.03404370116540986,0.12668831790298202,0.043380512155857316,-0.9909935424976333
2.733,0.015504885464906693,Empty,0.56094,-0.03728,0.20657,0.58919,0.12987,0.03435,0.95509,0.28863,0.06706,-0.00244,0.8243906380952404,0.551008048940264,0.12949982943604915,0.5516635891781063,-0.8333717768498389,0.03404065107003192,0.1266781756896257,0.043377546647842484,-0.9909949688322148
2.8,0.015504885464906693,Empty,0.56094,-0.03729,0.20658,0.58919,0.12987,0.03435,0.95509,0.28863,0.06706,-0.00244,0.8243925721819437,0.5510029413274848,0.12950924901218236,0.5516581511256544,-0.8333751556281118,0.03404606112967044,0.12668927037387115,0.043377512956379774,-0.9909935520183043
2.867,0.015504885464906693,Empty,0.56094,-0.03728,0.20657,0.58919,0.12987,0.03435,0.95509,0.28863,0.06706,-0.00244,0.8243906134755811,0.5510070096263927,0.12950440824904585,0.5516625716402256,-0.8333723962584664,0.034041977112304285,0.1266827670389628,0.04337884849788006,-0.9909943249274186
2.933,0.015504885464906693,Empty,0.56002,-0.03667,0.20649,0.58433,0.12804,0.03264,0.95583,0.2864,0.06595,-0.00283,0.8272568561350468,0.5471211799140038,0.12768910864700533,0.5478681488744812,-0.8359385862524416,0.03236002878735718,0.12444511009440189,0.04318673990679863,-0.9912861948346777
3.0,0.015504885464906693,Empty,0.55956,-0.03569,0.20649,0.58474,0.12514,0.03296,0.95586,0.28663,0.06461,-0.00227,0.8273350510197401,0.5476646252076498,0.1248205578033032,0.5482507488181352,-0.8356742989403833,0.03270447233716582,0.12222041472077089,0.04137540799391554,-0.9916401796210255
3.067,0.015504885464906693,Empty,0.55885,-0.03391,0.20649,0.58688,0.11503,0.02665,0.95581,0.28801,0.05887,-0.00389,0.8271697337629651,0.5501066278044925,0.11477338363956502,0.5510230743197798,-0.8340701301084683,0.026468653687350234,0.11028963284771436,0.041348713479527024,-0.993039012717982
3.133,0.015504885464906693,Empty,0.55887,-0.0311,0.20694,0.59038,0.10044,0.0173,0.95563,0.29013,0.05054,-0.00634,0.8265440618614375,0.5538661748657507,0.10028546325952692,0.5551486473949578,-0.8315731823303816,0.017205281877110255,0.0929241254849635,0.04145241571372537,-0.9948099336729359
3.2,0.015504885464906693,Empty,0.55979,-0.02646,0.20677,0.60181,0.09259,0.01496,0.95412,0.29573,0.04641,-0.00658,0.8207796416716758,0.563713744102191,0.09245320182451809,0.5649356253687545,-0.8250006398088301,0.014889039735164769,0.08466710699279831,0.040009486691413895,-0.9956057060745284
3.267,0.015504885464906693,Empty,0.56097,-0.02011,0.20536,0.61766,0.08358,0.01376,0.95192,0.3034,0.04189,-0.00615,0.8123886080973918,0.5771100271163205,0.08347913532962861,0.5781398345638097,-0.8158223950618915,0.013716829298705824,0.0760202678508392,0.03711921762751622,-0.9964151155811557
3.333,0.015504885464906693,Empty,0.56451,-0.01239,0.20349,0.64052,0.07236,0.01233,0.94858,0.31439,0.03627,-0.00554,0.799681657774848,0.5960567934945094,0.07228793223985998,0.5968607857707159,-0.8022506964403692,0.01228911998908851,0.06531805743922736,0.033318448192954764,-0.997308093009567
3.4,0.015504885464906693,Empty,0.56874,-0.00379,0.20073,0.66748,0.05503,0.00921,0.9445,0.32733,0.0275,-0.00466,0.7841949474595384,0.6180721866438724,0.05500051341754852,0.6185850948504584,-0.785664000685564,0.009195567171366836,0.04889544772042836,0.026811380494407493,-0.998443981937997
3.467,0.015504885464906693,Empty,0.57543,0.00466,0.19926,0.69626,0.03776,0.00643,0.93986,0.34102,0.01884,-0.00342,0.7667024424538944,0.6408918897760718,0.037748514599755284,0.6411498624651322,-0.767388887316937,0.006414786310956291,0.03307897513791169,0.019284222611466114,-0.9992666812028196
3.533,0.015504885464906693,Empty,0.58209,0.01232,0.19803,0.73201,0.02667,0.01256,0.93369,0.35777,0.0147,0.00109,0.743570955341989,0.6681248823026311,0.026671633243904275,0.6680608011764528,-0.7440007856889127,0.012553757435793024,0.028231193798316248,0.008483663263942965,-0.9995654191469142
3.6,0.015504885464906693,Empty,0.58823,0.01895,0.19644,0.78093,0.02126,0.0285,0.92464,0.38042,0.01525,0.00913,0.7100919518214087,0.7037878691533643,0.021261589569666124,0.7032305824876691,-0.7103905441929095,0.028496009814631584,0.03515917821161423,-0.005282987210703693,-0.9993677612538916
3.667,0.015504885464906693,Empty,0.5925,0.02585,0.19425,0.83317,0.01931,0.04269,0.91431,0.40434,0.01746,0.01561,0.6724068400302347,0.739929862016712,0.019309085335243704,0.7388392685118808,-0.6725293168738072,0.042671457088774435,0.04455981132571854,-0.01442626913582366,-0.9989025507893337
3.733,0.015504885464906693,Empty,0.59438,0.03232,0.19103,0.8797,0.02221,0.05867,0.90451,0.4253,0.02253,0.02181,0.6372202422597493,0.7703620537171157,0.022196149377177257,0.7683967285455271,-0.6372835432123789,0.05861870956620821,0.059302870208429954,-0.020297579743002246,-0.998033655665789
3.8,0.015504885464906693,Empty,0.59536,0.03868,0.18688,0.92414,0.03043,0.07284,0.89468,0.44496,0.02984,0.02581,0.6022387649826001,0.7977357448086091,0.030432735777229304,0.7946549097207568,-0.6026878409915036,0.072738853288294,0.07636782312550465,-0.019622634268982937,-0.9968866073006585
3.867,0.015504885464906693,Empty,0.59902,0.04521,0.18275,0.98344,0.04958,0.09535,0.88081,0.47042,0.04432,0.03031,0.5534882535426996,0.8313816122080052,0.04955167073540828,0.8260080166900919,-0.5555786436182486,0.09509535803080954,0.10659038208934832,-0.011704086368655442,-0.9942341297744318
3.933,0.015504885464906693,Empty,0.59997,0.05013,0.1775,1.03172,0.05701,0.10634,0.86903,0.49107,0.05096,0.03217,0.5125003413694778,0.8567949680131765,0.056971772690237385,0.8502385415336327,-0.5156239103524578,0.10595473355920053,0.12015749076495136,-0.00586224019806927,-0.9927375340707788
4.0,0.015504885464906693,Empty,0.60029,0.05439,0.17289,1.07453,0.05901,0.1069,0.85832,0.50948,0.05264,0.0308,0.4753286112979638,0.8778296083874786,0.058973637498757434,0.8713437620537532,-0.47897244811935336,0.10651498614075723,0.12174875609862193,0.0007566907154535838,-0.9925606620290771
4.067,0.015504885464906693,Empty,0.60132,0.05745,0.16981,1.11261,0.06178,0.10751,0.84845,0.52563,0.05455,0.02932,0.4414674368793,0.8951504881968664,0.06174225179026907,0.8887535342071802,-0.4456993615693947,0.10709451214175654,0.12338418703167844,0.007594904709450901,-0.9923299148030286
4.133,0.015504885464906693,Empty,0.60041,0.05883,0.16805,1.13072,0.06235,0.10177,0.84374,0.53343,0.05352,0.02625,0.425167542668858,0.902966819341612,0.0623176044871533,0.897347687952531,-0.42951923963758604,0.10139205939025348,0.11832027546947109,0.012811945568198327,-0.9928928272797551
4.2,0.015504885464906693,Empty,0.59853,0.05953,0.16771,1.13936,0.06215,0.0982,0.84147,0.53717,0.05259,0.02457,0.41736040321090895,0.9066160995876177,0.06210911205421059,0.9014480790480948,-0.42168433920481724,0.09784517795934891,0.11489845348013893,0.015151436827294005,-0.9932616872455823
4.267,0.015504885464906693,Empty,0.59756,0.0612,0.16767,1.14168,0.06507,0.09135,0.84093,0.53824,0.052,0.02084,0.4151849988821348,0.9074101235472922,0.06502525960832134,0.9030740869533168,-0.41972495098665347,0.09103932662692912,0.109902730524201,0.020924464225855314,-0.9937220721208649
4.333,0.015504885464906693,Empty,0.59697,0.06279,0.16771,1.1374,0.06707,0.08602,0.84213,0.53652,0.05137,0.01817,0.4190244395446561,0.9054976903553321,0.06702575494125959,0.9017647599503352,-0.42364200944731356,0.08571910838988359,0.1060133801743964,0.024523062463756358,-0.9940622629550917
4.4,0.015504885464906693,Empty,0.59664,0.06519,0.16694,1.12689,0.06701,0.07893,0.84499,0.53227,0.04936,0.01546,0.42849944896793934,0.9010572652485158,0.06696287760422392,0.8980049504379102,-0.43289455598457893,0.07867281860923045,0.09987657995335616,0.02642173616135108,-0.994648963521825
4.467,0.015504885464906693,Empty,0.59725,0.06881,0.16681,1.11515,0.06813,0.07039,0.84816,0.52748,0.04749,0.01183,0.43901547562254184,0.8958967636318752,0.06807643555478554,0.8936485307551957,-0.4432463835896908,0.07017796601313522,0.09304684649677121,0.030027193485105734,-0.99520884843756
4.533,0.015504885464906693,Empty,0.5979,0.0731,0.16624,1.10262,0.06916,0.06088,0.85149,0.52235,0.04537,0.00781,0.45019085267605596,0.8902549398931136,0.06909658575294791,0.8888374498949646,-0.454184941959869,0.060696179131203225,0.08541770209401889,0.03409076843984396,-0.9957618368245283
4.6,0.015504885464906693,Empty,0.59729,0.07638,0.16522,1.10122,0.06906,0.05628,0.85187,0.52186,0.04412,0.00591,0.4514272271531945,0.8896368189537937,0.06899122369224454,0.8885937316736142,-0.4552496657574388,0.05611525512818646,0.08133042859311149,0.035973214889909365,-0.9960377950636939
4.667,0.015504885464906693,Empty,0.59701,0.07748,0.16505,1.10298,0.06906,0.05576,0.85141,0.52262,0.04399,0.00565,0.4498736262705662,0.8904227929339491,0.06899978412919902,0.8894278119666563,-0.45368018933504156,0.055609829213247794,0.08082009457045193,0.03635293149975444,-0.996065548387754
4.733,0.015504885464906693,Empty,0.59709,0.07703,0.16508,1.10223,0.06901,0.05588,0.85161,0.5223,0.044,0.00573,0.45053151718295936,0.8900937671227436,0.06895243109611245,0.8890853078306084,-0.4543375176673768,0.05572015290358132,0.0809238371839426,0.03620090840143896,-0.996062662088253
4.8,0.015504885464906693,Empty,0.59715,0.07655,0.16507,1.10145,0.06889,0.05593,0.85181,0.52197,0.04396,0.0058,0.4512273735180362,0.8897493368801997,0.06884747569271689,0.8887301872556581,-0.4550258245685657,0.05576874784518234,0.08094758581043292,0.0360224443498964,-0.9960672024790904
4.867,0.015504885464906693,Empty,0.59716,0.07639,0.16507,1.10117,0.06888,0.05596,0.85188,0.52185,0.04396,0.00582,0.4514768662695626,0.8896252036244996,0.06881595962771238,0.8886017528078853,-0.45527340968601193,0.05579468917044377,0.08096643829494556,0.03595997092518566,-0.9960679275837017
4.933,0.015504885464906693,Empty,0.59716,0.0764,0.16507,1.10119,0.06888,0.05596,0.85188,0.52186,0.04396,0.00582,0.4514566835873934,0.889635169007692,0.06881953871486628,0.8886124924450146,-0.455253291986759,0.055787798001689995,0.08096110865675343,0.035968127555847114,-0.9960680662912527
5.0,0.015504885464906693,Empty,0.59717,0.07639,0.16508,1.10117,0.06888,0.05596,0.85188,0.52185,0.04396,0.00582,0.45147309661710805,0.8896267234912909,0.06882104242969123,0.8886031834835741,-0.4552701845482102,0.05579822008178747,0.08097175639577216,0.035963202187634255,-0.9960673786218455
5.067,0.015505213290452957,Empty,0.59656,0.0763,0.16456,1.09893,0.07047,0.05841,0.85244,0.52081,0.04527,0.0065,0.4534078280186015,0.8885182158085885,0.07040398900472214,0.8873409973848745,-0.4574215851942014,0.05823613790800512,0.08394817360413868,0.03606762502226353,-0.9958171672419505
5.133,0.015505213290452957,Empty,0.59595,0.07576,0.1645,1.09642,0.06877,0.05804,0.85312,0.51978,0.04444,0.00684,0.45571085141755185,0.8874713300050722,0.06871868973808015,0.8862561269060802,-0.4595672373531762,0.05786217998834363,0.0829318842287078,0.034533936505967804,-0.9959566806883109
5.2,0.015504885464906693,Empty,0.59519,0.07501,0.16508,1.0978,0.06373,0.05739,0.85279,0.52049,0.04213,0.00785,0.4546340433551266,0.8883989872939189,0.06367987121303195,0.8870753646851597,-0.45806051595539776,0.057252607725464144,0.08003239338705304,0.030459860436551627,-0.9963267601098174
5.267,0.015504885464906693,Empty,0.59411,0.07441,0.16631,1.09836,0.05516,0.05196,0.85272,0.521,0.03707,0.00776,0.45437852442644655,0.8891011096258464,0.05513051244214556,0.8879500023263691,-0.457006283748715,0.051865691770090885,0.07130883471664727,0.025386482156406286,-0.9971311732240027
5.333,0.015504885464906693,Empty,0.5943,0.07393,0.16762,1.10919,0.04931,0.04881,0.84992,0.52577,0.0338,0.00776,0.44485084659652196,0.8942473112814644,0.04928965964814322,0.8931983704278765,-0.447014848834569,0.04872777428113663,0.0656078908923587,0.022348852034938322,-0.9975951751413882
5.4,0.015504885464906693,Empty,0.59262,0.07249,0.16985,1.11715,0.02544,0.0272,0.84796,0.52974,0.01799,0.00479,0.43810866905199386,0.8985622351679843,0.0254303682908176,0.8982173214460846,-0.4387099649663083,0.02718841837035898,0.03558704196349692,0.010930515503698873,-0.9993068028764297
5.467,0.015504885464906693,Empty,0.59206,0.07212,0.17368,1.12821,0.0079,0.01366,0.84506,0.53462,0.00699,0.00366,0.42826374979169957,0.9036191698406291,0.00790926740508106,0.9035168302721313,-0.4283348189145942,0.01366090481640393,0.015732070091173313,0.0012956858933929147,-0.9998754038222524
5.533,0.015504885464906693,Empty,0.58896,0.07163,0.17629,1.13699,-0.01461,-0.00599,0.8427,0.53833,-0.00777,0.00141,0.4202906928063201,0.9072719429606139,-0.014606678501837563,0.907315695410303,-0.42040737779634013,-0.005988785897267191,-0.011574212824260582,-0.010735837688698355,-0.9998753819284782
5.6,0.015504885464906693,Empty,0.5869,0.07198,0.17869,1.153,-0.03114,-0.01753,0.83832,0.54489,-0.01783,0.00114,0.40554812095711895,0.9135432040515196,-0.031137371748970032,0.9136244829463305,-0.406181389522845,-0.017520929380072332,-0.02865354688691774,-0.02134228517694969,-0.999361536739445
5.667,0.015504885464906693,Empty,0.58581,0.07296,0.17961,1.17861,-0.03934,-0.02135,0.83124,0.55547,-0.02228,0.00206,0.3819207385640516,0.9233579057423272,-0.03932845481114848,0.9235416708116353,-0.3829049027730696,-0.02132176603377394,-0.03474667939735119,-0.028178242235619117,-0.9989988262932887
5.733,0.015504885464906693,Empty,0.58598,0.07311,0.17912,1.21921,-0.04712,-0.01952,0.81974,0.57217,-0.0249,0.00549,0.3440103571756664,0.9377837518819079,-0.04710104948047894,0.9383303503134738,-0.3451899861004792,-0.01949428574081665,-0.034540235037765515,-0.03749010805856722,-0.9986998868335235
5.8,0.015504885464906693,Empty,0.58661,0.07327,0.17892,1.25563,-0.05629,-0.01998,0.80911,0.58689,-0.02864,0.00845,0.3094723485470632,0.9492428899162486,-0.05625656786735056,0.9502105589189904,-0.3109697350913164,-0.019942857771546245,-0.03642470595110797,-0.047283821764798874,-0.9982171512229641
5.867,0.015504885464906693,Empty,0.58818,0.07436,0.17865,1.29262,-0.06404,-0.02381,0.79807,0.60159,-0.03272,0.00978,0.27402996728842294,0.9595897975296326,-0.06399216752810219,0.9608695154145224,-0.27598016182819274,-0.023763935371598707,-0.04046419868188206,-0.05497609257052909,-0.997667418467051
5.933,0.015504885464906693,Empty,0.59165,0.07656,0.17883,1.33837,-0.06797,-0.02013,0.78405,0.61969,-0.03289,0.01319,0.22980722853442742,0.9708625392336765,-0.06793060890396473,0.9725984936754616,-0.23162282523221867,-0.020075779727536137,-0.035225102037453,-0.06145564859460028,-0.9974880427565376
6.0,0.015504885464906693,Empty,0.59613,0.07863,0.17958,1.38505,-0.07897,-0.01668,0.76922,0.63771,-0.0357,0.01879,0.18410684802597926,0.9797354034522625,-0.07888731033678091,0.9824186490108446,-0.1859495926102986,-0.016623690437773255,-0.030955881277163946,-0.07443982959610151,-0.9967449248348633
6.067,0.015504885464906693,Empty,0.60124,0.08151,0.18103,1.43086,-0.08906,-0.01135,0.75422,0.65509,-0.03732,0.02492,0.13893867984712177,0.9862991656321537,-0.08893817580575812,0.9900187751351761,-0.14048171203183318,-0.011301038202348221,-0.02364039175193444,-0.08648031254523748,-0.9959730354883576
6.133,0.015504885464906693,Empty,0.60675,0.08464,0.18275,1.47167,-0.0974,-0.0075,0.74051,0.67027,-0.0386,0.0299,0.09848372107114328,0.9903757493437462,-0.09724624309347175,0.9949919742606754,-0.09967572517936601,-0.007464647802215035,-0.01708589596201646,-0.09602408511295935,-0.9952323584155583
6.2,0.015504885464906693,Empty,0.60963,0.08748,0.18325,1.50255,-0.10171,-0.00569,0.72997,0.68158,-0.03909,0.03262,0.0678532835358936,0.9925140930735192,-0.10154657534278116,0.9976157134552992,-0.06878117211289059,-0.005660267648354839,-0.012602387887686731,-0.10092039146389806,-0.9948146834492855
6.267,0.015504885464906693,Empty,0.61253,0.08936,0.18374,1.53282,-0.10646,-0.00211,0.71943,0.69253,-0.03906,0.03614,0.03776658437956765,0.9936223100987673,-0.10624683514481875,0.9992676968997388,-0.03820556881967058,-0.0020986766918213717,-0.006144512754675654,-0.10608977040768222,-0.994337571239191
6.333,0.015504885464906693,Empty,0.61376,0.09144,0.18358,1.55866,-0.1092,-0.00082,0.71034,0.70174,-0.03911,0.03806,0.012060135293135543,0.9939720607473381,-0.10896832379366589,0.9999249773453652,-0.012221844318375141,-0.0008162121835180794,-0.0021430859950991553,-0.10895030507138265,-0.9940448874207194
6.4,0.015504885464906693,Empty,0.61413,0.09331,0.18288,1.57609,-0.10907,0.00147,0.70416,0.70795,-0.03792,0.03916,-0.0052639646093260994,0.9940438836126271,-0.10885333310890186,0.9999840699259228,0.005454445959501397,0.001452209923602947,0.0020372950152332666,-0.10884395468559871,-0.9940567604304195
6.467,0.015504885464906693,Empty,0.61319,0.09473,0.1825,1.58225,-0.11253,-0.00052,0.70195,0.71001,-0.03972,0.03981,-0.011371565959634622,0.9936093268402288,-0.11229956858213361,0.9999350506784327,0.011385298085651807,-0.000519049343790455,0.000762831794117256,-0.11229817720519109,-0.9936742612566983
6.533,0.015504885464906693,Empty,0.61143,0.09625,0.18182,1.58044,-0.11538,-0.0056,0.70263,0.70921,-0.04256,0.039,-0.009574680167012517,0.9933040598976413,-0.11513196815203713,0.9999440671268072,0.00899355958475817,-0.005565833620797073,-0.004493118916566543,-0.115178819567044,-0.9933346120042045
6.6,0.015504885464906693,Empty,0.61026,0.0979,0.18087,1.58346,-0.11512,-0.00771,0.70161,0.71023,-0.04316,0.03823,-0.012573615706988284,0.9933003347062188,-0.11487536402800498,0.9999013664449703,0.011771124883596162,-0.007661462031249837,-0.006257920543957274,-0.11496036574180019,-0.9933503675637195
6.667,0.015504885464906693,Empty,0.60878,0.09934,0.17953,1.58667,-0.11529,-0.01059,0.70051,0.71129,-0.04418,0.03735,-0.015780240051215033,0.9932366357533031,-0.11503029784098691,0.9998369873799555,0.014665336153641517,-0.010532168935004742,-0.008773978054497948,-0.11517774660480569,-0.9933061481719212
6.733,0.015504885464906693,Empty,0.60747,0.10071,0.17837,1.59021,-0.11581,-0.01304,0.69929,0.71246,-0.04517,0.03676,-0.01927095869536094,0.9931129373486428,-0.11556523621622683,0.9997559979776132,0.01789245843556231,-0.012953935267653073,-0.010796974518288587,-0.11578667281635784,-0.9932154206109414
6.8,0.015504885464906693,Empty,0.60714,0.1019,0.17816,1.59222,-0.11557,-0.01347,0.69858,0.71316,-0.0452,0.03657,-0.021291279561550358,0.993099775571852,-0.1153235326105162,0.999712889603591,0.019879692249763437,-0.013376703498737263,-0.010991804905034656,-0.11557522915915663,-0.9932379103869012
6.867,0.015504885464906693,Empty,0.60716,0.10202,0.17821,1.59241,-0.11554,-0.01336,0.69851,0.71323,-0.04515,0.0366,-0.021475774000000836,0.9931000536696415,-0.11528692264283896,0.9997103711787645,0.02007852541865779,-0.013267500692636533,-0.01086116424319634,-0.11553846207374999,-0.9932436251458726
6.933,0.015504885464906693,Empty,0.60719,0.10193,0.17824,1.59215,-0.11551,-0.01338,0.69861,0.71314,-0.04515,0.03658,-0.02122203719012833,0.9931092057462207,-0.11525506756586121,0.9997152132536571,0.019820820130944772,-0.013290127107423416,-0.010914097612516913,-0.11550428802190495,-0.993247019588711
7.0,0.015504885464906693,Empty,0.60672,0.10184,0.17808,1.58898,-0.11512,-0.01203,0.69972,0.71207,-0.04459,0.03684,-0.018067330327050768,0.9932180214614995,-0.11485440095598191,0.9997873882947614,0.016805126703921647,-0.011948469492152052,-0.00993729246791996,-0.11504585851115794,-0.9933104754596307
7.067,0.015504885464906693,Empty,0.60582,0.10134,0.17643,1.58764,-0.11306,-0.0067,0.70014,0.71176,-0.042,0.03794,-0.016735654029257585,0.9934739772079864,-0.11282452966779255,0.9998484377428426,0.016087106632289627,-0.006656316053074221,-0.004797856543297236,-0.1129188275299871,-0.9935926323005032
7.133,0.015504885464906693,Empty,0.60336,0.09999,0.1736,1.58456,-0.11073,-0.00428,0.70123,0.71078,-0.04038,0.0379,-0.013685021656238805,0.9937821056496796,-0.11049817497477812,0.999902556176991,0.013296505539563352,-0.004252186632298205,-0.002756507389396759,-0.11054559887632241,-0.9938672306883288
7.2,0.015504885464906693,Empty,0.6002,0.09728,0.16992,1.58036,-0.10764,-0.00054,0.70271,0.70944,-0.03805,0.03803,-0.009502471030929771,0.9941660693479021,-0.10744081906635075,0.9999547316459811,0.009499846993403727,-0.0005362517278748799,0.0004875480694940256,-0.10744105111382657,-0.9942113371071746
7.267,0.015504885464906693,Empty,0.5952,0.09348,0.16586,1.57501,-0.106,0.00046,0.70462,0.70761,-0.03722,0.0377,-0.004191962829301732,0.9943790886148709,-0.1057953475966536,0.9999908088171696,0.004263636661051451,0.0004513132012045687,0.0008998493322753717,-0.10579248332410741,-0.9943878221012651
7.333,0.015504885464906693,Empty,0.59093,0.08975,0.16304,1.5695,-0.10524,0.00052,0.70657,0.70568,-0.03703,0.03735,0.0012796340898600933,0.9944667989507506,-0.10504355440122537,0.9999991076007743,-0.0012322344300754184,0.0005161356067080319,0.000383841440236766,-0.1050441211251561,-0.9944674882985327
7.4,0.015504885464906693,Empty,0.58797,0.08725,0.16109,1.56657,-0.10164,0.00632,0.70757,0.70481,-0.03377,0.03808,0.004217578393172661,0.99482974141668,-0.1014691954502362,0.9999738034639767,-0.003598828702616075,0.006280192493634047,0.00588255202147128,-0.10149302451296845,-0.9948188586656992
7.467,0.015504885464906693,Empty,0.58425,0.08468,0.15843,1.56213,-0.09685,0.01247,0.70911,0.70341,-0.02999,0.0385,0.00863977312176123,0.9952764297440437,-0.09669634282822565,0.9998949882394744,-0.007473582116733657,0.012416040589728339,0.011634724491187229,-0.09679346034879469,-0.9952364840678422
7.533,0.015504885464906693,Empty,0.58151,0.08239,0.15485,1.56076,-0.0868,0.02794,0.70948,0.70325,-0.02101,0.04044,0.010006254279974647,0.9961851664283687,-0.08668903658114681,0.999583480969148,-0.00761809350915349,0.027835754433581012,0.027069160476182495,-0.08693146058458191,-0.9958464649290802
7.6,0.015504885464906693,Empty,0.58005,0.0799,0.15127,1.559,-0.07865,0.03343,0.71015,0.70275,-0.01622,0.03951,0.011757098696188517,0.9968400949363799,-0.07855950456486403,0.9994029318363031,-0.00916187791601647,0.033314258659831536,0.03248923617523542,-0.0789042782127865,-0.9963526305542978
7.667,0.015504885464906693,Empty,0.58049,0.07828,0.14762,1.56036,-0.0686,0.04182,0.7097,0.70335,-0.00967,0.03897,0.010397947806935648,0.997593303900557,-0.06855277305969974,0.9991011199729446,-0.007547209070810468,0.04171320778900147,0.041095434663855096,-0.06892488409864703,-0.9967750626905637
7.734,0.015504885464906693,Empty,0.58168,0.07667,0.14303,1.56287,-0.05502,0.05114,0.70891,0.7043,-0.00152,0.03751,0.007921365134888558,0.9984550464963683,-0.05499792814583679,0.9986836290038004,-0.005111850617739611,0.051038006848436,0.050678014307970524,-0.05532982115637798,-0.9971812020674099
7.8,0.015504885464906693,Empty,0.58171,0.07481,0.13779,1.56376,-0.04513,0.05492,0.7087,0.70461,0.00334,0.03537,0.007021274326202809,0.9989567480540609,-0.045123355638647715,0.9984847692584637,-0.004540757830391984,0.05484110754897327,0.05457900022635571,-0.04544003780347688,-0.9974749799863203
7.867,0.015504885464906693,Empty,0.58331,0.07296,0.13332,1.56675,-0.03538,0.06063,0.70772,0.70562,0.00886,0.03395,0.004043480074318984,0.9993665126867254,-0.035358500947602914,0.9981629850878557,-0.0018960748570400199,0.060556255668905296,0.06045085168457033,-0.03553840486726369,-0.9975383282411262
7.933,0.015504885464906693,Empty,0.58479,0.0705,0.12927,1.56889,-0.02838,0.06227,0.70706,0.70633,0.01195,0.03205,0.0019175454923235358,0.9995957352747814,-0.028367041434623732,0.9980634946149034,-0.00014937171729018095,0.06220320253151018,0.062173818737237665,-0.028431385976748713,-0.9976602991775658
8.0,0.015504885464906693,Empty,0.58683,0.06828,0.12653,1.57094,-0.02584,0.05743,0.70644,0.70707,0.01117,0.02943,-0.00013898220435715203,0.9996658774713835,-0.0258479032673042,0.9983511733415751,0.001622411347549979,0.0573785889415135,0.057401353393859315,-0.02579730995255864,-0.9980178272093964
8.067,0.015504885464906693,Empty,0.59007,0.06721,0.12502,1.57524,-0.02034,0.05635,0.70501,0.70856,0.01279,0.02708,-0.004452880440605322,0.9997830898822018,-0.020345639370112065,0.9983978576536076,0.005592554590251431,0.05630667070465099,0.056408241316926476,-0.020062315887056387,-0.9982061980336424
8.133,0.015504885464906693,Empty,0.59241,0.06546,0.1238,1.57572,-0.01873,0.0514,0.70492,0.70875,0.01161,0.02476,-0.004936918474286123,0.9998125133180047,-0.018723382405775996,0.9986624305876658,0.005893193235002314,0.05136749951312287,0.05146820930160683,-0.01844474142485035,-0.9985042888966758
8.2,0.015504885464906693,Empty,0.5956,0.06461,0.12292,1.57716,-0.01849,0.04068,0.70454,0.70931,0.00791,0.02089,-0.006362240969104704,0.9998089158422256,-0.01848387654806092,0.999147511628677,0.007109835834583855,0.04066571332988328,0.040789360084144695,-0.018209394190861487,-0.9990018248567557
8.267,0.015504885464906693,Empty,0.60063,0.06469,0.12252,1.58223,-0.01778,0.03195,0.70283,0.71112,0.00511,0.01755,-0.01144845541448325,0.9997763605992642,-0.017780935169796435,0.9994177494638518,0.012012316286436342,0.0319353458419406,0.032141794057462245,-0.017404971827743077,-0.9993317627447069
8.333,0.015504885464906693,Empty,0.60225,0.06458,0.1202,1.57747,-0.01428,0.02532,0.70461,0.70945,0.00395,0.01399,-0.006657889303997966,0.9998758068171494,-0.014284377892307278,0.9996547264807161,0.007018162543240836,0.025321398446398073,0.025418503787208134,-0.014110858807003078,-0.999577302327813
8.4,0.015505213290452957,Empty,0.60079,0.06394,0.11743,1.5731,-0.01455,0.01167,0.70623,0.70792,-0.00101,0.00927,-0.002305615396045846,0.9998915838089419,-0.014543203419162572,0.9999289304334075,0.002475325609709478,0.01166219728130094,0.011696932074162909,-0.014515281298395213,-0.9998262290962769
8.467,0.015505213290452957,Empty,0.59966,0.06372,0.11566,1.57133,-0.01513,0.00135,0.70689,0.70728,-0.00487,0.00583,-0.0005481149680757191,0.9998853226817968,-0.015134102401558679,0.999998908755303,0.0005688138759846195,0.0013634291244399629,0.0013718812574910237,-0.01513333857063867,-0.9998845433376404
8.533,0.015504885464906693,Empty,0.59939,0.06354,0.11447,1.57067,-0.01683,-0.00987,0.70715,0.707,-0.00944,0.00246,0.0001269648470694218,0.9998582953020179,-0.016833692276813753,0.9999512597948028,-0.0002931275984285331,-0.00986874414490912,-0.009872280117290425,-0.01683161881560684,-0.9998095992204376
8.6,0.015504885464906693,Empty,0.59871,0.06358,0.11415,1.57027,-0.0225,-0.03182,0.70729,0.70666,-0.0192,-0.0033,0.000529846760934094,0.9997468102514954,-0.022495214032541976,0.9994930106973641,-0.001245570213113223,-0.03181462119784696,-0.0318345854304436,-0.02246695232567494,-0.9992406092746972
8.667,0.015504885464906693,Empty,0.59979,0.06464,0.11526,1.57051,-0.02249,-0.03439,0.70719,0.70672,-0.02011,-0.00421,0.0002823119400217067,0.9997469207848089,-0.022494770086881187,0.999408270390169,-0.00105578554971697,-0.0343801453255165,-0.03439519407852134,-0.022471753339829387,-0.9991556389903099
8.733,0.015504885464906693,Empty,0.59933,0.06512,0.1148,1.57063,-0.02302,-0.03868,0.70715,0.70671,-0.02181,-0.00554,0.00017015731628172714,0.9997350938244776,-0.023015499608966535,0.9992514877790089,-0.0010603115775172367,-0.03866962517009456,-0.03868378494827961,-0.022991692306596437,-0.9989869603087691
8.8,0.015504885464906693,Empty,0.59863,0.06551,0.11448,1.56947,-0.02337,-0.04129,0.70755,0.70627,-0.02285,-0.00635,0.0013339840966662408,0.9997261821153633,-0.023361962234986856,0.9991456377930567,-0.0022974810290193326,-0.04126398017675549,-0.0413063550260272,-0.023286957164052293,-0.9988751186512272
8.867,0.015504885464906693,Empty,0.59787,0.06639,0.11319,1.56779,-0.0215,-0.03694,0.70815,0.70574,-0.02065,-0.00549,0.00300907464650485,0.9997642746559493,-0.02150210667435059,0.9993106688462225,-0.003801942471642672,-0.03692874711600327,-0.03700179184697896,-0.021376163245674172,-0.9990865463236942
8.933,0.015504885464906693,Empty,0.59524,0.06715,0.11038,1.56281,-0.02137,-0.03475,0.70991,0.704,-0.01982,-0.00481,0.00797832440005597,0.9997400691460507,-0.021357445624813697,0.9993585283527169,-0.008717329380272976,-0.034735284325407206,-0.03491243544152314,-0.021066616062510726,-0.9991683139187392
