time,gr,gr_state,tx,ty,tz,rx,ry,rz,qw,qx,qy,qz,xx,xy,xz,yx,yy,yz,zx,zy,zz
0.0,0.016236083582043648,Empty,0.3071,-0.00086,0.48502,0.00318,-0.00083,0.00386,1.0,0.00159,-0.00041,0.00193,0.9999946257319973,0.003171019428085009,-0.0008325520458558173,0.0031742046734397067,-0.9999875399111088,0.0038528492339732685,-0.0008203242124089465,-0.0038554712183237506,-0.9999922311747584
0.067,0.016236083582043648,Empty,0.3071,-0.00086,0.48501,0.00318,-0.00085,0.00386,1.0,0.00159,-0.00042,0.00193,0.9999945823404071,0.003182763157920876,-0.0008398264792462914,0.0031859743924015915,-0.9999875116703507,0.003850463674847567,-0.0008275608772912097,-0.003853118480003042,-0.9999922342803335
0.133,0.016236083582043648,Empty,0.3071,-0.00086,0.48502,0.00318,-0.00083,0.00386,1.0,0.00159,-0.00041,0.00193,0.9999946153097052,0.003175145768311627,-0.0008293376538189583,0.0031783194975328888,-0.9999875225679821,0.003853958162880748,-0.0008170904268626685,-0.0038565733105448046,-0.9999922295725775
0.2,0.016236083582043648,Empty,0.3071,-0.00086,0.48502,0.00318,-0.00083,0.00386,1.0,0.00159,-0.00041,0.00193,0.9999946310922129,0.003169343217903242,-0.0008324964362640163,0.0031725282553601297,-0.9999875452563066,0.0038528426823717567,-0.0008202750869092934,-0.0038554631152812103,-0.9999922312462973
0.267,0.016236083582043648,Empty,0.3071,-0.00086,0.48501,0.00318,-0.00085,0.00386,1.0,0.00159,-0.00042,0.00193,0.9999946129669467,0.0031729553597542037,-0.0008404709226574559,0.003176172729046134,-0.9999875261868065,0.003854788915933674,-0.0008282293656289346,-0.00385743763088247,-0.999992217075234
0.333,0.016236083582043648,Empty,0.3071,-0.00086,0.48502,0.00318,-0.00083,0.00386,1.0,0.00159,-0.00041,0.00193,0.9999946223756263,0.0031712940351296126,-0.0008355321486820289,0.003174489311429718,-0.9999875458236047,0.003851079757131977,-0.0008233088365545783,-0.003853711435346957,-0.9999922355052226
0.4,0.016236083582043648,Empty,0.3071,-0.00086,0.48502,0.00318,-0.00083,0.00386,1.0,0.00159,-0.00041,0.00193,0.9999946170320148,0.0031736962003665603,-0.0008328021505220444,0.003176885151880804,-0.9999875184299944,0.003856213810644905,-0.0008205533047251401,-0.003858838769555866,-0.9999922179975326
0.467,0.016236083582043648,Empty,0.3071,-0.00086,0.48502,0.00318,-0.00085,0.00386,1.0,0.00159,-0.00042,0.00193,0.999994593864401,0.0031799494708036335,-0.0008367576323059574,0.0031831520485555154,-0.9999875059496662,0.0038542817231905324,-0.0008244907566879772,-0.0038569244131923188,-0.999992222144284
0.533,0.016236083582043648,Empty,0.3071,-0.00086,0.48502,0.00318,-0.00083,0.00386,1.0,0.00159,-0.00041,0.00193,0.9999946084001364,0.003175996251680302,-0.0008343970681422943,0.0031791910179010396,-0.9999875126191005,0.003855820319480375,-0.0008221405778265874,-0.0038584522381044668,-0.99999221818532
0.6,0.016236083582043648,Empty,0.3071,-0.00086,0.48502,0.00318,-0.00083,0.00386,1.0,0.00159,-0.00041,0.00193,0.999994623873673,0.003171052351543857,-0.00083465605812622,0.003174245721152047,-0.9999875397221816,0.0038528644512737186,-0.000822428023201495,-0.003855493141208848,-0.9999922293622009
0.667,0.016236083582043648,Empty,0.3071,-0.00086,0.48502,0.00318,-0.00083,0.00386,1.0,0.00159,-0.00041,0.00193,0.999994595769357,0.003180426229849931,-0.0008326590400162504,0.0031836096830182292,-0.9999875200506598,0.0038502431504401596,-0.0008204032341666849,-0.003852873204220592,-0.9999922411232025
0.733,0.016236083582043648,Empty,0.3071,-0.00086,0.48502,0.00318,-0.00083,0.00386,1.0,0.00159,-0.00041,0.00193,0.9999946278770134,0.0031699209692047092,-0.0008341571568489794,0.003173113022114482,-0.9999875405098667,0.0038535929697793387,-0.0008219311785143436,-0.003856219142740853,-0.9999922269713205
0.8,0.016236083582043648,Empty,0.3071,-0.00086,0.48502,0.00318,-0.00083,0.00386,1.0,0.00159,-0.00041,0.00193,0.9999945977882057,0.003180098665655995,-0.0008314847451012515,0.0031832828022316795,-0.9999874966057087,0.0038565973148618664,-0.0008192099887447783,-0.0038592233317957655,-0.9999922176148522
0.867,0.016236411407589912,Empty,0.3071,-0.00086,0.48501,0.00318,-0.00085,0.00386,1.0,0.00159,-0.00042,0.00193,0.9999946283481249,0.0031687739040469065,-0.0008379420269940812,0.0031719781586813656,-0.999987555314789,0.0038506843694618765,-0.0008257296509265999,-0.0038533216187338296,-0.9999922350113756
0.933,0.016236411407589912,Empty,0.3071,-0.00086,0.48502,0.00318,-0.00083,0.00386,1.0,0.00159,-0.00041,0.00193,0.999994624655648,0.003170486575898357,-0.0008358676223984515,0.00317368593935613,-0.9999875353291277,0.0038544654538218513,-0.000823636672605161,-0.003857097516063113,-0.9999922221804443
1.0,0.016236411407589912,Empty,0.3071,-0.00086,0.48502,0.00318,-0.00083,0.00386,1.0,0.00159,-0.00041,0.00193,0.9999946096654407,0.0031758587582279563,-0.0008334033901970872,0.0031790471033560364,-0.9999875252240242,0.0038526686654735643,-0.0008211574621526473,-0.0038552973269340434,-0.9999922311612943
1.067,0.016236411407589912,Empty,0.3071,-0.00086,0.48502,0.00318,-0.00083,0.00386,1.0,0.00159,-0.00041,0.00193,0.9999946264666976,0.0031701522610882993,-0.0008349684854890374,0.003173347619331912,-0.999987538930228,0.0038538096932765826,-0.0008227409173755876,-0.003856438629957498,-0.9999922254590163
1.133,0.016236411407589912,Empty,0.3071,-0.00086,0.48502,0.00318,-0.00085,0.00386,1.0,0.00159,-0.00042,0.00193,0.9999946226552332,0.003169905173367016,-0.000840453335716326,0.0031731239308564474,-0.9999875291880262,0.003856520834304736,-0.0008282180492370295,-0.0038591669590549403,-0.9999922104122835
1.2,0.016236411407589912,Empty,0.3071,-0.00086,0.48502,0.00318,-0.00083,0.00386,1.0,0.00159,-0.00041,0.00193,0.9999946104647348,0.0031786938666030773,-0.0008215514505948201,0.0031818371652910793,-0.9999875131783129,0.0038534918848996008,-0.00080929212100877,-0.0038560851593078945,-0.9999922377966276
1.267,0.016236411407589912,Empty,0.3071,-0.00086,0.48501,0.00318,-0.00085,0.00386,1.0,0.00159,-0.00042,0.00193,0.9999945997092599,0.0031767502647442325,-0.0008419085892912989,0.003179975490837983,-0.9999875032342544,0.003857606926486703,-0.0008296434143318511,-0.003860263342967211,-0.9999922049989829
1.333,0.016236411407589912,Empty,0.3071,-0.00086,0.48501,0.00318,-0.00085,0.00386,1.0,0.00159,-0.00042,0.00193,0.9999945997638799,0.003176675912622884,-0.0008421242329704583,0.0031798979694820373,-0.9999875220733324,0.0038527842581878137,-0.0008298746780565326,-0.003855441321381574,-0.9999922234098803
1.4,0.016236411407589912,Empty,0.3071,-0.00086,0.48502,0.00318,-0.00083,0.00386,1.0,0.00159,-0.00041,0.00193,0.999994622238785,0.003171611852810119,-0.000834488924222475,0.0031748043598837095,-0.9999875389523338,0.0038526039675327237,-0.0008222595612086021,-0.0038552325882234267,-0.9999922305052699
1.467,0.016236411407589912,Empty,0.3071,-0.00086,0.48501,0.00318,-0.00087,0.00384,1.0,0.00159,-0.00043,0.00192,0.9999945954697911,0.003173416261733286,-0.0008593372086159155,0.0031766954162429917,-0.9999875744419162,0.0038418183202283745,-0.000847134842139432,-0.0038445274095768238,-0.9999922509557542
1.533,0.016236411407589912,Empty,0.30697,-0.0012,0.48494,0.00762,-0.00154,0.00443,0.99999,0.00381,-0.00076,0.00222,0.9999698834254802,0.00760883993078465,-0.0015289855914974145,0.0076155598408437775,-0.9999611514680815,0.004438333351467542,-0.0014951556246211631,-0.004449843765338255,-0.999988981639359
1.6,0.016236411407589912,Empty,0.30661,-0.00152,0.48513,0.01611,-0.00649,0.00359,0.99996,0.00806,-0.00323,0.00182,0.9998490931399484,0.016115784059987648,-0.006486328033203996,0.016139278931894818,-0.9998633216657863,0.0035863160791169816,-0.006427645197191378,-0.0036904595367899793,-0.9999725325655832
1.667,0.016236411407589912,Empty,0.30679,-0.00138,0.48463,0.02543,-0.00894,0.00321,0.99991,0.01272,-0.00445,0.00166,0.9996368495934302,0.025420315473774602,-0.008942957907479527,0.025449790008106266,-0.9996709876365939,0.003197603199248292,-0.008858731481677524,-0.003424038389143124,-0.9999548984017455
1.733,0.016236411407589912,Empty,0.30752,-0.0005,0.48342,0.03873,-0.01216,0.00287,0.99979,0.01937,-0.00605,0.00155,0.9991763884105567,0.03871249405960109,-0.012160906484361909,0.038749969368465864,-0.9992448416516049,0.0028611722426599056,-0.0120409599608589,-0.00333005050180326,-0.9999219599783157
1.8,0.016236411407589912,Empty,0.30922,0.00054,0.48184,0.05181,-0.01397,0.00174,0.99964,0.02591,-0.00696,0.00105,0.9985604401771205,0.05178557782995041,-0.013975022078451929,0.051814717917451625,-0.9986552151745967,0.00173095687849735,-0.013866590078674346,-0.002452576889405072,-0.9999008463573734
1.867,0.016236083582043648,Empty,0.3117,0.00161,0.47979,0.06167,-0.01502,0.00232,0.9995,0.03084,-0.00747,0.00139,0.9979863920955419,0.06162617659809033,-0.015012513114872252,0.06166772000563325,-0.9980940390976634,0.002319790296238764,-0.014840940045362903,-0.0032409066035104126,-0.9998846148546128
1.933,0.016236083582043648,Empty,0.31547,0.00276,0.47739,0.07445,-0.01459,0.00384,0.99928,0.03723,-0.00722,0.00219,0.9971241880106546,0.07436641921168907,-0.014594155601607648,0.07442969526119664,-0.9972188670335975,0.003840793609794774,-0.014267941246655697,-0.0049159867635052675,-0.9998861229793734
2.0,0.016236083582043648,Empty,0.3202,0.00423,0.47498,0.08751,-0.01583,0.00715,0.999,0.04377,-0.00775,0.00392,0.9960481414842812,0.08739448727548171,-0.01582098099247989,0.08751586786767446,-0.9961374776618435,0.007148319303737754,-0.015135148399553197,-0.008504657039299063,-0.9998492876886833
2.067,0.016236083582043648,Empty,0.32564,0.00592,0.47197,0.10444,-0.02,0.00973,0.99857,0.05224,-0.00973,0.00538,0.9943532104147816,0.10422105132221349,-0.019991633227673215,0.10443051247510476,-0.9944845528786144,0.009733557931694947,-0.01886692879098891,-0.011766331081319381,-0.9997527656630316
2.133,0.016236083582043648,Empty,0.33191,0.0078,0.46994,0.12421,-0.02557,0.00967,0.99798,0.06212,-0.01246,0.00562,0.9919726503610589,0.12383965305311279,-0.025573448483555763,0.12411982835452945,-0.9922201224047853,0.009669379725447456,-0.02417703755422799,-0.012765932269811944,-0.9996261810438859
2.2,0.016236083582043648,Empty,0.33872,0.00962,0.46869,0.1449,-0.03203,0.00941,0.99723,0.07245,-0.01563,0.00585,0.9890130670566706,0.14431856550757238,-0.03202038164972105,0.14468420407836985,-0.9894332347041186,0.00939974218542723,-0.030325472483802008,-0.013929311281626883,-0.9994430148867187
2.267,0.016236083582043648,Empty,0.34602,0.0114,0.46743,0.16518,-0.03578,0.00966,0.99641,0.08257,-0.01743,0.00629,0.9857581414452394,0.1643192381094019,-0.03577812965448039,0.16475809712868528,-0.9862866595170807,0.009664092775457257,-0.03369949561880488,-0.015421194693784692,-0.9993130294103317
2.333,0.016236083582043648,Empty,0.35355,0.01326,0.46587,0.18822,-0.04075,0.00984,0.99535,0.09405,-0.01982,0.00681,0.9815230525796483,0.18695673796469114,-0.040739113691030615,0.18749640759872654,-0.9822161873878745,0.009821322253146768,-0.0381784545562167,-0.017278291664101376,-0.9991215472828465
2.4,0.016236083582043648,Empty,0.36225,0.015,0.4651,0.22092,-0.04452,0.00563,0.99365,0.11027,-0.02181,0.00525,0.9747277637818763,0.2189182179511856,-0.04450393647600085,0.21937588196803226,-0.9756242654782751,0.005613824073144744,-0.04219015197330575,-0.015235040500553208,-0.998993435722886
2.467,0.016236083582043648,Empty,0.3715,0.01629,0.46399,0.25234,-0.04706,0.00143,0.99177,0.12582,-0.02325,0.00367,0.9672591799900487,0.24939236165874273,-0.04704390153094412,0.24973359383272697,-0.9683135323552168,0.0014265935485872835,-0.045197464932990226,-0.013128328303221231,-0.9988918040306437
2.533,0.016236083582043648,Empty,0.37967,0.01767,0.46128,0.27749,-0.05132,-0.00349,0.99007,0.13821,-0.02565,0.00182,0.9604788177447868,0.27358589293290775,-0.05129522250347014,0.2737724877672286,-0.9617881514700357,-0.0034895033449093595,-0.05028981611936597,-0.010691626628113508,-0.9986774371711445
2.6,0.016236083582043648,Empty,0.38767,0.01978,0.45845,0.30297,-0.05178,-0.00607,0.98822,0.15078,-0.02605,0.00091,0.9531705879402778,0.29796920251523784,-0.05177049968871124,0.2980644773546092,-0.9545265640456132,-0.0060502785555561975,-0.0512191138629841,-0.009663999364100711,-0.998640680871444
2.667,0.016236083582043648,Empty,0.39522,0.02224,0.45526,0.32969,-0.05267,-0.00787,0.98611,0.16394,-0.02662,0.00044,0.9448300978095849,0.32330364614457074,-0.052638756280485,0.32335042859837393,-0.9462466438751704,-0.007860615766224186,-0.0523506122063338,-0.00959381804093502,-0.9985826816328327
2.733,0.016236411407589912,Empty,0.40307,0.02462,0.45215,0.3607,-0.0523,-0.00799,0.98345,0.17921,-0.02644,0.00076,0.93436619550973,0.35245931357945437,-0.05227088061026994,0.35253966676167325,-0.9357628360014824,-0.007981110075110664,-0.051726164058836704,-0.010970279374858248,-0.9986010499304494
2.8,0.016236411407589912,Empty,0.41144,0.02677,0.44851,0.39882,-0.04825,-0.00933,0.97991,0.19792,-0.02457,0.00021,0.9204497478023492,0.3878728909478546,-0.0482377677587317,0.38789345606866243,-0.9216571370927438,-0.009316028398154569,-0.04807211779920185,-0.01013617845937103,-0.9987924355823583
2.867,0.016236083582043648,Empty,0.42041,0.02758,0.44417,0.43958,-0.04273,-0.0091,0.97573,0.21788,-0.02184,0.00022,0.9041022773550718,0.42517573648025386,-0.042716099890397985,0.42519528589247624,-0.9050560879529774,-0.009080006281264357,-0.042521064617294144,-0.009953429947819899,-0.9990459890796247
2.933,0.016236083582043648,Empty,0.42872,0.02768,0.43987,0.47684,-0.04036,-0.00985,0.97153,0.23602,-0.02077,-2e-05,0.8877270253181283,0.45859853746860557,-0.04034984450383074,0.45859713633609955,-0.8885898361744101,-0.009837153646449812,-0.040365765992437824,-0.009771615996903418,-0.9991371880060579
3.0,0.016236083582043648,Empty,0.43661,0.0277,0.43572,0.51011,-0.03943,-0.01138,0.96747,0.25214,-0.02051,-0.00053,0.8720059023414299,0.48790629885983794,-0.03941002175339482,0.4878624975941842,-0.8728463805445914,-0.011374507082539297,-0.03994858849663104,-0.009308034330653648,-0.9991583812259328
3.067,0.016236411407589912,Empty,0.44523,0.02762,0.43169,0.54564,-0.03576,-0.01079,0.96287,0.26931,-0.01867,-0.00038,0.8542482000483779,0.518633997469635,-0.03576016474757267,0.5186059409923351,-0.8549453969673967,-0.010781751792509462,-0.036164771277607616,-0.009335141826836275,-0.9993022387874007
3.133,0.016236411407589912,Empty,0.45415,0.02782,0.42736,0.58237,-0.02999,-0.00972,0.95781,0.28698,-0.01576,-0.00035,0.8347832237164841,0.549761906907801,-0.029980245406146157,0.5497396487987503,-0.8352794964476573,-0.00972015189053458,-0.030385653524996736,-0.008367109850280805,-0.9995032283752824
3.2,0.016236411407589912,Empty,0.4632,0.02789,0.42223,0.62195,-0.02472,-0.00864,0.95197,0.30591,-0.01309,-0.00033,0.8124924626932396,0.5824470440281359,-0.02472729199814501,0.5824297259564605,-0.8128351336320072,-0.008640593481896589,-0.025131899827849257,-0.007381492824887668,-0.9996568917257157
3.267,0.016236083582043648,Empty,0.47205,0.02786,0.41704,0.65949,-0.02037,-0.00731,0.94608,0.32375,-0.01082,-0.00016,0.7901353094637714,0.6125938106965099,-0.02037193743654651,0.6125868700122861,-0.790369462049106,-0.007310276927535415,-0.020579587632907074,-0.006703473467936063,-0.9997657445703587
3.333,0.016236083582043648,Empty,0.48065,0.02838,0.41147,0.69798,-0.01619,-0.00727,0.93969,0.34191,-0.00885,-0.00065,0.7660342995281452,0.6425960408059953,-0.016179625671913625,0.6425729100270048,-0.7661899788560965,-0.007278159102464074,-0.017073583275062598,-0.004821269641238709,-0.9998426116710548
3.4,0.016236083582043648,Empty,0.48936,0.02856,0.40611,0.74015,-0.0103,-0.00685,0.93229,0.36166,-0.00604,-0.00133,0.7383241461843576,0.6743674624776773,-0.010294693417360487,0.6743352674495787,-0.7383935146908953,-0.0068530676438669415,-0.01222302069229249,-0.0018822895220054856,-0.9999235244514008
3.467,0.016236083582043648,Empty,0.49808,0.02832,0.40028,0.78296,-0.00259,-0.007,0.92434,0.38155,-0.00253,-0.00274,0.708824266622369,0.7053803964778157,-0.002579789150363567,0.7053526926603414,-0.7088220116219937,-0.006995341089346033,-0.006762987806221746,0.0031388062937241362,-0.9999722045591986
3.533,0.016236083582043648,Empty,0.50591,0.02804,0.3941,0.8197,0.00558,-0.00863,0.91716,0.39848,0.00084,-0.00507,0.6824221906664879,0.7309368797478208,0.005588515945312068,0.7309539976898355,-0.6823722232214151,-0.008625673139596416,-0.0024913745602702406,0.009971298831275724,-0.9999471817313241
3.6,0.016236083582043648,Empty,0.51264,0.02824,0.38667,0.85355,0.01494,-0.01252,0.91024,0.41396,0.00421,-0.00879,0.6572399339447897,0.7535334688363864,0.01493253399965472,0.7536813161523856,-0.6571207777259203,-0.012520270112479626,0.00037803578664650193,0.019483193380047052,-0.9998101131038132
3.667,0.016236083582043648,Empty,0.51836,0.02853,0.37952,0.88796,0.02047,-0.01779,0.90293,0.42958,0.00542,-0.01243,0.630870029345167,0.7756184156673396,0.0204714276911545,0.7758880199834676,-0.630619833568036,-0.017787803595631053,-0.0008868597195493073,0.027105327673886428,-0.9996321897035575
3.733,0.016236083582043648,Empty,0.52449,0.02954,0.37308,0.92217,0.02738,-0.02332,0.89536,0.44499,0.00707,-0.01653,0.6038736352293305,0.7966101108683168,0.027367205507345352,0.7970774213560153,-0.6034271337591746,-0.02330833772778109,-0.0020535431231882037,0.03588907223034309,-0.9993536698562159
3.8,0.016236083582043648,Empty,0.53081,0.03106,0.36635,0.96159,0.03165,-0.02888,0.88632,0.46258,0.00735,-0.02012,0.5719353004881839,0.8196879897028739,0.031648247855958246,0.8202797321700983,-0.5712336341847526,-0.02886686971308383,-0.005583282765793649,0.04247039807844416,-0.9990821248729335
3.867,0.016236083582043648,Empty,0.53738,0.0334,0.35978,1.00538,0.03815,-0.03114,0.87588,0.4819,0.00921,-0.02283,0.5353691500470759,0.8437563337956548,0.03814606608270925,0.8445977990618869,-0.5344961884633108,-0.03111884217011667,-0.005867793255345664,0.04887815153938999,-0.9987875125893417
3.933,0.016236083582043648,Empty,0.54336,0.03673,0.35265,1.04912,0.04439,-0.04128,0.86492,0.501,0.00887,-0.02897,0.4978381098230475,0.866134103416921,0.04437264141317388,0.8671621136469718,-0.49631733553676505,-0.04121857713462436,-0.013677904193704309,0.05899845204624389,-0.9981643640167761
4.0,0.016236083582043648,Empty,0.54858,0.03949,0.34519,1.08725,0.0472,-0.04998,0.85503,0.51744,0.00727,-0.03358,0.46441590727597437,0.8843597982426001,0.047176395807031736,0.8853358912110382,-0.4622666003140229,-0.049899398470046576,-0.022320949858612354,0.06494103083893517,-0.997639432716543
4.067,0.016236083582043648,Empty,0.55301,0.04176,0.33774,1.12129,0.0438,-0.05415,0.84609,0.53191,0.00415,-0.03456,0.4341187017828718,0.8997912879675212,0.04377888600802203,0.9003643248905602,-0.4317644247733522,-0.054069991349198286,-0.029749541622016016,0.0628897415949986,-0.997576987091921
4.133,0.016236411407589912,Empty,0.55562,0.04522,0.33039,1.15001,0.04211,-0.05508,0.83837,0.544,0.00269,-0.03455,0.4081092827225136,0.9119621332614332,0.04209371512436644,0.9123332294080456,-0.40573618389964544,-0.05501115879927867,-0.03308915039105452,0.06085405961650343,-0.9975980611221081
4.2,0.016236411407589912,Empty,0.55757,0.04962,0.3229,1.18115,0.04716,-0.05862,0.82965,0.55702,0.00326,-0.03746,0.3794375714087404,0.9240155664949044,0.04714193757725861,0.9245039290114228,-0.3766519979725274,-0.05852997237095951,-0.03632650060051268,0.06579137708244438,-0.9971719410692005
4.267,0.016236411407589912,Empty,0.55954,0.05284,0.31609,1.21112,0.05148,-0.05492,0.8212,0.5694,0.00553,-0.03721,0.3515168851721605,0.9347667230675909,0.05144951782417341,0.9355893180894008,-0.3488091415877656,-0.05481615292790764,-0.03329425349623792,0.06740442263148579,-0.9971700639779778
4.333,0.016236083582043648,Empty,0.56164,0.05486,0.30882,1.24056,0.05516,-0.04937,0.81276,0.58142,0.00809,-0.0361,0.3237791996066355,0.9445250320871752,0.055131603122049115,0.9456933366185694,-0.32130339783631456,-0.04927717132787124,-0.028829550418345312,0.06809251280103855,-0.9972623860966162
4.4,0.016236083582043648,Empty,0.56436,0.05649,0.30145,1.27283,0.06123,-0.0433,0.80327,0.59443,0.01175,-0.03559,0.2930220652408739,0.954145657992262,0.06118931782988565,0.9558185743330239,-0.29076529461078165,-0.04320181026174138,-0.023429089652806667,0.07114497019761142,-0.997190789655431
4.467,0.016236411407589912,Empty,0.56704,0.05784,0.29381,1.29918,0.06792,-0.03826,0.79533,0.60492,0.01547,-0.03576,0.2676563222965735,0.9611216953627431,0.06786147535766844,0.9633337070069351,-0.26557740823564796,-0.038168169711320546,-0.018661781237300456,0.07558919855298604,-0.9969643980519908
4.533,0.016236411407589912,Empty,0.56872,0.05864,0.28516,1.32235,0.07206,-0.03412,0.78827,0.61404,0.01796,-0.03557,0.24525516814213716,0.9667807464065785,0.07200618638083126,0.9693368254075807,-0.24336998971029278,-0.03401715768793376,-0.015362988261590488,0.07814113184457333,-0.996823927334072
4.6,0.016236083582043648,Empty,0.5711,0.06015,0.27662,1.34599,0.08044,-0.03005,0.78086,0.62323,0.02208,-0.0368,0.2221886022335124,0.971686513938068,0.08035884312509087,0.9749371931412889,-0.22045487918277956,-0.02995188932756626,-0.011388347874151888,0.08499979338440211,-0.9963158839732038
4.667,0.016236083582043648,Empty,0.57293,0.06147,0.26772,1.36387,0.08607,-0.03073,0.77513,0.63015,0.02372,-0.03903,0.20468856093931642,0.9750440361930472,0.0859751156147126,0.9787484041729579,-0.20276690952759696,-0.030612770693222886,-0.0124158910062991,0.09041409118604658,-0.9958268613396212
4.733,0.016236083582043648,Empty,0.57479,0.06286,0.25853,1.37913,0.09253,-0.03106,0.77014,0.636,0.02581,-0.04139,0.18966686337541228,0.9774906300452157,0.0924042699832644,0.9817639227782341,-0.1875735003576608,-0.030915722451019367,-0.012887236648194505,0.09658286668649833,-0.9952415128973426
4.8,0.016236411407589912,Empty,0.57704,0.06492,0.2487,1.39377,0.10115,-0.03127,0.76526,0.64154,0.02874,-0.04442,0.175188400448625,0.9793426017230338,0.10098065556635794,0.984449058360493,-0.17289465991733255,-0.03110447018048923,-0.01300291664940193,0.10485945366264822,-0.994402040995582
4.867,0.016236411407589912,Empty,0.57859,0.06668,0.23915,1.40563,0.10692,-0.03432,0.76123,0.64605,0.02969,-0.04761,0.16347595104472923,0.9807574893895562,0.1067256315807791,0.9864124144309021,-0.16070534118937385,-0.034122455506676946,-0.01631447475769483,0.11085368879519474,-0.9937028215688424
4.933,0.016236083582043648,Empty,0.57993,0.06853,0.22962,1.4147,0.1118,-0.03761,0.75808,0.64949,0.03026,-0.05057,0.15448490050425645,0.9816766768669332,0.11155858376514338,0.9877965622101276,-0.15120226987489765,-0.03736074504787424,-0.019808260954551377,0.11596885650972494,-0.9930553142286604
5.0,0.016236083582043648,Empty,0.58088,0.06985,0.22133,1.422,0.11349,-0.03944,0.75562,0.65226,0.03012,-0.05192,0.14730689007916586,0.9825864065319946,0.11324589985401862,0.9888413300562187,-0.1437297070072096,-0.039173910913646616,-0.022214952348658754,0.1177528132239887,-0.9927944252814797
5.067,0.016236083582043648,Empty,0.58148,0.07099,0.21434,1.42679,0.11452,-0.04223,0.75394,0.6541,0.02947,-0.05338,0.14256323719517017,0.9831684673508121,0.1142606152945489,0.9894599192636464,-0.13860193617343886,-0.04193532472453519,-0.025392746429086867,0.11903473482991934,-0.9925653330299012
5.133,0.016236083582043648,Empty,0.58212,0.07175,0.20843,1.43133,0.1156,-0.04374,0.75239,0.65582,0.02926,-0.05437,0.1380905559644402,0.9836809877391184,0.11533738645393297,0.9900435632954299,-0.13389020295225318,-0.04344141262312395,-0.02728994559759754,0.12018788588704171,-0.9923760028110734
5.2,0.016236083582043648,Empty,0.58354,0.07207,0.20345,1.43753,0.11669,-0.04049,0.75041,0.65809,0.03057,-0.0536,0.13196981002835484,0.9843924470249462,0.11642800127683348,0.9909464657470312,-0.12809141319221806,-0.04022054064640183,-0.02467936920888298,0.1206818134876123,-0.9923844157526824
5.267,0.016236083582043648,Empty,0.58473,0.07221,0.19898,1.44287,0.1184,-0.03792,0.74867,0.66003,0.03192,-0.05328,0.1266770579064559,0.9848851847714253,0.11812745581751857,0.991688186533571,-0.12303871603794642,-0.03762997535861971,-0.022526954741401633,0.1219124570070219,-0.992285185386031
5.333,0.016236411407589912,Empty,0.58636,0.07233,0.19452,1.44886,0.12188,-0.03517,0.74666,0.66218,0.03397,-0.0535,0.12071619434528413,0.9852138650781057,0.12157812500878551,0.9924829449763901,-0.11729925739996305,-0.034906849534274025,-0.020129688367751693,0.12487803758578818,-0.9919678781971417
5.4,0.016236411407589912,Empty,0.58812,0.07239,0.18986,1.45597,0.1257,-0.03386,0.74423,0.66475,0.03564,-0.0544,0.11368376206296416,0.985574144669018,0.12537785930196826,0.9933299499904165,-0.11030508016988849,-0.03359166177417166,-0.019277258499257488,0.1283604091947642,-0.9915402123242937
5.467,0.016236411407589912,Empty,0.59017,0.07239,0.18457,1.46366,0.13004,-0.03103,0.74162,0.66749,0.03799,-0.05493,0.10603943683214484,0.9858694020317729,0.12968099310938502,0.9942168667749027,-0.10289088889018455,-0.03076177504117026,-0.016984100112087962,0.13219299195079331,-0.9910784798503499
5.533,0.016236411407589912,Empty,0.59205,0.07237,0.17922,1.46943,0.13415,-0.02957,0.73961,0.66953,0.03984,-0.05587,0.10028084592579917,0.985927329750828,0.13375743863728945,0.9948324294979174,-0.09721217029634283,-0.029295582696817007,-0.015880464718556565,0.13600402345767929,-0.9905809994360106
5.6,0.016236411407589912,Empty,0.59369,0.07165,0.17357,1.47204,0.13425,-0.02692,0.7388,0.67044,0.04069,-0.05498,0.09770897219257796,0.9861743988965481,0.13383949982759963,0.9951221356953166,-0.09497491325540713,-0.026677722941051432,-0.013597492499046794,0.13579330179784238,-0.9906438751562433
5.667,0.016236411407589912,Empty,0.59513,0.07123,0.16769,1.47498,0.13462,-0.02412,0.73789,0.67146,0.04169,-0.05413,0.0948110487781838,0.9864070931073186,0.13420846358240965,0.9954326139332015,-0.0924268237257545,-0.02389965217493293,-0.011170324422115963,0.135861432803936,-0.9906648751867435
5.733,0.016236411407589912,Empty,0.5965,0.07142,0.16189,1.47673,0.13661,-0.02229,0.73729,0.67203,0.04299,-0.05416,0.09304857554552903,0.9863038937036286,0.13618587244647964,0.9956170651193392,-0.09087670063227743,-0.02209264414561616,-0.009413938182365576,0.1376446677036646,-0.9904369355090946
5.8,0.016236411407589912,Empty,0.59778,0.07174,0.15649,1.48182,0.13863,-0.02151,0.73554,0.67385,0.04386,-0.05466,0.08800627732025273,0.986488499017637,0.1381858764786047,0.9960779320268436,-0.08587796969334022,-0.021300883795666657,-0.009145954371059013,0.13951851356461334,-0.9901772244862853
5.867,0.016236411407589912,Empty,0.59868,0.07152,0.152,1.4831,0.13815,-0.0188,0.7352,0.67427,0.04456,-0.05353,0.08675592800550697,0.9866658110604034,0.13770978992220956,0.996207327279925,-0.08499689919691089,-0.018614193528029427,-0.006661083222122596,0.13880239339228256,-0.9902976954223826
5.933,0.016236411407589912,Empty,0.59933,0.07138,0.14877,1.48176,0.13793,-0.01571,0.73574,0.67371,0.04556,-0.05229,0.08808609136892531,0.9865766364483946,0.1375041123803848,0.9961070280888555,-0.08676971705899633,-0.01555007374546881,-0.003410146526634694,0.138338557949958,-0.9903791265394243
6.0,0.016236083582043648,Empty,0.59962,0.07197,0.14675,1.47651,0.14172,-0.01396,0.73743,0.67166,0.04768,-0.0528,0.09318653840967234,0.9855786541798437,0.14124795745167645,0.995648487516299,-0.09215873407784442,-0.013815101869898497,-0.0005986365584640478,0.14192069672256102,-0.9898778497754425
6.066,0.016236083582043648,Empty,0.60068,0.07197,0.14431,1.48046,0.14456,-0.00936,0.73615,0.67294,0.05017,-0.05215,0.0892658522001365,0.9855351208849039,0.14405600693258575,0.9960010551499194,-0.0888603092371783,-0.00925978307093002,0.0036750198953255367,0.14430651733255442,-0.9895262115194918
6.133,0.016236083582043648,Empty,0.60196,0.07186,0.14151,1.4844,0.14834,-0.00366,0.73487,0.67415,0.05338,-0.05143,0.08535398165970332,0.9853291526943886,0.14778754570461355,0.9963089908606569,-0.08576331675136023,-0.0036122333847174726,0.009115511233872917,0.1475503790248064,-0.9890125343516033
6.2,0.016236411407589912,Empty,0.60272,0.07222,0.13809,1.48549,0.15466,-0.00281,0.73434,0.67437,0.05596,-0.05328,0.08419743508887834,0.9844683754905414,0.15405456690234254,0.9963955867994372,-0.0847827553239508,-0.00277830996908833,0.010326012350340988,0.15373321716107186,-0.9880584352204314
6.267,0.016236411407589912,Empty,0.60256,0.07198,0.13485,1.48283,0.15752,-0.00103,0.7352,0.67327,0.05768,-0.05351,0.08675329723527658,0.9838020718498289,0.15686729691937706,0.9961481499031934,-0.08768030050012132,-0.0010140752700638633,0.012756522380832013,0.15635104197987512,-0.987619168915101
6.333,0.016236411407589912,Empty,0.60198,0.07209,0.13207,1.47899,0.16032,-0.00029,0.73643,0.67176,0.05906,-0.05407,0.090509764853902,0.9830173552879641,0.15963978723597594,0.9957922167933357,-0.0916393946405632,-0.00028692111376067697,0.014347245028428046,0.15899402678266705,-0.9871752914287951
6.4,0.016236411407589912,Empty,0.60145,0.07272,0.12956,1.4742,0.16397,-0.00113,0.73791,0.66992,0.06026,-0.05546,0.09516512134200106,0.9819861663115759,0.1632383804521975,0.9953540692736607,-0.09627586158456058,-0.0011114209441015765,0.014624515729646771,0.16258575475374423,-0.9865860306586692
6.467,0.016236411407589912,Empty,0.60121,0.07335,0.12744,1.47229,0.16573,-0.00191,0.73846,0.66919,0.0607,-0.05628,0.09699456075504465,0.9815175745803453,0.16497062154775338,0.9951818736381144,-0.09802797196497143,-0.0018854958410428613,0.014321088159345314,0.16435865508804492,-0.9862966789620563
6.533,0.016236083582043648,Empty,0.60112,0.0739,0.12577,1.47197,0.16649,-0.00217,0.73854,0.66906,0.0609,-0.05662,0.09729264739352766,0.9813613628354254,0.16572270905628686,0.9951546877113906,-0.09829830543566964,-0.002142585942390557,0.014187610412025157,0.16512818863619805,-0.9861700629346465
6.6,0.016236083582043648,Empty,0.60117,0.0745,0.12445,1.47152,0.16796,-0.00312,0.73862,0.66888,0.06114,-0.05745,0.09772115046647312,0.9810710584836737,0.16718299840962514,0.9951227274824143,-0.09859663409878644,-0.0030758726161387306,0.013466031318455557,0.16666817917681173,-0.9859210840885881
6.667,0.016236083582043648,Empty,0.60103,0.0745,0.12298,1.47106,0.16786,-0.00398,0.73875,0.66874,0.06083,-0.05772,0.09817517526012914,0.9810452738370063,0.16706826642039513,0.995088334371393,-0.0989134082789056,-0.003917200609744986,0.012682340502027701,0.16663225481497793,-0.9859375486787523
6.733,0.016236083582043648,Empty,0.60096,0.07435,0.12179,1.47039,0.16823,-0.00256,0.739,0.66844,0.06146,-0.0573,0.09881936922273399,0.9809160230014623,0.16744697096518696,0.9950034465159121,-0.09980883900240695,-0.00251735544742851,0.014243373472532565,0.16685907669643515,-0.9858778701422074
6.8,0.016236083582043648,Empty,0.60068,0.07416,0.1207,1.46799,0.1692,0.00111,0.73988,0.66741,0.06311,-0.05619,0.10116621720973051,0.9805141384836243,0.16839661733297817,0.99469969495135,-0.10281697130255157,0.0010896218892153947,0.01838241983974838,0.16739383096723176,-0.9857187184967876
6.867,0.016236083582043648,Empty,0.60043,0.07406,0.11926,1.46699,0.17057,0.00307,0.74023,0.66694,0.0643,-0.05589,0.10212227998533024,0.980183937900868,0.16973652468383282,0.9945577493351752,-0.10414296606185286,0.003020903373342404,0.020637906094106036,0.16850427442942612,-0.9854848483518472
6.933,0.016236083582043648,Empty,0.60025,0.07383,0.11773,1.46721,0.17155,0.00371,0.74014,0.66697,0.06487,-0.05599,0.10188987889441986,0.9800363834350636,0.17072533415518948,0.9945667982215383,-0.10403635212898626,0.003649837126683861,0.021338614159270627,0.1694258675032069,-0.9853118993326668
7.0,0.016236083582043648,Empty,0.60028,0.07346,0.1161,1.46985,0.17236,0.00415,0.73925,0.66791,0.06524,-0.05618,0.09928842034058322,0.9801668374488881,0.17150737696004933,0.9948283543920311,-0.10148824681904395,0.004084244757653649,0.021409224271684662,0.17021488337698784,-0.9851743696387169
7.067,0.016236411407589912,Empty,0.60029,0.07353,0.11416,1.47412,0.17611,0.00333,0.73768,0.6694,0.06623,-0.05788,0.09504654345398184,0.979934394665705,0.17519913449731622,0.9952675274247105,-0.09711784345562446,0.003267007259246238,0.02021641489862885,0.17405949165066284,-0.9845275973455286
7.133,0.016236411407589912,Empty,0.59996,0.07318,0.11208,1.47616,0.17961,0.00112,0.73682,0.67012,0.06672,-0.05993,0.09298643860512501,0.9795099207352018,0.1786444441253469,0.9955045269321683,-0.09470745767343086,0.001110998917454989,0.018007195592168165,0.17773804500543547,-0.9839130694652606
7.2,0.016236083582043648,Empty,0.59959,0.07239,0.11061,1.47773,0.1805,0.00029,0.73623,0.6707,0.06672,-0.06059,0.09142585954879912,0.979495896421584,0.1795246531790015,0.9956672328801044,-0.09298752675463778,0.00028502093175554466,0.01697273032364826,0.17872075638082174,-0.9837534333683556
7.267,0.016236083582043648,Empty,0.59934,0.07193,0.10998,1.47906,0.18085,0.00138,0.73581,0.67114,0.06718,-0.06035,0.09010651109509377,0.979554635910175,0.17987087570019167,0.9957721355274832,-0.0918477483899427,0.001358389757297615,0.017851351918123575,0.17898800625344097,-0.9836892918254795
7.333,0.016236083582043648,Empty,0.59931,0.07168,0.10965,1.4818,0.18091,0.00425,0.73497,0.67205,0.06808,-0.05941,0.08741557610742628,0.9797895089725817,0.1799195241241869,0.9959667422669456,-0.08962589849543401,0.0041769147768942055,0.02021794628477464,0.17882873490061177,-0.9836724649098768
7.4,0.016236411407589912,Empty,0.59908,0.07163,0.10943,1.48384,0.18115,0.00517,0.7343,0.67276,0.06842,-0.05922,0.08542113640463628,0.9799192052770216,0.1801709759772406,0.9961279215692368,-0.08776861184413087,0.005082779269903817,0.020794069478887144,0.17903916304598055,-0.9836221758227607
7.467,0.016236411407589912,Empty,0.59881,0.07141,0.10923,1.4849,0.18085,0.00661,0.734,0.67311,0.06876,-0.05863,0.08439488399563672,0.9800636246851933,0.17986882755019948,0.9961892255938134,-0.08697592521386888,0.006497325910646626,0.022012050476061935,0.17863504695918953,-0.9836691464266467
7.533,0.016236411407589912,Empty,0.5986,0.07117,0.10918,1.48514,0.18099,0.00817,0.73396,0.67314,0.06933,-0.05811,0.08416118147443169,0.980058578701827,0.18000577170130377,0.9961740855400429,-0.08702085794543896,0.008035022146728674,0.02353904907353877,0.1786408480594341,-0.9836327366315741
7.6,0.016236411407589912,Empty,0.59865,0.07082,0.10911,1.48653,0.1808,0.01007,0.73355,0.67359,0.06986,-0.0574,0.08279129619369296,0.9802090306448223,0.17982173816562416,0.9962491210386053,-0.08596286576132489,0.009903259054839561,0.02516525589726852,0.17832734493744518,-0.9836493622949116
7.667,0.016236411407589912,Empty,0.59889,0.07041,0.10907,1.49009,0.18185,0.01232,0.73239,0.67478,0.0709,-0.05705,0.07929451433342827,0.9803085590450725,0.18085217460566902,0.9964892798854703,-0.08283886005404772,0.012117687002173291,0.026860660266689044,0.17925638713284262,-0.9834356372443079
7.733,0.016236411407589912,Empty,0.59929,0.06972,0.10916,1.49275,0.18403,0.01457,0.73148,0.6756,0.07238,-0.05706,0.0766391230511404,0.980120858220288,0.18300149753342965,0.9966431917452345,-0.0806052816165177,0.014322601837431559,0.028788768049777466,0.1812895249512436,-0.9830082985291266
7.8,0.016236411407589912,Empty,0.59964,0.06868,0.10916,1.49426,0.18555,0.01569,0.73096,0.67606,0.07327,-0.05722,0.07515537220370228,0.979957293742711,0.1844867812863148,0.9967278253517466,-0.07934548799008395,0.015425164673146738,0.02975419631751484,0.1827238243253381,-0.9827139420123341
7.867,0.016236411407589912,Empty,0.59988,0.06748,0.10915,1.49376,0.18652,0.0161,0.7311,0.67583,0.07378,-0.05738,0.07561222692649605,0.97974319246434,0.18543480784091965,0.9966761967427837,-0.0799137478503738,0.015822507729402233,0.03032078471207793,0.1836220839776349,-0.982529175287001
7.933,0.016236083582043648,Empty,0.59983,0.06681,0.10907,1.4921,0.18681,0.01582,0.73166,0.67522,0.07384,-0.05752,0.07726297635107854,0.9795593748691066,0.18572523681884975,0.996548051828458,-0.08154994235478702,0.015543078808115174,0.03037125091722519,0.18388321839682945,-0.9824787779437004
8.0,0.016236083582043648,Empty,0.59927,0.06676,0.10877,1.49127,0.18694,0.01512,0.73191,0.67494,0.07367,-0.05779,0.07806122043823949,0.9794714534327129,0.18585509886495333,0.9965022236190001,-0.08223626862589284,0.0148497287813074,0.02982891526825879,0.1840458313380094,-0.9824649448102565
8.066,0.016236083582043648,Empty,0.59885,0.06696,0.10843,1.49069,0.18749,0.0142,0.73207,0.67474,0.07358,-0.05829,0.07863665773764228,0.9793224892773205,0.18639672222312664,0.9964794400862782,-0.08266907916567234,0.01394807639919643,0.029068910285576538,0.18464367128491668,-0.9823755458628013
8.133,0.016236083582043648,Empty,0.59837,0.06708,0.10809,1.49023,0.18775,0.01322,0.73218,0.6746,0.07336,-0.05872,0.07907592736416819,0.9792368026378588,0.1866608745052905,0.9964696067139902,-0.08294343451371439,0.012988824671058344,0.02820142916171316,0.1849747848509417,-0.9823385406073534
8.2,0.016236083582043648,Empty,0.59756,0.06719,0.10736,1.48838,0.18859,0.01198,0.73274,0.67394,0.0733,-0.05939,0.08086893335843354,0.9789365501322982,0.18746585404425803,0.9963491550618516,-0.08455861912594892,0.011755898053619734,0.02736013203556678,0.18583075834367813,-0.9822007699184571
8.267,0.016236083582043648,Empty,0.59697,0.06737,0.10676,1.4864,0.18999,0.01051,0.73332,0.67322,0.07338,-0.06033,0.08278831815946242,0.978510687544555,0.18884630983265155,0.9962175126664492,-0.08627901966155155,0.0103246415392734,0.0263962465703082,0.18727724134908605,-0.9819523781934006
8.333,0.016236083582043648,Empty,0.59684,0.06746,0.10651,1.48557,0.19142,0.01016,0.73354,0.67288,0.07381,-0.06091,0.08357882722485255,0.978170285470227,0.1902563330425891,0.996153934439726,-0.08705255964255493,0.009959455805093886,0.0263043445075607,0.18869219507646248,-0.981683929265043
8.4,0.016236083582043648,Empty,0.59689,0.0677,0.10651,1.48224,0.195,0.00972,0.73452,0.67155,0.07508,-0.06215,0.08676553863579345,0.9772022489423611,0.1937717883677405,0.9958676494617753,-0.09031416953823795,0.009538109671093545,0.026821000367623332,0.19214347619060657,-0.9810002642694188
8.466,0.016236083582043648,Empty,0.59673,0.0676,0.10627,1.47756,0.1982,0.00942,0.73597,0.66973,0.0763,-0.06316,0.09126773124897514,0.9761643741592283,0.19690941027535053,0.9954407087734349,-0.09493379074173058,0.00923962618544924,0.02771275066294184,0.1951683632091194,-0.9803781481923018
8.533,0.016236083582043648,Empty,0.59584,0.06711,0.10619,1.46819,0.19743,0.00735,0.73906,0.66638,0.07562,-0.06331,0.1004443654430614,0.9754144978802108,0.19615679130694524,0.994565249436302,-0.10386550353064611,0.007205677624789533,0.02740244632232254,0.1943669583582074,-0.9805460679815768
8.6,0.016236411407589912,Empty,0.59429,0.06765,0.10641,1.45703,0.19593,0.00592,0.74277,0.66235,0.07494,-0.06292,0.11134346771908415,0.9745271887659447,0.1946776580715778,0.9933880398860067,-0.11465817145587742,0.005805680824208209,0.027979178110287724,0.19274403252588532,-0.9808500922760488
8.667,0.016236411407589912,Empty,0.59316,0.06907,0.10732,1.446,0.19565,0.006,0.74643,0.65825,0.07521,-0.06238,0.12209195002208284,0.9732965765898038,0.19438963382437163,0.9920606096566706,-0.12562256168320013,0.005892263044519425,0.030154643215274175,0.19212690075759464,-0.9809066986711025
8.733,0.016236083582043648,Empty,0.59344,0.07032,0.10897,1.44372,0.19643,0.00849,0.74723,0.65728,0.07639,-0.06162,0.12428678514347247,0.97286332433588,0.19516594785166957,0.9916920851811282,-0.12836413307545164,0.008334118363333434,0.03316026579818966,0.1925087050029896,-0.9807348241345696
8.8,0.016236083582043648,Empty,0.59377,0.0704,0.10961,1.44404,0.19666,0.00978,0.74716,0.65734,0.07689,-0.06123,0.12399417747934316,0.9728551920939201,0.19539247469419888,0.9916868339688694,-0.12831794049613987,0.00957755081577838,0.03438992997987723,0.19258058407516349,-0.9806783628454582
8.867,0.016236083582043648,Empty,0.59377,0.07003,0.10949,1.44342,0.19645,0.00969,0.74736,0.65712,0.0768,-0.06117,0.12457755385442176,0.9728221612276383,0.19518574666208532,0.9916132283764758,-0.12889090767192823,0.009504695065575691,0.03440404604740239,0.1923646967192617,-0.9807202379229638
