time,gr,gr_state,tx,ty,tz,rx,ry,rz,qw,qx,qy,qz,xx,xy,xz,yx,yy,yz,zx,zy,zz
0.0,0.016717420890927315,Empty,0.30823,0.00242,0.48535,-0.00532,0.00225,-0.00371,0.99999,-0.00266,0.00113,-0.00185,0.9999832822038572,-0.005323316930463062,0.0022577886655585394,-0.0053149477729247385,-0.9999790425172965,-0.003696735906443674,0.002277420244829822,0.003684674076326651,-0.9999906182229809
0.067,0.016717420890927315,Empty,0.30823,0.00242,0.48535,-0.00532,0.00225,-0.00369,0.99999,-0.00266,0.00113,-0.00184,0.999983287097318,-0.005321387967735791,0.002260167281326198,-0.005313018098905942,-0.9999790658108921,-0.0036932070962953072,0.002279772954361518,0.0036811370624122808,-0.9999906258886652
0.133,0.016717420890927315,Empty,0.30823,0.00242,0.48536,-0.00532,0.00227,-0.00371,0.99999,-0.00266,0.00114,-0.00185,0.9999832196962009,-0.005332963193234674,0.002262704045832528,-0.005324572610949041,-0.9999789860131076,-0.0036981696428437646,0.0022823786999868765,0.003686059654444533,-0.9999906018116839
0.2,0.016717420890927315,Empty,0.30823,0.00242,0.48536,-0.00528,0.00229,-0.00371,0.99999,-0.00264,0.00115,-0.00185,0.9999834569005602,-0.0052778137824934235,0.0022870520068861756,-0.005269310370554003,-0.9999792413098034,-0.0037082769163720867,0.0023065761257005527,0.003696164383120429,-0.999990508992675
0.267,0.016717420890927315,Empty,0.30843,0.00364,0.48484,-0.01125,0.00408,-0.00432,0.99998,-0.00562,0.00205,-0.00215,0.9999283974144046,-0.011248720304189996,0.004082442379006237,-0.011231057865826677,-0.9999275810782338,-0.004323879999055954,0.0041307848496693386,0.004277720251475699,-0.9999823187066738
0.333,0.016717420890927315,Empty,0.30873,0.00521,0.48466,-0.01435,0.00329,-0.00394,0.99997,-0.00717,0.00166,-0.00196,0.9998917154101474,-0.01434437094204527,0.003285799207149473,-0.014331369611268518,-0.9998895113066636,-0.003946773870682413,0.0033420501519139567,0.0038992564929865104,-0.9999868131628458
0.4,0.016717420890927315,Empty,0.31182,0.00651,0.4844,-0.01462,0.00403,-0.00149,0.99997,-0.00731,0.00202,-0.00073,0.999885041961244,-0.014617167634421169,0.004030046216681387,-0.014611296754770464,-0.9998921504439204,-0.0014823925849878983,0.004051279958900708,0.0014233379708362892,-0.9999907805773588
0.467,0.016717420890927315,Empty,0.318,0.00758,0.48255,-0.01364,0.00487,0.00079,0.99997,-0.00682,0.00243,0.00041,0.9998950772689434,-0.013646692200039778,0.00485821421213482,-0.013650652615051495,-0.9999065189476135,0.0007829746159564973,0.004847075047573274,-0.0008492102586608012,-0.9999878922794114
0.533,0.016717420890927315,Empty,0.32654,0.00742,0.47762,-0.0118,0.00574,7e-05,0.99998,-0.0059,0.00287,5e-05,0.9999140130841375,-0.011790226137738946,0.0057408192443377925,-0.011790798453398088,-0.9999304839511252,6.585666345028602e-05,0.005739643700311947,-0.00013353984330628503,-0.9999835191928432
0.6,0.016717420890927315,Empty,0.3356,0.007,0.47101,-0.01038,0.00419,-0.0013,0.99998,-0.00519,0.0021,-0.00064,0.9999372427826096,-0.010388572270951302,0.004193812404413466,-0.010383207800139738,-0.9999452494380925,-0.0012988925936956864,0.004207076430409653,0.0012552658531409938,-0.9999903623613312
0.666,0.016717420890927315,Empty,0.34583,0.00705,0.46388,-0.00833,0.0062,-0.00453,0.99998,-0.00416,0.00311,-0.00225,0.9999460112197867,-0.008333073955504422,0.006207618230086273,-0.008305014728115678,-0.9999552416073105,-0.004532274531773393,0.00624510816593177,0.004480475478972447,-0.9999704615454791
0.733,0.016717420890927315,Empty,0.35541,0.00845,0.4563,-0.00734,0.00549,-0.00708,0.99998,-0.00366,0.00276,-0.00353,0.9999579537804828,-0.0073463114376668415,0.005488385865687576,-0.007307393138554885,-0.9999482524293177,-0.007077744631722723,0.005540097171392796,0.007037341246101584,-0.9999598907713836
0.8,0.016717420890927315,Empty,0.36443,0.01026,0.44903,-0.00392,0.00591,-0.00627,0.99999,-0.00195,0.00296,-0.00313,0.9999747967827098,-0.0039266764901323414,0.005914981920518779,-0.003889555987981186,-0.9999727527667657,-0.006274159567089814,0.005939457348494018,0.006250994784735178,-0.9999628232642486
0.867,0.016717420890927315,Empty,0.3731,0.01308,0.44209,-0.00081,0.00686,-0.00426,0.99999,-0.0004,0.00343,-0.00213,0.9999760895165903,-0.0008055616561402634,0.006868148624354982,-0.0007763599604924676,-0.999990653040518,-0.004253363000045184,0.006871510774190631,0.004247929144485075,-0.9999673681864143
0.933,0.016717420890927315,Empty,0.38254,0.01733,0.43574,0.00384,0.01155,-0.00316,0.99998,0.00193,0.00577,-0.00159,0.9999259028642016,0.0038499770254668553,0.01154843963982278,0.003886640772233274,-0.999987473018543,-0.003154017992398607,0.011536152075924858,0.0031986689250589283,-0.9999283402886372
1.0,0.016717420890927315,Empty,0.39224,0.02102,0.43035,0.01592,0.00716,-0.0,0.99996,0.00796,0.00358,-3e-05,0.9998475501895391,0.01592288110729534,0.007165070636091459,0.01592324669365669,-0.9998732170522662,6.023635788242766e-06,0.007164258140951903,0.00010806846982984625,-0.9999743305337873
1.067,0.016717420890927315,Empty,0.40439,0.02253,0.42655,0.02655,0.00679,0.00231,0.99991,0.01327,0.00341,0.00111,0.9996244526049824,0.026547535698219216,0.006795741500446059,0.02653244262612864,-0.9996453032062635,0.002301579012036439,0.006854432323709091,-0.0021204070385714554,-0.9999742599844811
1.133,0.016717420890927315,Empty,0.41584,0.02246,0.41906,0.03973,0.01614,0.01048,0.99976,0.01982,0.00817,0.00508,0.9990807794000351,0.03971564817644496,0.01613268493906115,0.03954967939044102,-0.9991626475141024,0.010479822170375122,0.016535389125493672,-0.009832146384905267,-0.999814937777954
1.2,0.016717420890927315,Empty,0.4259,0.02243,0.40991,0.05786,0.01869,0.02631,0.99946,0.0288,0.00972,0.01288,0.9981526724348817,0.05781022453468543,0.018687440979250448,0.05730964789791876,-0.9980100774811134,0.026296188011929063,0.020170442953001525,-0.02517663967632311,-0.9994795095676989
1.267,0.016717420890927315,Empty,0.43734,0.02303,0.40207,0.08451,0.02536,0.0485,0.99875,0.04192,0.01369,0.02369,0.9961107425506501,0.08438472044239514,0.025349704752739705,0.08308774210772485,-0.9953625958580623,0.048474012399842836,0.02932261391200447,-0.04617923475501427,-0.9985027103572672
1.333,0.016717420890927315,Empty,0.45018,0.0251,0.39757,0.12355,0.00648,0.05275,0.99775,0.06163,0.00486,0.02612,0.9923567596336978,0.12323183561278594,0.006478912008252104,0.12272405320789354,-0.9910395102046443,0.05272092542402036,0.012917754198524102,-0.0515228483766407,-0.9985882673662976
1.4,0.016717420890927315,Empty,0.46358,0.02761,0.39353,0.15624,0.00749,0.04663,0.99668,0.07793,0.00555,0.02295,0.9877909848740836,0.1556052088460264,0.007482591895358097,0.15509590373781879,-0.9867992386243604,0.04661033462797574,0.014636626839445466,-0.04488074899516693,-0.9988851222860391
1.467,0.016717420890927315,Empty,0.47423,0.02864,0.3856,0.18423,0.00143,0.03972,0.99557,0.09195,0.00254,0.01971,0.9830767888491898,0.18318834555223662,0.0014343220697527366,0.18298810375220836,-0.9823130666470101,0.039703815682098506,0.008682229617813056,-0.03876943575010349,-0.9992104631860508
1.533,0.016717420890927315,Empty,0.48239,0.03119,0.37851,0.20944,-0.00333,0.0311,0.9944,0.10454,-3e-05,0.01564,0.9781447766281125,0.2078984189601058,-0.0033231534764252505,0.20790009196371212,-0.9776555263646576,0.0311002175253497,0.0032167866916506223,-0.03111139923777722,-0.9995107468761144
1.6,0.016717420890927315,Empty,0.49015,0.03547,0.3726,0.2317,-0.00587,0.01494,0.99326,0.11561,-0.00205,0.00776,0.973262482552202,0.22962103764670594,-0.005858252843170837,0.22968455175722624,-0.973150333430439,0.014947749941301148,-0.002268642855646391,-0.015893634394804474,-0.9998711145169249
1.667,0.016717420890927315,Empty,0.4965,0.0399,0.36722,0.25989,-0.01067,-0.00262,0.99155,0.12957,-0.00546,-0.00061,0.9663618933517151,0.25696430887730226,-0.010678719066405218,0.2569509655313814,-0.9664208719342864,-0.002626709398592068,-0.01099510755652748,-0.00020555530704301396,-0.9999395308501592
1.733,0.016717420890927315,Empty,0.50353,0.04249,0.36357,0.29577,-0.01263,-0.02113,0.98902,0.14727,-0.0078,-0.00952,0.956498619439468,0.29146321168078504,-0.01263278461437365,0.29116607800660926,-0.9564392114988596,-0.021126990455072832,-0.018240231046791254,0.01652969885271858,-0.999696985604737
1.8,0.016717420890927315,Empty,0.51211,0.04242,0.36136,0.33878,-0.01169,-0.03723,0.98552,0.16844,-0.0089,-0.01736,0.9430996014502511,0.33230441466369914,-0.011701185384141425,0.3316860565792214,-0.9426552854282111,-0.03722059544369788,-0.023398752430488706,0.03122160869132421,-0.9992385648759875
1.867,0.016717420890927315,Empty,0.52122,0.04118,0.35996,0.38077,-0.00883,-0.05216,0.98161,0.18906,-0.00927,-0.02477,0.9283440124070412,0.371617035708012,-0.008841572234911783,0.3706980980267141,-0.9272888550029394,-0.05213731395760603,-0.027573805456840638,0.04512380922448201,-0.9986007846450456
1.933,0.016717420890927315,Empty,0.52895,0.03814,0.35774,0.42678,-0.00788,-0.06026,0.97689,0.21156,-0.01023,-0.02861,0.9102789032210674,0.4139203628084682,-0.007889968514294684,0.41274948904028574,-0.908851813655723,-0.060218270580329705,-0.032096380600211916,0.05155884082491291,-0.9981540503775744
2.0,0.016717420890927315,Empty,0.53663,0.03419,0.35582,0.47347,-0.00788,-0.06501,0.97162,0.23428,-0.01145,-0.03067,0.889966492160255,0.4559577481974296,-0.007885092941752932,0.45455248310769203,-0.888347193030372,-0.064971568671922,-0.03662899033009404,0.0542383304848908,-0.9978559618369828
2.067,0.016717420890927315,Empty,0.54197,0.03073,0.35308,0.5116,-0.00719,-0.06685,0.96695,0.25276,-0.01193,-0.03142,0.8719408991734187,0.4895583448730177,-0.007189945329531634,0.4880592397088077,-0.8702517114713736,-0.06678425874414982,-0.03895185340276788,0.05472280736892514,-0.9977415333993833
2.133,0.016717420890927315,Empty,0.545,0.02854,0.34902,0.5416,-0.00778,-0.06589,0.96306,0.26723,-0.01256,-0.0307,0.8568620162532246,0.5154868996675249,-0.007793675231966297,0.5139442568507875,-0.8552932065790827,-0.06583943825521191,-0.04060524538221499,0.05240979918711125,-0.9977997930429814
2.2,0.016717420890927315,Empty,0.54659,0.0279,0.34589,0.56645,-0.00774,-0.05915,0.95976,0.27922,-0.01198,-0.02731,0.8437891695854669,0.5366187910262029,-0.007753090212571829,0.5353097581661854,-0.8425848712548516,-0.0591117377895866,-0.03825310578669312,0.045727539295496694,-0.9982212640730765
2.267,0.016717420890927315,Empty,0.54886,0.02843,0.34391,0.59349,-0.00401,-0.04785,0.95603,0.29228,-0.00891,-0.02229,0.8289823838707538,0.5592603969708264,-0.004001951023679763,0.5584664748136599,-0.8281477387874157,-0.047817562155491745,-0.03005667548425574,0.03740496118597613,-0.9988480690963515
2.333,0.016717420890927315,Empty,0.55191,0.02882,0.34244,0.62759,-0.00253,-0.03594,0.95102,0.3086,-0.00675,-0.0167,0.8094368842739021,0.5872014478667544,-0.002527844960629657,0.5867508484727016,-0.8089703871697614,-0.035921504686897976,-0.023138111278204594,0.027592975656736175,-0.9993514174207611
2.4,0.016717420890927315,Empty,0.55604,0.0274,0.34027,0.66777,-0.00372,-0.01643,0.94475,0.32769,-0.00445,-0.00715,0.7851960451094575,0.6192360299052717,-0.0037296127981129266,0.6191085706600201,-0.7851334115908267,-0.01643483310094599,-0.013105284421680716,0.010595530704341782,-0.9998579830402516
2.467,0.016717420890927315,Empty,0.56061,0.02531,0.33675,0.70959,-0.00825,0.00366,0.93771,0.3474,-0.00323,0.00315,0.7586094050313036,0.6514935065152002,-0.008245093485235673,0.6515341585620371,-0.7586104994624709,0.003653810635281148,-0.0038743805840275826,-0.00814377515829604,-0.9999593332237372
2.533,0.016717420890927315,Empty,0.56535,0.02354,0.33318,0.75371,-0.01408,0.02345,0.92971,0.36804,-0.00223,0.01349,0.7290819362292632,0.684281598768129,-0.014079199250021832,0.6844020167487513,-0.728727942588968,0.02344067320474154,0.005780115433973176,-0.026726003767552832,-0.9996260855880995
2.6,0.016717420890927315,Empty,0.56691,0.02342,0.32972,0.77741,-0.01793,0.03139,0.92519,0.37906,-0.00235,0.01792,0.7126101473174077,0.7013307412292435,-0.01794350431498667,0.7014995059508715,-0.7119788014019753,0.03137880661990385,0.00923152701049085,-0.03494821542004463,-0.9993464870344062
2.667,0.016717420890927315,Empty,0.56923,0.02376,0.32668,0.813,-0.01754,0.04827,0.91812,0.39546,0.00149,0.02563,0.6872138889474797,0.7262435314123008,-0.01753293813003268,0.7260907951356868,-0.6859048562819341,0.04823572688459852,0.023004957224629943,-0.04587876644647369,-0.9986820869187768
2.733,0.016717420890927315,Empty,0.57072,0.026,0.32199,0.84893,-0.00981,0.06353,0.91073,0.41176,0.00861,0.03096,0.6607591171882979,0.7505338999245763,-0.00981091823157624,0.7494673194390515,-0.6589902147683078,0.06348727378350527,0.041184052075812765,-0.0493027575661359,-0.997934422670644
2.8,0.016717420890927315,Empty,0.57068,0.0294,0.31553,0.87863,-0.00175,0.0738,0.90441,0.42506,0.0149,0.03376,0.6382089298641276,0.769861226176061,-0.0017476476695283197,0.7678485916526556,-0.6363730716960269,0.07374180576305965,0.05565880108948585,-0.048404607744042996,-0.997275835368744
2.867,0.016717420890927315,Empty,0.57023,0.03283,0.30875,0.91013,0.00514,0.0835,0.8975,0.43904,0.02065,0.03636,0.6136407911895729,0.7895686728116723,0.005127407010328246,0.7865657331185697,-0.6118485514946739,0.08340082444146779,0.06898787481784174,-0.047145105242048846,-0.9965028912049548
2.933,0.016717420890927315,Empty,0.57038,0.03663,0.30278,0.94299,0.01398,0.08676,0.89017,0.45351,0.02592,0.03546,0.5873083846393452,0.809242390201326,0.013986251591035406,0.8055649224598584,-0.5861370701980764,0.08665154725599208,0.0783199657467049,-0.039624346566980086,-0.9961404991890326
3.0,0.016717420890927315,Empty,0.57208,0.0399,0.29901,0.9738,0.01852,0.07968,0.88322,0.46717,0.02681,0.03087,0.5620596475269879,0.826889352590611,0.01851894149562135,0.8235782956941737,-0.5615914220555748,0.07958558622688791,0.07620855256018574,-0.02948004826788937,-0.9966560004689704
3.067,0.016717420890927315,Empty,0.57688,0.04285,0.29736,1.00713,0.02634,0.07618,0.8754,0.48172,0.0299,0.027,0.5341128841074384,0.8450028874968996,0.026335283410977017,0.8417744309353781,-0.5344429889119879,0.0760690411812945,0.07835326702732136,-0.01846108676983162,-0.9967547109602352
3.133,0.016717420890927315,Empty,0.58135,0.04589,0.29357,1.03758,0.04076,0.06667,0.8681,0.49486,0.03421,0.01884,0.5078942454005523,0.8604552802578235,0.04074489128018152,0.8578775098061356,-0.509524676539999,0.06656412070802528,0.07803597668913145,0.0011465920110100656,-0.9969498842313659
3.2,0.016717420890927315,Empty,0.5846,0.04756,0.2892,1.06278,0.05087,0.06123,0.86182,0.50566,0.03742,0.0135,0.48581891664465304,0.8725789341747111,0.05085256989317856,0.8705577794635704,-0.48825558569344296,0.06111984665074139,0.0781609419446362,0.014576922640871034,-0.9968341790291148
3.267,0.016717420890927315,Empty,0.59013,0.0488,0.28586,1.0958,0.05873,0.05731,0.85334,0.51974,0.03997,0.00916,0.4565413799958753,0.8877639686778128,0.05869501059614202,0.8862994473057216,-0.4595688461690938,0.0571818619527196,0.07773839499908491,0.02591546928433592,-0.9966369100102296
3.333,0.016717420890927315,Empty,0.5987,0.04967,0.28543,1.136,0.06548,0.06049,0.84267,0.53658,0.04384,0.00788,0.4203256968848999,0.9050113333900518,0.06542778441750809,0.9036304835094366,-0.42404485195805275,0.0603151125371983,0.0823301755781265,0.03377054875825499,-0.9960327766824952
3.4,0.016717420890927315,Empty,0.6048,0.04975,0.28411,1.16883,0.06818,0.06315,0.83373,0.55022,0.04582,0.00752,0.3903206202142506,0.9181542605044171,0.06813638787864681,0.9167765133734741,-0.39440712395992217,0.06295907477432044,0.08467961952169341,0.037891614999220356,-0.995687494925196
3.467,0.016717420890927315,Empty,0.61035,0.05092,0.28239,1.20743,0.07495,0.06436,0.82291,0.56602,0.04908,0.00521,0.3544308095934541,0.9320796235353112,0.07487574107280126,0.9310574411023862,-0.3591934552743404,0.06412568171923538,0.08666511742797661,0.04698549859640644,-0.995128896346017
3.533,0.016717420890927315,Empty,0.61224,0.05175,0.27917,1.23508,0.07884,0.06464,0.81499,0.57724,0.05081,0.00352,0.3284267998809208,0.941240612706206,0.07875243559677159,0.9405250648934572,-0.3335651073223632,0.0643965952840566,0.08688175543309364,0.052919071887801906,-0.9948121090956814
3.6,0.016717420890927315,Empty,0.61232,0.05344,0.27575,1.25943,0.07899,0.06448,0.8079,0.58712,0.05086,0.00279,0.3054121140765755,0.9489454930699824,0.07890432027110263,0.9483788235033828,-0.3105695601158488,0.06421958782013479,0.08544616846656526,0.05521774634676875,-0.9948115162093609
3.667,0.016717420890927315,Empty,0.612,0.05585,0.27449,1.28047,0.07862,0.06599,0.80167,0.59556,0.05119,0.00297,0.28537610728067264,0.9551925747637808,0.07853421235021589,0.9545851045358924,-0.29059843969374965,0.06572537596512823,0.08560231066699876,0.056211137363487804,-0.9947424553344316
3.733,0.016717420890927315,Empty,0.61099,0.05841,0.27303,1.29852,0.07905,0.06971,0.79626,0.60266,0.05251,0.00386,0.2680845332376995,0.9601526072224128,0.0789788192031745,0.9593424740245392,-0.27356997564315,0.06943692072005013,0.08827627411258918,0.05715277132921243,-0.9944550568820039
3.8,0.016717420890927315,Empty,0.61006,0.06126,0.27028,1.32116,0.08165,0.07435,0.78937,0.61144,0.05499,0.0043,0.24624450796090064,0.9657699495876486,0.08156008075378472,0.9648236804743723,-0.25225609375215674,0.0740413989656379,0.09208098552350313,0.06045880943562337,-0.9939143949388434
3.867,0.016717420890927315,Empty,0.60925,0.06397,0.26567,1.34352,0.08775,0.07717,0.78244,0.61998,0.05829,0.00289,0.22444115828281497,0.9705388019275949,0.08763903480536928,0.9698645841633903,-0.23122099716014877,0.07680845564025145,0.09480957153284893,0.0677590172981781,-0.9931867199678734
3.933,0.016717420890927315,Empty,0.60927,0.06592,0.25962,1.36503,0.09767,0.08111,0.77568,0.62794,0.06339,0.00066,0.20335115353102495,0.9742385076133331,0.09750712097558208,0.9740705910756109,-0.21138660942372206,0.0806361268784216,0.09917051960744999,0.07858136954576515,-0.9919627898268667
4.0,0.016717420890927315,Empty,0.60878,0.06634,0.25253,1.38363,0.10231,0.08296,0.76977,0.63492,0.06576,-0.0007,0.18510043915457391,0.9773972829097313,0.10213901695952593,0.9775823266807392,-0.19374910540186635,0.08242620164394639,0.10035248868989698,0.08459217172203891,-0.9913493544140194
4.067,0.016717420890927315,Empty,0.60942,0.06645,0.24536,1.40348,0.11007,0.08457,0.76338,0.64222,0.06922,-0.00324,0.16551246080098947,0.9800715861810132,0.10984221083096463,0.980968152152058,-0.17507449673373027,0.08396669016227672,0.10152393699506349,0.09385417707307549,-0.9903960236506192
4.133,0.016717420890927315,Empty,0.60858,0.06535,0.23752,1.41685,0.11263,0.08514,0.75905,0.6472,0.07035,-0.00432,0.1523595890663222,0.9819151331186902,0.11237983347579102,0.9831296336812541,-0.16221950937792567,0.08450416649460911,0.10120612134305394,0.09760892443670403,-0.9900655629164185
4.2,0.016717420890927315,Empty,0.60671,0.06424,0.23064,1.42692,0.11263,0.08746,0.7558,0.65093,0.07108,-0.0038,0.14248895714147475,0.9833960773577328,0.11237905556712412,0.9844752500641518,-0.15256359587456259,0.0867918845569563,0.10249575163810402,0.09826751371255384,-0.9898677268427802
4.267,0.016717420890927315,Empty,0.60539,0.06381,0.22549,1.43728,0.11284,0.09165,0.75241,0.65468,0.07251,-0.00266,0.13226536982158077,0.9847981929860341,0.11259836161064848,0.9855705991997945,-0.1427658732669998,0.0909312895722328,0.10562417308040228,0.09894657407789731,-0.9894711261776811
4.333,0.016717420890927315,Empty,0.60505,0.06349,0.22074,1.44706,0.11472,0.09983,0.7492,0.65798,0.07589,-0.00057,0.1225969798255237,0.9858329034296011,0.11447037631292614,0.9860072290476094,-0.13411517579354476,0.09900941312683945,0.11295895185205417,0.10073036353269739,-0.9884804849156387
4.4,0.016717420890927315,Empty,0.604,0.06319,0.21422,1.45223,0.11619,0.10903,0.74749,0.6595,0.07947,0.00218,0.11749070958570351,0.9862836196356906,0.11593340674442518,0.9855918184275182,-0.13011177316143901,0.10807263267601185,0.12167456845941879,0.1015654868698354,-0.9873599907162066
4.467,0.016717420890927315,Empty,0.60245,0.06295,0.20672,1.45847,0.1168,0.11603,0.74541,0.66152,0.08202,0.00434,0.11131808844840207,0.9869291480239066,0.11652956691329237,0.9855047421000058,-0.12473416078090283,0.11498605320944424,0.12801830526372,0.10204041314640795,-0.9865085238366242
4.533,0.016717420890927315,Empty,0.60077,0.06285,0.1985,1.4616,0.11764,0.12323,0.74436,0.66235,0.08472,0.00661,0.10823692510125982,0.9871724099947915,0.11736865420417611,0.9849321023548405,-0.12250477456604525,0.12207102014563628,0.13488336367209308,0.10238756347133987,-0.9855573372721165
4.6,0.016717420890927315,Empty,0.59869,0.06257,0.19067,1.46357,0.11672,0.12755,0.74369,0.66294,0.08582,0.00844,0.10629589488018082,0.9874919194406819,0.1164512420327872,0.9845943505499755,-0.12088259719421152,0.1263382862027736,0.13883496532463796,0.10122799383045794,-0.9851282889392463
4.667,0.016717420890927315,Empty,0.5962,0.06249,0.18417,1.46423,0.11391,0.1279,0.74347,0.66329,0.0849,0.00948,0.10566845763625632,0.9878834547889626,0.11366818734808215,0.9846629892828637,-0.11990619993461904,0.12673318726274846,0.1388271392679051,0.09853315671114567,-0.9854025788636981
4.733,0.016717420890927315,Empty,0.59323,0.0625,0.17962,1.46285,0.10485,0.12511,0.74393,0.66327,0.08062,0.01153,0.10713928955713392,0.9887207145503452,0.10465429399813045,0.9850020700415787,-0.11987239850666359,0.12410290121534008,0.13524827040297918,0.08978839955870775,-0.9867349941385926
4.8,0.016717420890927315,Empty,0.5914,0.06404,0.1777,1.4645,0.09282,0.12803,0.74333,0.66425,0.07715,0.01657,0.10563599315595618,0.9900767560822199,0.09267714937169237,0.9849625462174998,-0.11699045963958593,0.1271299134824596,0.13671071464480775,0.07785402635077131,-0.9875469260153055
4.867,0.016717420890927315,Empty,0.59044,0.06728,0.1764,1.46713,0.08362,0.13423,0.74235,0.66535,0.07584,0.02185,0.1031121086613519,0.9911565716707562,0.08352570551203148,0.984528132788265,-0.11366110752939984,0.1333623199544857,0.14167656403181839,0.06848213686110595,-0.9875413652779691
4.933,0.016717420890927315,Empty,0.59095,0.07069,0.17422,1.46986,0.07824,0.14424,0.74127,0.66619,0.07722,0.02726,0.10044451767317897,0.9918681836824166,0.07815628617038009,0.9834478957150464,-0.11088348385585778,0.1433006958169955,0.15080164217623718,0.062468865897594254,-0.9865883161230011
5.0,0.016717420890927315,Empty,0.5907,0.07343,0.17058,1.47053,0.07074,0.15086,0.74088,0.66648,0.07667,0.0322,0.09986573284519945,0.9924874142703541,0.07067933161990994,0.9826117294188368,-0.1095478717237226,0.1499114839140924,0.15652803139314544,0.05447932007421503,-0.9861698530539442
5.067,0.016717420890927315,Empty,0.59043,0.07587,0.16671,1.47186,0.06432,0.1566,0.74024,0.66701,0.07624,0.03643,0.09857364515423395,0.9930520890880694,0.06427118202451157,0.981943464772334,-0.10754361976543386,0.15563226477389547,0.16146290122474372,0.04776942751979047,-0.9857219756719032
5.133,0.016717420890927315,Empty,0.59151,0.07811,0.16248,1.47744,0.06214,0.1621,0.73824,0.66895,0.07738,0.03898,0.09303146125862433,0.9937242186791725,0.06210736209623492,0.9816603833722207,-0.10196918374861685,0.16107506722998988,0.1663972323495496,0.045983288008890184,-0.9849860396423402
5.2,0.016717420890927315,Empty,0.59434,0.08005,0.15621,1.48648,0.06806,0.16352,0.73528,0.67198,0.0802,0.03715,0.08402189511907743,0.9941405190496215,0.06800698143828812,0.9822225055923074,-0.09412523387154187,0.16241733237741862,0.16786682414511833,0.053151375639549095,-0.9843757720601698
5.267,0.016717420890927315,Empty,0.59711,0.0796,0.14777,1.49341,0.07442,0.16318,0.73304,0.67427,0.08253,0.03459,0.07708947124408955,0.9942475457538705,0.07435745548168798,0.9828298556309866,-0.0883200386366173,0.1620032272999553,0.16763856448825035,0.06059198410376526,-0.9839847169334938
5.333,0.016717420890927315,Empty,0.59664,0.07751,0.13915,1.49599,0.07755,0.15621,0.73233,0.67537,0.08136,0.03087,0.07451576096783724,0.9942053924490013,0.07747928105442833,0.9841596331790029,-0.08585077395511836,0.15511112478567693,0.16086397293475874,0.06469375732351718,-0.9848540500881393
5.4,0.016717420890927315,Empty,0.59561,0.07538,0.13252,1.4962,0.07923,0.14971,0.73237,0.67564,0.07978,0.02791,0.07429563980505322,0.9940911734474476,0.07913846586733071,0.9851840099883625,-0.08546676553745264,0.14868725046827694,0.15457239200196052,0.0669191367431092,-0.9857125365786669
5.467,0.016717420890927315,Empty,0.59535,0.07407,0.12897,1.49749,0.08023,0.14819,0.73197,0.67613,0.07965,0.02696,0.07301151913757453,0.9941051241732155,0.08015185690786669,0.9855164913885281,-0.08424682262590405,0.14717240936630965,0.1530573855600205,0.06824569561514489,-0.9858579825489756
5.533,0.016717420890927315,Empty,0.59534,0.07324,0.12711,1.49824,0.08116,0.14785,0.73173,0.67638,0.07988,0.02649,0.072248410707627,0.9940867541872977,0.08106597498078369,0.985624400843907,-0.08360586730545194,0.14681484738674275,0.15272428625242113,0.06929346362728707,-0.9858365525213713
5.6,0.016717420890927315,Empty,0.59513,0.07287,0.12612,1.49871,0.08247,0.14606,0.73161,0.67657,0.07976,0.02537,0.0717793954891332,0.9940133739588413,0.08237190524793822,0.9859183849682727,-0.08321504438920374,0.14505238560208414,0.15103859296473704,0.07080020323603264,-0.985989185872223
5.667,0.016717420890927315,Empty,0.59489,0.0729,0.12494,1.50019,0.08437,0.14373,0.73115,0.67713,0.07968,0.02381,0.0702944489838297,0.9939604891049112,0.08426883492955975,0.9863703228162705,-0.0818586974878095,0.14273310727692365,0.14876920618658399,0.07308693278503967,-0.986167340539469
5.733,0.016717420890927315,Empty,0.59435,0.07325,0.1232,1.50122,0.08797,0.13771,0.7309,0.6776,0.07896,0.02034,0.069258069196873,0.9937228312017328,0.08785359753324629,0.9872973520408006,-0.0808996654438302,0.13674495524259542,0.14299391072470263,0.07726693263931732,-0.9867028745352711
5.8,0.016717420890927315,Empty,0.59408,0.07348,0.12126,1.50147,0.09336,0.12968,0.73092,0.67779,0.0782,0.01556,0.06898321791984091,0.9932529724915621,0.09321935572669393,0.9883864052202853,-0.08072827123277337,0.12874494242295387,0.13540173418810292,0.08325550348441803,-0.9872866308820405
5.867,0.016717420890927315,Empty,0.59364,0.07312,0.11881,1.49975,0.09535,0.11908,0.73158,0.67749,0.07532,0.01107,0.07066280883593351,0.9929463191115228,0.09520701030015573,0.9896100626206328,-0.08176494981432919,0.11826418283591737,0.12521458144882086,0.08586093608118803,-0.9884074100530907
5.933,0.016717420890927315,Empty,0.59308,0.07323,0.11667,1.49887,0.09503,0.10402,0.73194,0.67773,0.0701,0.0057,0.07154049232194065,0.9929138610921764,0.09488952739560134,0.9913159545152821,-0.08130278935039742,0.10335634846152421,0.11033873427672382,0.0866713383701391,-0.9901077935373196
6.0,0.016717420890927315,Empty,0.59314,0.07363,0.11534,1.49947,0.09431,0.08963,0.73176,0.67846,0.06496,0.00066,0.07094782566700097,0.9930250583803149,0.09416814462384239,0.9928531607463607,-0.07938575992977903,0.08910949621860055,0.09596357240685723,0.08717301502841075,-0.9915603149691754
6.067,0.016717420890927315,Empty,0.59272,0.07374,0.11489,1.49927,0.09316,0.07785,0.73183,0.67879,0.06054,-0.00325,0.0711720112873086,0.9931173344506647,0.0930188412254533,0.9939045488806519,-0.07848029902773224,0.07742474009556458,0.08419199797882924,0.0869413749495867,-0.9926494370109764
6.133,0.016717420890927315,Empty,0.59138,0.0737,0.11488,1.49881,0.08946,0.06756,0.73197,0.67903,0.0557,-0.00574,0.07162210996831253,0.9934225076804867,0.0893420091418401,0.994701425359996,-0.07776206118778883,0.06724683060649819,0.0737519338762001,0.08405226394119501,-0.9937282672722361
6.2,0.016717420890927315,Empty,0.59043,0.0742,0.11487,1.50076,0.08681,0.05988,0.7313,0.68002,0.05212,-0.0077,0.06970375932013773,0.9937926247199135,0.0867041232522743,0.9953982090190392,-0.07501807143809769,0.05962125828425571,0.065755542871531,0.08214930316207034,-0.994448440378714
6.267,0.016717420890927315,Empty,0.59002,0.07455,0.11513,1.50316,0.08391,0.05433,0.73048,0.68111,0.04916,-0.0088,0.06735132514935255,0.9942030287450156,0.08381012250834138,0.99593332728213,-0.0720303720413551,0.05411499895897342,0.05983817017065243,0.07982457727931269,-0.995011271419981
6.333,0.016717420890927315,Empty,0.59092,0.07474,0.11554,1.5044,0.08315,0.05181,0.73005,0.68164,0.04802,-0.00949,0.06612782776628995,0.9943485654966561,0.08305444412946314,0.996171906152408,-0.07055933915880835,0.05160342091519198,0.05717205425371839,0.07932408179244478,-0.9952080416979132
6.4,0.016717420890927315,Empty,0.59286,0.07474,0.11529,1.50647,0.08333,0.05103,0.72933,0.68241,0.04781,-0.00989,0.06405307468383276,0.9944688502166672,0.08324007191423652,0.9963606639000915,-0.06842891090760689,0.050822353197863206,0.0562372746149466,0.07968180533056916,-0.9952327259707372
6.467,0.016717420890927315,Empty,0.59397,0.0743,0.1138,1.50642,0.08318,0.04926,0.72934,0.68244,0.04715,-0.01048,0.06409687514212414,0.9944797213281986,0.08307631710664173,0.9964558132892695,-0.06832331411720227,0.04906869582597757,0.05447387226033367,0.07963672905783141,-0.9953344104500427
6.533,0.016717420890927315,Empty,0.59448,0.07346,0.11174,1.50771,0.08078,0.0472,0.72891,0.68301,0.04557,-0.01044,0.06284530136179634,0.9947550973874952,0.08070169960007367,0.9966586249736381,-0.06678102339799108,0.04703063022727004,0.052173301241173344,0.07747639082657701,-0.9956281210884339
6.6,0.016717420890927315,Empty,0.59405,0.07245,0.10951,1.50896,0.07777,0.04466,0.72849,0.68359,0.0436,-0.01036,0.06160620321263666,0.9950724668402279,0.07768823245657494,0.9968787296311392,-0.06519425664897072,0.0445253557986247,0.04937078219685509,0.07470270836115406,-0.9959829472580236
6.667,0.016717420890927315,Empty,0.59364,0.07149,0.10744,1.51144,0.07417,0.04367,0.72766,0.68459,0.04194,-0.00954,0.05916292384719607,0.9954935979560446,0.07410968135392033,0.99709490255833,-0.06249931284402205,0.0435383875013717,0.047973990182654525,0.07131852720404269,-0.9962992341377166
6.733,0.016717420890927315,Empty,0.59299,0.07131,0.10574,1.5115,0.07372,0.04315,0.72764,0.68463,0.0416,-0.00958,0.059112202836704264,0.99552997041579,0.07366020282166165,0.9971240784457105,-0.06239021648803483,0.04302363385824469,0.04742699294267412,0.07090514008527286,-0.996354927447997
6.8,0.016717420890927315,Empty,0.59203,0.07123,0.10381,1.51126,0.07361,0.04245,0.72772,0.68456,0.04132,-0.00979,0.05933109628527439,0.995525644972328,0.07354258097196177,0.9971433082261296,-0.06255480743125008,0.04233342564793193,0.04674445286274355,0.07082080393266701,-0.9963931803544691
6.867,0.016717420890927315,Empty,0.59084,0.07125,0.10211,1.51137,0.07339,0.04219,0.72768,0.68461,0.04115,-0.00981,0.05921871620227015,0.9955493840157896,0.0733114427435243,0.9971636791748293,-0.062412236932019194,0.042063162216596395,0.04645148636882578,0.07061258150587285,-0.9964216591118455
6.933,0.016717420890927315,Empty,0.5906,0.0717,0.10058,1.51235,0.07406,0.04426,0.72735,0.68491,0.0421,-0.00931,0.058251706366610756,0.9955559179088032,0.07399427695530734,0.9971230485554632,-0.06162390441410831,0.04413751742249024,0.04850118292204798,0.0712103133086872,-0.9962814494577528
7.0,0.016717420890927315,Empty,0.59071,0.07224,0.09842,1.51398,0.07596,0.04662,0.72679,0.68541,0.04359,-0.00914,0.0566127421400765,0.9955074759326945,0.07589375988509683,0.99710144837635,-0.06024582571446663,0.046466570023699125,0.05083010007039556,0.0730431779572715,-0.9960326275181632
7.067,0.016717420890927315,Empty,0.58967,0.07208,0.09607,1.51355,0.07587,0.04654,0.72694,0.68526,0.04353,-0.00913,0.057058293753132705,0.9954895640197483,0.07579498032028614,0.9970788735061868,-0.06068103751018389,0.04638460622146678,0.05077470946853469,0.07292694710776669,-0.996043969543477
7.133,0.016717420890927315,Empty,0.58839,0.0721,0.09453,1.51333,0.07509,0.04491,0.72701,0.68523,0.04269,-0.00945,0.05727127771758328,0.9955352795978909,0.07503004614515753,0.9971491872337187,-0.0607382876229004,0.04477006606843603,0.049127376764180615,0.07225211064451227,-0.9961757542520715
7.2,0.016717420890927315,Empty,0.58823,0.07229,0.09386,1.51376,0.07472,0.04653,0.72688,0.68536,0.04311,-0.00874,0.05685615181716697,0.9955870521485622,0.07465788367399082,0.9970947312277929,-0.06042051910506946,0.04638380998634829,0.05068998873859609,0.07180377751351127,-0.9961298823830509
7.267,0.016717420890927315,Empty,0.58826,0.07242,0.09348,1.51386,0.07479,0.04762,0.72685,0.68537,0.04351,-0.00837,0.056752710128203876,0.9955876034510127,0.07472920277758205,0.9970446662590666,-0.06039925200779139,0.047474875895002655,0.05177898586734446,0.07181402517313883,-0.9960731310556373
7.333,0.016717420890927315,Empty,0.58844,0.07245,0.09324,1.51378,0.07471,0.05005,0.72688,0.68529,0.04431,-0.00746,0.056819905387807346,0.9955908055315144,0.07463542250721825,0.9969122869210636,-0.06063553543784661,0.04989212390728762,0.05419769863688966,0.07157010397698191,-0.9959620121667236
7.4,0.016717420890927315,Empty,0.58828,0.07265,0.09307,1.51375,0.07476,0.05037,0.72689,0.68527,0.04444,-0.00736,0.05685682783907592,0.9955843510631914,0.07469338020307897,0.9968931238660125,-0.06069769599654867,0.05019849887569799,0.05451055601202939,0.07160718971440357,-0.9959422722550063
7.467,0.016717420890927315,Empty,0.58839,0.0728,0.09302,1.51374,0.07515,0.05162,0.7269,0.68523,0.04501,-0.00704,0.056875914914638726,0.9955544298652159,0.07507667732636687,0.9968211438973849,-0.06082851611316653,0.05145385026001323,0.05579191143644763,0.0719115345630648,-0.9958493830971894
7.533,0.016717420890927315,Empty,0.58849,0.07303,0.09275,1.51386,0.07559,0.05323,0.72686,0.68523,0.04572,-0.00661,0.056742251089105356,0.9955277766955404,0.07552987997458602,0.9967369628258242,-0.06083609837448967,0.05305088190898566,0.057408569726937524,0.07227319670668977,-0.9957313097215048
7.6,0.0167170912027359,Empty,0.58773,0.07311,0.09234,1.5126,0.0751,0.05193,0.72729,0.68481,0.0451,-0.00688,0.058009017202511726,0.9954926137007771,0.07502939417584095,0.9967339274582439,-0.0619828267475484,0.05176492096050836,0.056182130405165315,0.07178151054121387,-0.995836825472707
7.667,0.0167170912027359,Empty,0.58693,0.07338,0.09178,1.51229,0.07486,0.05037,0.72739,0.68474,0.04448,-0.00736,0.0582967366443779,0.9954936344993012,0.07479247400633103,0.9968032841322099,-0.062145810233179055,0.05021066633398175,0.0546324376159145,0.07162626572587283,-0.9959342221343286
7.733,0.0167170912027359,Empty,0.5863,0.07367,0.09123,1.51203,0.07467,0.04896,0.72747,0.68468,0.04393,-0.0078,0.0585538127885839,0.9954929364202696,0.07460070070226196,0.9968643373102547,-0.062291351191206434,0.04879836642512454,0.0532254075316142,0.0715094476563956,-0.9960188024776294
7.8,0.016717420890927315,Empty,0.58729,0.07378,0.09124,1.51274,0.07484,0.05007,0.72724,0.68491,0.04437,-0.00747,0.0578598051451783,0.9955213558849886,0.07476277767362183,0.9968465942098301,-0.061685587752955406,0.04991749068047181,0.0543057138874407,0.07163880401350828,-0.9959511891647551
7.867,0.016717420890927315,Empty,0.58802,0.07381,0.09121,1.51296,0.07506,0.0511,0.72717,0.68496,0.0448,-0.00718,0.05765284296453327,0.9955158553311216,0.0749955430839167,0.9968027780237031,-0.06156424746855538,0.05093196597284225,0.05532062384260644,0.07181939304933727,-0.9958823240522393
7.933,0.016717420890927315,Empty,0.58803,0.07377,0.09079,1.51262,0.0756,0.0523,0.72728,0.6848,0.04541,-0.00692,0.05797385859924481,0.9954570734929438,0.07552646259410706,0.9967144457638606,-0.06200124575107829,0.05211678358220506,0.05656275563261375,0.07225690526294819,-0.995780896742384
8.0,0.016717420890927315,Empty,0.58803,0.07386,0.09035,1.51311,0.07608,0.05218,0.72711,0.68497,0.04554,-0.00714,0.057482237953159154,0.9954485911049973,0.07601246468160534,0.996749276830136,-0.06152885859827706,0.05201037106379688,0.056450610789405484,0.07277569667594509,-0.9957494797964165
8.067,0.016717420890927315,Empty,0.58846,0.07384,0.08964,1.51329,0.0771,0.05265,0.72705,0.685,0.04607,-0.00732,0.05730841784598989,0.9953811899253932,0.07701968570890148,0.9967299896129225,-0.06144646161308692,0.0524753290742873,0.0569655426570548,0.07376055245142886,-0.9956476825925158
8.133,0.016717420890927315,Empty,0.58858,0.07347,0.08838,1.51288,0.07811,0.05265,0.72718,0.68483,0.04644,-0.00766,0.05768935158698674,0.9952800135137692,0.07803610326960655,0.9967035318061384,-0.06188522790209827,0.052462255505034854,0.057043916403445256,0.07475234623432911,-0.9955692232757198
8.2,0.016717420890927315,Empty,0.58825,0.07275,0.08712,1.51196,0.07818,0.05093,0.72749,0.68453,0.04588,-0.00829,0.05862299974958285,0.9952202699689112,0.07810222879897641,0.9967418050503452,-0.06269500042959253,0.050745551392342686,0.05539962062451236,0.07487290006498104,-0.9956530173059885
8.267,0.016717420890927315,Empty,0.58828,0.07218,0.08638,1.51187,0.07931,0.05014,0.72752,0.68449,0.04602,-0.00896,0.058722038529310294,0.995126360804675,0.07921646434047773,0.9967749627508558,-0.06279656864464467,0.04996263203123386,0.05469365433020765,0.07602708068907034,-0.9956045837469337
8.333,0.016717420890927315,Empty,0.58849,0.07167,0.0856,1.5128,0.08055,0.05013,0.72719,0.6848,0.04646,-0.00941,0.057783566788155105,0.9950819247696843,0.08045509558691202,0.9968308955447662,-0.061922703851544914,0.04993740517020181,0.05467380631214405,0.07731456359816179,-0.9955065209022833
8.4,0.016717420890927315,Empty,0.58828,0.07095,0.08475,1.51393,0.08061,0.04891,0.7268,0.68524,0.04606,-0.0099,0.05666030787990878,0.9951407009760999,0.08052698163814656,0.9969650798065998,-0.06070789543271743,0.048735829513314,0.053387631125331875,0.07752120157045225,-0.995560256413392
8.467,0.016717420890927315,Empty,0.58811,0.07038,0.08435,1.5144,0.08064,0.04839,0.72663,0.68542,0.04589,-0.01011,0.0561915890412123,0.995165342274756,0.08055089606075802,0.9970211217165732,-0.06019921497171671,0.04821760433507856,0.052833589429913036,0.07760152093842358,-0.9955835553965297
8.533,0.016717420890927315,Empty,0.58816,0.07006,0.08429,1.51459,0.08064,0.04885,0.72656,0.68548,0.04605,-0.00995,0.05598617737372863,0.995177036515989,0.0805494502422629,0.9970090575442531,-0.06002914237063012,0.04867690664953097,0.053277454122714424,0.07758329754206117,-0.9955613214788439
8.6,0.016717420890927315,Empty,0.58804,0.06987,0.08414,1.51487,0.08057,0.04902,0.72647,0.68558,0.04608,-0.00987,0.05570104807340831,0.9951975321381229,0.08049388343044223,0.997017608854389,-0.0597532821862799,0.04884089374943622,0.05341611065774819,0.07753333021453784,-0.9955577842737421
8.667,0.016717420890927315,Empty,0.58802,0.06987,0.08412,1.5151,0.08058,0.04907,0.72639,0.68566,0.0461,-0.00986,0.05548679624995406,0.9952101540244684,0.08048580476400674,0.9970277258395527,-0.05954219509264003,0.04889213546941723,0.053450251160550626,0.07753371092720716,-0.9955559222468271
8.733,0.016717420890927315,Empty,0.58812,0.06976,0.08419,1.51561,0.08059,0.0493,0.72622,0.68584,0.04618,-0.00979,0.05497484251896778,0.9952373803281922,0.0805004564427548,0.9970454976087035,-0.059048466083126416,0.049127938603636886,0.053647389388744034,0.07756181696367775,-0.9955431292320115
8.8,0.016717420890927315,Empty,0.58708,0.06882,0.08448,1.51189,0.07805,0.04505,0.72749,0.68464,0.04382,-0.01038,0.05870371547001302,0.9952257754340832,0.07797133897557201,0.9970457613233044,-0.06232788106636078,0.04488858506358186,0.04953406522029648,0.07510586630487265,-0.9959445191522196
8.867,0.016717420890927315,Empty,0.58759,0.06884,0.08533,1.51223,0.07776,0.04367,0.72737,0.6848,0.04324,-0.01079,0.05836306212489839,0.9952687904933346,0.07767745908138463,0.9971351723631132,-0.061868835973603264,0.04351660799804745,0.04811653578334146,0.07491516405379026,-0.996028371673721
8.933,0.016717420890927315,Empty,0.58858,0.06899,0.08626,1.51384,0.07808,0.04178,0.7268,0.68542,0.0427,-0.01162,0.05674198852363771,0.995337023625189,0.0780035649142618,0.9973220581241198,-0.060118940235403595,0.041646433269151864,0.046141728591951744,0.0754315744627013,-0.9960828371458997
9.0,0.016717420890927315,Empty,0.59026,0.06861,0.08753,1.51462,0.07855,0.04098,0.72652,0.68571,0.04259,-0.01209,0.055968288214293505,0.9953445974099085,0.07846453416205831,0.997404581385219,-0.05930297580213173,0.04083207186498212,0.045295162502601134,0.07597558468296793,-0.9960803475553286
