time,gr,gr_state,tx,ty,tz,rx,ry,rz,qw,qx,qy,qz,xx,xy,xz,yx,yy,yz,zx,zy,zz
0.0,0.01630273461341858,Empty,0.30733,0.00117,0.48544,-0.00412,0.00095,-0.0033,1.0,-0.00206,0.00048,-0.00165,0.9999910858104973,-0.004114015167925589,0.0009503571648031696,-0.004110849073330369,-0.9999860731419996,-0.0033097495281843225,0.0009639602890748369,0.0033058132495795574,-0.9999940711720848
0.067,0.01630273461341858,Empty,0.30733,0.00117,0.48543,-0.00412,0.00095,-0.00332,1.0,-0.00206,0.00048,-0.00166,0.999991029537814,-0.004128995898776522,0.0009445828553226918,-0.004125844783838151,-0.999985997441158,-0.0033139593286208545,0.0009582529532221091,0.0033100323986274744,-0.999994062700773
0.133,0.01630273461341858,Empty,0.30732,0.00117,0.48543,-0.00412,0.00095,-0.00332,1.0,-0.00206,0.00048,-0.00166,0.9999910641453853,-0.004120618491236849,0.0009445277282261197,-0.004117469142414953,-0.9999860372933677,-0.003312350550308966,0.0009581634729895971,0.003308431887850889,-0.9999940680830075
0.2,0.01630273461341858,Empty,0.30733,0.00117,0.48543,-0.00412,0.00093,-0.0033,1.0,-0.00206,0.00047,-0.00165,0.9999910687763505,-0.004119948294922349,0.0009425463274340914,-0.004116808678843564,-0.9999860510025963,-0.0033090310567283412,0.0009561662167178266,0.003305121220130918,-0.9999940809424256
0.267,0.01630273461341858,Empty,0.30733,0.00117,0.48544,-0.00412,0.00095,-0.00332,1.0,-0.00206,0.00048,-0.00166,0.9999910889599983,-0.004113372091789469,0.0009498266322828981,-0.004110203220740127,-0.9999860602113769,-0.0033144550702519466,0.0009634469788857397,0.0033105215545270773,-0.999994056090813
0.333,0.01630273461341858,Empty,0.30733,0.00117,0.48543,-0.00412,0.00095,-0.0033,1.0,-0.00206,0.00048,-0.00165,0.9999910714358725,-0.004118602602352139,0.0009456009408500225,-0.004115454820749764,-0.9999860632092414,-0.003307025687968348,0.0009592080868121096,0.003303104583026896,-0.9999940846924845
0.4,0.01630273461341858,Empty,0.30733,0.00117,0.48544,-0.00412,0.00095,-0.0033,1.0,-0.00206,0.00048,-0.00165,0.9999910350741902,-0.004126350229819331,0.0009502657683279395,-0.004123183120995577,-0.9999860180532856,-0.0033110510242112387,0.0009639150379172631,0.0033071032211080256,-0.9999940669504419
0.467,0.01630273461341858,Empty,0.30733,0.00117,0.48544,-0.00412,0.00095,-0.00332,1.0,-0.00206,0.00048,-0.00166,0.9999910384509267,-0.004125611608403912,0.0009499193090526715,-0.004122444019175331,-0.9999860154983522,-0.0033127425250929297,0.0009635731139215952,0.003308796848613921,-0.9999940616775025
0.533,0.01630273461341858,Empty,0.30733,0.00117,0.48544,-0.00412,0.00095,-0.00332,1.0,-0.00206,0.00048,-0.00166,0.9999910857770418,-0.00411393793902598,0.0009507266099222436,-0.004110767706700602,-0.9999860634609239,-0.003312774182912545,0.0009643419074780203,0.0033088364358588996,-0.9999940608054261
0.6,0.01630273461341858,Empty,0.30733,0.00117,0.48544,-0.00412,0.00095,-0.00332,1.0,-0.00206,0.00048,-0.00166,0.9999910518864668,-0.004122280220110963,0.0009502382778256786,-0.004119111368471207,-0.9999860284626567,-0.0033129746477983833,0.0009638820113962931,0.003309030865632153,-0.9999940606054611
0.667,0.01630273461341858,Empty,0.30733,0.00117,0.48543,-0.00412,0.00093,-0.0033,1.0,-0.00206,0.00047,-0.00165,0.9999910915697354,-0.004114498077063655,0.0009421712915658824,-0.0041113644639260705,-0.9999860897858314,-0.0033040758295907633,0.00095575279940869,0.0033001727858945717,-0.999994097680666
0.734,0.01630273461341858,Empty,0.30733,0.00117,0.48543,-0.00412,0.00095,-0.0033,1.0,-0.00206,0.00048,-0.00165,0.9999910626786435,-0.004120416609278754,0.0009469581846243097,-0.004117261719224108,-0.999986046760418,-0.00330974929660014,0.0009605825174642002,0.003305820841623807,-0.9999940743973389
0.8,0.01630273461341858,Empty,0.30733,0.00117,0.48543,-0.00412,0.00093,-0.0033,1.0,-0.00206,0.00047,-0.00165,0.99999107750731,-0.00411812947301099,0.0009412307967506949,-0.0041149924932607496,-0.9999860525128428,-0.0033108332127437315,0.0009548521087798007,0.003306930514195538,-0.9999940762164667
0.867,0.01630273461341858,Empty,0.30733,0.00117,0.48543,-0.00412,0.00095,-0.0033,1.0,-0.00206,0.00048,-0.00165,0.9999910739754685,-0.004117680544664326,0.0009469299453110499,-0.004114525062522023,-0.9999860556149665,-0.0033104771757482025,0.0009605482284154514,0.0033065514593552856,-0.9999940720147031
0.933,0.01630273461341858,Empty,0.30733,0.00117,0.48543,-0.00412,0.00093,-0.0033,1.0,-0.00206,0.00047,-0.00165,0.9999910928716133,-0.004114330506984787,0.0009415210652159675,-0.004111195625276176,-0.9999860786588127,-0.003307651599179627,0.0009551167298609795,0.0033037513602177525,-0.9999940864720064
1.0,0.01630273461341858,Empty,0.30733,0.00117,0.48543,-0.00412,0.00095,-0.0033,1.0,-0.00206,0.00048,-0.00165,0.9999910657248592,-0.004119539118728366,0.000947558921561813,-0.004116381074592335,-0.9999860463475653,-0.003310969195488016,0.0009611853667756815,0.0033070391007664623,-0.9999940697899549
1.067,0.01630273461341858,Empty,0.30733,0.00117,0.48543,-0.00412,0.00095,-0.0033,1.0,-0.00206,0.00048,-0.00165,0.9999910850418887,-0.004115389086574106,0.0009452033707434495,-0.0041122413562825755,-0.9999860720202254,-0.0033083585942639514,0.0009588053888233087,0.003304442195994398,-0.9999940806594808
1.133,0.01630273461341858,Empty,0.30733,0.00117,0.48543,-0.00412,0.00093,-0.0033,1.0,-0.00206,0.00047,-0.00165,0.9999910743293716,-0.004119360356820867,0.0009392187389862272,-0.004116233449608375,-0.9999860592999148,-0.003307238729723252,0.0009528293537330757,0.003303343166809747,-0.9999940900026085
1.2,0.01630273461341858,Empty,0.30733,0.00117,0.48543,-0.00412,0.00095,-0.0033,1.0,-0.00206,0.00048,-0.00165,0.9999910998552256,-0.004111928518692021,0.0009445920779602805,-0.004108785294111794,-0.9999860947460808,-0.0033057824926535752,0.0009581720844756647,0.0033018719446719397,-0.9999940897564933
1.267,0.01630273461341858,Empty,0.30733,0.00117,0.48543,-0.00412,0.00095,-0.00332,1.0,-0.00206,0.00048,-0.00166,0.9999910572424536,-0.004121655483404707,0.0009473073397683876,-0.004118497039534874,-0.9999860334268897,-0.00331223992046839,0.0009609460209617744,0.0033083088174354802,-0.9999940658201495
1.333,0.01630273461341858,Empty,0.30733,0.00117,0.48543,-0.00412,0.00095,-0.0033,1.0,-0.00206,0.00048,-0.00165,0.999991071678682,-0.004118947886835145,0.000943838559587847,-0.00411580510525017,-0.9999860589363148,-0.003307881701712428,0.0009574503938194204,0.003303967512319629,-0.9999940835262082
1.4,0.01630273461341858,Empty,0.30733,0.00117,0.48543,-0.00412,0.00093,-0.0033,1.0,-0.00206,0.00047,-0.00165,0.9999910885199101,-0.004115413632092335,0.0009414092638101266,-0.00411227741122322,-0.999986068310488,-0.00330943491029137,0.0009550158419326899,0.0033055340822777763,-0.9999940806770672
1.467,0.01630273461341858,Empty,0.30733,0.00117,0.48543,-0.00412,0.00093,-0.00332,1.0,-0.00206,0.00047,-0.00166,0.9999910875100418,-0.004115661067259746,0.000941400267245919,-0.0041125068153775035,-0.999986004607831,-0.0033283443572013046,0.0009550854292692679,0.0033244431783505985,-0.9999940179267958
1.533,0.01630273461341858,Empty,0.30738,0.00119,0.48603,-0.0041,0.00013,-0.00334,1.0,-0.00205,7e-05,-0.00167,0.9999915559449528,-0.0041072959001257625,0.000134756005572622,-0.0041068218974182336,-0.9999859654880385,-0.0033470645136274004,0.00014850149869190452,0.003346482831915906,-0.9999943894842415
1.6,0.01630273461341858,Empty,0.30735,0.00129,0.48675,-0.00388,-0.00053,-0.0032,1.0,-0.00194,-0.00026,-0.0016,0.9999923117186291,-0.0038871312714555684,-0.0005164437153858616,-0.0038887602470897287,-0.9999873456280224,-0.003191571331265375,-0.000504031123388091,0.0031935551193572153,-0.9999947735655055
1.667,0.01630273461341858,Empty,0.3072,0.00122,0.48739,-0.00382,-0.00111,-0.00326,1.0,-0.00191,-0.00055,-0.00163,0.999992103908663,-0.00381572990964385,-0.0011101016089289713,-0.003819325626708614,-0.9999874081220295,-0.0032552033950578882,-0.001097666653708561,0.0032594175311977946,-0.9999940856451476
1.733,0.01630273461341858,Empty,0.30709,0.00093,0.48783,-0.0021,-0.0013,-0.0029,1.0,-0.00105,-0.00065,-0.00145,0.9999969483769949,-0.002096160965149696,-0.0013074195600698488,-0.0020999467827739204,-0.9999935871293539,-0.002901021143766034,-0.0013013301684768191,0.002903757802442078,-0.9999949373523935
1.8,0.01630273461341858,Empty,0.30698,0.00033,0.48801,0.00034,-0.0019,-0.00334,1.0,0.00017,-0.00095,-0.00167,0.9999981303158856,0.0003411596631630598,-0.0019034113630830903,0.00033480570192984116,-0.9999943744265114,-0.003337517111925418,-0.0019045392815164551,0.003336873598845215,-0.9999926189751153
1.867,0.01630273461341858,Empty,0.30696,0.0,0.48829,0.001,-0.00256,-0.00338,1.0,0.0005,-0.00128,-0.00169,0.9999962409990177,0.0010017822882470995,-0.002552336200646739,0.0009931482737763342,-0.9999937884775508,-0.003381813540367357,-0.002555708187659967,0.003379265979835169,-0.9999910244182679
1.933,0.01630273461341858,Empty,0.30698,8e-05,0.48832,0.00138,-0.0029,-0.00308,1.0,0.00069,-0.00145,-0.00154,0.9999948619504195,0.001380407295598407,-0.002893190014552254,0.0013714906707936736,-0.9999943111861405,-0.003081656810232418,-0.002897427497276061,0.003077672993413143,-0.9999910663815172
2.0,0.01630273461341858,Empty,0.30695,0.00037,0.48826,0.00204,-0.00312,-0.00238,1.0,0.00102,-0.00156,-0.00119,0.9999930573652585,0.0020457236485073027,-0.003114520193717139,0.002038317800286904,-0.9999950924032771,-0.002379165800396449,-0.003119372024649718,0.0023728009007671007,-0.9999923196375345
2.067,0.01630273461341858,Empty,0.30693,0.00072,0.48822,0.00234,-0.0032,-0.00154,1.0,0.00117,-0.0016,-0.00077,0.9999921284732058,0.00234558530828588,-0.003200190805106666,0.0023406530051581775,-0.9999960684975473,-0.0015441285433056917,-0.003203800108773976,0.001536625852431437,-0.9999936872030009
2.133,0.01630273461341858,Empty,0.30661,0.00227,0.48742,0.00098,-0.00464,-0.00014,1.0,0.00049,-0.00232,-7e-05,0.9999887234969331,0.0009797252235007048,-0.004646828753113572,0.0009790757737359046,-0.999999510618269,-0.00014203468454299963,-0.004646965634003693,0.00013748348543156892,-0.9999891933459519
2.2,0.01630273461341858,Empty,0.30606,0.00481,0.48602,0.00023,-0.0071,0.00252,0.99999,0.00012,-0.00355,0.00126,0.9999748108440996,0.00022159478347000272,-0.0070942633908359694,0.00023952122835624312,-0.9999967806099727,0.00252614316122819,-0.007093680771488288,-0.0025277787564959345,-0.9999716446118212
2.267,0.01630273461341858,Empty,0.30558,0.00829,0.48454,-0.0021,-0.00955,0.00495,0.99998,-0.00104,-0.00478,0.00247,0.9999521940299312,-0.002105858689833484,-0.009548560829022949,-0.0020585789673763233,-0.999985587015191,0.004958630306722807,-0.009558865380481991,-0.004938736788099446,-0.9999421168105561
2.333,0.01630273461341858,Empty,0.3053,0.01163,0.48339,-0.0039,-0.01062,0.00808,0.99998,-0.00193,-0.00532,0.00403,0.9999360457501221,-0.0039029388351098926,-0.010614682193055624,-0.0038172244190655125,-0.9999600430202211,0.008083387948898109,-0.010645807031158768,-0.00804235235781741,-0.999910989719189
2.4,0.01630273461341858,Empty,0.30518,0.0148,0.48215,-0.00633,-0.01027,0.00985,0.99997,-0.00314,-0.00515,0.00491,0.9999272177073459,-0.006324783168352666,-0.010274064722356757,-0.0062235856408864865,-0.9999320993211389,0.009852092619849833,-0.010335679455962428,-0.009787434040281925,-0.9998986848001605
2.467,0.01630273461341858,Empty,0.30489,0.01778,0.4807,-0.00739,-0.011,0.01194,0.99996,-0.00366,-0.00552,0.00595,0.9999124064148309,-0.00737670800001855,-0.010989252785555985,-0.007245369805690793,-0.9999024208119422,0.011943762840749978,-0.011076286114089333,-0.011863095443422787,-0.9998682827514928
2.533,0.01630273461341858,Empty,0.30476,0.02114,0.47929,-0.01044,-0.01173,0.01352,0.99995,-0.00518,-0.0059,0.00673,0.9998765897396829,-0.010443832911116002,-0.011735912604747916,-0.010284938849810965,-0.9998557194437041,0.013518887845102714,-0.011875408346547137,-0.013396516332147994,-0.9998397411719365
2.6,0.01630273461341858,Empty,0.30477,0.02607,0.47736,-0.01558,-0.01125,0.01407,0.99993,-0.00775,-0.00568,0.00699,0.9998153798289706,-0.015572569855175966,-0.011256168333691466,-0.015413591401218452,-0.99978213305874,0.014075070750519478,-0.011472901009205321,-0.013898974229111414,-0.9998375823391574
2.667,0.01630273461341858,Empty,0.30464,0.03168,0.47446,-0.02028,-0.0101,0.0156,0.99991,-0.0101,-0.00513,0.00775,0.9997431675288166,-0.02028660674581012,-0.010102107017321253,-0.020127573379825958,-0.9996756611922086,0.01560298720631041,-0.010415362177489201,-0.015395648952266378,-0.9998272321876666
2.733,0.01630273461341858,Empty,0.30491,0.03751,0.4715,-0.02424,-0.00802,0.01494,0.99989,-0.01209,-0.0041,0.00742,0.9996740977985031,-0.024236820075185017,-0.008017153072763688,-0.02411521449213,-0.9995976625897683,0.014932159089365129,-0.00837583552534168,-0.014733957299878859,-0.9998563676256395
2.8,0.01630273461341858,Empty,0.30504,0.04215,0.46875,-0.02782,-0.00733,0.01628,0.99986,-0.01388,-0.00378,0.00809,0.9995862807800622,-0.027812891759115888,-0.007328733060937456,-0.027690663302544605,-0.9994839187163669,0.016282610148263387,-0.007777817312581368,-0.016072936239869655,-0.9998405704303468
2.867,0.01630273461341858,Empty,0.30563,0.04649,0.46634,-0.03228,-0.00431,0.01777,0.99983,-0.01612,-0.0023,0.00885,0.999469628802971,-0.03227664344464065,-0.0043219658025774,-0.032195044532524086,-0.9993234726246238,0.017778531126379376,-0.004892873184532151,-0.017629956024062445,-0.9998326082112894
2.933,0.01630273461341858,Empty,0.30637,0.05082,0.46406,-0.03402,-0.00256,0.01651,0.99982,-0.017,-0.00142,0.00823,0.9994178366907376,-0.034021647854472925,-0.0025524853912989327,-0.03397501173388645,-0.9992863443564529,0.016507590993202516,-0.0031122792433908235,-0.016411260158282006,-0.999860482396383
3.0,0.01630273461341858,Empty,0.30765,0.05492,0.46146,-0.0348,0.00274,0.01367,0.99982,-0.01741,0.00125,0.00686,0.9993903507593053,-0.03480497480812522,0.0027460039690113047,-0.03483938483754068,-0.9992993340503962,0.013676923286180757,0.0022680549671045655,-0.0137642542493261,-0.9999026958817674
3.067,0.01630273461341858,Empty,0.3088,0.0591,0.45741,-0.03696,0.00799,0.01019,0.99981,-0.0185,0.0039,0.00517,0.999285178261277,-0.036947944646718855,0.007998868276857014,-0.03702869315542762,-0.9992622082026907,0.010193877627466711,0.00761632395113949,-0.010482778461151152,-0.9999160479586303
3.133,0.01630273461341858,Empty,0.3097,0.06351,0.45265,-0.04009,0.01135,0.00553,0.99978,-0.02006,0.00562,0.00288,0.9991322742653745,-0.04007391590520637,0.011348118140155405,-0.04013857118746483,-0.9991788304674745,0.00552809629786534,0.011117266945130773,-0.005978796674256575,-0.9999203270091066
3.2,0.01630273461341858,Empty,0.31042,0.06802,0.44838,-0.04434,0.01452,0.00356,0.99973,-0.02218,0.00722,0.00194,0.9989120971772001,-0.0443126115326376,0.014526340633666254,-0.044368747598604985,-0.9990088611493053,0.0035650500275686567,0.0143539663361397,-0.004205687140686734,-0.9998881316657855
3.267,0.01630273461341858,Empty,0.31109,0.0734,0.44456,-0.04778,0.01893,0.00285,0.99967,-0.0239,0.00943,0.00165,0.998679337331847,-0.047759081777627166,0.018938091091278735,-0.04782131174445858,-0.998851850450619,0.002846575910439077,0.018780397478833262,-0.003748460901823074,-0.99981660603903
3.333,0.01630273461341858,Empty,0.31162,0.07913,0.44167,-0.04983,0.02219,0.00337,0.99963,-0.02493,0.01105,0.00196,0.998512898066698,-0.049794035863592656,0.022193386106210473,-0.04988079026468817,-0.9987494849774881,0.0033723908095387722,0.021997707994567996,-0.004474399358273164,-0.9997480085468381
3.4,0.01630273461341858,Empty,0.31231,0.08347,0.4395,-0.05136,0.02577,0.00538,0.99958,-0.02571,0.01281,0.00302,0.9983503368739944,-0.051314296848600394,0.025757480515690545,-0.0514689899534293,-0.9986601085843247,0.005378716902622408,0.025446963212852496,-0.006695555337570672,-0.9996537508567482
3.467,0.01630273461341858,Empty,0.31299,0.08699,0.43732,-0.05179,0.02848,0.00593,0.99956,-0.02593,0.01416,0.00333,0.9982539712294973,-0.05175099725677529,0.02847530873348004,-0.05193960690467159,-0.9986326579183307,0.005923830986642245,0.028129809084420806,-0.00739248414941416,-0.9995769430208837
3.533,0.01630273461341858,Empty,0.31376,0.08995,0.43535,-0.05305,0.0303,0.00572,0.99953,-0.02656,0.01507,0.00326,0.9981344613844801,-0.05300544061764095,0.030298849180182455,-0.053202035236193934,-0.9985673918569472,0.005719035472933771,0.029952302806971115,-0.0073203268331156835,-0.9995245231466888
3.6,0.01630273461341858,Empty,0.31457,0.09372,0.43344,-0.05597,0.03041,0.00405,0.99949,-0.02801,0.01514,0.00245,0.9979726749724906,-0.05591060249127494,0.03040632396910581,-0.05605900225419275,-0.998419245452294,0.00404951561749895,0.030131848176240376,-0.0057458541170642245,-0.9995294177191333
3.667,0.01630273461341858,Empty,0.3152,0.09767,0.43169,-0.05964,0.02735,0.00525,0.99946,-0.02985,0.01359,0.00303,0.9978486672430548,-0.059583731314006794,0.02734622906288177,-0.059748653292387044,-0.9981996304428427,0.005253209830073777,0.026983989901522575,-0.006875808786819587,-0.9996122185840477
3.733,0.01630273461341858,Empty,0.31611,0.10232,0.43037,-0.06253,0.02339,0.00893,0.99943,-0.03131,0.01155,0.00483,0.9977722345138762,-0.062476563708546706,0.023393311444901234,-0.0626998548008541,-0.9979924250654131,0.008935755144788515,0.022788072343620066,-0.010382605608790924,-0.9996864034584215
3.8,0.01630273461341858,Empty,0.31711,0.10636,0.42895,-0.06223,0.01805,0.01102,0.99946,-0.03116,0.00885,0.00579,0.9979016800340057,-0.06218155014839,0.018046933436238685,-0.06238643927296561,-0.9979912195731298,0.011020791703754782,0.01732539119758495,-0.012123550473364882,-0.9997764001734442
3.867,0.01630273461341858,Empty,0.31861,0.10911,0.42802,-0.05978,0.01305,0.01138,0.99951,-0.02992,0.00635,0.00588,0.9981289247789122,-0.0597379080897959,0.013039626403669097,-0.05988711002661401,-0.9981404209561746,0.011368117966083814,0.012336270601457797,-0.012127752903389527,-0.9998503558218907
3.933,0.01630273461341858,Empty,0.32023,0.11166,0.42651,-0.06065,0.0072,0.01055,0.99952,-0.03034,0.00344,0.00538,0.9981353968982212,-0.060613266696049384,0.007194536765042132,-0.06068715117404999,-0.9981012025466227,0.010538460863139419,0.006542105258091229,-0.010955426756613372,-0.9999185864276012
4.0,0.01630273461341858,Empty,0.32142,0.11432,0.4244,-0.06187,0.0007,0.0109,0.99951,-0.03093,0.00018,0.00546,0.9980860726906713,-0.06183612000449529,0.0006969675037055848,-0.06184004417670258,-0.9980264337351699,0.010910843325878649,2.0907774903399533e-05,-0.010933061266088272,-0.9999402320810064
4.067,0.01630273461341858,Empty,0.32242,0.11702,0.42241,-0.06147,-0.00396,0.01169,0.99951,-0.03072,-0.00216,0.00578,0.9981037641048587,-0.0614263884192186,-0.003959152116792861,-0.061376461956559825,-0.9980461905269988,0.011693224202094815,-0.00466968921959307,-0.011428052341356255,-0.9999237939074536
4.133,0.01630273461341858,Empty,0.32342,0.12003,0.4202,-0.06594,-0.00707,0.01184,0.99943,-0.03294,-0.00373,0.0058,0.9978024758080666,-0.06587950985273222,-0.007078803066658014,-0.06579299293133378,-0.99776317275939,0.011829334987785172,-0.007842279798006628,-0.011337604097848085,-0.9999049741754914
4.2,0.01630273461341858,Empty,0.32467,0.1242,0.41763,-0.069,-0.00607,0.0131,0.99938,-0.03447,-0.00326,0.00644,0.997602138319619,-0.06894247832042782,-0.006075220420761181,-0.06885850222286183,-0.9975405466118219,0.013090627831070581,-0.0069627790247577485,-0.01264090773737502,-0.999895858157152
4.267,0.01630273461341858,Empty,0.32534,0.12914,0.4151,-0.07089,-0.00726,0.01415,0.99934,-0.03541,-0.00388,0.00694,0.9974626115964347,-0.07082032752982315,-0.0072677146193473,-0.07071252434902037,-0.9973963685113445,0.014150016981319319,-0.00825090100588323,-0.013600194445338375,-0.999873470666984
4.333,0.01630273461341858,Empty,0.32615,0.13355,0.41315,-0.07144,-0.01059,0.01567,0.99932,-0.03567,-0.00557,0.00764,0.9973930267006763,-0.07138101789256174,-0.010578306740020083,-0.07121096550383726,-0.9973382732270399,0.015664199581136597,-0.011668276688331524,-0.014870071994720723,-0.9998213501811192
4.4,0.01630273461341858,Empty,0.32737,0.13777,0.411,-0.07331,-0.01221,0.01732,0.99927,-0.03659,-0.00642,0.00843,0.9972402251709991,-0.07323159831660414,-0.012209271431610134,-0.07301531092661723,-0.9971806143353157,0.017308574872932997,-0.013442383389286992,-0.01636934335390627,-0.999775648296645
4.467,0.01630273461341858,Empty,0.32811,0.14186,0.40842,-0.07297,-0.01427,0.01823,0.99927,-0.03641,-0.00746,0.00885,0.9972371639212876,-0.07290291697681017,-0.014254949684212514,-0.07263909766566518,-0.9971917810279465,0.018223977080486307,-0.01554349975214963,-0.017138160536780054,-0.9997323057043175
4.533,0.01630273461341858,Empty,0.329,0.14525,0.40604,-0.07499,-0.01645,0.02075,0.99921,-0.0374,-0.00861,0.01006,0.9970545990814978,-0.07490937115810975,-0.016453345043791548,-0.07456287593776362,-0.9970003990603526,0.020750465184840094,-0.01795839587277235,-0.019462538020363913,-0.9996492913174512
4.6,0.01630273461341858,Empty,0.33033,0.14937,0.40433,-0.07788,-0.01875,0.02233,0.99914,-0.03882,-0.0098,0.01079,0.9967945553760768,-0.07777596385345226,-0.018748701802415058,-0.07735280074935003,-0.9967537215168918,0.02232852118833254,-0.020424460552012427,-0.020806683755298015,-0.9995748712939249
4.667,0.01630273461341858,Empty,0.33204,0.15396,0.40249,-0.08104,-0.01966,0.02176,0.99908,-0.0404,-0.01026,0.01047,0.9965250124221732,-0.08094271983259926,-0.019651354230412935,-0.08051308878142821,-0.9965162118929405,0.02175044756822401,-0.0213434334600059,-0.020092673805283675,-0.9995702788236017
4.734,0.01630273461341858,Empty,0.33348,0.15799,0.4002,-0.08375,-0.021,0.02044,0.99902,-0.04175,-0.01092,0.00977,0.9962750457295237,-0.08363379685052547,-0.021010028105658288,-0.08320675121239574,-0.9963226671883689,0.020439652622611926,-0.02264221299506672,-0.018615339669735317,-0.9995703073419431
4.8,0.01630273461341858,Empty,0.3347,0.1617,0.39751,-0.08598,-0.02261,0.01943,0.99897,-0.04286,-0.01171,0.00922,0.9960524807022568,-0.08583923469958549,-0.022607111117294982,-0.08540736846225716,-0.9961567658906048,0.019423675829344938,-0.024187540164978014,-0.017416186625113527,-0.9995557209801798
4.867,0.01630273461341858,Empty,0.33607,0.16527,0.39456,-0.08905,-0.02457,0.01741,0.9989,-0.0444,-0.01266,0.00815,0.9957357097346968,-0.08891782081465366,-0.024576767499264247,-0.088504771719488,-0.9959235150657273,0.017414290740859303,-0.026025021460530286,-0.015164869953250504,-0.9995462595484411
4.933,0.01630273461341858,Empty,0.33761,0.16868,0.39178,-0.09233,-0.02717,0.01519,0.99882,-0.04604,-0.01392,0.00696,0.9953737436790145,-0.09215708533933592,-0.0271695052619986,-0.09176923872825804,-0.9956643636644781,0.015194793576931584,-0.028452016056149543,-0.012631173752583281,-0.9995153506735017
5.0,0.01630273461341858,Empty,0.33904,0.17191,0.38911,-0.0963,-0.03147,0.01353,0.9987,-0.04802,-0.01604,0.006,0.9948731693782739,-0.09610978083729932,-0.031468823915662456,-0.09572459829938318,-0.9953159058863714,0.013529551729957413,-0.03262174323438929,-0.010447847481569229,-0.9994131599850742
5.067,0.01630273461341858,Empty,0.34074,0.17487,0.38711,-0.09838,-0.03502,0.00937,0.99863,-0.04908,-0.01772,0.00382,0.9945534106136299,-0.09816720749167024,-0.03502446016833971,-0.09789637857312261,-0.9951525056927887,0.009369603814027265,-0.03577446713878707,-0.005889803617380232,-0.9993425327255337
5.133,0.01630273461341858,Empty,0.34196,0.17752,0.38544,-0.10023,-0.04164,0.00303,0.99853,-0.05005,-0.02087,0.00047,0.9941180379088612,-0.0999821936389832,-0.04162796727408737,-0.09994296118441992,-0.9949885614005874,0.0030277370557164375,-0.041722071064667514,0.0011504942963274723,-0.9991285928993068
5.2,0.01630273461341858,Empty,0.3435,0.17959,0.38374,-0.10194,-0.04454,-0.0031,0.99845,-0.05097,-0.02216,-0.00268,0.9938226484103003,-0.10165695688727527,-0.044524225126953754,-0.1018942058339844,-0.9947904542054546,-0.0030859421846387604,-0.04397856664556771,0.007603639794463172,-0.9990035387012789
5.267,0.01630273461341858,Empty,0.34517,0.18261,0.38192,-0.10598,-0.04825,-0.01437,0.99827,-0.05312,-0.02371,-0.00845,0.9932315473111168,-0.10566031782220042,-0.04823889160912356,-0.10646152210210147,-0.9942133220273397,-0.014346240450539512,-0.046443920352065814,0.019384724426012103,-0.9987327944556835
5.333,0.01630273461341858,Empty,0.34678,0.18542,0.37969,-0.10989,-0.0475,-0.01931,0.99815,-0.05513,-0.02318,-0.01094,0.9928473996179954,-0.10954580420357701,-0.04747375962756761,-0.11055995716040046,-0.9936823770068091,-0.019282880977391115,-0.045061479608141136,0.024393655066213094,-0.9986863434772882
5.4,0.01630273461341858,Empty,0.34828,0.18877,0.3768,-0.11492,-0.04502,-0.02406,0.99801,-0.05768,-0.02178,-0.0133,0.9923967884005673,-0.11455200574660984,-0.04501613434834058,-0.11571113394683408,-0.9929919780205643,-0.02403882417142552,-0.04194696476477133,0.029064919855998135,-0.9986969923759595
5.467,0.01630273461341858,Empty,0.34922,0.19289,0.37344,-0.11797,-0.042,-0.02844,0.99792,-0.05923,-0.02012,-0.01543,0.9921742367339783,-0.1175897530928301,-0.04198730675947888,-0.11883170388983005,-0.9925077802357445,-0.028413593967580465,-0.03833158113080002,0.03318065911162723,-0.9987140400279405
5.533,0.01630273461341858,Empty,0.35028,0.19702,0.3698,-0.12152,-0.03842,-0.03203,0.99782,-0.06101,-0.0182,-0.01715,0.991892445365335,-0.12113518483569435,-0.038414109673373865,-0.12238351928953761,-0.9919669216553716,-0.03199844602278468,-0.03422938844740356,0.03644027080563226,-0.9987494458722515
5.6,0.01630273461341858,Empty,0.35113,0.20107,0.36577,-0.12254,-0.03625,-0.03654,0.99777,-0.06154,-0.01697,-0.01934,0.991850052934339,-0.12214560224880072,-0.036248094369583754,-0.12345849514431662,-0.9916781072004299,-0.03650385837241239,-0.03148765584874805,0.04068148904170285,-0.9986758953627052
5.667,0.01630273461341858,Empty,0.35189,0.20433,0.36126,-0.12435,-0.03353,-0.03926,0.99772,-0.06244,-0.01551,-0.02063,0.9917218705181141,-0.12395342685120408,-0.03351536226712087,-0.12523264639208376,-0.9913518689174184,-0.03922061029072571,-0.02836398797222382,0.043093154511881344,-0.9986683454583545
5.734,0.01630273461341858,Empty,0.35316,0.20743,0.35724,-0.12708,-0.02961,-0.04249,0.99763,-0.06379,-0.01342,-0.02214,0.9915023756275108,-0.1266754166764295,-0.029603681103128034,-0.12786412781950257,-0.990882082048895,-0.04246721431180263,-0.02395420509974421,0.04589159274093318,-0.998659179987717
5.8,0.01630273461341858,Empty,0.354,0.21009,0.35314,-0.12769,-0.02836,-0.04351,0.99761,-0.06409,-0.01276,-0.02261,0.9914587338936922,-0.1273010912216454,-0.028355090542877322,-0.12845487635535846,-0.9907621713181582,-0.043470272893760764,-0.022559337899105622,0.046741331374991625,-0.9986522538976452
5.867,0.01630273461341858,Empty,0.35517,0.21273,0.34936,-0.12914,-0.02832,-0.04478,0.99755,-0.06482,-0.01268,-0.02325,0.9912741785318985,-0.1287376403692731,-0.028321774804225645,-0.12991740330731377,-0.9905147205225715,-0.04474434876022638,-0.022292852975659277,0.0480334090008578,-0.9985969258544519
5.933,0.01630273461341858,Empty,0.35691,0.21594,0.34549,-0.13169,-0.02849,-0.04567,0.99745,-0.0661,-0.01271,-0.02372,0.9909395766151747,-0.13125287846570138,-0.028485740155488926,-0.1324584506371363,-0.9901375060832394,-0.04563417471667591,-0.022215182928520597,0.04899388677917378,-0.9985519939921617
6.0,0.01630273461341858,Empty,0.35861,0.21911,0.34068,-0.13207,-0.02779,-0.04704,0.99743,-0.06629,-0.01231,-0.02438,0.9909080296795011,-0.13164042976409107,-0.027786219034151516,-0.13284062238297278,-0.9900226028072332,-0.0469959038182641,-0.021322423914574447,0.050259757085729724,-0.9985085433065111
6.067,0.01630273461341858,Empty,0.3603,0.22172,0.3358,-0.13297,-0.02688,-0.04899,0.99738,-0.06674,-0.01178,-0.02533,0.9908139797885303,-0.1325343136627563,-0.026875884312073467,-0.13372777219785736,-0.9898080007934635,-0.048959212700418316,-0.020113189667771085,0.052103524517915466,-0.998439122998593
6.133,0.01630273461341858,Empty,0.36236,0.22441,0.3304,-0.13345,-0.02442,-0.05124,0.99735,-0.06696,-0.01047,-0.02637,0.9908134831635723,-0.1330145621737729,-0.024408355761686235,-0.13411846900858543,-0.9896420013701944,-0.0511951696431311,-0.017345830970657745,0.0539984756610348,-0.9983903478971651
6.2,0.01630273461341858,Empty,0.36432,0.22701,0.3241,-0.13368,-0.0222,-0.05337,0.99733,-0.06706,-0.00929,-0.02736,0.9908325961868095,-0.13326058789264783,-0.022189683373417902,-0.13427661213121,-0.9895082529719643,-0.0533217472982233,-0.014851187436407213,0.05581248081636247,-0.9983308115133238
6.267,0.01630273461341858,Empty,0.36656,0.22947,0.31732,-0.1346,-0.02102,-0.05568,0.99727,-0.06751,-0.00861,-0.02848,0.9907354292445343,-0.13416955326736407,-0.021019995615695553,-0.13515043707745472,-0.989261683907456,-0.05563883634977558,-0.013329238441144881,0.057964228008488765,-0.9982296728077956
6.333,0.01630273461341858,Empty,0.3683,0.2313,0.31104,-0.13416,-0.02368,-0.0578,0.99724,-0.06734,-0.00987,-0.02962,0.990735531473899,-0.13372465879413042,-0.023681687134240455,-0.13489461428565946,-0.9891752406496359,-0.05775626652111454,-0.015701901536242627,0.06041571745935161,-0.9980497940343547
6.4,0.01630273461341858,Empty,0.37014,0.23291,0.30596,-0.13691,-0.02644,-0.05858,0.99712,-0.06875,-0.01118,-0.03012,0.9902979118058873,-0.1364225826634859,-0.026437186165004352,-0.13776940025267115,-0.9887340595967486,-0.058519669747465586,-0.018155941917676225,0.06159414203280619,-0.9979361319444869
6.467,0.01630273461341858,Empty,0.37189,0.23546,0.30183,-0.14058,-0.03278,-0.05814,0.99694,-0.07067,-0.0143,-0.03014,0.9896024765951505,-0.14004665885887685,-0.03276998106819207,-0.1417704838056742,-0.9881946153416381,-0.05807350627693264,-0.02425011831413043,0.0621155017065568,-0.9977743212818685
6.533,0.01630273461341858,Empty,0.37375,0.2376,0.29698,-0.14326,-0.03373,-0.05827,0.99684,-0.07202,-0.01473,-0.03026,0.989193520934886,-0.14268402816214998,-0.03372604702401518,-0.1444669125842366,-0.9877963786959592,-0.05820331093269423,-0.025009784261801015,0.06244663595880996,-0.9977348988326539
6.6,0.01630273461341858,Empty,0.37555,0.23942,0.29184,-0.14469,-0.03158,-0.05957,0.99678,-0.07271,-0.01359,-0.03084,0.9890572609718451,-0.14411503056531172,-0.03156885306802233,-0.14579097314685185,-0.9875241769020277,-0.059506236503972756,-0.022599262549143066,0.06345752909727913,-0.9977286281014006
6.667,0.01630273461341858,Empty,0.37713,0.24111,0.2874,-0.14444,-0.03137,-0.06206,0.99676,-0.0726,-0.0134,-0.03207,0.9891007652209587,-0.14385957930419485,-0.031370331234047144,-0.14557868381287697,-0.9874026858691478,-0.061990182752620665,-0.022057267705320644,0.06588138872863078,-0.997583640383383
6.734,0.01630273461341858,Empty,0.37864,0.24225,0.2837,-0.14598,-0.03173,-0.06343,0.99667,-0.07338,-0.0135,-0.03278,0.9888657301174142,-0.1453917217101549,-0.031714587456094165,-0.14716133802514497,-0.9870812179444999,-0.0633577917217089,-0.0220931751905962,0.06731951009446907,-0.9974868295725207
6.8,0.01630273461341858,Empty,0.38004,0.2437,0.2804,-0.14715,-0.03235,-0.06321,0.99663,-0.07397,-0.0138,-0.0327,0.9886768631415461,-0.14653159969912094,-0.032350433972489316,-0.1483368182707171,-0.9869199819626501,-0.06312794585730412,-0.02267705082042266,0.06721189993192489,-0.9974809832140306
6.867,0.01630273461341858,Empty,0.38187,0.24567,0.27664,-0.14977,-0.02966,-0.06549,0.99652,-0.07525,-0.01233,-0.03375,0.9883705492628658,-0.14914617952685505,-0.029649190248030238,-0.15081057753566102,-0.9863958606765283,-0.06541693774223618,-0.01948915219246741,0.06912758619215877,-0.9974174400791597
6.933,0.01630273461341858,Empty,0.38344,0.24736,0.27266,-0.14962,-0.02773,-0.06631,0.99652,-0.07515,-0.01134,-0.03409,0.9884478418956739,-0.14900587435495133,-0.027714856295875823,-0.15055144012088162,-0.9863808119893783,-0.0662356219620782,-0.017467905693391517,0.06964296911312123,-0.9974190338688127
7.0,0.016303062438964844,Empty,0.38541,0.24898,0.26858,-0.15048,-0.02427,-0.06714,0.9965,-0.07553,-0.00957,-0.03438,0.9884066542322761,-0.14987751626312662,-0.0242696515870004,-0.15119381796859943,-0.986225764615619,-0.0670758571798819,-0.013882192818003276,0.06996764485913527,-0.9974526622328651
7.067,0.016303062438964844,Empty,0.38756,0.2511,0.26382,-0.15188,-0.01964,-0.06812,0.99647,-0.07615,-0.0072,-0.0347,0.988300216848184,-0.15125306462614668,-0.019626304263193575,-0.1522519477521302,-0.9859953667690917,-0.06806233257512305,-0.009056808682718041,0.07025416109443444,-0.9974880084820077
7.133,0.016303062438964844,Empty,0.38978,0.25328,0.25841,-0.15276,-0.01392,-0.06881,0.99645,-0.0765,-0.00431,-0.03483,0.9882576145830603,-0.15216251052141022,-0.01390890399783433,-0.15276229401914276,-0.9858686126345428,-0.06875143742534029,-0.003250960567016666,0.07006888763112448,-0.9975368575854872
7.2,0.01630273461341858,Empty,0.3908,0.25454,0.25327,-0.15002,-0.01403,-0.06735,0.99658,-0.07513,-0.00447,-0.0341,0.988670778740736,-0.14944288420411872,-0.014032662788697838,-0.15005256487254554,-0.9863847599105793,-0.06730032088570918,-0.0037840506547127794,0.06864349770301116,-0.997634076795565
7.267,0.01630273461341858,Empty,0.39202,0.25432,0.2495,-0.14691,-0.01668,-0.06491,0.99672,-0.07362,-0.00593,-0.03297,0.9890908907783535,-0.14635906747998773,-0.016680322109367082,-0.14714142364737431,-0.986987405414294,-0.06484799920262911,-0.0069721751489590636,0.06659493163859134,-0.9977557335609472
7.333,0.01630273461341858,Empty,0.39361,0.25232,0.24657,-0.14204,-0.01841,-0.06,0.99697,-0.0712,-0.00705,-0.03057,0.9897615748081044,-0.14153927981165781,-0.01840264393446152,-0.14240091007805106,-0.9879915846377322,-0.059955062288062175,-0.009695661005017212,0.06196177011206006,-0.9980314289651684
7.4,0.01630273461341858,Empty,0.39493,0.24968,0.24405,-0.13398,-0.02096,-0.05563,0.9973,-0.0672,-0.00859,-0.02845,0.9908205307092856,-0.13355023202542515,-0.020952600099389804,-0.13452760435487027,-0.9893487921250681,-0.05559938117648774,-0.013304119343620814,0.05790771146077194,-0.998233288045368
7.467,0.01630273461341858,Empty,0.39696,0.24704,0.24248,-0.1286,-0.02064,-0.05243,0.99752,-0.0645,-0.00861,-0.02682,0.9915311394177198,-0.12821815424480526,-0.02064229849250508,-0.12914222864148733,-0.9902404199727438,-0.05240415473713678,-0.013721674333266093,0.05462614368834063,-0.9984125901045283
7.533,0.01630273461341858,Empty,0.39868,0.2451,0.23999,-0.12393,-0.02059,-0.04756,0.99773,-0.06215,-0.0088,-0.02437,0.9921192597923832,-0.1235939224535959,-0.02058923703171029,-0.12445178679500546,-0.9910861842568255,-0.04753870148390772,-0.0145302137817703,0.049726428665047825,-0.998657176001693
7.6,0.01630273461341858,Empty,0.40048,0.24448,0.23679,-0.11906,-0.01934,-0.04377,0.99793,-0.05969,-0.00835,-0.02242,0.9927357791920738,-0.11875047362177982,-0.019339020826022187,-0.11949916867675597,-0.9918698984383207,-0.043749894371524864,-0.013986471945081583,0.04574308239021875,-0.9988553193611032
7.667,0.01630273461341858,Empty,0.40234,0.24471,0.23293,-0.11309,-0.0178,-0.0408,0.99814,-0.05668,-0.00773,-0.02087,0.9934542830058559,-0.11283397074735635,-0.017806813940330783,-0.11347969615936176,-0.9927027368786079,-0.040787678939848616,-0.01307463716130315,0.04254140617217539,-0.9990091504205526
7.733,0.01630273461341858,Empty,0.40448,0.24529,0.22818,-0.10788,-0.01347,-0.03729,0.99834,-0.05403,-0.00572,-0.01898,0.9940955861558063,-0.10766819103421588,-0.013473166849820074,-0.10810245687968323,-0.9934407068106419,-0.037274936192414565,-0.009371467447509886,0.03851133198153408,-0.9992142177265536
7.8,0.01630273461341858,Empty,0.40628,0.24595,0.22335,-0.10081,-0.01201,-0.034,0.99856,-0.05048,-0.00514,-0.01728,0.9948516271077645,-0.10062827193133289,-0.012007952745870779,-0.10098357152913306,-0.9943069157211264,-0.03400111219299858,-0.008518117295146935,0.035038667743709326,-0.9993496552460966
7.867,0.01630273461341858,Empty,0.40831,0.24603,0.21882,-0.09517,-0.00903,-0.03147,0.99873,-0.04763,-0.00376,-0.01593,0.9954343274782267,-0.09502097221951261,-0.009028538997513278,-0.09526062963651377,-0.9949547967256083,-0.03147006377430421,-0.0059926721273557085,0.03218644607847237,-0.9994639165920959
7.933,0.01630273461341858,Empty,0.41039,0.24587,0.21435,-0.09026,-0.00653,-0.02978,0.99886,-0.04516,-0.00259,-0.01502,0.9959069137159553,-0.09014823029465102,-0.006535731596628486,-0.09030395224524534,-0.9954694079843498,-0.029763299148050353,-0.0038230121173132496,0.03023167779052929,-0.9995356072878646
8.0,0.01630273461341858,Empty,0.41297,0.24627,0.20995,-0.08735,-0.00156,-0.03425,0.9989,-0.04367,-3e-05,-0.01714,0.9961851888402722,-0.08725052956862323,-0.0015539064534997107,-0.08725249151213421,-0.9955979599776189,-0.03423017401837526,0.0014395347152291174,0.034235174578175265,-0.9994127678599095
8.067,0.01630273461341858,Empty,0.41526,0.24617,0.20553,-0.08394,0.00257,-0.0361,0.99896,-0.04193,0.00204,-0.01798,0.9964746359396779,-0.08385508650415752,0.002573790253000075,-0.083708146247647,-0.9958363785853117,-0.036095059743327676,0.0055898283219350964,0.035752364306044435,-0.9993450466509848
8.133,0.01630273461341858,Empty,0.41729,0.24673,0.20109,-0.0826,0.00648,-0.03638,0.99898,-0.04122,0.00399,-0.01804,0.9965694995366398,-0.08250590472103303,0.006481379440751575,-0.08221811959323772,-0.9959505057417446,-0.036369917834867704,0.009455866107516144,0.035712263984893966,-0.9993173774118159
8.2,0.01630273461341858,Empty,0.41943,0.24787,0.19607,-0.08246,0.01094,-0.03608,0.99898,-0.04111,0.00621,-0.0178,0.9965424473957204,-0.08236009190526272,0.010952890025211772,-0.0819175392844606,-0.995985823081124,-0.03607986944259609,0.013880464550099786,0.03505788759712419,-0.9992888857688257
8.267,0.016303062438964844,Empty,0.42155,0.24881,0.19036,-0.08068,0.01435,-0.03629,0.999,-0.04019,0.0079,-0.01784,0.9966453001998361,-0.08057431889604516,0.014350077491669206,-0.08001062845193607,-0.9961336713183233,-0.03627682732275124,0.01721757602871886,0.035006970738938555,-0.9992387437821746
8.333,0.016303062438964844,Empty,0.4237,0.24945,0.18477,-0.07933,0.01795,-0.03538,0.99902,-0.03949,0.00967,-0.01732,0.996693498017692,-0.07924379739922266,0.017958050646092676,-0.0785737436638198,-0.9962807401838785,-0.03536740795302002,0.020693907700313496,0.033839434280346324,-0.9992130177653197
8.4,0.01630273461341858,Empty,0.4265,0.25056,0.1797,-0.07951,0.02374,-0.03486,0.999,-0.03953,0.01255,-0.01694,0.9965601475718479,-0.0794021592565049,0.023731189961333686,-0.0785518156468501,-0.9963009847234734,-0.03484193016496461,0.02640993241489893,0.03285795100796201,-0.9991110401378812
8.467,0.01630273461341858,Empty,0.42863,0.25168,0.17471,-0.07947,0.02699,-0.03324,0.99899,-0.03949,0.01414,-0.01607,0.9964806513958728,-0.07936207614331198,0.026980961137079748,-0.0784530973879885,-0.9963639060002307,-0.03322767416166497,0.029519873033064463,0.030993994421276778,-0.9990835547670303
8.533,0.01630273461341858,Empty,0.43092,0.25251,0.17012,-0.07912,0.03175,-0.03279,0.99897,-0.03928,0.01651,-0.01575,0.996369357911087,-0.0789983347128817,0.03173902532277842,-0.07795869144782347,-0.9964182394215941,-0.032758732816057595,0.034213229072852944,0.030165464699922935,-0.9989592082241628
8.6,0.01630273461341858,Empty,0.43365,0.25327,0.16555,-0.07884,0.03758,-0.03195,0.99893,-0.0391,0.0194,-0.01522,0.9961893642683619,-0.07871511306317563,0.037559040110844766,-0.07753433060810622,-0.9964784398739268,-0.031924073104433154,0.039939680716669396,0.028890307057484656,-0.9987843471252313
8.667,0.01630273461341858,Empty,0.43601,0.25385,0.16101,-0.0784,0.04177,-0.03045,0.99891,-0.03886,0.02146,-0.01439,0.9960582692621334,-0.07825619534802608,0.04175993443691242,-0.0770205855344886,-0.9965652708655159,-0.030421872208415097,0.04399720034784223,0.02708558277741489,-0.9986644168924612
8.733,0.01630273461341858,Empty,0.43807,0.25432,0.15709,-0.07827,0.04476,-0.03034,0.99888,-0.03877,0.02295,-0.01428,0.9959409495217368,-0.07810343403282899,0.044737888394740785,-0.0767925957553896,-0.9965863292147927,-0.03030817809328483,0.04695234076049972,0.026749617090052816,-0.9985389004353539
