time,gr,gr_state,tx,ty,tz,rx,ry,rz,qw,qx,qy,qz,xx,xy,xz,yx,yy,yz,zx,zy,zz
0.0,0.01597144640982151,Empty,0.30808,-0.0009,0.48544,-0.00951,0.0021,0.00799,0.99998,-0.00476,0.00103,0.004,0.9999525068551427,-0.009515556618265975,0.0021067074690935815,-0.009532119683339002,-0.9999225918784513,0.007996808452246797,0.0020304503092329392,-0.008016510046397763,-0.9999658058344886
0.067,0.01597144640982151,Empty,0.3079,-0.00122,0.48523,-0.00575,0.00168,0.00748,0.99999,-0.00288,0.00083,0.00374,0.9999820676774183,-0.005745836203642551,0.0016881024602407035,-0.005758299627859065,-0.9999554940443358,0.007473413941670127,0.0016450863172366849,-0.00748300052576913,-0.9999706487663227
0.134,0.01597144640982151,Empty,0.3078,-0.00302,0.48555,-0.00034,6e-05,0.0037,1.0,-0.00017,3e-05,0.00185,0.999999937837607,-0.000348459192688666,5.386068351464503e-05,-0.00034865578364057237,-0.9999931159158829,0.0036941250639056125,5.25730608956391e-05,-0.0036941436131087725,-0.999993175246231
0.2,0.01597144640982151,Empty,0.30767,-0.00503,0.48529,0.00126,-0.00062,-0.00068,1.0,0.00063,-0.00031,-0.00034,0.9999990303476903,0.0012509611484713967,-0.0006118822477295163,0.0012505504644055865,-0.9999989928707944,-0.0006711042638674523,-0.0006127211568456045,0.0006703384235005906,-0.9999995876095059
0.267,0.01597144640982151,Empty,0.30714,-0.00571,0.4842,-0.00014,-0.00256,-0.00232,1.0,-7e-05,-0.00128,-0.00116,0.9999967070286384,-0.00014458202290451583,-0.002562231043062354,-0.00015054807979020257,-0.9999972778898152,-0.002328421833627337,-0.0025618874204482666,0.0023287999051644333,-0.9999940066939635
0.333,0.01597144640982151,Empty,0.30687,-0.00586,0.48361,0.00076,-0.00358,-0.00272,1.0,0.00038,-0.00179,-0.00136,0.9999933070058294,0.0007735028152514589,-0.003575980556345504,0.0007637576525093559,-0.9999959935133179,-0.002725735049568248,-0.003578074592961278,0.0027229856237243138,-0.9999898913146573
0.4,0.01597144640982151,Empty,0.30678,-0.00578,0.48312,0.00127,-0.0044,-0.00254,1.0,0.00063,-0.0022,-0.00127,0.9999895498699745,0.001270844163949958,-0.004391481066500425,0.0012597049145166572,-0.9999959848406819,-0.0025383943828607117,-0.004394689337691714,0.0025328358860278767,-0.9999871356412541
0.467,0.01597144640982151,Empty,0.30673,-0.00608,0.48241,0.00365,-0.00517,-0.00299,0.99999,0.00182,-0.00259,-0.00149,0.9999799746933871,0.003651959119992887,-0.00516850140742109,0.003636578954046177,-0.999988941347098,-0.00298202565735472,-0.005179334486553605,0.002963170277934417,-0.999982196899615
0.533,0.01597144640982151,Empty,0.30687,-0.00623,0.48215,0.00499,-0.00569,-0.00327,0.99999,0.00249,-0.00285,-0.00163,0.9999713557870207,0.00499358284940471,-0.005687858629855074,0.004975001698772352,-0.9999822574935822,-0.003276286943374342,-0.0057041181232769,0.0032478959903674515,-0.9999784568719824
0.6,0.01597144640982151,Empty,0.30837,-0.00636,0.483,0.00609,-0.00593,-0.00336,0.99999,0.00304,-0.00297,-0.00167,0.9999639146521392,0.006092745778846442,-0.005920121826741498,0.006072924394217083,-0.9999759134752861,-0.0033603658385670037,-0.005940453086358931,0.003324292126338423,-0.9999768297810642
0.667,0.01597144640982151,Empty,0.31108,-0.00675,0.48474,0.00927,-0.00806,-0.00344,0.99998,0.00463,-0.00404,-0.0017,0.9999244400091631,0.009282858879415323,-0.008058709784206978,0.009255463184493329,-0.9999512839515552,-0.003430178548754237,-0.008090159059110045,0.0033553322727722795,-0.9999616448003079
0.733,0.01597144640982151,Empty,0.31486,-0.00675,0.48746,0.01034,-0.00976,-0.00315,0.99997,0.00516,-0.00489,-0.00155,0.9998989596904629,0.010336220441259925,-0.009758737465431709,0.010306001465091474,-0.9999419559192718,-0.003141834836903006,-0.00979064572595063,0.003040943822322391,-0.9999474465775379
0.8,0.01597144640982151,Empty,0.31807,-0.00677,0.48895,0.0118,-0.01232,-0.00289,0.99996,0.00589,-0.00617,-0.00141,0.9998544865483279,0.011799820864030697,-0.012319494987887987,0.011765138578770984,-0.9999266295506501,-0.002883926091097051,-0.01235262091226507,0.0027385658753041942,-0.9999199533030354
0.867,0.01597144640982151,Empty,0.32055,-0.00645,0.49082,0.0126,-0.01455,-0.00231,0.99995,0.00629,-0.00728,-0.00111,0.9998147020689795,0.012598324070731526,-0.014554853394197693,0.012566053779289765,-0.9999183838825904,-0.0023064834802903533,-0.014582723309922612,0.002123159023172358,-0.9998914122926692
0.933,0.01597144640982151,Empty,0.32237,-0.0052,0.49177,0.01215,-0.01543,-0.00121,0.99995,0.00607,-0.00772,-0.00056,0.9998070849395188,0.012148646629558946,-0.015433835874849134,0.012131417149003287,-0.9999256801753433,-0.0012094808116887464,-0.01544738238985951,0.0010220131834177612,-0.9998801597523348
1.0,0.01597144640982151,Empty,0.32395,-0.00395,0.49254,0.01395,-0.01631,0.00077,0.99994,0.00698,-0.00815,0.00044,0.9997696365305059,0.013958026997529405,-0.01630482609525997,0.01397241416381384,-0.9999020855020337,0.0007687984902919704,-0.016292498706315224,-0.0009964391702763347,-0.9998667719225821
1.067,0.01597144640982151,Empty,0.32549,-0.00267,0.49334,0.0164,-0.0165,0.00208,0.99993,0.00821,-0.00824,0.00111,0.9997293532310374,0.01639390866710788,-0.016506363829313295,0.016430380067144534,-0.9998628562987002,0.0020763441558864053,-0.01647006068902968,-0.0023469880312915426,-0.9998616047974244
1.133,0.01597144640982151,Empty,0.3269,-0.00198,0.49337,0.01812,-0.01896,0.00205,0.99991,0.00907,-0.00947,0.00111,0.9996561763013228,0.018121092035774056,-0.01895139060991688,0.018162977249466028,-0.9998329576769596,0.0020403432012251043,-0.01891125167867056,-0.002383855359372753,-0.9998183243937728
1.2,0.01597144640982151,Empty,0.32874,-0.00164,0.49401,0.01909,-0.01999,0.00075,0.9999,0.00955,-0.00999,0.00047,0.9996178945243542,0.019093682998840456,-0.01998740143783479,0.019112586151103617,-0.9998170526729773,0.0007551390187272179,-0.01996932641112392,-0.001136861407890598,-0.9997999467637639
1.267,0.01597144640982151,Empty,0.33021,-0.00136,0.49356,0.01942,-0.02276,-6e-05,0.99989,0.00971,-0.01138,8e-05,0.99955225299997,0.019413724741793037,-0.022768417036189675,0.01941721656519263,-0.9998114657844142,-6.772652214203506e-05,-0.022765439234602204,-0.00037440308664339644,-0.9997407636976621
1.333,0.01597144640982151,Empty,0.33118,-0.00076,0.49287,0.02014,-0.02547,-0.00162,0.99987,0.01006,-0.01274,-0.00068,0.99947270077032,0.020143105921627547,-0.025467149402952777,0.020108471067703748,-0.9997964992773989,-0.0016153711578119397,-0.02549450541198131,0.0011024139368986132,-0.9996743544161321
1.4,0.01597144640982151,Empty,0.33236,0.00013,0.49244,0.0208,-0.02774,-0.00379,0.99985,0.01037,-0.01389,-0.00175,0.9993990000933831,0.020784024094834985,-0.027742800052832462,0.020686673110882292,-0.9997788186074806,-0.0037914930349088136,-0.02781546634427739,0.0032153081120753864,-0.9996079039432387
1.467,0.01597144640982151,Empty,0.33403,0.00096,0.4924,0.02211,-0.0294,-0.00571,0.99983,0.01101,-0.01473,-0.00269,0.999323570295962,0.022092344178586076,-0.02939949284641103,0.021933642191476588,-0.9997431240920639,-0.005709743501805684,-0.029518082443606514,0.00506104330499457,-0.9995514337189044
1.533,0.01597144640982151,Empty,0.33621,0.00195,0.49263,0.02327,-0.03105,-0.00844,0.9998,0.01157,-0.01557,-0.00404,0.9992477066019715,0.023257802511430503,-0.031033779548084305,0.02300642402619696,-0.99969975074835,-0.008432840993024018,-0.031220591029425194,0.007712520730999594,-0.9994827620923472
1.6,0.01597144640982151,Empty,0.33832,0.00263,0.49207,0.02478,-0.03267,-0.01051,0.99978,0.0123,-0.0164,-0.00505,0.999159506893286,0.024753359921685203,-0.03267339831350757,0.024422178225694702,-0.9996466263521111,-0.010496648682098236,-0.03292167971835605,0.009689870764385742,-0.9994109612212044
1.667,0.01597144640982151,Empty,0.34085,0.00308,0.49108,0.02582,-0.03536,-0.01314,0.99974,0.01279,-0.01776,-0.00634,0.9990422362406632,0.025801890076775302,-0.03533939269032502,0.025351585529586884,-0.9995923443983815,-0.013131722327393382,-0.035663809644947184,0.012223235603298094,-0.9992890898999125
1.733,0.01597144640982151,Empty,0.34332,0.00362,0.48952,0.02621,-0.03717,-0.01511,0.99971,0.01296,-0.01868,-0.00731,0.9989661119865874,0.02619452782306725,-0.03715580458726791,0.02564859045616774,-0.9995570531874776,-0.01509460932842871,-0.037534742706091064,0.014126009177848668,-0.9991954758477916
1.8,0.01597144640982151,Empty,0.3457,0.00446,0.48763,0.02701,-0.03965,-0.0173,0.99968,0.01333,-0.01994,-0.00838,0.9988499901250988,0.026975614034243867,-0.039636012344406675,0.026307412545163833,-0.9995044606480319,-0.017284478293115926,-0.040082630555753146,0.0162218800440068,-0.9990646792553368
1.867,0.01597144640982151,Empty,0.34816,0.00542,0.48563,0.02824,-0.04043,-0.01856,0.99966,0.01393,-0.02034,-0.00899,0.9987844674919356,0.028209768204072783,-0.04042024832584735,0.027478502913586833,-0.9994505523303374,-0.018534436171924053,-0.04092089166280083,0.017401219050848734,-0.9990108498915643
1.933,0.01597144640982151,Empty,0.35069,0.0065,0.4838,0.02993,-0.03871,-0.01858,0.99966,0.01478,-0.01949,-0.009,0.9988031966435178,0.029905747097001112,-0.03870168814484225,0.029203845910067028,-0.9994008486395962,-0.018576305405428747,-0.03923403826719186,0.017423835083727048,-0.9990781251795195
2.0,0.01597144640982151,Empty,0.35309,0.00761,0.48217,0.03223,-0.0372,-0.01821,0.99966,0.01594,-0.01874,-0.0088,0.998789466229738,0.0321961395079885,-0.03718885248696095,0.03153681693996446,-0.9993372063694931,-0.018181780520941142,-0.03774958709456234,0.016986952828528433,-0.9991428386911407
2.067,0.01597144640982151,Empty,0.35535,0.00881,0.48061,0.03481,-0.03548,-0.01678,0.99966,0.01725,-0.01788,-0.00808,0.9987657025650383,0.03476876211968666,-0.035471179292916405,0.034190993804514125,-0.9992746561183123,-0.01676715784765758,-0.03602842381266843,0.01553366731629171,-0.9992300325036679
2.133,0.01597144640982151,Empty,0.35778,0.00945,0.47906,0.03761,-0.03408,-0.01651,0.99965,0.01866,-0.01719,-0.00793,0.9987126298192364,0.03758572417194933,-0.03406459126446305,0.03704066000545181,-0.999177640826705,-0.01649337983376232,-0.0346564935604472,0.015210371805132671,-0.999283529356731
2.2,0.01597144640982151,Empty,0.36028,0.00983,0.47758,0.04035,-0.03404,-0.01655,0.99962,0.02003,-0.01718,-0.00793,0.9986070637753084,0.040324771152478955,-0.03402712167606587,0.03977979312252178,-0.9990714997967542,-0.016544073047269507,-0.034662663446235024,0.015167436347789236,-0.9992839679677891
2.267,0.01597144640982151,Empty,0.36308,0.00997,0.47567,0.04309,-0.03541,-0.01683,0.99958,0.02139,-0.01788,-0.00803,0.9984454892813734,0.043051890449670005,-0.035399712744431405,0.042477454346786125,-0.9989557890956605,-0.016822523725133803,-0.036086989426874695,0.015292683249697804,-0.9992316363251963
2.333,0.01597144640982151,Empty,0.36627,0.01009,0.47378,0.04741,-0.03682,-0.01736,0.99952,0.02354,-0.01861,-0.00824,0.9981995633109539,0.04735912839262574,-0.03680685756365871,0.046745729380658796,-0.998756108458972,-0.017351443760109324,-0.037582823077715814,0.015599640181132465,-0.9991717483174394
2.4,0.01597144640982151,Empty,0.36971,0.01032,0.47246,0.05061,-0.03957,-0.01759,0.99945,0.02512,-0.02,-0.00829,0.9979382164671596,0.05054618329185395,-0.039552490047664354,0.049882782734584075,-0.9986002730828019,-0.017584157233360004,-0.04038593939725257,0.015574914239877951,-0.99906275976308
2.467,0.01597144640982151,Empty,0.37343,0.01074,0.47134,0.05314,-0.04113,-0.01762,0.9994,0.02638,-0.02079,-0.00826,0.9977432925002322,0.05307280660134389,-0.04112905870855838,0.052386141107807926,-0.998471836829608,-0.01759782026107138,-0.042000172507128,0.015403514454970806,-0.9989988574827333
2.533,0.01597144640982151,Empty,0.37742,0.01128,0.47059,0.05611,-0.04365,-0.0177,0.99933,0.02785,-0.02206,-0.00823,0.9974753054591026,0.056026681215793184,-0.043635146283853746,0.05530057548763739,-0.9983133092839491,-0.017674355922243347,-0.044551782792673286,0.01521668487134823,-0.9988911808357906
2.6,0.01597144640982151,Empty,0.3816,0.01199,0.47009,0.05831,-0.04594,-0.01749,0.99928,0.02894,-0.02321,-0.00807,0.9972473081672166,0.05821908873617121,-0.04591670785204404,0.05747011860778245,-0.998194406796793,-0.017467447060337406,-0.0468507398068329,0.014780525915138978,-0.9987925431405785
2.667,0.01597144640982151,Empty,0.38578,0.01259,0.46973,0.0609,-0.0486,-0.01753,0.99921,0.03022,-0.02455,-0.00802,0.9969681382070059,0.060790760142392763,-0.048569690974580804,0.06000301487342763,-0.9980444867141041,-0.017516870316335836,-0.04953957616043381,0.014549433696545353,-0.9986661826521184
2.733,0.01597144640982151,Empty,0.38932,0.01318,0.46892,0.06225,-0.05045,-0.01742,0.99917,0.03089,-0.02548,-0.00792,0.9967938666618321,0.06212432561141745,-0.05042375980309473,0.06131754096174802,-0.9979667399724281,-0.01739382301876765,-0.05140181471269259,0.01424619514573738,-0.9985764364174189
2.8,0.01597144640982151,Empty,0.39279,0.01391,0.46808,0.06344,-0.05219,-0.01771,0.99912,0.03147,-0.02636,-0.00802,0.9966296686711401,0.06330197044571634,-0.052174362115348163,0.0624559158448143,-0.9978909107434779,-0.017691490370729368,-0.053184227929333465,0.014373266616945624,-0.998481270283183
2.867,0.01597144640982151,Empty,0.39581,0.01481,0.46702,0.06474,-0.05278,-0.01838,0.99909,0.03211,-0.02667,-0.00833,0.9965160487378708,0.06459672071893058,-0.05275441479366734,0.06370765494256331,-0.9977995937314839,-0.018365877354633756,-0.05382470909889893,0.014941031478672146,-0.9984386141715332
2.933,0.01597144640982151,Empty,0.39853,0.01583,0.46561,0.06569,-0.05318,-0.0193,0.99907,0.03257,-0.02689,-0.00877,0.9964320920605694,0.06555765565299632,-0.05315336016734799,0.06461444708096459,-0.9977241285108042,-0.019275285102368367,-0.05429603245374244,0.01577203768190829,-0.9984003123432718
3.0,0.01597144640982151,Empty,0.40105,0.0175,0.46396,0.06592,-0.05154,-0.02168,0.99908,0.03266,-0.02611,-0.00998,0.9965031697707016,0.06577649945750919,-0.051525573806222004,0.06473387478894604,-0.9976676621043506,-0.021650899428162458,-0.052829519132329784,0.018239739865349987,-0.9984369553446483
3.067,0.01597144640982151,Empty,0.40349,0.01947,0.46211,0.06657,-0.04974,-0.02402,0.99907,0.03297,-0.02525,-0.01117,0.9965510076341937,0.06643492517397803,-0.04972413800561106,0.06530669261678507,-0.9975770051327528,-0.023982383739405602,-0.05119692454366615,0.020652349684607507,-0.9984750148951025
3.133,0.01597144640982151,Empty,0.40572,0.02147,0.46045,0.0676,-0.04895,-0.0269,0.99905,0.03345,-0.02491,-0.01261,0.9965217142997741,0.06746075818272151,-0.048923604062374094,0.06620463673852478,-0.997444523201284,-0.026858317335288977,-0.05061046337823378,0.023525926999280626,-0.9984413411690568
3.2,0.01597144640982151,Empty,0.40845,0.02362,0.45876,0.0678,-0.04869,-0.0321,0.99901,0.03349,-0.02487,-0.01521,0.9965195204206347,0.06767530730960164,-0.04867132832766391,0.06616244602628502,-0.9972939440832804,-0.03205183037883902,-0.050708738462391434,0.028720060504217534,-0.9983004467434575
3.267,0.01597144640982151,Empty,0.41109,0.0252,0.45659,0.0683,-0.04747,-0.03613,0.99899,0.0337,-0.02433,-0.01724,0.9965450497455666,0.06817299123554632,-0.04743845585182053,0.06649511787936063,-0.9971337302087584,-0.036093259456269074,-0.049763069899443735,0.03281413332644564,-0.9982218538622651
3.333,0.01597144640982151,Empty,0.41355,0.02653,0.45358,0.0682,-0.04257,-0.04021,0.999,0.03365,-0.02195,-0.01936,0.9967714934168039,0.06808484102006224,-0.04255636656138857,0.06638447851853813,-0.9969852509109609,-0.040168525960382014,-0.04516293749808778,0.03721375940806012,-0.9982862541311799
3.4,0.01597144640982151,Empty,0.41543,0.02809,0.4498,0.06609,-0.0362,-0.04391,0.99906,0.03263,-0.01881,-0.02134,0.9971633765566582,0.06599498077029137,-0.03619202905686483,0.06438935229519005,-0.9969601933276065,-0.04386780403880771,-0.03897706716942639,0.04141298628824308,-0.9983815667376675
3.467,0.01597144640982151,Empty,0.41655,0.03001,0.44442,0.06473,-0.0294,-0.04584,0.99912,0.03201,-0.01543,-0.02243,0.9974749346511798,0.06465135574172298,-0.029393144496330615,0.06326742234117555,-0.9969451584785984,-0.04579939144120773,-0.032264345846898655,0.04382411649809791,-0.9985181314328914
3.533,0.01597144640982151,Empty,0.417,0.03262,0.43838,0.06043,-0.02435,-0.0461,0.99921,0.02992,-0.01286,-0.02267,0.9978790689385166,0.06036821491730643,-0.02435246193091832,0.05920178843610102,-0.9971824214838426,-0.04606914943416322,-0.027064959271465388,0.04452973064501976,-0.9986413725999519
3.6,0.01597144640982151,Empty,0.41722,0.03607,0.43257,0.05757,-0.02045,-0.04748,0.99926,0.02853,-0.0109,-0.02343,0.9981345096163404,0.05752918505621146,-0.020442445541465695,0.05650805393171254,-0.9972745173121138,-0.04743813825120945,-0.023115807444220447,0.04619448004532986,-0.9986649735820033
3.667,0.01597144640982151,Empty,0.41725,0.04008,0.4271,0.05404,-0.01645,-0.04825,0.99932,0.02681,-0.00887,-0.02389,0.9984054957563326,0.053997959924242,-0.016452548968824355,0.05315012849312789,-0.9974215969135096,-0.048220554244720305,-0.01901393922141368,0.04726921127461262,-0.9987012024528459
3.733,0.01597144640982151,Empty,0.41727,0.04422,0.42177,0.05046,-0.01223,-0.04907,0.99937,0.02507,-0.00673,-0.02437,0.99865222091445,0.050439283133559,-0.01223194095839407,0.049783247659710705,-0.9975554578252115,-0.0490381159465219,-0.014675486877404616,0.048363077653363735,-0.9987220047664944
3.8,0.01597144640982151,Empty,0.41724,0.04887,0.41651,0.04633,-0.00639,-0.04819,0.99944,0.02308,-0.00375,-0.02401,0.9989062998946114,0.046317567089231126,-0.006394295097289525,0.04595714432217918,-0.9977818396751998,-0.04815954007384288,-0.008610744253956259,0.04781300443716394,-0.9988191886873642
3.867,0.01597144640982151,Empty,0.41714,0.05425,0.41138,0.0414,0.00075,-0.04674,0.99951,0.0207,-0.00011,-0.02337,0.9991429064700801,0.04138726902753287,0.0007391975131220072,0.04137658648473119,-0.9980504886769281,-0.04672472731452113,-0.001196052420404127,0.0467152653228836,-0.9989075299768345
3.933,0.01597144640982151,Empty,0.41682,0.0594,0.4063,0.03889,0.00632,-0.04503,0.99955,0.01951,0.00272,-0.02257,0.999224301682109,0.03886967800077645,0.006320052216362015,0.03911537665395548,-0.9982198528690307,-0.045023467740165385,0.0045587539000030205,0.045235754334889404,-0.9989659375036931
4.0,0.01597144640982151,Empty,0.41668,0.06398,0.40184,0.03677,0.01177,-0.04396,0.99957,0.01851,0.00548,-0.02208,0.9992547159107794,0.03675961335124933,0.011778945467852176,0.03724378706017556,-0.998340224336396,-0.043928314301495075,0.010144607211926716,0.044334267764578,-0.9989652444636372
4.067,0.01597144640982151,Empty,0.41674,0.06782,0.39807,0.03498,0.0165,-0.04284,0.99958,0.01766,0.00787,-0.02156,0.9992521769532919,0.03496829825019099,0.016501665721776117,0.03564722032420514,-0.9984467102051493,-0.04281871744544158,0.014978736170489728,0.043374935135405905,-0.9989465713764345
4.133,0.01597144640982151,Empty,0.41732,0.07133,0.39507,0.03253,0.02288,-0.04242,0.99957,0.0165,0.01109,-0.02139,0.9992097260367065,0.032503592448658136,0.022878808351430118,0.03345253447524693,-0.9985407514514693,-0.04239452356044811,0.021467448167687354,0.043126374397420814,-0.9988389582412678
4.2,0.01597144640982151,Empty,0.41828,0.07474,0.39211,0.02975,0.029,-0.0426,0.99955,0.01518,0.01418,-0.02151,0.9991369156736237,0.02974271474334028,0.028996459402734227,0.030962664205366364,-0.9986134666749936,-0.042572967956871356,0.02769001920374646,0.04343403153113184,-0.9986724927329523
4.267,0.01597144640982151,Empty,0.41981,0.07795,0.38962,0.02733,0.03468,-0.04288,0.99952,0.01403,0.01704,-0.02167,0.9990253609385642,0.02730434918434471,0.03468141746224003,0.02878198267944171,-0.9986669979575022,-0.042846524521721024,0.03346529059504951,0.04380296458197206,-0.9984795313972238
4.333,0.01597144640982151,Empty,0.42165,0.081,0.38713,0.02419,0.03888,-0.04328,0.9995,0.01251,0.01917,-0.02187,0.9989522472419275,0.024160816344138192,0.038867244356750444,0.025837418861626105,-0.9987310373665816,-0.0432289577394709,0.03777347636730597,0.044187893752213304,-0.9983088672995306
4.4,0.01597144640982151,Empty,0.42318,0.08416,0.38431,0.02006,0.0433,-0.0439,0.99947,0.0105,0.02142,-0.02216,0.9988618718769606,0.020035445408984165,0.0432844295066653,0.021934144518503618,-0.9987975095008181,-0.043845505119736,0.042353916167165245,0.044745010249490534,-0.9981002103211267
4.467,0.01597144640982151,Empty,0.42459,0.08806,0.38123,0.01404,0.04779,-0.04388,0.99945,0.00754,0.02373,-0.0221,0.9987599996639236,0.014031218502613407,0.04776597092754895,0.0161290085370972,-0.9989092458058249,-0.04381978693750898,0.04709902498916263,0.04453586813985285,-0.9978969076483302
4.533,0.01597144640982151,Empty,0.42568,0.0926,0.37812,0.00953,0.05166,-0.04331,0.99942,0.00532,0.02572,-0.02177,0.9986205606144292,0.009507440119560007,0.051638982372773354,0.011746739419285057,-0.9989958443822402,-0.043235598990070484,0.05117606893009678,0.04378254777177483,-0.997729471590107
4.6,0.01597144640982151,Empty,0.42669,0.0973,0.37492,0.00681,0.05508,-0.04189,0.99939,0.00398,0.02746,-0.02103,0.9984606368156055,0.0067945143230628835,0.05504717345049662,0.009104101824385369,-0.9990838909700028,-0.041814998914394615,0.054712631628780074,0.04225178551674824,-0.9976077959603664
4.667,0.01597144640982151,Empty,0.42799,0.10205,0.37182,0.00188,0.05938,-0.0405,0.99935,0.00154,0.02966,-0.02027,0.9982361352332156,0.0018833082886896557,0.05933861697531672,0.00428766431906491,-0.9991736583639805,-0.040418020315527256,0.05921346341281365,0.04060115246429721,-0.9974193261458445
4.734,0.01597144640982151,Empty,0.42923,0.10614,0.36915,0.00109,0.06332,-0.03943,0.9993,0.00117,0.03164,-0.01972,0.997994510142798,0.0010889028284127855,0.06329116854243577,0.003585434230894191,-0.9992192530466235,-0.03934499971183135,0.06319891127395048,0.03949302003618302,-0.9972192331589925
4.8,0.01597144640982151,Empty,0.43045,0.10989,0.36628,-0.00253,0.06684,-0.03853,0.99926,-0.00062,0.03343,-0.01921,0.9977634953276329,-0.0025184945063781994,0.06679569280279937,5.051189240851128e-05,-0.999261250582944,-0.03843111411290786,0.06684313607344688,0.03834853672347829,-0.9970262709131765
4.867,0.01597144640982151,Empty,0.43159,0.11356,0.36329,-0.00676,0.07234,-0.03799,0.99916,-0.00269,0.03622,-0.01886,0.9973612760053655,-0.006747355583531178,0.07228387315008979,-0.00401535885394716,-0.9992744462966157,-0.037874237574718195,0.07248697826660246,0.037484052225200494,-0.9966647298919309
4.933,0.01597144640982151,Empty,0.43249,0.11761,0.35948,-0.00959,0.07737,-0.03738,0.99907,-0.00407,0.03876,-0.01849,0.9969617271296842,-0.009567157663002868,0.07730319613604522,-0.006700149164023506,-0.9992830520261871,-0.03726244670453646,0.07760426946873779,0.0366312902786652,-0.9963110588228675
5.0,0.01597144640982151,Empty,0.43317,0.12223,0.35494,-0.01418,0.08374,-0.03691,0.99893,-0.00631,0.04198,-0.01814,0.9963950623107399,-0.01412617767536567,0.08365005025139127,-0.011079013785245229,-0.9992619586461686,-0.03678034062062564,0.08410787868162321,0.03572098972462694,-0.9958161856671993
5.067,0.01597144640982151,Empty,0.43359,0.12748,0.34997,-0.0171,0.08822,-0.03549,0.99884,-0.00776,0.04424,-0.01735,0.9959642456851789,-0.01704481972291444,0.08811750925534172,-0.01397455842755324,-0.9992775279846525,-0.0353430867587515,0.088656263363097,0.03396904746228652,-0.9954828832184902
5.133,0.01597144640982151,Empty,0.43394,0.13256,0.34527,-0.02025,0.09296,-0.03446,0.99873,-0.00931,0.04663,-0.01674,0.9954788424186614,-0.020148362926681818,0.09282196813350094,-0.01702711035458626,-0.9992666484606691,-0.034296396124866776,0.09344491323648745,0.03256084681877525,-0.9950918748762195
5.2,0.01597144640982151,Empty,0.43444,0.13784,0.34058,-0.02363,0.09785,-0.03304,0.99861,-0.01099,0.04909,-0.01592,0.9949391758400603,-0.02351180729643665,0.09768946358925501,-0.02038643571469645,-0.9992517325506738,-0.03286895546449317,0.09838917429042539,0.03071107149110095,-0.9946740171887053
5.267,0.01597144640982151,Empty,0.43462,0.14249,0.33638,-0.02443,0.10022,-0.03107,0.99856,-0.01142,0.05027,-0.0149,0.99468502166412,-0.024302653445918032,0.10005542820125601,-0.021306453364468125,-0.9992951783105147,-0.030906013175175544,0.10073600509290005,0.02860992206986906,-0.9945017494389236
5.333,0.01597144640982151,Empty,0.43518,0.14636,0.33277,-0.02413,0.10162,-0.02977,0.99854,-0.01129,0.05096,-0.01425,0.994550723645298,-0.023993098341358543,0.10145535633270604,-0.021087874395703365,-0.9993390022395732,-0.02961182460243278,0.10209877398913993,0.027310983775691664,-0.9943992912885239
5.4,0.01597144640982151,Empty,0.43658,0.14979,0.32968,-0.02288,0.10557,-0.02811,0.99845,-0.01068,0.05291,-0.01343,0.994172182168825,-0.02274887628642369,0.10537628210077263,-0.019906022638330245,-0.9994110481305107,-0.027951871804874198,0.10595009421609268,0.025691350730913977,-0.9940395022498966
5.467,0.01597144640982151,Empty,0.43847,0.15277,0.32643,-0.02162,0.11061,-0.02578,0.99834,-0.01008,0.05541,-0.01227,0.9936561484226607,-0.021491273878656403,0.11038833203249328,-0.01877190079225588,-0.9994956114116471,-0.025615200750794258,0.11088315671232087,0.023380502901570933,-0.9935583916617987
5.533,0.01597144640982151,Empty,0.44063,0.15574,0.32271,-0.01804,0.11617,-0.02361,0.99821,-0.00832,0.05815,-0.01126,0.9930993230796877,-0.017914826778281656,0.11589992873237719,-0.015296083173185149,-0.9996081036407903,-0.023445020264897892,0.11627452144913315,0.02151041880500295,-0.9929841577510735
5.6,0.01597144640982151,Empty,0.44324,0.15893,0.31834,-0.01685,0.12229,-0.02091,0.99805,-0.00777,0.06119,-0.00992,0.9923919424878854,-0.01671572730984533,0.12197875612427234,-0.014287809245999039,-0.9996825542349053,-0.020752090625421063,0.12228692077271279,0.018851398326878384,-0.9923157429916395
5.667,0.01597144640982151,Empty,0.44538,0.16264,0.31325,-0.01519,0.12565,-0.01813,0.99796,-0.00701,0.06285,-0.00857,0.9920023522467178,-0.015071842889123888,0.12531629059665056,-0.012918432686415182,-0.9997549088514182,-0.01797877427465433,0.1255565499442588,0.016216096306385805,-0.9919539258386333
5.733,0.01597144640982151,Empty,0.4471,0.16648,0.30811,-0.01467,0.12779,-0.01475,0.99791,-0.00685,0.0639,-0.00689,0.9917402051376847,-0.014552560733558928,0.1274346439927513,-0.012790661338850817,-0.9998111138292175,-0.014633374391929736,0.1276235264203981,0.01288253234716065,-0.9917390160038809
5.8,0.01597144640982151,Empty,0.44894,0.17077,0.30323,-0.01551,0.12993,-0.01173,0.99785,-0.00736,0.06496,-0.00535,0.9914511299222675,-0.015389655136016311,0.12956780267741436,-0.013998826120162622,-0.9998342773478206,-0.011638329245149251,0.12972544023095975,0.009725037540057822,-0.9915022611178093
5.867,0.01597144640982151,Empty,0.45101,0.1751,0.29921,-0.01244,0.13079,-0.00817,0.99784,-0.00594,0.06537,-0.00367,0.9913834452778332,-0.012339030047038402,0.13040940444059668,-0.011378443177885611,-0.9999023868191478,-0.00810850567114154,0.1304967258589293,0.006554782290021929,-0.9914270721385563
5.933,0.01597144640982151,Empty,0.45343,0.17842,0.29627,-0.00963,0.13235,-0.00641,0.9978,-0.00459,0.06614,-0.00288,0.9912100829300099,-0.009536576646941963,0.1319531174460852,-0.00877434050300524,-0.9999412991785237,-0.006356818850920459,0.13200599397989707,0.005143141357486907,-0.9912355752546196
6.0,0.01597144640982151,Empty,0.45598,0.1809,0.29351,-0.00479,0.13447,-0.00447,0.99774,-0.00224,0.06719,-0.00207,0.9909601168321245,-0.0047536141424535105,0.13407255498664422,-0.0041967382457398505,-0.9999813551526198,-0.004435846618947636,0.13409114152754023,0.003833079664545255,-0.9909615902062635
6.067,0.01597144640982151,Empty,0.4584,0.18295,0.29136,-1e-05,0.13637,-0.00217,0.99768,7e-05,0.06813,-0.00108,0.9907164281738245,-4.205726086448092e-06,0.13594469069739756,0.0002904352265341581,-0.9999976518884157,-0.002147525327844735,0.13594438051599775,0.0021670717492539553,-0.990714100639612
6.133,0.01597144640982151,Empty,0.4607,0.18469,0.28921,0.00425,0.13841,-0.00149,0.9976,0.00217,0.06915,-0.00089,0.9904273145760271,0.0042148710229340525,0.13797090056957553,0.004461365486211788,-0.9999889567402679,-0.0014773677637166666,0.13796315000650736,0.0020787640007617334,-0.9904351811100567
6.2,0.01597144640982151,Empty,0.46372,0.18632,0.28686,0.00841,0.14425,-0.00041,0.99739,0.00421,0.07206,-0.00051,0.9895784105545717,0.008323218121191467,0.14375428134283386,0.00847104081239175,-0.9999640334473643,-0.0004162682222874775,0.14374564630569625,0.0016296784299867299,-0.9896133251509764
6.267,0.01597144640982151,Empty,0.46699,0.18799,0.28325,0.01136,0.15247,-0.00022,0.99708,0.00567,0.07616,-0.00054,0.9883336196793375,0.011232548716403778,0.15188971677132035,0.01139651957054666,-0.9999350357208674,-0.00020899661679500692,0.151877501800683,0.0019375725125268535,-0.9883974252594664
6.333,0.01597144640982151,Empty,0.4702,0.18948,0.27837,0.01526,0.16092,0.00213,0.99674,0.00752,0.08038,0.00045,0.9869666498317162,0.015057003981686745,0.16021897125825527,0.014912114510751417,-0.9998865888529728,0.002106720860585193,0.16023252154533543,0.0003099404162954782,-0.9870792485794453
6.4,0.01597144640982151,Empty,0.47279,0.19114,0.27243,0.01685,0.16619,0.00564,0.99651,0.00816,0.08302,0.00211,0.986081158881409,0.01661554788855929,0.16543237792965662,0.015914616252918512,-0.9998578862071665,0.005561688489959485,0.1655012782084177,-0.0028514834209583673,-0.9862054532163569
6.467,0.01597144640982151,Empty,0.47479,0.19304,0.26643,0.01831,0.16874,0.01024,0.99639,0.00869,0.08431,0.00433,0.9856329844700851,0.018057377879811487,0.16793317429471202,0.016597127686371116,-0.9998112948498068,0.010095050436445555,0.16808377458028118,-0.007162806353502873,-0.985746691056068
6.533,0.01597144640982151,Empty,0.47648,0.19524,0.26133,0.0198,0.16877,0.01388,0.99637,0.00928,0.08435,0.00608,0.9855973834412974,0.019517777896324306,0.1679787310931291,0.017465633901784794,-0.9997537977027785,0.01368559868184921,0.16820448681910039,-0.010554635231099209,-0.9856956174646723
6.6,0.01597144640982151,Empty,0.47911,0.19802,0.25786,0.02164,0.16695,0.01664,0.99643,0.01009,0.08346,0.00739,0.9858653298018637,0.0213415719890081,0.1661748741528049,0.018875173629342545,-0.9996872116605822,0.01640751848248044,0.16647305882672048,-0.013039024017492367,-0.9859597884992809
6.667,0.01597144640982151,Empty,0.48238,0.20082,0.25636,0.02519,0.16639,0.0178,0.99643,0.01181,0.0832,0.00782,0.9858774676824247,0.024840933222868622,0.16561565974480377,0.022238892582070124,-0.9995986779083048,0.017547500696449267,0.1659850908148463,-0.013616576683797506,-0.9860342481205212
6.733,0.01597144640982151,Empty,0.48658,0.20355,0.25682,0.0273,0.1669,0.0171,0.9964,0.01289,0.08346,0.00738,0.985736428391752,0.02691438824267456,0.1661303989250448,0.02445187685017619,-0.9995589826405744,0.016850695565576224,0.16651065869780185,-0.012548144407141963,-0.9859598088218209
6.8,0.01597144640982151,Empty,0.49128,0.20579,0.25877,0.03036,0.16895,0.01723,0.99629,0.0144,0.08449,0.0073,0.985307928518574,0.02993544184118574,0.1681432583251843,0.0274672254740585,-0.999478370522709,0.01698641757485571,0.16856404576063624,-0.012118423125271878,-0.9856162063895677
6.867,0.01597144640982151,Empty,0.49565,0.2072,0.261,0.03193,0.16906,0.01704,0.99628,0.01519,0.08455,0.00714,0.9852417915718735,0.03147989914054389,0.1682487090302505,0.029063818095453442,-0.9994362997140762,0.01680408556124892,0.16868285810348077,-0.011666137490041946,-0.9856013365545443
6.933,0.01597144640982151,Empty,0.50023,0.20768,0.26398,0.03524,0.16722,0.01737,0.99633,0.01683,0.08365,0.00718,0.9854399370445441,0.0347384956934193,0.1664372776591912,0.0323375075033962,-0.9993304579283089,0.017114948590747664,0.16692038846741353,-0.011483587146638032,-0.9859034999127112
7.0,0.01597144640982151,Empty,0.50522,0.20755,0.26743,0.03714,0.16596,0.01778,0.99636,0.01777,0.08303,0.00732,0.9855804987351704,0.036616602962102174,0.1651977751074406,0.03418653923512188,-0.9992617102871748,0.017530398999334104,0.1657177149494231,-0.011630079168524895,-0.986104649725614
7.067,0.01597144640982151,Empty,0.50996,0.20726,0.27024,0.0378,0.16428,0.01819,0.99642,0.01809,0.0822,0.00751,0.9858322998484093,0.03729196095876597,0.16353588665319319,0.03482324211200838,-0.9992324953197265,0.017937728560798644,0.16407930516797256,-0.0119887424262225,-0.9863742959296096
7.133,0.01597144640982151,Empty,0.51493,0.20783,0.27294,0.03824,0.16247,0.01937,0.99649,0.01827,0.08131,0.0081,0.9861084972878986,0.037724360695785,0.16176187494801342,0.0350890626405812,-0.9992013057103113,0.019118272668170774,0.16235390127621757,-0.013176618568641442,-0.9866446105176315
7.2,0.01597144640982151,Empty,0.5197,0.20883,0.27516,0.0396,0.16155,0.02045,0.99651,0.01891,0.08087,0.00859,0.986203557347252,0.03907443109147418,0.16085935568223386,0.036294977373870996,-0.9991373058043598,0.02018213981309945,0.16150918888117788,-0.014065311403696146,-0.9867709708549707
7.267,0.01597144640982151,Empty,0.52417,0.21012,0.27669,0.04139,0.15996,0.02216,0.99655,0.01974,0.0801,0.00939,0.9863875925797478,0.04084927967839702,0.15928230772589203,0.03784054594090547,-0.9990442642932431,0.021878095567631067,0.16002378038161644,-0.015552952534110187,-0.9869906257811406
7.333,0.01597144640982151,Empty,0.52825,0.21139,0.27734,0.04255,0.16004,0.02358,0.99653,0.02026,0.08016,0.01005,0.9863275717869526,0.041985077804007565,0.1593586344527507,0.03876325475968201,-0.9989773481601196,0.023273760835137935,0.16017281671148192,-0.016778292665424854,-0.9869463803479618
7.4,0.01597144640982151,Empty,0.53196,0.21283,0.27704,0.04144,0.16044,0.02621,0.99651,0.0196,0.08038,0.0114,0.9863087981518475,0.040887433386942285,0.1597597335979457,0.03722031635848927,-0.998971893847237,0.02588055937260489,0.16065367328023375,-0.019579915584427947,-0.9868166112136917
7.467,0.01597144640982151,Empty,0.53491,0.21448,0.27593,0.04161,0.16013,0.02937,0.9965,0.01956,0.08026,0.01297,0.9863521339120443,0.04106872321263866,0.15944537591551605,0.03690561678894666,-0.9988983120815459,0.028985126704332356,0.16046009901711997,-0.022705111634221606,-0.9867811482436688
7.533,0.01597144640982151,Empty,0.53775,0.21646,0.27451,0.03937,0.15913,0.0322,0.99654,0.01834,0.07977,0.01448,0.9866019892451311,0.03885726098427994,0.158450711851825,0.034236197760745324,-0.9989080069566632,0.03179113714157203,0.15951300128966828,-0.025940449237949793,-0.9868549516078317
7.6,0.01597144640982151,Empty,0.54067,0.21854,0.2729,0.03778,0.1595,0.03605,0.99651,0.01739,0.07998,0.01646,0.9866013908720146,0.037292443461756364,0.15883000091310862,0.03202567462642719,-0.9988531204782869,0.0355921322136131,0.15997515961588718,-0.030028609215892964,-0.9866641936010602
7.667,0.01597144640982151,Empty,0.54331,0.221,0.27083,0.03468,0.16118,0.04025,0.99643,0.01566,0.08082,0.01866,0.9864440565270025,0.034229913978999826,0.16048811897315726,0.028198609736691194,-0.9988132832534461,0.039709741945634765,0.16165692608567614,-0.0346458970941927,-0.9862386628311977
7.733,0.01597144640982151,Empty,0.54469,0.22353,0.26763,0.03273,0.16106,0.04523,0.9964,0.01449,0.08078,0.02122,0.9865280839140584,0.03229963726661916,0.16037167169204475,0.025443869063502766,-0.9986799267677233,0.0446207731700571,0.1616012041289776,-0.03993917004219292,-0.9860476223390051
7.8,0.01597144640982151,Empty,0.54572,0.22589,0.26381,0.03184,0.16188,0.05099,0.99631,0.0138,0.08122,0.02412,0.9864256898037553,0.031422910522415914,0.16117369260982353,0.023587632670645342,-0.9984556061715102,0.050299364704503316,0.16250532939008586,-0.04581487966787836,-0.9856434521270039
7.867,0.01597144640982151,Empty,0.54649,0.22798,0.25908,0.03188,0.16478,0.05729,0.99611,0.01352,0.08271,0.02723,0.9859532216958735,0.03144098393100847,0.16403569476482174,0.022433742688704406,-0.9981518262665655,0.056477065342463675,0.1655082228063147,-0.05200380995821349,-0.9848363477925279
7.933,0.01597144640982151,Empty,0.5471,0.23048,0.25383,0.0297,0.17044,0.06137,0.99583,0.01218,0.08552,0.0293,0.9850761663330356,0.029271900266447937,0.16961162217666592,0.01924808810523304,-0.9979859504842057,0.06044463367768559,0.17103934525980308,-0.05627786857129136,-0.9836556022725483
8.0,0.01597144640982151,Empty,0.54753,0.23312,0.24796,0.02629,0.18075,0.06479,0.99535,0.01016,0.09062,0.03107,0.9833697955723797,0.02586076025766665,0.17976391805596376,0.014597651288976998,-0.9978624555692828,0.06369794613711273,0.18102694200803693,-0.06001450528111177,-0.981645305302828
8.067,0.01597144640982151,Empty,0.54688,0.23588,0.24136,0.02358,0.18936,0.06835,0.99491,0.0085,0.09488,0.0329,0.9818501108997133,0.023163325233554466,0.18823873164241545,0.01067849546072952,-0.9976911303798628,0.06706994927720453,0.189357676002099,-0.0638425306944844,-0.9798304964704906
8.133,0.01597144640982151,Empty,0.54554,0.23812,0.23434,0.02357,0.19604,0.07282,0.99451,0.00816,0.09822,0.03507,0.9805744130076346,0.023113310627296213,0.1947808908147272,0.009336715260273076,-0.9974074841411756,0.07135219917647359,0.19592510380980074,-0.06814752710859519,-0.9782480606912041
8.2,0.01597144640982151,Empty,0.54395,0.23981,0.22775,0.02586,0.20324,0.07775,0.99406,0.00891,0.10186,0.03735,0.9790883348436035,0.025332268970589822,0.20185219523696402,0.010113734621665205,-0.9970510239685368,0.07607212350982907,0.2031840174452269,-0.0724398491998282,-0.9764572306571977
8.267,0.01597144640982151,Empty,0.54229,0.2407,0.22147,0.02841,0.21034,0.08319,0.99358,0.00975,0.10546,0.03986,0.9775676039699699,0.0277800628893225,0.20878181859126865,0.01096794594631778,-0.9966329761215976,0.08125524640739017,0.21033612107798036,-0.07714258883957889,-0.974580800732806
8.333,0.01597144640982151,Empty,0.54049,0.24097,0.21547,0.03009,0.2141,0.08828,0.99327,0.01023,0.10739,0.04226,0.9767244464343307,0.029406825648834956,0.21247257315430013,0.011252679257038933,-0.9962184878413016,0.08615162037204428,0.21420255121517254,-0.08175550800068244,-0.9733618566414353
8.4,0.01597144640982151,Empty,0.53948,0.24126,0.21084,0.0297,0.22004,0.09248,0.99286,0.00967,0.11035,0.04431,0.9754569579633348,0.028972464121453934,0.2182757876715788,0.00941521518705618,-0.995887174008282,0.0901115440372604,0.2199888108152289,-0.08584481911291307,-0.9717178552170237
8.467,0.01597144640982151,Empty,0.53832,0.24201,0.20659,0.03,0.22521,0.09578,0.9925,0.00951,0.11294,0.04588,0.9743079064025989,0.029238857473832258,0.22331411226120354,0.008511636773318343,-0.9956090785063305,0.09322078542478902,0.22505922678447024,-0.08892497967050864,-0.9702786674094077
8.533,0.01597144640982151,Empty,0.53692,0.24295,0.20267,0.03018,0.22888,0.09699,0.99226,0.00944,0.11477,0.04643,0.9734761849803866,0.02939747715717017,0.22689183681398867,0.00808129952050246,-0.9955099288076686,0.09431158064315825,0.22864559885134886,-0.08997649683192087,-0.9693427774238396
8.6,0.01597144640982151,Empty,0.53602,0.2438,0.19939,0.0299,0.23515,0.09636,0.99192,0.00918,0.11787,0.04607,0.9720467940597776,0.02907112487969643,0.23298047097629832,0.007353112196744005,-0.9955874474532832,0.09354980606328625,0.2346720305002936,-0.0892216575259924,-0.9679713497460469
8.667,0.01597144640982151,Empty,0.53498,0.24465,0.19585,0.02913,0.2436,0.09551,0.99144,0.00864,0.12204,0.04561,0.9700614032332372,0.02826102013415588,0.24120984370074827,0.005993690030760945,-0.9956896185830711,0.09255408756890626,0.24278581020516354,-0.08833741102655451,-0.9660494563820983
8.733,0.01597144640982151,Empty,0.53349,0.24493,0.19194,0.02843,0.2481,0.09539,0.99117,0.00819,0.12425,0.04555,0.968987369863761,0.02755032349855091,0.24556965757119964,0.004909202816824221,-0.9957156483649117,0.09233768098099047,0.2470614837893887,-0.08826849537841384,-0.9649711373670286
8.8,0.01597144640982151,Empty,0.53214,0.24511,0.18838,0.02839,0.25117,0.09547,0.99098,0.00809,0.12577,0.04556,0.9682315501666119,0.02748453257917688,0.24854026983743235,0.004566158296670619,-0.9957187233100049,0.0923221222042883,0.250013630549155,-0.08825431728135438,-0.9642117817268324
8.867,0.01597144640982151,Empty,0.53117,0.24524,0.18575,0.0292,0.25512,0.09604,0.99072,0.00836,0.12775,0.04575,0.9672218385816427,0.02826398355335319,0.2523550320569067,0.00488524773916843,-0.9956735106932504,0.09279221119417742,0.2538858982402796,-0.08851783626746446,-0.9631752402015183
