time,gr,gr_state,tx,ty,tz,rx,ry,rz,qw,qx,qy,qz,xx,xy,xz,yx,yy,yz,zx,zy,zz
0.0,0.016347059980034828,Empty,0.30715,-0.00033,0.48519,0.00572,-0.00015,0.00382,0.99999,0.00286,-7e-05,0.00191,0.9999836275851677,0.005720216799272038,-0.00015388754991151033,0.005720761614170067,-0.9999763791826697,0.0038097195790781453,-0.00013209149302509764,-0.0038105375587572346,-0.9999927311512573
0.067,0.016347059980034828,Empty,0.30715,-0.00033,0.48519,0.00572,-0.00015,0.00382,0.99999,0.00286,-7e-05,0.00191,0.9999836249221492,0.005720662648222186,-0.00015461702279915765,0.0057212103485289045,-0.9999763734897542,0.0038105399128099933,-0.00013281455638969032,-0.0038113621114331648,-0.999992727913133
0.134,0.016347059980034828,Empty,0.30715,-0.00033,0.48519,0.00572,-0.00015,0.00382,0.99999,0.00286,-7e-05,0.00191,0.9999836197776268,0.0057216297077144485,-0.00015208524800298484,0.00572216798044467,-0.9999763613124915,0.003812297185746696,-0.00013026910007481117,-0.0038131049968074607,-0.9999927216036348
0.2,0.016347059980034828,Empty,0.30715,-0.00033,0.48519,0.00572,-0.00015,0.00382,0.99999,0.00286,-7e-05,0.00191,0.9999836120918927,0.005722877559496686,-0.0001556280499576451,0.005723429138196345,-0.9999763596235278,0.00381084675327943,-0.0001338153614848408,-0.0038116750275888744,-0.9999927265870152
0.267,0.016347059980034828,Empty,0.30715,-0.00033,0.48519,0.00572,-0.00015,0.0038,0.99999,0.00286,-7e-05,0.0019,0.9999835992427486,0.0057250322323113,-0.00015890707134143148,0.005725596044447057,-0.9999763541536874,0.003809026573139525,-0.0001370965139443575,-0.003809873939918442,-0.9999927330061493
0.334,0.016347059980034828,Empty,0.30715,-0.00033,0.48519,0.00572,-0.00015,0.00382,0.99999,0.00286,-7e-05,0.00191,0.9999836455120688,0.005717079075167553,-0.00015399753733210883,0.00571762435423151,-0.9999763964827775,0.0038098883268259448,-0.00013221246961665339,-0.0038107065181232263,-0.9999927304914251
0.4,0.016347059980034828,Empty,0.30715,-0.00033,0.48519,0.00572,-0.00015,0.00382,0.99999,0.00286,-7e-05,0.00191,0.9999835941078078,0.005726120256841827,-0.00015186189591190032,0.005726657718523431,-0.9999763334640727,0.0038128602288399344,-0.00013002540567405563,-0.0038136673365644505,-0.9999927194909171
0.467,0.016347059980034828,Empty,0.30715,-0.00033,0.48519,0.00574,-0.00015,0.00382,0.99999,0.00287,-7e-05,0.00191,0.9999835639236725,0.005731348896581334,-0.00015336993219141563,0.005731893668132093,-0.999976257087291,0.003825004139702288,-0.00013144385748700005,-0.0038258203717855036,-0.9999926728836542
0.533,0.016346732154488564,Empty,0.30715,-0.00027,0.48519,0.00586,-0.00013,0.00398,0.99999,0.00293,-6e-05,0.00199,0.9999828150577039,0.005860859019561071,-0.00014114114432906867,0.005861373932579239,-0.9999749171002922,0.003976111905588851,-0.00011783417277544823,-0.003976870857359377,-0.9999920852753242
0.6,0.016346732154488564,Empty,0.30682,0.00017,0.48458,0.00536,-0.00087,0.00496,0.99999,0.00268,-0.00043,0.00248,0.9999852509013766,0.0053600227523381005,-0.0008764335716535034,0.005364295886202186,-0.9999733695443577,0.004948184692259858,-0.0008498878492947976,-0.004952813159998777,-0.9999873735865095
0.667,0.016346732154488564,Empty,0.30661,0.00031,0.48396,0.00526,-0.00179,0.00522,0.99999,0.00263,-0.00089,0.00261,0.9999845549075583,0.005257366152126797,-0.001802788804833866,0.005266691798501144,-0.9999725701652946,0.005207770589651727,-0.0017753601978090388,-0.0052171848881664065,-0.9999848144237046
0.733,0.016347059980034828,Empty,0.30723,-2e-05,0.4848,0.00436,-0.00223,0.00394,1.0,0.00218,-0.00111,0.00197,0.999988008444629,0.004363961414241002,-0.002222342844732271,0.0043726668679114344,-0.9999827268561867,0.003927565878196921,-0.0022051647119403933,-0.003937236345499519,-0.9999898176574364
0.8,0.016347059980034828,Empty,0.30864,2e-05,0.48644,0.0023,-0.00082,0.0015,1.0,0.00115,-0.00041,0.00075,0.9999970183424083,0.0022974611162020486,-0.0008276344077976174,0.002298704506416227,-0.9999962261560009,0.0015045369215612588,-0.000824174669359226,-0.0015064349224901935,-0.9999985256938827
0.867,0.016347059980034828,Empty,0.30955,0.00148,0.48647,-0.00216,-0.00176,-0.0022,1.0,-0.00108,-0.00088,-0.0011,0.9999961069285463,-0.0021666501142293404,-0.0017583387141074241,-0.002170529587315617,-0.9999952080206251,-0.0022074277105533784,-0.0017535475646832184,0.002211235643083065,-0.9999960177460054
0.933,0.016347059980034828,Empty,0.30994,0.00384,0.48539,-0.00665,-0.00292,-0.00607,0.99999,-0.00333,-0.00145,-0.00304,0.999973646880701,-0.006650923917656815,-0.002910456176000429,-0.006668478582937121,-0.9999593786289074,-0.006064032113861893,-0.0028700065330565113,0.006083280622376397,-0.9999773781238104
1.0,0.016347059980034828,Empty,0.31041,0.0055,0.48255,-0.00929,-0.00266,-0.00961,0.99998,-0.00465,-0.00131,-0.00481,0.9999532358621133,-0.009295083204149013,-0.002669741020601387,-0.009320314649718164,-0.9999104887290978,-0.009599284575787563,-0.0025802758998574385,0.009623718499865309,-0.9999503618772863
1.067,0.016347059980034828,Empty,0.3111,0.00731,0.47957,-0.01432,-0.00207,-0.01525,0.99994,-0.00717,-0.00098,-0.00763,0.9998954093131815,-0.014314392623702932,-0.0020660586244607235,-0.014344240609168724,-0.9997809992812685,-0.015237986661431849,-0.001847483632270557,0.015266028951963112,-0.9998817605918542
1.133,0.016347059980034828,Empty,0.31216,0.00977,0.47589,-0.01901,0.00069,-0.02201,0.99989,-0.0095,0.00045,-0.011,0.9998189153134434,-0.019017408249596357,0.0006890318697894676,-0.018997641395642972,-0.9995772044395091,-0.022011405822855917,0.0011073404408545723,0.021994329913959398,-0.9997574822169544
1.2,0.016347059980034828,Empty,0.31325,0.01379,0.4706,-0.02673,0.00369,-0.02765,0.99981,-0.01334,0.00203,-0.0138,0.9996358697807066,-0.026730471466730965,0.003689138508701185,-0.026618488136358975,-0.9992633445972434,-0.027644605869226978,0.004425374233283695,0.027536340343202296,-0.99961100735406
1.267,0.016347059980034828,Empty,0.3147,0.01954,0.46539,-0.03488,0.00842,-0.03203,0.99971,-0.01737,0.00449,-0.01594,0.9993559213925409,-0.03488188514171037,0.00842594010345216,-0.03459551818609591,-0.9988880717785231,-0.0320276471196366,0.009533755771045005,0.031715519033195624,-0.9994514662320293
1.333,0.016347059980034828,Empty,0.31614,0.02753,0.45976,-0.04407,0.01233,-0.03532,0.99958,-0.02192,0.00655,-0.01752,0.998952893610398,-0.04405603248792306,0.012336221011177421,-0.043596770969357435,-0.9984251936166928,-0.035305159856805934,0.013872199121225932,0.034730372196282264,-0.9993004369751116
1.4,0.016347059980034828,Empty,0.31836,0.03723,0.45501,-0.05666,0.01982,-0.03436,0.99941,-0.02815,0.01039,-0.01689,0.998198914480029,-0.056621981340825966,0.01982115939925747,-0.055919692848100444,-0.9978440782975915,-0.034353796852809156,0.02172360657592811,0.03318352958124183,-0.9992131595820111
1.467,0.016347059980034828,Empty,0.32175,0.04972,0.45022,-0.07074,0.02887,-0.03146,0.99915,-0.03513,0.01498,-0.01521,0.9970824179131106,-0.07066510462022335,0.028863382988795937,-0.06975379261267256,-0.9970684509679895,-0.03144697919423148,0.031000972641084947,0.029341899619946987,-0.9990885809686743
1.533,0.016347059980034828,Empty,0.32498,0.06212,0.44447,-0.07963,0.0378,-0.02805,0.99894,-0.03953,0.01944,-0.01326,0.9961196412124513,-0.0794821738205827,0.037792121342041005,-0.07845098410193446,-0.9965238380482974,-0.028030042720780638,0.03988863853548919,0.024956446987610886,-0.9988924227711108
1.6,0.016347059980034828,Empty,0.32789,0.07169,0.43537,-0.08463,0.04914,-0.02431,0.99874,-0.04199,0.02506,-0.0111,0.9952177531321136,-0.0844352193168747,0.049115349836673705,-0.08332310801475729,-0.9962270056111968,-0.024269589236511582,0.050979245987251225,0.02006108246977663,-0.9984982070332985
1.667,0.016347059980034828,Empty,0.33002,0.07593,0.42485,-0.0849,0.0562,-0.02121,0.99866,-0.04212,0.02852,-0.0094,0.9948244235128685,-0.08466985094472801,0.056172793443856485,-0.08359784240464851,-0.9962746494226677,-0.021171293371637655,0.05775610034945367,0.016365795389712872,-0.998196570628093
1.733,0.016347059980034828,Empty,0.33264,0.0764,0.41747,-0.08584,0.05615,-0.02118,0.99864,-0.04259,0.0285,-0.00937,0.99474814604071,-0.08559879442831053,0.05611570494068341,-0.08453056292145739,-0.9961964913055201,-0.021145558463936016,0.057712302681070964,0.01629101295162539,-0.99820032709685
1.8,0.016347059980034828,Empty,0.33719,0.07754,0.41534,-0.08933,0.05166,-0.02097,0.99863,-0.04436,0.02627,-0.00932,0.9946843799380247,-0.08908651297740633,0.05163891471394147,-0.08810683179564455,-0.9958906573747902,-0.02095196278496348,0.05329325002513279,0.016290848938435132,-0.9984460114310755
1.867,0.016347059980034828,Empty,0.34306,0.08102,0.41494,-0.09549,0.05102,-0.01946,0.9985,-0.04746,0.02594,-0.0085,0.9941486156433784,-0.09522510385036081,0.050997152969969345,-0.09434281386072724,-0.9953498968019131,-0.019442644091311276,0.0526114387485711,0.01451766279775112,-0.9985095262338243
1.933,0.016347059980034828,Empty,0.34856,0.08494,0.41385,-0.09462,0.05292,-0.01827,0.9985,-0.04703,0.02686,-0.00787,0.994132758837678,-0.09434452660324177,0.05290716497599622,-0.0934989550467587,-0.9954522583598971,-0.018241346752486183,0.05438752808274396,0.013187555732221662,-0.9984328145463061
2.0,0.016347059980034828,Empty,0.35383,0.08719,0.41198,-0.09298,0.05388,-0.01823,0.99853,-0.04621,0.02733,-0.00785,0.9942346732379614,-0.09271902484624023,0.05385719044813164,-0.09186106887616075,-0.9956055257709348,-0.018198381227735788,0.05530785257387318,0.013146082532185417,-0.9983828033163049
2.067,0.016347059980034828,Empty,0.35956,0.08809,0.40939,-0.09246,0.05925,-0.02091,0.99845,-0.04588,0.03007,-0.00907,0.9939820072917629,-0.09215497942603862,0.05922186207156886,-0.09106440958765455,-0.9956264389628823,-0.0208630617249986,0.06088548666709858,0.01534450406743711,-0.9980268051050708
2.134,0.016347059980034828,Empty,0.36477,0.08849,0.40571,-0.09086,0.06241,-0.02321,0.99843,-0.04503,0.03169,-0.01017,0.9939362222843169,-0.09055970403541075,0.06236766819595314,-0.08927113004049947,-0.9957382385515108,-0.023152227271404428,0.06419853092146253,0.01744420509376393,-0.9977846703253026
2.2,0.016347059980034828,Empty,0.37032,0.08923,0.40286,-0.08871,0.06235,-0.02548,0.99847,-0.04392,0.0317,-0.01134,0.9941335862662912,-0.08841599123623944,0.06229787437012375,-0.08697830922086197,-0.9958856128939966,-0.025428719114986727,0.06428986220550335,0.019860979947172907,-0.9977336092831268
2.267,0.016347059980034828,Empty,0.37751,0.08981,0.40171,-0.08433,0.06412,-0.02981,0.99851,-0.04165,0.03265,-0.01353,0.99439804349627,-0.08406675314554918,0.06407270952874955,-0.08230026507418481,-0.9961639622599496,-0.029732585882775726,0.06632644615467614,0.024292824251679685,-0.9975022111405907
2.333,0.016347059980034828,Empty,0.38608,0.0913,0.39872,-0.08332,0.07361,-0.03656,0.99832,-0.04094,0.03752,-0.01672,0.9938325787056418,-0.08298893567740706,0.07355026892150254,-0.0804794315726658,-0.9960893800292108,-0.03645556317989247,0.07628805015882087,0.030311442528419715,-0.9966249795458728
2.4,0.016347059980034828,Empty,0.394,0.09377,0.39237,-0.08412,0.08414,-0.0429,0.99804,-0.0411,0.04291,-0.01964,0.9929382252847229,-0.08372923264157023,0.08404222968055235,-0.0803580274591214,-0.9958497284739583,-0.04273061807676713,0.08727123346959188,0.03567539627806886,-0.9955455780169477
2.467,0.016347059980034828,Empty,0.40129,0.09826,0.38326,-0.08316,0.09634,-0.04698,0.99775,-0.04038,0.04907,-0.02144,0.9919225153923242,-0.08268370779284362,0.09619318023327579,-0.07847454264017667,-0.9958191936614893,-0.04675339231324857,0.09965675900398785,0.038827026682571306,-0.9942640456054981
2.534,0.016346732154488564,Empty,0.40898,0.10475,0.37335,-0.08424,0.10683,-0.04963,0.99744,-0.04071,0.05437,-0.02251,0.9907729818001756,-0.08365560935157701,0.10663319163752631,-0.07876079199983083,-0.9956725967761184,-0.04932360157835319,0.11029794276571275,0.0404699771820675,-0.9930742896523576
2.6,0.016346732154488564,Empty,0.41618,0.11202,0.36338,-0.0823,0.11205,-0.05001,0.99733,-0.03966,0.05696,-0.02264,0.990365511379975,-0.081680555746458,0.11182325644529487,-0.07652229686159889,-0.9958296458798201,-0.04967549164222673,0.11541443563136194,0.040639921257568004,-0.9924857202237587
2.667,0.016346732154488564,Empty,0.42315,0.1183,0.35465,-0.08042,0.11227,-0.05084,0.99735,-0.0387,0.05706,-0.0231,0.9904931591333705,-0.07983857184511006,0.11202278409202404,-0.07456698369815207,-0.9959369775540837,-0.050490609845744355,0.115598731187477,0.041657402537470196,-0.9924220846805439
2.733,0.016346732154488564,Empty,0.43048,0.12388,0.34833,-0.08089,0.11282,-0.05339,0.9973,-0.03885,0.05739,-0.02435,0.9903949806188206,-0.08028440826526884,0.11257084948840812,-0.07469520141594238,-0.9957956304143077,-0.05302536499830353,0.11635467008452223,0.04410755306370044,-0.9922278541304184
2.8,0.016346732154488564,Empty,0.4376,0.12882,0.34321,-0.08237,0.1139,-0.05555,0.99721,-0.03951,0.05799,-0.02536,0.9901507322357032,-0.08175034497919081,0.11365917714326548,-0.0758682579854506,-0.99559122711827,-0.05515537975021224,0.11766705096735451,0.04598901587249163,-0.9919876388018785
2.867,0.016347059980034828,Empty,0.44488,0.13443,0.33901,-0.08549,0.1153,-0.05906,0.99707,-0.04094,0.0588,-0.02699,0.9897343797761001,-0.08480359055953085,0.1150400300653197,-0.07845605862538985,-0.9951918295339797,-0.0586333462611475,0.11945921627981514,0.04900585125290283,-0.9916289236346381
2.933,0.016347059980034828,Empty,0.45291,0.14004,0.33567,-0.08879,0.11902,-0.06332,0.99683,-0.0424,0.06079,-0.02893,0.9890127135124269,-0.0880456540825959,0.11875106444977479,-0.08100969254020646,-0.9947305218121059,-0.06283803537632998,0.1236579242318417,0.05252762865943549,-0.9909336839577552
3.0,0.016347059980034828,Empty,0.46111,0.1455,0.33092,-0.09464,0.1276,-0.06601,0.9964,-0.04508,0.06521,-0.02988,0.9874308708111526,-0.09373533083405994,0.12725550330951682,-0.0859411978965608,-0.9941495937261251,-0.0654270265126304,0.13264383089021992,0.05366817537060128,-0.9897097256666508
3.067,0.016347059980034828,Empty,0.46854,0.15126,0.3243,-0.0986,0.13523,-0.0653,0.99608,-0.04694,0.06905,-0.0292,0.9860588468107256,-0.09754178029376342,0.1348093161596224,-0.0894775426818949,-0.993888352022839,-0.06465070045200627,0.14029155349454056,0.05168698879262128,-0.9887602010637563
3.134,0.016346732154488564,Empty,0.47558,0.15698,0.31603,-0.10362,0.14405,-0.0606,0.99572,-0.04945,0.0734,-0.02645,0.9843334371092531,-0.10235746608932511,0.1435640404992029,-0.09459126890166542,-0.9937104384535356,-0.05993376640971707,0.1487957540935121,0.045414905529510205,-0.9878245339732602
3.2,0.016346732154488564,Empty,0.48117,0.16345,0.30812,-0.10799,0.14346,-0.05669,0.99568,-0.05178,0.07306,-0.02436,0.9839616613146134,-0.10668044364403384,0.1429640934182383,-0.09956175910615628,-0.9934500634045833,-0.05607519634488104,0.14800981449442574,0.04094208672431561,-0.9881380674521067
3.267,0.016346732154488564,Empty,0.48661,0.16977,0.30189,-0.10991,0.14401,-0.05443,0.99564,-0.05281,0.0733,-0.02315,0.9836771035797685,-0.10855020586033359,0.1435137927190146,-0.10176153821081813,-0.9933503959713837,-0.0538477498551545,0.14840466715668074,0.038364614310250865,-0.9881822762703955
3.333,0.016347059980034828,Empty,0.49275,0.17503,0.29667,-0.11342,0.15073,-0.05575,0.99529,-0.0544,0.07672,-0.02348,0.9823105626698251,-0.11189140062914693,0.15015416388678302,-0.10468619945293611,-0.9929785136803124,-0.05508603283353605,0.15526351184805534,0.0383925231586187,-0.9871267679756858
3.4,0.016347059980034828,Empty,0.49835,0.18024,0.29058,-0.11884,0.15974,-0.05626,0.99479,-0.05693,0.08128,-0.02325,0.9803033957272822,-0.11705344290517822,0.15907150539805576,-0.10949280026412866,-0.9924357468816498,-0.05552130223420109,0.16436720784840012,0.03701053654712459,-0.9857046419534682
3.467,0.016347059980034828,Empty,0.50404,0.18485,0.28261,-0.12375,0.17548,-0.05361,0.99403,-0.05923,0.08908,-0.02123,0.9771116404295669,-0.12153849752325013,0.17458876182856714,-0.11397195148097322,-0.9920815897494226,-0.05276849018000255,0.17961969940031602,0.031662484110525135,-0.9832264493428211
3.533,0.016347059980034828,Empty,0.50982,0.19149,0.27101,-0.13544,0.19424,-0.05102,0.99285,-0.06486,0.09843,-0.01877,0.9722113071968432,-0.13248196277563645,0.1930121853607168,-0.12509089104390753,-0.9908823273290062,-0.05004480357532923,0.19788239723746553,0.024510057653276174,-0.9799192895016338
3.6,0.016347059980034828,Empty,0.5132,0.19936,0.25672,-0.14432,0.2021,-0.04832,0.9922,-0.06928,0.10232,-0.0167,0.9694622302632196,-0.1408931645851102,0.2007289223461765,-0.13405811638982118,-0.9898431885203622,-0.047316842348744406,0.20535677618008472,0.018962550277739847,-0.9785034574102878
3.667,0.016347059980034828,Empty,0.51641,0.20801,0.24323,-0.15267,0.20816,-0.04615,0.99161,-0.07344,0.10531,-0.01496,0.9670315551235662,-0.14880137666003712,0.2066594340923607,-0.1425014247275298,-0.9887652654613279,-0.04512863578498681,0.21105287334201625,0.014191551052214351,-0.9773716204867068
3.733,0.016347059980034828,Empty,0.51805,0.21664,0.23037,-0.15838,0.21391,-0.04612,0.9911,-0.07618,0.1082,-0.01441,0.9649778802321248,-0.15412861637569747,0.21227826143255532,-0.14789107275054075,-0.9879769241435838,-0.0450536120691514,0.21667007468362928,0.012081679266409882,-0.9761701243956885
3.8,0.016347059980034828,Empty,0.52005,0.22481,0.21912,-0.1628,0.22297,-0.04661,0.99044,-0.0782,0.11274,-0.01404,0.962349842868966,-0.1580611505417196,0.22113220620141297,-0.1517298580471273,-0.9873768598756185,-0.04544212538120704,0.22552345799733367,0.01017886396364803,-0.9741845618882157
3.867,0.016346732154488564,Empty,0.52173,0.23248,0.20865,-0.16608,0.23325,-0.04688,0.98974,-0.07964,0.11786,-0.01355,0.959532610972882,-0.1608476974949537,0.2311388904752626,-0.1544608637288138,-0.9869464583370813,-0.045590897688468274,0.23545490025844107,0.008044040431484736,-0.9718519863424799
3.933,0.016346732154488564,Empty,0.52399,0.23983,0.19787,-0.17017,0.24704,-0.0468,0.98877,-0.08144,0.1247,-0.01267,0.9556342983219979,-0.16421484615457094,0.24453337639891431,-0.15789334635918006,-0.9864131574528752,-0.045373714630272496,0.24866197748373722,0.004750484846829519,-0.968578677159268
4.0,0.016347059980034828,Empty,0.52458,0.24652,0.18633,-0.17279,0.25557,-0.04539,0.98814,-0.08268,0.12887,-0.01143,0.9531114652960768,-0.16635268821872135,0.2527950115084752,-0.16045846026326993,-0.9860654784743723,-0.043908480855611276,0.25657672780497004,0.0012865782183307806,-0.9665230092788182
4.067,0.016347059980034828,Empty,0.52435,0.25169,0.17533,-0.17399,0.2617,-0.04359,0.98771,-0.08329,0.13183,-0.01019,0.9513681080864846,-0.16722861943843242,0.258714730459359,-0.16185695662308053,-0.9859164339704247,-0.04208456747734515,0.2621088485890106,-0.0018368635651526384,-0.9650365679204005
4.133,0.016347059980034828,Empty,0.52485,0.25625,0.16618,-0.17634,0.26974,-0.04293,0.9871,-0.08436,0.13578,-0.00935,0.948892928868988,-0.16907927662560113,0.26648528619456013,-0.1639997591533921,-0.9855924271222305,-0.04137205091532575,0.26964103645413956,-0.0044458761874702005,-0.9629506454875364
4.2,0.016346732154488564,Empty,0.52507,0.26007,0.15773,-0.17594,0.27866,-0.04387,0.98651,-0.08395,0.14022,-0.00944,0.9465804221693465,-0.16827457616922037,0.27508029987763727,-0.16298135826415044,-0.9857278681922672,-0.04216214804182333,0.2782491351721947,-0.004923097012771491,-0.9604963206029102
4.267,0.016346732154488564,Empty,0.52517,0.26239,0.14905,-0.17438,0.288,-0.04569,0.98592,-0.08289,0.14489,-0.01003,0.9442744003898835,-0.1663468459814455,0.28403271572188904,-0.16053415677755778,-0.9860581792865928,-0.04379556564000778,0.2873580367347408,-0.004241921031199145,-0.9578138466476253
4.333,0.016347059980034828,Empty,0.52506,0.26204,0.14051,-0.17335,0.29365,-0.04449,0.98556,-0.08237,0.14762,-0.00926,0.9428468363006111,-0.1651062399115792,0.289447357597524,-0.1596358172033448,-0.9862571802637097,-0.042581454227125934,0.2924999985363233,-0.006058376064304642,-0.9562463317240565
4.4,0.016347059980034828,Empty,0.52463,0.26132,0.13345,-0.17211,0.29638,-0.04335,0.98542,-0.0818,0.14891,-0.00867,0.9422677200152415,-0.1637991770228754,0.292063988577687,-0.15863707601557325,-0.9864668257553051,-0.041442487829302876,0.29489968112988485,-0.00728225863873346,-0.9555004692717898
4.467,0.016347059980034828,Empty,0.52498,0.25963,0.12858,-0.16944,0.30083,-0.04344,0.98521,-0.0804,0.15109,-0.00872,0.9414136003317833,-0.16104784926218424,0.2963174368112247,-0.1557805736869144,-0.9869208990326397,-0.04146748020295263,0.29912011963778884,-0.00712245046534004,-0.9541888831501043
4.533,0.016347059980034828,Empty,0.5256,0.25703,0.12484,-0.16513,0.30731,-0.04494,0.98489,-0.07805,0.15432,-0.00951,0.9401863747073513,-0.15667481798294258,0.3024939375006711,-0.15080609923984734,-0.9876356858521151,-0.04281673111627596,0.3054621109838492,-0.005362223553147552,-0.9521891331620294
4.6,0.016347059980034828,Empty,0.52699,0.25371,0.12177,-0.16209,0.31456,-0.04823,0.98444,-0.07617,0.158,-0.01106,0.9384694097460841,-0.15346818130521278,0.3093908277530333,-0.14647908487324557,-0.9881509214124302,-0.04584358413629663,0.3127603630026243,-0.0022964839724049077,-0.9498292907127214
4.667,0.016347059980034828,Empty,0.52925,0.24975,0.11844,-0.15995,0.32485,-0.05093,0.98369,-0.07471,0.16315,-0.01213,0.9355993525135294,-0.15093490286321215,0.31917472749880693,-0.1430199779098295,-0.9885435690068347,-0.048237932106392795,0.3227989118552553,-0.0005169844309225839,-0.9464674295675267
4.733,0.016347059980034828,Empty,0.53043,0.24619,0.11456,-0.16074,0.32988,-0.0523,0.98325,-0.07489,0.16568,-0.01253,0.9338808537830844,-0.1514333492740355,0.32393593759418776,-0.14312824688428766,-0.9884674554925541,-0.04946103896912607,0.32769018276598993,-0.00017366554918822426,-0.9447852210735883
4.8,0.016347059980034828,Empty,0.53112,0.24288,0.11077,-0.16006,0.33416,-0.05397,0.98292,-0.07433,0.16784,-0.01323,0.9326103885786623,-0.15056643138200215,0.3279750186463062,-0.1416819213546056,-0.9885993210344739,-0.05096680891957597,0.33190977128795646,0.0010640446729788845,-0.943310538228271
4.867,0.016346732154488564,Empty,0.53126,0.24035,0.10715,-0.16063,0.33685,-0.0558,0.98267,-0.0744,0.16923,-0.01397,0.931653445511105,-0.15094958704242278,0.33050881930594356,-0.14149589869002244,-0.9885388638256005,-0.05262913033951208,0.3346651582121894,0.002266468202386856,-0.942334385980209
4.933,0.016346732154488564,Empty,0.53133,0.23897,0.10423,-0.16301,0.33865,-0.05738,0.98242,-0.0754,0.17019,-0.01447,0.9306988346023359,-0.15307428843819643,0.3322167086240443,-0.14322154965309253,-0.9882107966608747,-0.054101839874865554,0.3365817389354629,0.002771927491594026,-0.9416501735958853
5.0,0.016346732154488564,Empty,0.53072,0.23891,0.10148,-0.16376,0.33898,-0.05824,0.98235,-0.07569,0.17039,-0.01481,0.9304757548039061,-0.15376081419649879,0.3325244077353283,-0.14366680862107822,-0.9881025764979408,-0.054892134397977854,0.3370084833097464,0.003303079738807097,-0.9414958161571952
5.067,0.016346732154488564,Empty,0.53037,0.24025,0.09961,-0.16657,0.33922,-0.05978,0.98221,-0.07693,0.17059,-0.01532,0.929961601612783,-0.15634443648823093,0.33275792508213126,-0.14588910485981288,-0.9876950792260222,-0.05634535966611948,0.33747264868280835,0.0038532650933120077,-0.9413274476711758
5.134,0.016346732154488564,Empty,0.53047,0.24216,0.09819,-0.16834,0.34156,-0.06187,0.98194,-0.07757,0.17183,-0.01609,0.9289139539917058,-0.15787332490268302,0.33495504080946015,-0.1468129707918479,-0.9874469960724672,-0.058261321258048365,0.3399482573668635,0.004944009671653229,-0.9404311453166571
5.2,0.016347059980034828,Empty,0.52977,0.24411,0.09667,-0.16791,0.3422,-0.06309,0.98189,-0.07724,0.17219,-0.0167,0.9287698566038147,-0.15743175466712722,0.3355619109591533,-0.14592925398321105,-0.9875104296574777,-0.059395320940352464,0.3407215964626146,0.006196284381258843,-0.9401438186595888
5.267,0.016347059980034828,Empty,0.5289,0.24582,0.09579,-0.16706,0.34264,-0.06367,0.98188,-0.07676,0.17242,-0.01704,0.9287587608064156,-0.1566084510766415,0.33597761424938155,-0.1448561201301875,-0.9876360057164539,-0.05993183355510956,0.34120942057065135,0.006993801814737699,-0.9399612853995722
5.333,0.016347059980034828,Empty,0.52903,0.24718,0.09482,-0.16813,0.34543,-0.06499,0.98159,-0.07711,0.17385,-0.01747,0.9276577137683939,-0.1574528717974032,0.33861446993409305,-0.14530166306325487,-0.9874980829963382,-0.06111434193059495,0.34400376857971876,0.007491945095089572,-0.938938378149303
5.4,0.016346732154488564,Empty,0.53017,0.24857,0.09267,-0.16845,0.3523,-0.06609,0.98099,-0.07701,0.17726,-0.01768,0.9252991308392999,-0.15735937496059038,0.34505006242579994,-0.1448207287831867,-0.9875137145974502,-0.06199693538113496,0.3504974678692314,0.007395308915676125,-0.9365344811715683
5.467,0.016346732154488564,Empty,0.53026,0.24852,0.08871,-0.16337,0.35865,-0.06598,0.98063,-0.07438,0.18032,-0.0178,0.9239087714555642,-0.15228853851274432,0.3509996909758223,-0.13945126482409032,-0.9883030077906034,-0.061729324725026846,0.3562947189707305,0.008084913710037825,-0.9343386470674696
5.534,0.016347059980034828,Empty,0.52943,0.24735,0.08293,-0.15757,0.36239,-0.06374,0.98053,-0.07165,0.18202,-0.01707,0.9234688988799912,-0.14673138293199045,0.35450683218274104,-0.13430166046257663,-0.9891487370088292,-0.059563747958240876,0.35939985642508443,0.007394412532691836,-0.933154363363814
5.6,0.016347059980034828,Empty,0.52839,0.24501,0.07706,-0.15615,0.36151,-0.05951,0.98069,-0.07136,0.18143,-0.01516,0.9239826205806173,-0.14547308429904804,0.3536858756149267,-0.13446995881563145,-0.9893547429788281,-0.0556329283915479,0.3580138922459542,0.003843733838186559,-0.9337083477559165
5.667,0.016347059980034828,Empty,0.52744,0.24486,0.07544,-0.15543,0.35877,-0.05815,0.98097,-0.07119,0.18003,-0.01467,0.9250446659534508,-0.14496015948549018,0.3511109769759553,-0.13439514162343225,-0.9894324736974273,-0.05441806594328158,0.35528905400967004,0.003151532156110635,-0.9347511732787408
5.734,0.016346732154488564,Empty,0.52811,0.24529,0.0769,-0.15578,0.36097,-0.05972,0.98075,-0.07117,0.18117,-0.01532,0.9242235027298661,-0.1451586602558541,0.3531853342856449,-0.13405872936940594,-0.9893992401326097,-0.05583368790322865,0.35754604470137497,0.004255229458005773,-0.9338858168644935
5.8,0.016346732154488564,Empty,0.5288,0.2461,0.07831,-0.15568,0.36325,-0.0615,0.98054,-0.07091,0.18235,-0.01611,0.9234421910031949,-0.14493537378514237,0.3553143077628309,-0.13318766846240554,-0.9894245615857804,-0.05744633931186774,0.3598827098441478,0.005724889216999117,-0.9329799894953192
5.867,0.016346732154488564,Empty,0.52898,0.24609,0.07843,-0.15585,0.36353,-0.06166,0.98051,-0.07097,0.18249,-0.01616,0.9233174245293183,-0.14507353600143807,0.3555820618543434,-0.13327743750914073,-0.9894039615446731,-0.057592755887383607,0.36016948539756083,0.005785329009321184,-0.9328689467211941
5.933,0.016346732154488564,Empty,0.52897,0.24617,0.07846,-0.15576,0.36356,-0.06173,0.98051,-0.07092,0.18251,-0.0162,0.9233166972883127,-0.14499551617215162,0.355615771301799,-0.13316868226900724,-0.989414845653001,-0.057657308853125755,0.36021157473259874,0.005879072326463051,-0.9328521093599145
6.0,0.016346732154488564,Empty,0.52898,0.24613,0.07843,-0.15581,0.36355,-0.06167,0.98051,-0.07095,0.1825,-0.01617,0.9233216977753032,-0.14504063574007742,0.3555843871733492,-0.13323385861731385,-0.9894085780147115,-0.05761427487045376,0.36017465393233017,0.005820630122302192,-0.9328667316019504
6.067,0.016347059980034828,Empty,0.52897,0.24616,0.07845,-0.15577,0.36354,-0.06171,0.98051,-0.07093,0.1825,-0.01619,0.9233253624590851,-0.14499878325995996,0.35559194014056406,-0.1331787857097459,-0.9894144577994597,-0.05764062572768261,0.36018562724889075,0.005863748846288089,-0.9328622247538972
6.133,0.016347059980034828,Empty,0.52897,0.24614,0.07844,-0.15579,0.36354,-0.06171,0.98051,-0.07094,0.1825,-0.01619,0.9233205539599336,-0.14502721834732468,0.3555928297555481,-0.1332112467478409,-0.9894103891268188,-0.05763545460741154,0.3601859497190399,0.00584703568951858,-0.9328622051507063
6.2,0.016347059980034828,Empty,0.52897,0.24615,0.07844,-0.15579,0.36354,-0.06171,0.98051,-0.07094,0.1825,-0.01619,0.9233213402236566,-0.1450174470970908,0.3555947731970094,-0.1332010361908203,-0.9894118050037526,-0.05763474713146585,0.36018771029184476,0.005849799710995239,-0.9328615080482521
6.267,0.016347059980034828,Empty,0.52897,0.24615,0.07844,-0.15577,0.36354,-0.06171,0.98051,-0.07093,0.1825,-0.01619,0.9233262843501513,-0.14500625381585558,0.3555865000002607,-0.1331897980477889,-0.9894134236044048,-0.057632932316518476,0.3601791919644068,0.005853507128459953,-0.9328647737642172
6.333,0.016347059980034828,Empty,0.52898,0.24615,0.07845,-0.15579,0.36354,-0.06171,0.98051,-0.07094,0.1825,-0.01619,0.9233190309960173,-0.14502382239958928,0.3555981691983073,-0.13320581664975134,-0.9894108553896253,-0.0576400004150161,0.3601918619447814,0.005852364802585821,-0.932859888951695
6.4,0.016347059980034828,Empty,0.52897,0.24615,0.07845,-0.15579,0.36354,-0.06171,0.98051,-0.07094,0.1825,-0.01619,0.9233213597294891,-0.14501830939153326,0.3555943708897946,-0.13320100312099015,-0.9894116646515543,-0.057637232922842146,0.36018767251927053,0.005852161366665756,-0.9328615078201529
6.467,0.016347059980034828,Empty,0.52897,0.24615,0.07844,-0.15579,0.36354,-0.06171,0.98051,-0.07094,0.1825,-0.01619,0.9233222667095464,-0.14501306093713112,0.35559415624555646,-0.13319682882102613,-0.9894124451312407,-0.057633481687665716,0.36018689119728897,0.005850262991022081,-0.9328618214036677
6.533,0.016347059980034828,Empty,0.52897,0.24615,0.07844,-0.15577,0.36354,-0.06171,0.98051,-0.07093,0.1825,-0.01619,0.9233250515962279,-0.14500218619581012,0.3555913596999487,-0.13318520113985088,-0.9894140114084238,-0.057633464463180156,0.3601840519681017,0.005854914783904452,-0.9328628884679209
6.6,0.016347059980034828,Empty,0.52897,0.24615,0.07844,-0.15579,0.36354,-0.06171,0.98051,-0.07094,0.1825,-0.01619,0.9233205657080507,-0.14502492930536115,0.35559373281954776,-0.13320884232414298,-0.9894107210752402,-0.05763531337674435,0.3601868088467796,0.005847640665163851,-0.9328618696417087
6.667,0.016187818720936775,Empty,0.52897,0.24615,0.07845,-0.15579,0.36354,-0.06171,0.98051,-0.07094,0.1825,-0.01619,0.923321762971437,-0.1450144388480789,0.3555949023100502,-0.13319616189309036,-0.989412212283147,-0.05763902013322131,0.3601884291315686,0.005855485508905102,-0.9328611948243898
6.733,0.016187818720936775,Empty,0.52897,0.24615,0.07845,-0.15579,0.36354,-0.06171,0.98051,-0.07094,0.1825,-0.01619,0.9233207280793633,-0.14501690847583365,0.3555965823164029,-0.13319908361524452,-0.9894118621961718,-0.057638277815723726,0.36019000155897385,0.0058534777367969144,-0.9328606002910247
6.8,0.014522840268909931,Grasping,0.52897,0.24615,0.07845,-0.15579,0.36354,-0.06171,0.98051,-0.07094,0.1825,-0.01619,0.9233192668007957,-0.14502406900100362,0.3555974563531544,-0.13320533384734057,-0.9894108069494467,-0.057641947627253914,0.3601914360295923,0.005854442931378764,-0.9328600403645252
6.867,0.014522840268909931,Grasping,0.52897,0.24615,0.07845,-0.15577,0.36354,-0.06171,0.98051,-0.07093,0.1825,-0.01619,0.9233219942367465,-0.14500687389449218,0.35559738677614583,-0.13318858581465215,-0.9894133146982318,-0.05763760323391706,0.3601906378119371,0.005856553696865885,-0.9328603353189724
6.933,0.012888068333268166,Grasping,0.52897,0.24615,0.07845,-0.15579,0.36354,-0.06171,0.98051,-0.07094,0.1825,-0.01619,0.9233203720405705,-0.145019109457324,0.3555966091894961,-0.13320123222341634,-0.989411541293899,-0.057638821020168735,0.3601901196715784,0.005853191149812559,-0.932860556484375
7.0,0.012888068333268166,Grasping,0.52897,0.24615,0.07845,-0.15579,0.36354,-0.06171,0.98051,-0.07094,0.1825,-0.01619,0.923320020950105,-0.14501557231958312,0.3555989632964658,-0.13319806114409655,-0.9894120640172408,-0.05763717623718742,0.3601921923364678,0.005852466314884793,-0.9328597607453555
7.067,0.012888068333268166,Grasping,0.52898,0.24615,0.07845,-0.15578,0.36357,-0.06171,0.98051,-0.07093,0.18251,-0.01619,0.9233198128871447,-0.1450111779396196,0.35560129555811826,-0.13319242494705597,-0.9894126852318953,-0.05763953711588379,0.36019480988316727,0.005856327755038848,-0.9328587258306877
7.133,0.011076324619352818,Grasping,0.52897,0.24615,0.07845,-0.15577,0.36354,-0.06171,0.98051,-0.07093,0.1825,-0.01619,0.923321684434772,-0.14500822049857315,0.35559764206244815,-0.13318951574218857,-0.9894131123670642,-0.05763892757920497,0.3601910881031027,0.0058573939560837346,-0.9328601561794492
7.2,0.011076324619352818,Grasping,0.52897,0.24615,0.07845,-0.15579,0.36354,-0.06171,0.98051,-0.07094,0.1825,-0.01619,0.9233209273646537,-0.14501397479204425,0.3555972612457644,-0.13319589377204782,-0.9894122853454309,-0.05763838555855702,0.3601906703021906,0.005854632571206371,-0.9328603348329881
7.267,0.00951608456671238,Grasping,0.52898,0.24615,0.07845,-0.15578,0.36357,-0.06171,0.98051,-0.07093,0.18251,-0.01619,0.9233191402108291,-0.14501167819952676,0.3556028381580951,-0.1331919264059106,-0.9894125978087642,-0.05764218973629234,0.36019671855892577,0.005858710017496927,-0.9328579738932999
7.333,0.00951608456671238,Grasping,0.52897,0.24615,0.07845,-0.15578,0.36357,-0.06171,0.98051,-0.07093,0.18251,-0.01619,0.9233192434304478,-0.14501395067139938,0.3556016434462841,-0.1331934912235057,-0.9894122546235598,-0.05764446457741976,0.3601958753327403,0.005860419046149642,-0.9328582887458762
7.4,0.00951608456671238,Grasping,0.52897,0.24615,0.07845,-0.1558,0.36357,-0.06171,0.98051,-0.07094,0.18251,-0.01619,0.9233188185776684,-0.1450210598962653,0.3555998473662522,-0.13319956284900275,-0.9894112020680104,-0.05764850110080072,0.3601947191689139,0.005862201710807845,-0.9328587239630282
7.467,0.007642615120857954,Grasping,0.52897,0.24615,0.07845,-0.15577,0.36354,-0.06171,0.98051,-0.07093,0.1825,-0.01619,0.923321927459684,-0.1450092261264629,0.3555966009544217,-0.13318988309636043,-0.9894129546957506,-0.0576407852219423,0.3601903292884359,0.005859131200830821,-0.932860438258939
7.533,0.007642615120857954,Grasping,0.52898,0.24615,0.07845,-0.15578,0.36357,-0.06171,0.98051,-0.07093,0.18251,-0.01619,0.9233198550008592,-0.14501160461134271,0.35560101221627016,-0.13319210177210405,-0.9894126107049388,-0.0576415631603322,0.36019482143240467,0.0058583535298481326,-0.9328587086516359
7.6,0.006149026565253735,Grasping,0.52898,0.24615,0.07845,-0.15578,0.36357,-0.06171,0.98051,-0.07093,0.18251,-0.01619,0.9233195727922968,-0.14501226220554725,0.3556014768089132,-0.13319314404653854,-0.9894125218063825,-0.05764068070150469,0.36019515943117353,0.005857089956999144,-0.9328585860780763
7.667,0.006149026565253735,Grasping,0.52898,0.24615,0.07845,-0.1558,0.36357,-0.06171,0.98051,-0.07094,0.18251,-0.01619,0.9233169116410078,-0.1450239182364253,0.35560363302006026,-0.13320339075959386,-0.9894108060037392,-0.05764645395146134,0.36019819178871215,0.005858336144816427,-0.932857407393947
7.733,0.006149026565253735,Grasping,0.52898,0.24615,0.07845,-0.1558,0.36357,-0.06171,0.98051,-0.07094,0.18251,-0.01619,0.9233173599758917,-0.14502338524250546,0.35560268629462555,-0.13320359731731118,-0.9894108945824502,-0.05764445631006171,0.3601969661572367,0.00585657018730837,-0.9328578917266891
7.8,0.004352058283984661,Grasping,0.52897,0.24616,0.07845,-0.15577,0.36354,-0.06171,0.98051,-0.07093,0.1825,-0.01619,0.9233218317560686,-0.1450103722851649,0.3555963820574324,-0.13319012273778258,-0.989412773055186,-0.0576433493157828,0.3601904860038812,0.005861437107462604,-0.9328603632630788
7.867,0.004352058283984661,Grasping,0.52898,0.24615,0.07845,-0.1558,0.36357,-0.06171,0.98051,-0.07094,0.18251,-0.01619,0.9233167822112036,-0.14502311245516947,0.3556042976975452,-0.1332010099795029,-0.989410898237763,-0.057650371974370646,0.36019940398005856,0.005862704338290053,-0.9328569118949874
7.933,0.002717286581173539,Grasping,0.52897,0.24615,0.07845,-0.15578,0.36357,-0.06171,0.98051,-0.07093,0.18251,-0.01619,0.9233200110165733,-0.14501217013252338,0.35560037650403453,-0.1331927108762831,-0.989412528531342,-0.0576415662056739,0.36019419626887605,0.005858233408836027,-0.932858950793498
8.0,0.002717286581173539,Grasping,0.52897,0.24615,0.07845,-0.1558,0.36357,-0.06171,0.98051,-0.07094,0.18251,-0.01619,0.9233186260038538,-0.145019346733479,0.3556010460436667,-0.13319681934770078,-0.9894114356509578,-0.05765083103275109,0.36019622734005824,0.00586515780740844,-0.9328581230465237
8.067,0.002717286581173539,Grasping,0.52898,0.24616,0.07845,-0.15578,0.36357,-0.06171,0.98051,-0.07093,0.18251,-0.01619,0.9233189275486776,-0.1450130883022162,0.3556028153029913,-0.1331916973555855,-0.9894123660602645,-0.057646696718607976,0.36019734838821055,0.0058629436363188394,-0.9328577041039106
8.133,0.001095319981686771,Grasping,0.52897,0.24615,0.07844,-0.15577,0.36354,-0.06171,0.98051,-0.07093,0.1825,-0.01619,0.9233234698628086,-0.14500504723647656,0.3555943001180565,-0.13318862247688934,-0.9894136074718239,-0.05763249250466432,0.3601868415742194,0.005852317962891344,-0.9328618276739857
8.2,0.001095319981686771,Grasping,0.52897,0.24615,0.07845,-0.15579,0.36354,-0.06171,0.98051,-0.07094,0.1825,-0.01619,0.9233208417157991,-0.14501704511924463,0.3555962315296821,-0.13319978282852102,-0.9894118511102721,-0.05763685224732512,0.3601894516885012,0.0058519661164551755,-0.9328608220870402
8.267,0.001095319981686771,Grasping,0.52898,0.24615,0.07845,-0.15579,0.36354,-0.06171,0.98051,-0.07094,0.1825,-0.01619,0.9233200044974004,-0.14501790372991774,0.35559805524313703,-0.13320076241638934,-0.9894117300615363,-0.05763666635337547,0.36019123557717725,0.005851154964442713,-0.9328601383910496
8.333,0.00043963833013549447,Grasping,0.52897,0.24615,0.07845,-0.15579,0.36354,-0.06171,0.98051,-0.07094,0.1825,-0.01619,0.9233203367784464,-0.14501640244654973,0.3555978047075048,-0.1331982210730996,-0.9894119312309195,-0.0576390860516022,0.36019132359663814,0.005854345340227973,-0.9328600843890467
8.4,0.00043963833013549447,Grasping,0.52898,0.24615,0.07845,-0.1558,0.36357,-0.06171,0.98051,-0.07094,0.18251,-0.01619,0.9233187775458794,-0.14502365833390335,0.3555988941977103,-0.13320486669426196,-0.9894108672141078,-0.0576419927447967,0.360192862950041,0.00585443097820118,-0.9328594894826201
8.467,0.00043963833013549447,Grasping,0.52898,0.24615,0.07845,-0.1558,0.36357,-0.06171,0.98051,-0.07094,0.18251,-0.01619,0.9233179118794116,-0.14502362207733815,0.3556011566941434,-0.13320514946333462,-0.9894108799671619,-0.057641120383427724,0.36019497742069345,0.005853173684038199,-0.932858680936577
8.534,0.00043963833013549447,Grasping,0.52896,0.24617,0.07844,-0.15605,0.36343,-0.06181,0.98051,-0.07106,0.18245,-0.01622,0.9233256522435912,-0.14527666649339638,0.35547774906668006,-0.13343788252722366,-0.9893735905305757,-0.057742790608764305,0.3600889770814957,0.005881201680200892,-0.9328994265467199
8.6,0.0004389816604088992,Grasping,0.52856,0.24686,0.07839,-0.15838,0.36153,-0.06196,0.9806,-0.07223,0.18154,-0.01616,0.9236553602968693,-0.14752013153529148,0.35369278503621054,-0.13578634445955334,-0.9890439447378445,-0.057914972465807096,0.3583613316935467,0.005466824417702713,-0.9335669605216402
8.667,0.0004389816604088992,Grasping,0.52802,0.24823,0.07875,-0.15874,0.35999,-0.06353,0.9807,-0.0723,0.18085,-0.01696,0.9241284598032111,-0.14794560263560685,0.35227643753525706,-0.13567377024658372,-0.9889698635236146,-0.059424213155583966,0.3571823313782778,0.007120934129043992,-0.9340075344708456
8.733,0.0004389816604088992,Grasping,0.52687,0.24954,0.07989,-0.15778,0.35582,-0.06467,0.98109,-0.07182,0.17884,-0.01778,0.9257135253824376,-0.14727805943663552,0.3483728493045893,-0.13456198222567212,-0.9890524349617309,-0.06056693682009337,0.35347919580014486,0.009189891449313122,-0.9353972439726519
8.8,0.0004376683209557086,Grasping,0.52612,0.25006,0.08284,-0.15368,0.35213,-0.06551,0.98155,-0.06982,0.17702,-0.01871,0.9275776976981809,-0.1436911297262055,0.3448948737962756,-0.1304417493274891,-0.9895496654644731,-0.061452498822533425,0.35012078596582435,0.012013276703535906,-0.9366275227738707
