time,gr,gr_state,tx,ty,tz,rx,ry,rz,qw,qx,qy,qz,xx,xy,xz,yx,yy,yz,zx,zy,zz
0.0,0.016147762537002563,Empty,0.30722,-0.00089,0.48532,-0.006,0.00037,0.00496,0.99999,-0.003,0.00018,0.00248,0.9999819848235467,-0.005990865444258142,0.00037357675109188273,-0.005992644373366662,-0.9999697529960487,0.004957953855708249,0.00034386301708610697,-0.004960103249910144,-0.9999876394905969
0.067,0.016147762537002563,Empty,0.30723,-0.00089,0.48532,-0.006,0.00037,0.00496,0.99999,-0.003,0.00018,0.00248,0.9999819221811939,-0.006000964712023937,0.00037912178716809075,-0.006002770218874576,-0.9999697036525799,0.004955656028308678,0.0003493715842118296,-0.004957842221830272,-0.9999876487937236
0.133,0.016147762537002563,Empty,0.30723,-0.00089,0.48533,-0.006,0.00039,0.00496,0.99999,-0.003,0.00019,0.00248,0.9999819736320977,-0.005991844880962605,0.00038756390068917174,-0.005993690700958232,-0.9999697809970377,0.004951036711394482,0.0003578863449198801,-0.004953270400332815,-0.9999876684388189
0.2,0.016147762537002563,Empty,0.30723,-0.0009,0.48532,-0.006,0.00037,0.00498,0.99999,-0.003,0.00018,0.00249,0.9999819958697784,-0.00598913764918102,0.00037170756450612477,-0.0059909125168941535,-0.999969688025346,0.004973127557844928,0.0003419115518249744,-0.004975264888509595,-0.9999875648405733
0.267,0.016147762537002563,Empty,0.30727,-0.0009,0.48536,-0.006,0.00035,0.00498,0.99999,-0.003,0.00017,0.00249,0.9999819934382157,-0.005990990681263297,0.00034760608369974536,-0.00599264722076015,-0.9999696525143857,0.004978175322953294,0.00031777133275953293,-0.004980168763763169,-0.9999875483927111
0.333,0.016147762537002563,Empty,0.30765,-0.0009,0.48604,-0.006,0.00119,0.00498,0.99999,-0.003,0.00059,0.00249,0.9999813513227174,-0.005988838518488082,0.0011961688807939704,-0.005994727202798145,-0.9999696230833071,0.004981581715959139,0.0011662986564080194,-0.004988659522178197,-0.9999868764256935
0.4,0.016147762537002563,Empty,0.30828,-0.00101,0.48693,-0.0058,0.00147,0.00474,0.99999,-0.0029,0.00073,0.00237,0.9999821472500486,-0.005793154773425402,0.0014644244443828588,-0.00580002854941164,-0.9999719740544825,0.004734001944184456,0.001436958596542936,-0.004742411132817353,-0.9999877222679483
0.467,0.016147762537002563,Empty,0.30904,-0.00109,0.48755,-0.00564,0.00179,0.00459,0.99999,-0.00282,0.00089,0.0023,0.9999824493641669,-0.005645729601654492,0.0017963020086797796,-0.0056539239782866235,-0.9999734826033403,0.004589905641135289,0.0017703410092799756,-0.0045999812403719935,-0.999987852958874
0.533,0.016147762537002563,Empty,0.30949,-0.00101,0.48691,-0.0056,0.00067,0.00478,0.99999,-0.0028,0.00033,0.00239,0.9999841365655535,-0.005591803832848852,0.000677013396637813,-0.005594975873409402,-0.9999729340859971,0.004777796606977841,0.0006502785712718713,-0.004781508688334732,-0.9999883570884429
0.6,0.016147762537002563,Empty,0.30977,-0.00069,0.48505,-0.00532,-7e-05,0.0054,0.99999,-0.00266,-4e-05,0.0027,0.9999858753318573,-0.005314624550374625,-6.24713359250106e-05,-0.00531421033650864,-0.9999713349336484,0.005393373667386617,-9.113330128215748e-05,-0.005392965501954286,-0.9999854537031106
0.667,0.016147762537002563,Empty,0.31019,-5e-05,0.48261,-0.00538,-0.00051,0.00556,0.99999,-0.00269,-0.00026,0.00278,0.9999853721715843,-0.005385886573963716,-0.0004976632097241592,-0.005383040306629283,-0.9999700887658752,0.005553778049636957,-0.0005275603426356015,-0.0055510178688075165,-0.9999844538195107
0.733,0.016147762537002563,Empty,0.311,0.00081,0.48059,-0.0047,0.00135,0.00494,0.99999,-0.00235,0.00067,0.00247,0.9999879999901001,-0.0047065089686815775,0.0013596503693855,-0.004713158843752285,-0.9999767414066654,0.004929784926383117,0.001336416668860686,-0.004936134017078079,-0.999986924200238
0.8,0.016147762537002563,Empty,0.31199,0.00183,0.47779,-0.00567,0.00358,0.00537,0.99999,-0.00284,0.00178,0.00269,0.9999774871658904,-0.005675824355602432,0.0035791310783583508,-0.0056949709176406516,-0.9999694066235887,0.005362193871475997,0.003548586710078882,-0.005382456200696578,-0.9999792181328614
0.867,0.016147762537002563,Empty,0.31332,0.00363,0.47477,-0.00774,0.0073,0.00505,0.99998,-0.00388,0.00364,0.00254,0.9999433257255621,-0.007743410389886962,0.007306499328421646,-0.007780405231901266,-0.9999569879831726,0.0050485124589531435,0.007267092357321658,-0.005105073863774278,-0.9999605630171201
0.933,0.016147762537002563,Empty,0.31455,0.00639,0.47124,-0.0098,0.00956,0.00477,0.99997,-0.00491,0.00477,0.00241,0.9999061695090825,-0.00980601571274653,0.009565261811127448,-0.009851925393056071,-0.9999401183678531,0.004764372417523054,0.009517969516850742,-0.004858161619848482,-0.999942901630864
1.0,0.016147762537002563,Empty,0.31599,0.0088,0.46828,-0.01079,0.01346,0.00447,0.99996,-0.00541,0.00672,0.00227,0.9998511822682123,-0.01078324952958154,0.013466062766844422,-0.010844318518360485,-0.9999312063398795,0.004470273318905153,0.01341693231443612,-0.004615638336801252,-0.99989933583837
1.067,0.016147762537002563,Empty,0.31781,0.0111,0.46459,-0.0123,0.01881,0.00198,0.99994,-0.00616,0.0094,0.00105,0.9997471583908342,-0.012302970565092941,0.018821695054548948,-0.012342409419324574,-0.9999218678994312,0.001980663080485185,0.018795856436399392,-0.002212467352773619,-0.9998208943450996
1.133,0.016147762537002563,Empty,0.3195,0.01334,0.46016,-0.01465,0.02324,-0.00053,0.99991,-0.00732,0.01162,-0.00018,0.9996230125166297,-0.014636879682659032,0.02322917562750752,-0.014628446376796889,-0.9998928565249063,-0.0005329418956583759,0.023234487379311913,0.00019293423319015248,-0.9997300242428463
1.2,0.016147762537002563,Empty,0.3214,0.01572,0.45472,-0.01677,0.02888,-0.0032,0.99986,-0.00836,0.01445,-0.00148,0.9994424303103135,-0.016766503240485287,0.028874086383817082,-0.016680970510929483,-0.9998557402413917,-0.0032006138711612505,0.028923584117927774,0.002717181522379819,-0.9995779325327003
1.267,0.016147762537002563,Empty,0.32306,0.01863,0.44905,-0.01958,0.03359,-0.00575,0.99981,-0.00974,0.01682,-0.00271,0.9992444485664163,-0.019562333005403332,0.03358343544940006,-0.01937973610389543,-0.999795637364497,-0.005754071207674207,0.03368913530712374,0.005098885594452734,-0.9994193531886166
1.333,0.016147762537002563,Empty,0.32483,0.02202,0.44369,-0.02181,0.03807,-0.0087,0.99975,-0.01082,0.01908,-0.00414,0.9990380735637878,-0.021789718811736747,0.038054378513666096,-0.021473479276919172,-0.9997315699128801,-0.00869929924026273,0.038233718857830654,0.007873771245937742,-0.999237802762019
1.4,0.016147762537002563,Empty,0.32672,0.02626,0.43877,-0.02537,0.04429,-0.01271,0.99966,-0.01254,0.02222,-0.00607,0.9986978796635337,-0.025346457529818123,0.04427304198099179,-0.02480678343853443,-0.9996116303171048,-0.012696929952300186,0.0445776698695119,0.011582125257011007,-0.9989387797675768
1.467,0.016147762537002563,Empty,0.32856,0.03043,0.4328,-0.02951,0.05155,-0.01383,0.99954,-0.01457,0.02587,-0.00653,0.998237251262529,-0.02946146938369315,0.05152098614724122,-0.02878534106187841,-0.9994901220506223,-0.013816658900892363,0.051901775805668064,0.012309254444766094,-0.9985763305442564
1.533,0.016147762537002563,Empty,0.33041,0.03516,0.42702,-0.03373,0.05767,-0.01584,0.99941,-0.01663,0.02896,-0.00743,0.9977695725449519,-0.03367099915261268,0.05763804229437672,-0.032809820633409925,-0.9993363523038148,-0.01582310443968273,0.05813257067657554,0.01389671832377697,-0.998212144509554
1.6,0.016147762537002563,Empty,0.33254,0.03971,0.42249,-0.03763,0.06113,-0.01864,0.99932,-0.01852,0.03073,-0.00874,0.9974250942664266,-0.037557277872056205,0.06109527155558965,-0.036482570606796105,-0.9991609469993401,-0.01861246983346909,0.06174304308608572,0.016335631919910755,-0.9979583877899152
1.667,0.016147762537002563,Empty,0.33551,0.04304,0.41889,-0.0403,0.06453,-0.02094,0.99923,-0.0198,0.03246,-0.00981,0.9971084733707193,-0.04019982949572837,0.0644877200777632,-0.038926169324796256,-0.9990237613916486,-0.020887257277566167,0.06526442885685044,0.01831660130581835,-0.9976998829520795
1.733,0.016147762537002563,Empty,0.33882,0.04589,0.41568,-0.04252,0.06725,-0.02359,0.99915,-0.02085,0.03386,-0.01107,0.9968367934525577,-0.042419347343233826,0.06720867645026628,-0.04092019815327008,-0.9988853570614655,-0.023528298520827697,0.06813181784100336,0.020703681294932524,-0.9974614844586823
1.8,0.016147762537002563,Empty,0.34223,0.0484,0.41276,-0.04696,0.07045,-0.02672,0.99903,-0.02299,0.03552,-0.01252,0.9964201651769442,-0.0468260293517897,0.07038591765329695,-0.04504808553882017,-0.9986295678897954,-0.026639371717967403,0.07153687453361747,0.02337325632825301,-0.9971640619630129
1.867,0.016147762537002563,Empty,0.34551,0.05158,0.40959,-0.05147,0.07395,-0.02891,0.99889,-0.02518,0.03732,-0.01349,0.9959461347509331,-0.05131912298373653,0.0738758708297677,-0.04930564070121618,-0.9983676581256611,-0.02882660236179831,0.07523463610411735,0.025067246056613132,-0.996850732409531
1.933,0.016147762537002563,Empty,0.3488,0.05503,0.40537,-0.05458,0.07925,-0.031,0.99874,-0.02665,0.04002,-0.0144,0.9953760264290833,-0.05438425952556453,0.07917650109789466,-0.052078286645809824,-0.998164674916051,-0.030905239196144848,0.08071194502851319,0.02663895766711058,-0.9963814268964091
2.0,0.016147762537002563,Empty,0.35213,0.05841,0.40049,-0.05811,0.08483,-0.03255,0.99857,-0.02833,0.04285,-0.01502,0.994723275379364,-0.05786174331919913,0.0847208597608235,-0.05528811197335409,-0.9979440621260276,-0.03241717973274359,0.08642239346935425,0.02756206682138104,-0.995877252666995
2.067,0.016147762537002563,Empty,0.35554,0.06187,0.39537,-0.06125,0.09001,-0.03531,0.99839,-0.02979,0.0455,-0.01625,0.9940843490428523,-0.06095755946193221,0.08989150645357706,-0.05800076087957673,-0.9976975928525429,-0.03514861239980499,0.09182711323698807,0.0297269097063008,-0.9953311469625951
2.133,0.016147762537002563,Empty,0.3591,0.06566,0.39006,-0.06405,0.09448,-0.03755,0.99823,-0.03109,0.04779,-0.01723,0.9935002860119546,-0.0637109918610354,0.09432969421262452,-0.060418306017514245,-0.997473630089716,-0.03736289032741776,0.09647180931307434,0.031420801895045994,-0.9948396469864547
2.2,0.016147762537002563,Empty,0.36284,0.06965,0.38478,-0.06804,0.09909,-0.0383,0.99804,-0.03302,0.05014,-0.01743,0.9927925367202652,-0.06765339562108769,0.09892419872547688,-0.06415858337183417,-0.9972122926097697,-0.038096189411623,0.10122576357953766,0.031474776073920484,-0.9943654676520278
2.267,0.016147762537002563,Empty,0.36684,0.07491,0.37947,-0.0734,0.10631,-0.03898,0.99776,-0.0356,0.0538,-0.0175,0.9916770210524166,-0.07292144914810189,0.10610913330503452,-0.06915538113432612,-0.9968528779131914,-0.03875400697158952,0.10860119325666197,0.031093440631887848,-0.9935990030051862
2.333,0.016147762537002563,Empty,0.37032,0.08066,0.37343,-0.07701,0.11295,-0.04002,0.99751,-0.0373,0.05716,-0.01779,0.9906822552841028,-0.07645539858219047,0.11270865580265907,-0.07238883345453184,-0.9965841558992812,-0.039747666618421856,0.11536258429965911,0.03121845989403601,-0.9928327562613699
2.4,0.016147762537002563,Empty,0.37336,0.08577,0.36693,-0.08161,0.11858,-0.04098,0.99725,-0.0395,0.06003,-0.01802,0.9896734482466218,-0.08094608633348127,0.11829707072845896,-0.07662014459099792,-0.996230245925682,-0.04067739600453437,0.12114379587290458,0.03119340010559484,-0.9921447235717966
2.467,0.016147762537002563,Empty,0.3758,0.08957,0.36027,-0.08328,0.12377,-0.0404,0.99707,-0.04029,0.06262,-0.01757,0.9889096406664389,-0.08255027677820165,0.12346325121596716,-0.07814987650994643,-0.9961357242165517,-0.04007762144945832,0.12629457390741222,0.029984508390305024,-0.9915395150260715
2.533,0.016147762537002563,Empty,0.37857,0.093,0.35421,-0.08638,0.13003,-0.04062,0.99681,-0.04176,0.06577,-0.01744,0.9878616163274925,-0.08554180461451627,0.12966119947820015,-0.08095485877884556,-0.995904608747705,-0.040253212482703145,0.13257351857339705,0.02926789945268367,-0.990740961217763
2.6,0.016147762537002563,Empty,0.38092,0.09654,0.34856,-0.09003,0.13474,-0.03981,0.99658,-0.04355,0.06813,-0.01681,0.9869222411985279,-0.08909840524057816,0.1343352671909368,-0.08451668004110297,-0.9956410741045054,-0.03944340693774942,0.13726405437150865,0.027574004780096792,-0.9901506216924183
2.667,0.016147762537002563,Empty,0.38318,0.10083,0.34321,-0.09327,0.14006,-0.03904,0.99634,-0.04513,0.07079,-0.01619,0.9859029321458037,-0.09222461361309403,0.13960669407382398,-0.0876386558264432,-0.9954018231593593,-0.03866104571733393,0.14253025780949458,0.02588109531953911,-0.989452017287256
2.733,0.016147762537002563,Empty,0.38566,0.10594,0.33823,-0.09837,0.1454,-0.03847,0.99604,-0.04763,0.07348,-0.01559,0.9846627330650093,-0.09718112434986209,0.14489696747359132,-0.09259825015381962,-0.9949758664704281,-0.03806033643928405,0.14786773204927744,0.024059389259029656,-0.9887144580752756
2.8,0.016147762537002563,Empty,0.388,0.11119,0.33409,-0.10247,0.14843,-0.03687,0.99584,-0.0497,0.07498,-0.01456,0.9838154457054786,-0.10117820423537305,0.1478855631190396,-0.09681041653042693,-0.9946348437868092,-0.03645916587628628,0.1507810069025127,0.021552227562237576,-0.9883322262501459
2.867,0.016147762537002563,Empty,0.39083,0.11653,0.33037,-0.10807,0.15042,-0.03619,0.99563,-0.05249,0.07599,-0.01396,0.9829426318883869,-0.10663358125761124,0.14984345752987507,-0.10239130685885256,-0.994100897942563,-0.03576905072162871,0.15277369765789958,0.019816257415734007,-0.988062504726278
2.933,0.016147762537002563,Empty,0.39404,0.12138,0.32671,-0.11308,0.15311,-0.03629,0.99539,-0.05495,0.07737,-0.01374,0.9819881611361327,-0.11152402609472367,0.15251768091634407,-0.10727041474650983,-0.9935827829631819,-0.03586518533689662,0.15553877172135594,0.01885855250971361,-0.9876497585119182
3.0,0.016147762537002563,Empty,0.39701,0.12599,0.32309,-0.11794,0.15337,-0.03636,0.99525,-0.05736,0.07753,-0.01358,0.9813960412169124,-0.11628518483519845,0.1527729232279597,-0.11207222816714019,-0.9930501233010367,-0.03593422164801035,0.15588978785483307,0.01814410095980351,-0.9876077995049125
3.067,0.016147762537002563,Empty,0.40073,0.12971,0.31991,-0.12329,0.15786,-0.03696,0.99491,-0.05995,0.07982,-0.01353,0.980068861917194,-0.1214561946227467,0.157205021192382,-0.1171355617542591,-0.9924450365730981,-0.03649807603060965,0.1604502604324778,0.01735632936952695,-0.9868913170952344
3.134,0.016147762537002563,Empty,0.4047,0.13311,0.31512,-0.13048,0.16336,-0.03871,0.99446,-0.06339,0.08266,-0.01393,0.9782991856699352,-0.1283751863848674,0.1626361424720604,-0.12376955949109392,-0.9915760569372862,-0.03818402089990107,0.16616798566788465,0.017225992840879317,-0.9859469892999946
3.2,0.016147762537002563,Empty,0.40877,0.13656,0.30956,-0.13763,0.16991,-0.04228,0.99394,-0.06671,0.08608,-0.01518,0.9762793727986414,-0.13522352083628192,0.1690951970356663,-0.12999539988072023,-0.9906386786274706,-0.04166778632313391,0.17314670732573234,0.018697802540896345,-0.9847185435048935
3.267,0.016147762537002563,Empty,0.41325,0.14094,0.30275,-0.14823,0.1762,-0.04628,0.99327,-0.07171,0.08943,-0.01647,0.9737213014244206,-0.14540326179427593,0.17528467877118573,-0.13951211880939218,-0.9891724859775501,-0.04554296532185545,0.18000887716345132,0.019891818533732564,-0.9834638375140057
3.333,0.016147762537002563,Empty,0.41786,0.14499,0.29494,-0.15352,0.18345,-0.04714,0.99275,-0.07419,0.0931,-0.01638,0.9716561612918857,-0.1503459428883353,0.18242916894108246,-0.14424704624703982,-0.9884565456933845,-0.04632976284103245,0.18728879804334514,0.018701730746627676,-0.98212685096914
3.4,0.016147762537002563,Empty,0.42192,0.14815,0.28661,-0.15799,0.18694,-0.04823,0.99242,-0.0763,0.09491,-0.01657,0.9703431019639841,-0.15458286019392437,0.18584510702511997,-0.14829365906746034,-0.9878084633288482,-0.047364865209175835,0.1909011659244033,0.018400519290638847,-0.9814367864200617
3.467,0.016147762537002563,Empty,0.42616,0.1501,0.27919,-0.16057,0.18949,-0.05058,0.99218,-0.07743,0.09629,-0.01751,0.969462951179334,-0.15703049934939967,0.18836934083001514,-0.15028540621077596,-0.987394510039561,-0.04966264414826467,0.1937934028049415,0.01983693065505076,-0.9808417880634309
3.533,0.016147762537002563,Empty,0.43138,0.15155,0.27294,-0.16116,0.19372,-0.05267,0.99194,-0.07755,0.09847,-0.01834,0.9685765001053663,-0.15746812833948215,0.19251844587181682,-0.15024548549598482,-0.9872985602210926,-0.05165120592428549,0.19820660314862132,0.021103116893422345,-0.9799330594105227
3.6,0.016147762537002563,Empty,0.43661,0.1534,0.2674,-0.16281,0.19559,-0.05642,0.99176,-0.07815,0.09956,-0.02004,0.9679624572340251,-0.1590022894324239,0.19433721553196098,-0.15102063872084798,-0.98698169171231,-0.05531642527363631,0.20060271201012034,0.024195292516403438,-0.9793738508630043
3.667,0.016147762537002563,Empty,0.44216,0.155,0.263,-0.16171,0.19947,-0.05968,0.99158,-0.07737,0.1016,-0.02155,0.9673820628786147,-0.15780662082442343,0.1981641108896679,-0.14904864859652966,-0.9871004643082761,-0.058456596838452946,0.20483272388039997,0.027013770310008192,-0.9784241470044442
3.733,0.016147762537002563,Empty,0.44812,0.15684,0.25891,-0.15872,0.20598,-0.06491,0.99131,-0.07549,0.10499,-0.02403,0.966557233125187,-0.1547060335672163,0.2045315581304804,-0.14461537337750008,-0.9874490725911753,-0.06348797383531643,0.21178647000285203,0.031786352680466416,-0.9767989142638337
3.8,0.016147762537002563,Empty,0.45325,0.15866,0.25434,-0.15433,0.21015,-0.06924,0.99121,-0.073,0.10716,-0.02624,0.9663737569061002,-0.15034944632095404,0.20860682144688403,-0.13909970614175748,-0.9879632556576772,-0.06767479014788119,0.21627074169768412,0.036381993640612335,-0.9756553268569121
3.867,0.016147762537002563,Empty,0.45826,0.15992,0.24975,-0.15014,0.21297,-0.07403,0.99115,-0.0706,0.10867,-0.02873,0.9664144545040418,-0.1461929517163062,0.21135449603481077,-0.1337062615688729,-0.9883809466644145,-0.07228927920537005,0.2194669399771437,0.04160198479916038,-0.9747325464545846
3.933,0.016147762537002563,Empty,0.46374,0.16053,0.24565,-0.14544,0.21685,-0.07789,0.99105,-0.06797,0.11066,-0.03075,0.9662699951616205,-0.14152358216845845,0.21515894622480702,-0.12791320976096188,-0.9888699976813076,-0.07598906799282747,0.22351847176242504,0.04590428494136425,-0.9736181435270257
4.0,0.016147762537002563,Empty,0.46868,0.16173,0.24151,-0.14408,0.21708,-0.08351,0.991,-0.06698,0.11094,-0.0336,0.96641254131561,-0.14020397869711676,0.21538255348426655,-0.1252946458714797,-0.988770402301375,-0.0814514778792746,0.22438371532677,0.051729448965515755,-0.9731269251263576
4.067,0.016147762537002563,Empty,0.47451,0.16301,0.23801,-0.13822,0.22202,-0.08714,0.99087,-0.06375,0.1134,-0.03554,0.9661547776002102,-0.13439557035553612,0.22018804778892664,-0.11827296249226904,-0.989345120393351,-0.08489840456197098,0.22925194015229372,0.055982706460798046,-0.9717558770152788
4.133,0.016147762537002563,Empty,0.48038,0.1636,0.23364,-0.12634,0.22881,-0.08463,0.9909,-0.05784,0.11648,-0.03474,0.9661748555816083,-0.12272323658372575,0.22681524561694213,-0.10653574002201571,-0.9908945239113858,-0.08232969440238437,0.2348537513854536,0.05538095055922558,-0.9704517843640333
4.2,0.016147762537002563,Empty,0.48561,0.16449,0.22916,-0.11773,0.22891,-0.08033,0.99121,-0.05382,0.11626,-0.03311,0.9671723413762899,-0.11439725663895123,0.226916129330171,-0.09899985641775,-0.9920138300699786,-0.07815106767764912,0.23404420630720557,0.05312088688429026,-0.9707736506882833
4.267,0.016147762537002563,Empty,0.49089,0.16593,0.22599,-0.10928,0.22701,-0.07558,0.99161,-0.04995,0.11506,-0.0313,0.9685306547654451,-0.10626900051289573,0.2250672573023647,-0.09186245536196214,-0.9930500149850925,-0.07357280090481254,0.2313215512538553,0.050582282155888,-0.9715615125443227
4.333,0.016147762537002563,Empty,0.4967,0.16871,0.22554,-0.10624,0.22573,-0.07227,0.9918,-0.04866,0.1143,-0.02987,0.9691343952818745,-0.10334872429784792,0.2238248535521527,-0.0896929818775441,-0.9934804185443316,-0.07036921891632995,0.22963817819245505,0.04812171188753812,-0.9720856999058587
4.4,0.016147762537002563,Empty,0.50251,0.17209,0.22779,-0.10357,0.21782,-0.06481,0.9924,-0.04791,0.11016,-0.02654,0.9711379204527872,-0.10094850481433809,0.21610307456023248,-0.08925338401253824,-0.9939995393196608,-0.06323566457792965,0.22118990234851632,0.042122621096645926,-0.9743206412116096
4.467,0.016147762537002563,Empty,0.50945,0.17516,0.23312,-0.09886,0.21733,-0.06162,0.99258,-0.04576,0.10978,-0.02523,0.9717083558391946,-0.0963818412354806,0.21562331013215613,-0.08530202056555164,-0.9945386836792893,-0.06013627817632658,0.22024176824508923,0.040041819957701265,-0.9746231149396938
4.533,0.016147762537002563,Empty,0.51653,0.17768,0.23864,-0.09474,0.21956,-0.05878,0.99259,-0.04383,0.11077,-0.02399,0.9716150056681683,-0.09233484211848014,0.2178039432411646,-0.08170349196593357,-0.9950057340672018,-0.05734220586933482,0.22201085595307649,0.037919204954005865,-0.9743065809767674
4.6,0.016147762537002563,Empty,0.52334,0.18021,0.24256,-0.09267,0.22337,-0.057,0.99245,-0.04284,0.1126,-0.02313,0.9709721598886951,-0.09023574344345042,0.22151879226442667,-0.07981974187313784,-0.9952602868070826,-0.055549710278175596,0.2254814261272714,0.03625564935139572,-0.9735726240819018
4.667,0.016147762537002563,Empty,0.52919,0.18326,0.24454,-0.0916,0.22462,-0.0538,0.99244,-0.04247,0.11314,-0.02157,0.9707888831567382,-0.08918719367560513,0.22274332498093719,-0.07942586344973368,-0.9954614301072267,-0.05242206962853363,0.2264077661091986,0.03319918151317337,-0.9734666598257476
4.733,0.016147762537002563,Empty,0.53444,0.18735,0.2454,-0.09169,0.22454,-0.05,0.99248,-0.04273,0.11302,-0.01968,0.9708029104157363,-0.0892681335225558,0.22264974616139863,-0.08036992530578607,-0.9955732578152163,-0.04872949239976873,0.22601412397166348,0.029412389576433166,-0.9736798894424831
4.8,0.016147762537002563,Empty,0.53902,0.1919,0.24554,-0.09128,0.22336,-0.0477,0.99258,-0.04267,0.11238,-0.01859,0.9711018222834138,-0.08887883713062283,0.22149899112217508,-0.08052156374296893,-0.9956677449265006,-0.04649752128193217,0.22467204661510545,0.02731838251589862,-0.9740514244363565
4.867,0.016147762537002563,Empty,0.54331,0.1966,0.2458,-0.09087,0.2211,-0.04373,0.99274,-0.04272,0.11117,-0.0167,0.9716324669904046,-0.08853541113684349,0.21929849535500776,-0.08110909574115177,-0.9957919924919097,-0.04265703080437386,0.2221523434001833,0.023659853419299694,-0.9747248574125851
4.934,0.016147762537002563,Empty,0.54714,0.20173,0.2464,-0.09039,0.21987,-0.04104,0.99284,-0.04265,0.1105,-0.01542,0.9719427818683566,-0.0881008166179757,0.21809510513820665,-0.081284530835662,-0.99588599513268,-0.0400488419984574,0.22072619649879788,0.02119742460387346,-0.9751054380780251
5.0,0.016147762537002563,Empty,0.5502,0.20607,0.24688,-0.09186,0.21965,-0.04049,0.99283,-0.04341,0.11039,-0.01507,0.9718591786720094,-0.08952406244762745,0.21788799662634145,-0.08286957303918485,-0.9957769365572358,-0.039508562173149936,0.22050480878037665,0.020340473533321322,-0.9751737765348131
5.067,0.016147762537002563,Empty,0.55356,0.21167,0.24621,-0.09488,0.22614,-0.04026,0.9924,-0.04484,0.11363,-0.01463,0.9701569614187413,-0.09231637514095514,0.22421676362749893,-0.0856666262112476,-0.9955512944828362,-0.03922816854164622,0.22684069159729184,0.018849587114413164,-0.9737494511943402
5.133,0.016147762537002563,Empty,0.55514,0.21731,0.24136,-0.09441,0.23335,-0.03664,0.99203,-0.04473,0.11712,-0.01268,0.9685653948809899,-0.09172665715254352,0.2312299639031477,-0.08578486427494669,-0.9956759113969412,-0.03564318343244585,0.23349953511808164,0.01468672296633012,-0.9722459911298941
5.2,0.016147762537002563,Empty,0.55558,0.22294,0.23416,-0.09467,0.2391,-0.03298,0.99171,-0.04501,0.11989,-0.01071,0.9672032815247597,-0.09184073183544839,0.23681869052856813,-0.08670359287897972,-0.9957188154246164,-0.03203946927268109,0.23874735430913674,0.010455648489126773,-0.9710254271774038
5.267,0.016147762537002563,Empty,0.55532,0.22821,0.22566,-0.09315,0.24409,-0.02957,0.99146,-0.04441,0.12228,-0.00899,0.9661504221134889,-0.09026010658730593,0.24167431598904954,-0.08586244288501438,-0.9958938542799205,-0.0286892298485317,0.24327145897483424,0.006967364374885143,-0.9699332209394227
5.333,0.016147762537002563,Empty,0.55488,0.23261,0.21707,-0.09053,0.24986,-0.02724,0.99117,-0.0432,0.12508,-0.00786,0.9649761589695628,-0.08760424259388716,0.24727820223363772,-0.08367306613202563,-0.996143945099663,-0.026382923366169903,0.24863593992907415,0.004768366683771412,-0.9685852735070644
5.4,0.016147762537002563,Empty,0.5544,0.23585,0.20895,-0.0882,0.25747,-0.02582,0.99075,-0.04206,0.12881,-0.00713,0.9632784103132257,-0.08517556689151085,0.25463665688414594,-0.08150409994728974,-0.9963605443091436,-0.024954908049712884,0.2558354664940081,0.00328459262271103,-0.9667147591379247
5.467,0.016147762537002563,Empty,0.55413,0.23794,0.20065,-0.08904,0.2676,-0.02411,0.99008,-0.0425,0.13379,-0.006,0.9605907798292539,-0.08575413750130989,0.26440798325397075,-0.08254179879767187,-0.9963161957288198,-0.023257032908268485,0.26542834279381394,0.0005157808236208965,-0.9641304521753638
5.533,0.016147762537002563,Empty,0.55341,0.24017,0.19186,-0.08983,0.27682,-0.02235,0.98944,-0.04293,0.13832,-0.00486,0.9580470542127804,-0.08630301203073387,0.273308675362925,-0.08361445550895841,-0.9962663682859207,-0.02149293493970514,0.2741431464475343,-0.002261313070974126,-0.9616862387073245
5.6,0.016147762537002563,Empty,0.55218,0.24217,0.18297,-0.09148,0.28539,-0.02189,0.98881,-0.0437,0.14255,-0.00432,0.955542823173598,-0.08764529396916382,0.2815248044604396,-0.08518483934097731,-0.9961440197985105,-0.020991306917783642,0.2822790396538181,-0.003923552564140157,-0.9593243192515213
5.667,0.016147762537002563,Empty,0.55052,0.24426,0.17402,-0.0908,0.29337,-0.02099,0.98826,-0.04336,0.14647,-0.00374,0.953335062924145,-0.08680347787900033,0.2891667581647761,-0.08461381357586856,-0.9962112750158532,-0.02008975070618821,0.2898150450745518,-0.0053152384140783444,-0.9570679118479719
5.733,0.016147762537002563,Empty,0.54873,0.24637,0.16538,-0.09112,0.3009,-0.02172,0.98769,-0.0434,0.15021,-0.0039,0.9511053837574204,-0.08690985448433541,0.29638695345976607,-0.0845660588370627,-0.9962019018795083,-0.020744936356059396,0.2970641861288843,-0.005333655890863145,-0.9548426160548247
5.8,0.016147762537002563,Empty,0.5471,0.24774,0.15735,-0.09173,0.30848,-0.02306,0.98711,-0.04353,0.15398,-0.00434,0.948792891038893,-0.08726567347855657,0.3036062452361501,-0.08458999142106693,-0.9961733782279429,-0.02198030621514596,0.3043625851931265,-0.004827291400119825,-0.9525440220757754
5.867,0.016147762537002563,Empty,0.54545,0.2489,0.14984,-0.09137,0.31514,-0.02426,0.9866,-0.0432,0.15729,-0.0048,0.9467855897041573,-0.08675859660078689,0.3099515979058879,-0.08373758299955364,-0.9962208591355939,-0.023065494066503156,0.3107813770513673,-0.0041165202539164844,-0.9504725087760587
5.933,0.016147762537002563,Empty,0.54401,0.24922,0.14298,-0.08904,0.32323,-0.02453,0.986,-0.04195,0.16128,-0.00493,0.9444545761771048,-0.08432428643709489,0.31763968306085477,-0.08114156344452644,-0.9964311028167342,-0.023261642702197022,0.31846758111290285,-0.003804215596094992,-0.9479261193383138
6.0,0.016147762537002563,Empty,0.54212,0.24917,0.13611,-0.08887,0.32837,-0.0235,0.9856,-0.0419,0.16379,-0.00432,0.9428363020649166,-0.08400808359509365,0.32249395250024926,-0.08117622685027004,-0.9964514797599451,-0.022245644035856382,0.32321839010629755,-0.005204841486181173,-0.9463100876151523
6.067,0.016147762537002563,Empty,0.53991,0.24869,0.13053,-0.08694,0.3312,-0.02382,0.9854,-0.0409,0.16519,-0.00457,0.9420812162125608,-0.08211173791786036,0.3251778660296093,-0.07909527201680211,-0.9966129039117095,-0.022509058204587706,0.3259247152396548,-0.0045146708382777755,-0.9453849468566611
6.133,0.016147762537002563,Empty,0.53796,0.24796,0.12627,-0.08326,0.33623,-0.02496,0.98506,-0.03894,0.16768,-0.00533,0.9407370927155286,-0.07849896888285046,0.32992671045773847,-0.07492226532031016,-0.9969109296402918,-0.023563796871526793,0.3307572773929671,-0.002551518774912438,-0.9437124102201545
6.2,0.016147762537002563,Empty,0.5368,0.24664,0.12287,-0.08413,0.34074,-0.02551,0.98466,-0.03928,0.16991,-0.00543,0.9391779175820258,-0.07920573581711848,0.3341725460596038,-0.07551520358243974,-0.996854755560797,-0.024042677549026836,0.33502580968366,-0.0026547560137620526,-0.9422052107244554
6.267,0.016147762537002563,Empty,0.53603,0.24656,0.11964,-0.08598,0.34617,-0.02595,0.98416,-0.0401,0.1726,-0.00537,0.9371998684953996,-0.08078761127034434,0.3393077782153501,-0.07708354066993617,-0.9967259296851241,-0.024403869592977412,0.34016839102125823,-0.0032837415483713815,-0.9403588053458379
6.333,0.016147762537002563,Empty,0.53483,0.24709,0.11619,-0.08756,0.34899,-0.025,0.98389,-0.04093,0.17397,-0.0047,0.9361205482819073,-0.08218274186336239,0.34194197756958833,-0.07891488179355688,-0.9966047281660876,-0.023483126463639425,0.34271089932461996,-0.0050012735196436,-0.939427605910797
6.4,0.016148090362548828,Empty,0.53361,0.24858,0.11309,-0.088,0.35283,-0.0245,0.98355,-0.04115,0.17585,-0.00433,0.9347692785718664,-0.0824617294032331,0.3455523969270945,-0.07941310642834132,-0.9965764999959641,-0.02299648197431922,0.34626572796861266,-0.005944984408914515,-0.9381176380362671
6.467,0.016148090362548828,Empty,0.53235,0.2502,0.10975,-0.08886,0.35637,-0.0245,0.98322,-0.04154,0.17759,-0.00417,0.9334716583405599,-0.08317549924613926,0.3488731852694916,-0.08021251748644587,-0.9965133658288688,-0.02295786930238325,0.349566324341193,-0.006553476144319686,-0.9368887003465318
6.534,0.016148090362548828,Empty,0.53128,0.25232,0.10617,-0.0903,0.36156,-0.02488,0.98273,-0.04216,0.18015,-0.00411,0.9315368856111922,-0.08433596195354215,0.3537322098242843,-0.0813724352167563,-0.9964120411029017,-0.02327168090284812,0.3544256727900726,-0.0071056221768300565,-0.9350571921549957
6.6,0.016147762537002563,Empty,0.52955,0.25471,0.10194,-0.09231,0.3641,-0.0248,0.98246,-0.04313,0.1814,-0.00383,0.9304659118672836,-0.08614578252078348,0.35610685335565523,-0.08336383318572521,-0.9962494857651416,-0.023182610493073713,0.3567683536548145,-0.008115803507532564,-0.9341576288634912
6.667,0.016147762537002563,Empty,0.52739,0.25641,0.09804,-0.09034,0.36512,-0.02381,0.98241,-0.04224,0.18188,-0.0035,0.9302747741033699,-0.08426543039456524,0.3570548724038686,-0.08171628564599359,-0.9964072630800611,-0.02224892674992901,0.35764688356973906,-0.008479582638315723,-0.9338183995569662
6.733,0.016147762537002563,Empty,0.52568,0.25769,0.09536,-0.08943,0.36546,-0.02327,0.9824,-0.04184,0.18203,-0.00331,0.9302287726496332,-0.0834174212689135,0.35737370407404256,-0.08101093630596873,-0.9964763671448177,-0.0217273542037896,0.35792689020746543,-0.008739768344255307,-0.9337087113847132
6.8,0.016147762537002563,Empty,0.52432,0.2581,0.09401,-0.08848,0.36505,-0.0218,0.98245,-0.04151,0.1818,-0.00268,0.9304483999365755,-0.08253131531159164,0.35700750279007476,-0.0805795657760604,-0.9965401044852135,-0.020365503478708746,0.3574530859215069,-0.009818459427952602,-0.9338794832416298
6.867,0.016147762537002563,Empty,0.52398,0.25854,0.09385,-0.08988,0.36598,-0.02137,0.98234,-0.04223,0.18225,-0.00232,0.930001323553934,-0.08381631235444953,0.35787199383471213,-0.08212219380633595,-0.9964223958173459,-0.01995881755153331,0.35826454397883895,-0.010827506496056733,-0.9335573263762179
6.933,0.016147762537002563,Empty,0.52308,0.25946,0.0942,-0.0878,0.36604,-0.021,0.98238,-0.04124,0.18227,-0.00233,0.9301554497098203,-0.08187649119307938,0.35792049335715825,-0.08017641094418476,-0.9965876773346583,-0.019614905373718156,0.3583051527723697,-0.010451869431842474,-0.9335460223910489
7.0,0.016147762537002563,Empty,0.52234,0.25926,0.0956,-0.0849,0.36656,-0.02102,0.98239,-0.03981,0.18252,-0.00259,0.9302000281260021,-0.0791606606645972,0.3584152584329089,-0.07726663098341069,-0.9968172225047405,-0.019628872978550427,0.3588283369674945,-0.009434761315429994,-0.9333558859663675
7.067,0.016147762537002563,Empty,0.52286,0.25766,0.09833,-0.08356,0.36962,-0.02109,0.98214,-0.03912,0.18402,-0.00268,0.9292138643251435,-0.07783773184419168,0.3612518260815927,-0.07586444959000432,-0.996924206087403,-0.019665009672179323,0.36167136966359287,-0.009133171319586863,-0.9322609106614457
7.133,0.016147762537002563,Empty,0.52401,0.25661,0.10046,-0.0846,0.3728,-0.02193,0.98183,-0.03952,0.1856,-0.00293,0.9279810909522945,-0.07868409287501094,0.3642250792620214,-0.07651049506990082,-0.9968596961667289,-0.020417891726016296,0.3646878651383231,-0.008919623692356595,-0.9310871072751674
7.2,0.016147762537002563,Empty,0.52413,0.25653,0.10056,-0.0848,0.373,-0.022,0.9818,-0.03961,0.1857,-0.00294,0.9278966174204903,-0.0788658236230751,0.3644009457230678,-0.07667947183204737,-0.9968452429453412,-0.02048951480152389,0.36486727172928296,-0.00892992057622234,-0.9310167187217058
7.267,0.016147762537002563,Empty,0.52389,0.25667,0.10026,-0.08437,0.37243,-0.02183,0.98186,-0.03942,0.18542,-0.00291,0.9281274532362473,-0.07849598453404022,0.3638925816243431,-0.0763378064407047,-0.9968746470967842,-0.020334140834648073,0.36435143729237435,-0.00890608711463832,-0.9312189386794534
7.333,0.016147762537002563,Empty,0.52383,0.25659,0.10019,-0.08441,0.3723,-0.02173,0.98188,-0.03945,0.18535,-0.00286,0.9281780428570734,-0.07852612558880945,0.36375701829383755,-0.07640786260983773,-0.9968713129832503,-0.020234225521299137,0.36420785176792775,-0.009012932434071752,-0.931274077680427
7.4,0.016147762537002563,Empty,0.5238,0.25665,0.10018,-0.08431,0.37228,-0.02175,0.98188,-0.0394,0.18534,-0.00288,0.9281951789198599,-0.07843062448274774,0.36373389582657223,-0.07629739747026332,-0.9968793761083843,-0.020253805297361177,0.3641873377386896,-0.008952465191495146,-0.931282683398441
7.467,0.016147762537002563,Empty,0.52381,0.25663,0.10019,-0.08432,0.37228,-0.02173,0.98188,-0.03941,0.18534,-0.00287,0.9281897143912553,-0.07846348159780092,0.36374075404583317,-0.07633625733333238,-0.9968765829804527,-0.020244854199413548,0.3641931217288693,-0.00897554236621673,-0.9312801993624761
7.533,0.016147762537002563,Empty,0.5238,0.25664,0.10019,-0.0843,0.37228,-0.02173,0.98188,-0.0394,0.18534,-0.00287,0.9281931812035022,-0.07843378815766588,0.36373831148582747,-0.07630508505396405,-0.9968790081425579,-0.02024295234438553,0.3641908186133058,-0.008965712461825301,-0.9312811947193083
7.6,0.016147762537002563,Empty,0.52381,0.25663,0.10019,-0.0843,0.37228,-0.02173,0.98188,-0.0394,0.18534,-0.00287,0.9281915207843874,-0.07843932100314716,0.3637413554499008,-0.0763117816444554,-0.9968785330680199,-0.020241103981781916,0.3641936472897554,-0.00897012980494588,-0.9312800459824464
7.667,0.016147762537002563,Empty,0.5238,0.25664,0.10018,-0.0843,0.37228,-0.02173,0.98188,-0.0394,0.18534,-0.00287,0.9281944102106052,-0.07843213715995118,0.363735531278303,-0.07630626232314724,-0.9968790726979049,-0.020235334127107735,0.3641874396297294,-0.00897297484044624,-0.9312824461668195
7.733,0.016147762537002563,Empty,0.52381,0.25664,0.10019,-0.0843,0.3723,-0.02173,0.98188,-0.0394,0.18535,-0.00287,0.9281889681005286,-0.0784334185878362,0.3637491420541097,-0.07630458071131391,-0.9968790353537883,-0.020243513394922863,0.36420166180146135,-0.008965919959776284,-0.9312769522651836
7.8,0.016147762537002563,Empty,0.52381,0.25663,0.10018,-0.0843,0.37228,-0.02173,0.98188,-0.0394,0.18534,-0.00287,0.9281935666289891,-0.07843612336686884,0.36373682439331545,-0.07631007905631604,-0.9968787557348734,-0.020236556004155748,0.3641887899194252,-0.008973344731362708,-0.9312819145572176
7.867,0.016147762537002563,Empty,0.5238,0.25664,0.10019,-0.08428,0.37228,-0.02173,0.98188,-0.03939,0.18534,-0.00287,0.9281924188076716,-0.07841790575510688,0.3637436813539816,-0.07628931765323804,-0.9968802790287657,-0.020239794849087944,0.364196064888086,-0.008963333114026036,-0.93127916597523
7.933,0.016147762537002563,Empty,0.5238,0.25664,0.10019,-0.0843,0.37228,-0.02173,0.98188,-0.0394,0.18534,-0.00287,0.928193212017318,-0.07842833988278619,0.363739407637122,-0.07630084279600763,-0.9968794158140333,-0.020238866442829184,0.36419162889005696,-0.00896804490967392,-0.9312808553905235
8.0,0.016147762537002563,Empty,0.5238,0.25664,0.10019,-0.08426,0.37228,-0.02172,0.98188,-0.03938,0.18534,-0.00287,0.9281934632349241,-0.07840418068739258,0.363743974876143,-0.07627621170464399,-0.9968813666220724,-0.02023562229577608,0.36419614816187396,-0.008962440094511163,-0.9312791420039463
8.067,0.016147762537002563,Empty,0.5238,0.25664,0.10018,-0.08428,0.37228,-0.02173,0.98188,-0.03939,0.18534,-0.00287,0.9281941283627698,-0.07841805934745855,0.3637392858092953,-0.07629209520426894,-0.9968802044394329,-0.020232997952276705,0.36419112603442244,-0.008970282324016421,-0.9312810304912298
8.133,0.016147762537002563,Empty,0.52381,0.25664,0.10019,-0.08428,0.37228,-0.02173,0.98188,-0.03939,0.18534,-0.00287,0.9281928189939725,-0.07841414859942208,0.363743470137197,-0.07628805390566118,-0.9968805197128552,-0.020232702447131656,0.3641953096887837,-0.008969432337389314,-0.9312794025877711
8.2,0.016147762537002563,Empty,0.5238,0.25664,0.10019,-0.08428,0.37228,-0.02173,0.98188,-0.03939,0.18534,-0.00287,0.9281931360462337,-0.07841421983520247,0.36374264573224646,-0.07628632413347891,-0.9968805587734815,-0.02023729946592112,0.3641948639764978,-0.008964466917119343,-0.9312796247025013
8.267,0.016147762537002563,Empty,0.5238,0.25664,0.10019,-0.08428,0.37228,-0.02173,0.98188,-0.03939,0.18534,-0.00287,0.9281929645568561,-0.0784140127609374,0.36374312797616104,-0.07628681241914409,-0.996880558038786,-0.020235494933523307,0.36419519875758993,-0.008966359741047803,-0.9312794755576401
8.333,0.01440332643687725,Grasping,0.5238,0.25664,0.10019,-0.08428,0.37228,-0.02173,0.98188,-0.03939,0.18534,-0.00287,0.9281934531123188,-0.07841311474558404,0.36374207487631305,-0.076286309072507,-0.9968806210570851,-0.02023428795224494,0.3641940590502864,-0.008967206741026136,-0.9312799131065483
8.4,0.01440332643687725,Grasping,0.52381,0.25664,0.10019,-0.08428,0.37228,-0.02173,0.98188,-0.03939,0.18534,-0.00287,0.9281930986911568,-0.07841192191709806,0.3637432364228579,-0.07628592728171091,-0.9968806963241382,-0.02023201905570529,0.36419504230683547,-0.008969269622874627,-0.9312795087198873
8.467,0.01440332643687725,Grasping,0.5238,0.25664,0.10019,-0.08426,0.37228,-0.02172,0.98188,-0.03938,0.18534,-0.00287,0.9281922853892379,-0.07840530083408198,0.36374673901633864,-0.07627867138288313,-0.9968812421557309,-0.020232482055076106,0.3641986348628526,-0.008966484214224836,-0.9312781305951894
8.533,0.012588956393301487,Grasping,0.52381,0.25664,0.10019,-0.08428,0.37228,-0.02173,0.98188,-0.03939,0.18534,-0.00287,0.9281926733359512,-0.07840565546740547,0.36374567262881063,-0.07627982120346133,-0.9968811946506013,-0.020230487615424758,0.3641974053211079,-0.00896866448900751,-0.9312785904414727
8.6,0.012588956393301487,Grasping,0.52381,0.25664,0.10019,-0.08428,0.3723,-0.02173,0.98188,-0.03939,0.18535,-0.00287,0.9281902680445565,-0.07841005796286882,0.3637508613290608,-0.07628173242590014,-0.9968808994097729,-0.020237828195375646,0.3642031350846357,-0.008962990696288725,-0.9312764042926787
8.667,0.012588956393301487,Grasping,0.5238,0.25664,0.10019,-0.08426,0.37228,-0.02172,0.98188,-0.03938,0.18534,-0.00287,0.9281936618774722,-0.07839837874472783,0.36374471853304824,-0.0762725606885638,-0.9968817794834225,-0.02022904397085068,0.36419640653979213,-0.008967270719872151,-0.931278994458341
8.733,0.010714502073824406,Grasping,0.52381,0.25664,0.10019,-0.08426,0.37228,-0.02172,0.98188,-0.03938,0.18534,-0.00287,0.9281923803003487,-0.07840510141178919,0.3637465398116931,-0.07627870871558051,-0.9968812524587327,-0.02023183365372086,0.3641983851543773,-0.008967082519708515,-0.9312782224888695
8.8,0.010714502073824406,Grasping,0.5238,0.25664,0.10019,-0.08426,0.37228,-0.02172,0.98188,-0.03938,0.18534,-0.00287,0.9281941326639551,-0.07840033370778215,0.363743095828246,-0.07627550871480382,-0.9968815988130977,-0.02022683163869357,0.36419458927681236,-0.008970263226380054,-0.9312796763159515
8.867,0.010714502073824406,Grasping,0.52381,0.25664,0.10019,-0.08426,0.37228,-0.02172,0.98188,-0.03938,0.18534,-0.00287,0.9281925506685347,-0.07840005917661469,0.36374719188543947,-0.07627463659692635,-0.9968816333917212,-0.020228416108548197,0.3641988038083681,-0.008968819730436561,-0.9312780420353508
