time,gr,gr_state,tx,ty,tz,rx,ry,rz,qw,qx,qy,qz,xx,xy,xz,yx,yy,yz,zx,zy,zz
0.0,0.01555610541254282,Empty,0.30734,-0.00045,0.48574,-0.00397,0.00199,0.0051,0.99999,-0.00199,0.00099,0.00255,0.9999901299754291,-0.003968830296150416,0.001997082322861919,-0.003978975055058898,-0.9999790698873556,0.005101719781624839,0.001976792663672047,-0.005109615768270809,-0.9999849919461118
0.067,0.01555610541254282,Empty,0.30734,-0.00045,0.48573,-0.00397,0.00199,0.0051,0.99999,-0.00199,0.00099,0.00255,0.9999901107760572,-0.003975066535328087,0.0019942908835639175,-0.00398518865659564,-0.9999790666002658,0.005097512396496427,0.001973986185334782,-0.005105409611461919,-0.999985018973404
0.133,0.015556433238089085,Empty,0.30734,-0.00045,0.48574,-0.00397,0.00199,0.0051,0.99999,-0.00199,0.00099,0.00255,0.9999901335293662,-0.003968556268899859,0.0019958469532205675,-0.003978690769232018,-0.9999790812153493,0.0050997207245837934,0.001975566673876704,-0.005107611266188601,-0.9999850046093044
0.2,0.015556433238089085,Empty,0.30734,-0.00045,0.48574,-0.00397,0.00199,0.0051,0.99999,-0.00199,0.00099,0.00255,0.9999901361866637,-0.003968258851818618,0.001995106779739181,-0.003978400984840924,-0.9999790528866759,0.005105498356734461,0.001974805048964055,-0.00511338533182906,-0.9999849766048822
0.267,0.015556433238089085,Empty,0.30734,-0.00044,0.48574,-0.00395,0.00199,0.00514,0.99999,-0.00198,0.00099,0.00257,0.9999902178567213,-0.003945682274063778,0.001998945286770845,-0.0039559120546569515,-0.9999789666561489,0.005139747573199424,0.001978623431374567,-0.005147604947208782,-0.9999847934906934
0.333,0.01555610541254282,Empty,0.30686,-0.00013,0.48703,-0.00518,-0.00784,0.00598,0.99998,-0.00258,-0.00393,0.00298,0.9999558959039105,-0.005173440614766156,-0.007838479394178251,-0.005126622251191482,-0.9999689706879173,0.005981254520666584,-0.00786917983661935,-0.005940805799964768,-0.9999513902361186
0.4,0.01555610541254282,Empty,0.30704,0.00188,0.48941,-0.00836,-0.0082,0.01047,0.99997,-0.00416,-0.00412,0.00522,0.9999315303362667,-0.008354045453289938,-0.008194178661495502,-0.008268072691766937,-0.9999110020987588,0.010470284419216522,-0.008280918628739144,-0.010401817457540577,-0.99991161038376
0.467,0.01555610541254282,Empty,0.30649,0.00529,0.48948,-0.01032,-0.00859,0.01762,0.99994,-0.00512,-0.00434,0.00879,0.9999098837755762,-0.010321060153848094,-0.008584873045899104,-0.01016851817042358,-0.9997929326098908,0.017626489767744054,-0.00876501945983705,-0.017537605897478332,-0.9998077849333109
0.533,0.01555610541254282,Empty,0.30603,0.00871,0.48932,-0.00808,-0.0067,0.02439,0.99991,-0.004,-0.0034,0.01218,0.999944917109698,-0.008085141491389336,-0.006692774726790293,-0.007919698786762797,-0.999671207975295,0.02438758529131691,-0.006887751273550604,-0.024333237192747752,-0.9996801750810683
0.6,0.01555610541254282,Empty,0.30675,0.01154,0.4879,-0.0051,-0.00167,0.02931,0.99989,-0.00254,-0.00087,0.01465,0.9999855309921253,-0.005112030638837972,-0.0016747982400467133,-0.005060758159364742,-0.999557629264159,0.029307584456353564,-0.0018238786280080942,-0.029298684655824674,-0.9995690374077162
0.667,0.01555610541254282,Empty,0.30731,0.01477,0.48454,-0.00537,0.00055,0.03522,0.99984,-0.00269,0.00023,0.01761,0.9999854440680651,-0.0053660234564826825,0.0005634219189195981,-0.005382537959389255,-0.9993651462242127,0.03521835881147747,0.0003740816889057701,-0.03522087881530948,-0.9993794823581117
0.733,0.01555610541254282,Empty,0.30702,0.01879,0.47951,-0.00808,0.00391,0.04175,0.99977,-0.00408,0.00187,0.02088,0.999959795234739,-0.008074098508594085,0.0039008777694558606,-0.008229899753481706,-0.9990951038708474,0.041728193962208324,0.0035604303316254305,-0.04175862012295851,-0.9991213845080489
0.8,0.01555610541254282,Empty,0.30761,0.0237,0.47409,-0.00655,0.00814,0.04722,0.99971,-0.00337,0.00399,0.02362,0.99994539401282,-0.0065493537564587645,0.008143399653612684,-0.006926606155341408,-0.9988616690077726,0.047195214949989864,0.007825031611085206,-0.04724904393085349,-0.9988524899743233
0.867,0.01555610541254282,Empty,0.30883,0.02964,0.46917,-0.00827,0.01013,0.04974,0.99967,-0.00426,0.00496,0.02489,0.9999144969821292,-0.008261230140320097,0.010136607003542502,-0.008755416778921332,-0.9987249189805474,0.04971799356697708,0.00971295022137879,-0.04980249274752477,-0.9987118554989369
0.933,0.01555610541254282,Empty,0.31299,0.03471,0.46464,-0.00485,0.01499,0.05163,0.99964,-0.00262,0.00743,0.02583,0.9998758918688264,-0.004848205219219304,0.014989855425294359,-0.005615743855185096,-0.9986523926706699,0.051593236321233416,0.01471952038864852,-0.05167101236958711,-0.9985556780671925
1.0,0.01555610541254282,Empty,0.31877,0.03894,0.4579,0.00274,0.02064,0.05022,0.99963,0.00111,0.01035,0.02509,0.9997833384976003,0.0027370369583668563,0.0206345509105699,0.0016983540845610379,-0.9987383664880888,0.05018755720401922,0.020745882868555346,-0.05014163871865165,-0.9985266267909996
1.067,0.015556433238089085,Empty,0.3256,0.04261,0.45083,0.00809,0.02027,0.04391,0.9997,0.00382,0.01022,0.02191,0.9997618090427403,0.008089297621170166,0.02027038340988575,0.007193310767274086,-0.9990104117473086,0.043891382988901106,0.020605374536587746,-0.0437351172911324,-0.9988306453326998
1.133,0.015556433238089085,Empty,0.33284,0.04593,0.44266,0.01235,0.02047,0.03753,0.99975,0.00598,0.01035,0.0187,0.9997143893162594,0.012344641128427702,0.02046337287518885,0.011570822291009641,-0.9992292107841395,0.037511336782572686,0.020910663918885092,-0.0372638450930127,-0.9990866578947771
1.2,0.015556433238089085,Empty,0.33954,0.05,0.43312,0.01501,0.01729,0.03131,0.99981,0.00737,0.00876,0.01559,0.9997380158111984,0.015001529357171028,0.017287390168387703,0.014455360477190538,-0.9994056014496917,0.03129674654743832,0.017746613630848326,-0.031038651838088092,-0.9993606254984789
1.267,0.015556433238089085,Empty,0.34506,0.0542,0.42454,0.0178,0.01849,0.02619,0.99983,0.00878,0.00936,0.01301,0.9996705758720918,0.017793264024460465,0.018497013026872487,0.01730579401568777,-0.9995072233109803,0.026188166080518382,0.018953871083423373,-0.025859433569397246,-0.9994858880776771
1.333,0.015556433238089085,Empty,0.3502,0.05876,0.41502,0.02151,0.0215,0.02081,0.99983,0.01064,0.01086,0.01029,0.9995376380042909,0.021505750083128383,0.021494485947929708,0.021058771129186693,-0.9995616511310395,0.020809462912793578,0.021932586973092087,-0.02034719394787465,-0.9995523764801502
1.4,0.015556433238089085,Empty,0.3546,0.06364,0.40543,0.02159,0.02713,0.01934,0.9998,0.01066,0.01367,0.00952,0.9993992955970495,0.02156675784924439,0.027127899218219058,0.021046005574301918,-0.9995914809817347,0.019337445490781337,0.02753386295978533,-0.018754895483967478,-0.9994449160838716
1.467,0.01555610541254282,Empty,0.35864,0.06936,0.39598,0.0223,0.03191,0.0176,0.99977,0.01101,0.01605,0.00862,0.9992423064367755,0.022292044758392304,0.03190419670518284,0.021738405637034164,-0.9996088325380952,0.017596125487903142,0.03228397043848422,-0.016889246647382294,-0.9993360288713758
1.533,0.01555610541254282,Empty,0.36347,0.0744,0.38606,0.02567,0.04266,0.01625,0.99966,0.01266,0.02143,0.00785,0.9987607582620541,0.025644225461127157,0.042653504619259326,0.02497085882426492,-0.9995561705648279,0.01624555617253577,0.04305117844362615,-0.01516032935906296,-0.9989578371724903
1.6,0.01555610541254282,Empty,0.36834,0.07896,0.37663,0.02992,0.05098,0.01833,0.99952,0.01472,0.02562,0.00878,0.998253898022365,0.029881810270267595,0.05095323834777236,0.02898192544272682,-0.999412232956497,0.018309467893432078,0.051470409759253016,-0.01680077474047322,-0.9985331896774059
1.667,0.01555610541254282,Empty,0.37418,0.08356,0.36768,0.03659,0.06325,0.01845,0.9993,0.01799,0.03178,0.00864,0.9973324639248539,0.03650223506019262,0.06321030957992846,0.035404405913851245,-0.9992036283063426,0.01840209828600205,0.06383168839586817,-0.01611508656665775,-0.9978305565282521
1.733,0.01555610541254282,Empty,0.37905,0.08786,0.35791,0.04007,0.06986,0.01565,0.99916,0.01975,0.03507,0.00712,0.9967604324134035,0.03996092227736403,0.06979803052943125,0.03896149969295887,-0.9991185813010581,0.01562248509796485,0.07036079815295242,-0.012852439056577871,-0.9974388065909487
1.8,0.015556433238089085,Empty,0.38385,0.09181,0.34819,0.04171,0.0817,0.01045,0.99894,0.02062,0.04094,0.00437,0.9957971909803999,0.04155886797670638,0.08161381579144303,0.04084264780106267,-0.9991111894440066,0.010426372733607664,0.08197458481836474,-0.007049228346170456,-0.9966094901332118
1.867,0.015556433238089085,Empty,0.38739,0.09583,0.33712,0.0402,0.08772,0.00407,0.99884,0.01999,0.04388,0.00115,0.995349691852417,0.040034226292869235,0.0876142206176032,0.03983176186108306,-0.9991981576797331,0.0040586249480277295,0.08770645173726192,-0.000549922320079137,-0.9961462121140156
1.933,0.015556433238089085,Empty,0.39016,0.10105,0.32661,0.03647,0.0965,-0.00158,0.99867,0.01825,0.04821,-0.00167,0.9946852079209098,0.036285399768300974,0.09635718399263873,0.03660826561547814,-0.9993284367816777,-0.001584401500494291,0.09623498341020927,0.005103450121511381,-0.9953455594741426
2.0,0.015556433238089085,Empty,0.39185,0.10707,0.31491,0.0319,0.10445,-0.00925,0.9985,0.01617,0.05212,-0.00545,0.9940449534347207,0.03171480613811206,0.10425354489217717,0.03285137797336829,-0.9994178802606499,-0.009202585536694154,0.1039009986295326,0.012572656319618602,-0.9945081753293205
2.067,0.015556433238089085,Empty,0.39261,0.11352,0.30207,0.02678,0.11176,-0.0197,0.99829,0.01392,0.05571,-0.01058,0.9934056623238707,0.026615299452594277,0.1115204729989999,0.028973294157781937,-0.9993884620501357,-0.0195767756975267,0.11093123225006811,0.022678795296782392,-0.9935692899618868
2.133,0.01555610541254282,Empty,0.39287,0.12017,0.28916,0.01705,0.11884,-0.0294,0.99808,0.00938,0.05925,-0.01518,0.9928016846345293,0.01692997527212675,0.11856724220511067,0.020529076449892825,-0.9993627674783077,-0.029199589007591745,0.11799733898251535,0.03142347713705461,-0.9925165958701456
2.2,0.01555610541254282,Empty,0.39143,0.12781,0.27676,0.00403,0.12233,-0.03498,0.99797,0.00308,0.06108,-0.01758,0.9925197721646091,0.003996980209000356,0.12201854781762383,0.008292956624125658,-0.9993626692539119,-0.034720054322058484,0.12180200627552573,0.035472234929662685,-0.9919203555812088
2.267,0.01555610541254282,Empty,0.38931,0.13657,0.26588,-0.00822,0.12783,-0.03955,0.99776,-0.00284,0.06394,-0.01947,0.9918072331540756,-0.008157158459230207,0.12748283425280602,-0.0031765230699219438,-0.9992254076917588,-0.03922364496607654,0.1277040405172978,0.03849734262399907,-0.991064898302047
2.333,0.01555610541254282,Empty,0.38752,0.14514,0.25723,-0.01407,0.12952,-0.0404,0.99768,-0.00571,0.06484,-0.0197,0.9915264628699219,-0.013949098498760304,0.1291537691270891,-0.008840687264274838,-0.9991588818325065,-0.04004211662625458,0.12960368697439448,0.038561010182400185,-0.9908157915658974
2.4,0.01555610541254282,Empty,0.38746,0.15349,0.25058,-0.01828,0.13196,-0.04324,0.99756,-0.00769,0.06611,-0.02097,0.9911402281215629,-0.018108495565282767,0.13157936991602595,-0.012561938742370882,-0.9990020169330334,-0.04286219614957133,0.1322242258217803,0.04082955488483239,-0.9903785647689157
2.467,0.01555610541254282,Empty,0.3877,0.16022,0.24441,-0.02379,0.12713,-0.04747,0.99765,-0.01036,0.06378,-0.02293,0.9916495796672037,-0.02360025687612205,0.1267838279168081,-0.017751313826721404,-0.9987340069990274,-0.04706669864237095,0.1277341066562999,0.04442309240752587,-0.990813093806127
2.533,0.015556433238089085,Empty,0.38762,0.16653,0.23928,-0.03455,0.11569,-0.04907,0.9979,-0.01582,0.05821,-0.02349,0.9927228340341825,-0.0343094112584606,0.11543066787573611,-0.02884088192254708,-0.9983961650549679,-0.04871653860305397,0.11691697189488974,0.04503289800391453,-0.9921201841411647
2.6,0.015556433238089085,Empty,0.38871,0.17385,0.23691,-0.04713,0.10601,-0.05099,0.99803,-0.02217,0.05355,-0.0242,0.9932814246578547,-0.04684697668193316,0.10581763655187419,-0.04166251232651225,-0.9978452789347438,-0.05068564268396103,0.10796409818224446,0.04593647878761884,-0.9930929429918879
2.667,0.015556433238089085,Empty,0.39009,0.18203,0.23667,-0.05738,0.08992,-0.05156,0.99828,-0.02749,0.04565,-0.02445,0.9943210509299534,-0.05711636542875498,0.0897962609341918,-0.052651895268488014,-0.9972930552752705,-0.051325820250161414,0.0924847317246947,0.046306400204773536,-0.9946367636971231
2.733,0.015556433238089085,Empty,0.39489,0.19037,0.23799,-0.06227,0.08504,-0.05733,0.99824,-0.02987,0.04336,-0.0273,0.9944550914853932,-0.06200958617508545,0.08493457624061465,-0.05727458166508098,-0.9967244389171235,-0.057096542456053695,0.08819690081781831,0.05191535502855241,-0.9947492661964578
2.8,0.015556433238089085,Empty,0.39932,0.19635,0.23639,-0.06396,0.07865,-0.06286,0.99826,-0.0307,0.04028,-0.03013,0.9948696274273772,-0.06371848158019766,0.07857722015715354,-0.05886326673359965,-0.9962993605097596,-0.06263146235952942,0.08227721587390321,0.05768482775356155,-0.9949386515735937
2.867,0.015556433238089085,Empty,0.40304,0.20101,0.23337,-0.06712,0.07434,-0.06797,0.99821,-0.03225,0.03826,-0.03269,0.994991489959871,-0.06689036689664535,0.07428064164954519,-0.0618875517304473,-0.9957827102074346,-0.06772536447112927,0.07849755313541436,0.0627891142505472,-0.9949350035471586
2.933,0.015556433238089085,Empty,0.40504,0.2049,0.22809,-0.07369,0.0728,-0.07311,0.99804,-0.03546,0.03769,-0.03516,0.9946451606289108,-0.07342585892031162,0.07272996410904062,-0.06812614003878992,-0.9950134187511357,-0.07285002092376036,0.07771636559247369,0.06750510904362444,-0.9946875020689186
3.0,0.015556433238089085,Empty,0.40534,0.2083,0.22177,-0.08148,0.06881,-0.07595,0.99791,-0.03937,0.03589,-0.03651,0.994322985814773,-0.08120502465926666,0.06875713672399925,-0.07596337733361619,-0.9942332530048017,-0.07569546831588193,0.07450748408358362,0.0700427197471511,-0.9947575846536464
3.067,0.015556433238089085,Empty,0.40584,0.21163,0.2159,-0.08391,0.06705,-0.0786,0.99784,-0.04057,0.03511,-0.03783,0.994243386928475,-0.08361806800457311,0.06699332990811163,-0.07830526888549638,-0.9938457948158009,-0.07835062853429255,0.07313256739486579,0.07265366356992035,-0.9946723444210682
3.133,0.015556433238089085,Empty,0.40732,0.21434,0.21074,-0.08388,0.0646,-0.08022,0.99785,-0.04058,0.03392,-0.03869,0.9944052264459409,-0.08361385772612168,0.0645520597127078,-0.07836438282134306,-0.9937122266539791,-0.07996895712350721,0.07083268399564689,0.07446296659781411,-0.9947049801239692
3.2,0.015556433238089085,Empty,0.41006,0.21718,0.20654,-0.08352,0.06264,-0.08135,0.99787,-0.04042,0.03296,-0.0393,0.9945594904372521,-0.08326713785540601,0.0625939592497735,-0.07808651248265047,-0.993642775804191,-0.0810958116084846,0.068948651542219,0.07576686508963387,-0.9947388931800139
3.267,0.01555610541254282,Empty,0.41321,0.21989,0.20339,-0.08283,0.06043,-0.08163,0.99791,-0.04012,0.03185,-0.0395,0.9947516373612812,-0.08258439200319817,0.06040693804946965,-0.07755113172452277,-0.9936603771447929,-0.08139334653836142,0.06674580088137441,0.07628153832959964,-0.9948498002084403
3.333,0.01555610541254282,Empty,0.41717,0.22262,0.20073,-0.08235,0.06571,-0.08094,0.99785,-0.03978,0.03446,-0.03905,0.9944592343410754,-0.08208421631945223,0.06567353093129136,-0.07670054609727894,-0.9937846553520338,-0.08067890068176532,0.07188781163828217,0.07519468211290144,-0.9945742316789624
3.4,0.01555610541254282,Empty,0.42056,0.22498,0.19807,-0.07928,0.06769,-0.07891,0.99792,-0.03824,0.03535,-0.03805,0.9945769947627688,-0.07900616142546418,0.06763599593022053,-0.07362582552123675,-0.9941795516494316,-0.07865276154370977,0.07345637688435029,0.07324647117062212,-0.9946050045903024
3.467,0.01555610541254282,Empty,0.42466,0.22742,0.19563,-0.07632,0.07434,-0.07844,0.99787,-0.03664,0.0386,-0.03774,0.9943351536397562,-0.0760431286731118,0.07426334774171138,-0.07021624281494143,-0.994465684803878,-0.07815165380532232,0.07979524723412425,0.07249444343643385,-0.9941716522762488
3.533,0.01555610541254282,Empty,0.4281,0.22987,0.1923,-0.07623,0.078,-0.07805,0.99781,-0.03653,0.04042,-0.03747,0.9940645448595146,-0.07592587032071374,0.07791625548810473,-0.06986896851493951,-0.99452380107794,-0.07772217397978635,0.0833906942764232,0.07181692910120803,-0.9939257119134044
3.6,0.01555610541254282,Empty,0.43135,0.23213,0.18891,-0.07639,0.08299,-0.07799,0.99771,-0.03651,0.04291,-0.03734,0.9936525202436264,-0.0760515463712374,0.08289047778866517,-0.06964322510235177,-0.994546068467721,-0.07763980224564171,0.08834302581886605,0.07137422496912106,-0.993529682394655
3.667,0.015556433238089085,Empty,0.43361,0.23374,0.18572,-0.07673,0.08509,-0.07721,0.99768,-0.03665,0.04395,-0.0369,0.9934514352134561,-0.07636349066278542,0.08498742945941405,-0.06987743373009675,-0.9945915615768364,-0.07684250058038197,0.09039574175601485,0.07040058901702985,-0.9934144990578883
3.733,0.015556433238089085,Empty,0.43525,0.23491,0.18326,-0.07572,0.0881,-0.07498,0.99768,-0.03614,0.04539,-0.03575,0.9932674685566701,-0.07535688188412126,0.08798338627108773,-0.06886703212229184,-0.9948322954064707,-0.07460587043229312,0.09315077988772871,0.06804442937519166,-0.9933241605021559
3.8,0.015556433238089085,Empty,0.43707,0.23596,0.18242,-0.0712,0.09018,-0.07214,0.99776,-0.03391,0.0463,-0.0344,0.9934139199808936,-0.07085012156099924,0.09005022966648378,-0.06447953329798145,-0.9953334643388101,-0.07178916737904975,0.09471627829401531,0.06550996139591538,-0.9933465012693388
3.867,0.01555610541254282,Empty,0.43928,0.23688,0.18267,-0.06973,0.09767,-0.07108,0.99763,-0.03306,0.04999,-0.03377,0.9928166002140979,-0.06934094543538805,0.09750400825323402,-0.06258910328938216,-0.995533392220391,-0.07068146237587465,0.10196961551732593,0.06407104073048611,-0.9927220654598956
3.933,0.01555610541254282,Empty,0.4419,0.23671,0.18238,-0.06085,0.11704,-0.06954,0.99728,-0.02832,0.05948,-0.03291,0.9913202577618037,-0.060402469576966766,0.11677194962864386,-0.05257227943485254,-0.9962295850060034,-0.06901282050307647,0.12050021570974358,0.06227483944394927,-0.9907580645072418
4.0,0.01555610541254282,Empty,0.44205,0.23592,0.18158,-0.05758,0.13051,-0.06479,0.997,-0.0266,0.06608,-0.03043,0.9898506115057596,-0.05706908259868204,0.1301494783432444,-0.049026737686073074,-0.9967330692911589,-0.06418385757561451,0.13338720288519001,0.05715162633530705,-0.9894147490884166
4.067,0.01555610541254282,Empty,0.44236,0.23599,0.1813,-0.05169,0.14702,-0.06105,0.99656,-0.02352,0.07417,-0.02853,0.987889797147645,-0.05111215037713884,0.14649674663762688,-0.042646854108264576,-0.9972654475481952,-0.060356217253622405,0.14918107965238983,0.05337766583808996,-0.9873681331010355
4.133,0.01555610541254282,Empty,0.44197,0.2363,0.18082,-0.04714,0.15623,-0.05856,0.9963,-0.0212,0.07867,-0.02734,0.9867243958567764,-0.046537155309684664,0.15559325112858116,-0.03793391354386633,-0.9976064230376744,-0.057813864403124256,0.15791131949396744,0.051144089488997665,-0.9861279315007844
4.2,0.015556433238089085,Empty,0.44203,0.23637,0.18099,-0.04707,0.15657,-0.05866,0.99629,-0.02116,0.07884,-0.02739,0.9866735525054674,-0.046475066499304774,0.1559338609158552,-0.03783678672465268,-0.9976041511824322,-0.057916622086685285,0.15825194582245503,0.05124476302476158,-0.9860680990205204
4.267,0.015556433238089085,Empty,0.44219,0.23631,0.18109,-0.04735,0.15678,-0.05879,0.99627,-0.02129,0.07895,-0.02744,0.9866265731031223,-0.04674459604179432,0.15615040181721787,-0.03808003339574484,-0.9975884234708363,-0.05802799680800898,0.15848632844308083,0.05130575111876613,-0.9860272833947198
4.333,0.015556433238089085,Empty,0.44221,0.23629,0.1811,-0.04741,0.15682,-0.05878,0.99627,-0.02132,0.07897,-0.02743,0.9866190641997754,-0.04681763065939748,0.15617596363397168,-0.03815193642121695,-0.9975854596088534,-0.058031719984026287,0.15851577809439288,0.05129678582945778,-0.986023015886899
4.4,0.01555610541254282,Empty,0.44222,0.23627,0.1811,-0.04747,0.15682,-0.05878,0.99627,-0.02135,0.07897,-0.02743,0.9866176552327401,-0.046866619176884616,0.15617017125552107,-0.038201469656450715,-0.9975834538436117,-0.05803361382455714,0.15851261810700504,0.05129105793780651,-0.9860238218605489
4.467,0.01555610541254282,Empty,0.44222,0.23627,0.18109,-0.04745,0.1568,-0.05878,0.99627,-0.02134,0.07896,-0.02743,0.9866186393877034,-0.046858694359141695,0.15616633176108435,-0.03819348835416986,-0.9975836977999113,-0.058034673525359765,0.15850841573902766,0.05129355365746961,-0.986024367596
4.533,0.01555610541254282,Empty,0.44221,0.23628,0.1811,-0.04745,0.15682,-0.05878,0.99627,-0.02134,0.07897,-0.02743,0.9866174462480655,-0.046845880634455606,0.15617771360385332,-0.03818012212638522,-0.9975842776953511,-0.05803350040673796,0.15851906205046498,0.051293979789317094,-0.9860226339207503
4.6,0.01555610541254282,Empty,0.44222,0.23628,0.1811,-0.04745,0.15682,-0.0588,0.99627,-0.02134,0.07897,-0.02744,0.986616452537583,-0.04686267123466936,0.15617895385392455,-0.038196463522181645,-0.9975834456522508,-0.05803704967502756,0.15852131010231285,0.05129482435230917,-0.9860222285720095
4.667,0.01555610541254282,Empty,0.44222,0.23628,0.1811,-0.04745,0.15682,-0.0588,0.99627,-0.02134,0.07897,-0.02744,0.9866172518009014,-0.04686079518646058,0.15617446757818326,-0.038194486107886116,-0.997583406828124,-0.058039018359619964,0.1585168119783859,0.051297293258868865,-0.986022823277698
4.733,0.01555610541254282,Empty,0.44222,0.23628,0.18111,-0.04746,0.15684,-0.0588,0.99627,-0.02134,0.07898,-0.02744,0.9866137965771686,-0.046862761714414,0.15619570406410896,-0.03819451281782932,-0.9975831001805779,-0.05804427124803457,0.15853830954754547,0.051301460004611936,-0.9860191502233624
4.8,0.01555610541254282,Empty,0.44222,0.23628,0.1811,-0.04745,0.15682,-0.0588,0.99627,-0.02134,0.07897,-0.02744,0.9866147546052416,-0.046864527180005056,0.1561891228204881,-0.03819654485529944,-0.9975829864499653,-0.05804488872144794,0.15853185785940963,0.05130205880627727,-0.9860201563892501
4.867,0.01555610541254282,Empty,0.44222,0.23627,0.1811,-0.04749,0.15682,-0.0588,0.99627,-0.02136,0.07897,-0.02744,0.9866139083506215,-0.04688943980334409,0.1561869914046634,-0.038221822882835765,-0.9975820096890418,-0.05804503596592812,0.15853103199255647,0.051298288272624636,-0.9860204853428116
4.933,0.01555610541254282,Empty,0.44222,0.23628,0.1811,-0.04747,0.15682,-0.0588,0.99627,-0.02135,0.07897,-0.02744,0.9866154053311034,-0.04687577332727816,0.15618163732754342,-0.038208777109652314,-0.9975826871306794,-0.05804198212430169,0.15852486024320467,0.05129760435051994,-0.9860215131896313
5.0,0.01555610541254282,Empty,0.44222,0.23628,0.1811,-0.04748,0.15684,-0.0588,0.99627,-0.02135,0.07898,-0.02744,0.9866137243549102,-0.04688262081179284,0.15619020065404537,-0.038214340246304324,-0.9975821447117785,-0.058047642086376354,0.15853398094437995,0.0513018948779284,-0.9860198235673872
5.067,0.01555610541254282,Empty,0.44222,0.23629,0.18111,-0.04746,0.15684,-0.0588,0.99627,-0.02134,0.07898,-0.02744,0.9866141835279176,-0.04685769972201659,0.15619477852444968,-0.03818901738732833,-0.997583156459418,-0.05804691981022482,0.15853722532115588,0.051304989281995415,-0.9860191409208259
5.133,0.01555610541254282,Empty,0.44224,0.23628,0.18111,-0.04752,0.15682,-0.05881,0.99627,-0.02137,0.07897,-0.02744,0.9866150886962133,-0.04691329232515262,0.15617237194900307,-0.03824470199119384,-0.9975804061465066,-0.058057523562200085,0.15851816781229783,0.05130766293435512,-0.9860220657762415
5.2,0.01555610541254282,Empty,0.4424,0.23634,0.18133,-0.04748,0.15676,-0.05868,0.99627,-0.02136,0.07894,-0.02738,0.9866234075868081,-0.046892171761101664,0.15612615357243048,-0.038246327092778476,-0.9975877767643767,-0.05792966523483918,0.15846599024934985,0.05118351177709153,-0.9860369050174833
5.267,0.01555610541254282,Empty,0.44345,0.23644,0.18162,-0.03885,0.15821,-0.05841,0.9963,-0.01705,0.07954,-0.02757,0.9867646209098091,-0.038358067223464576,0.15755710583658408,-0.029585697579868175,-0.9978983135273015,-0.05765103952297955,0.15943735264809492,0.052226569275108874,-0.9858256012309272
5.333,0.01555610541254282,Empty,0.44599,0.23626,0.1824,-0.02553,0.15544,-0.05574,0.99654,-0.01056,0.07796,-0.02679,0.9876200491777257,-0.025219290684172557,0.1548245001269934,-0.01686494718986864,-0.9983417924161898,-0.05503852352227527,0.1559558014902591,0.05174604228939933,-0.986407692127811
5.4,0.01555610541254282,Empty,0.44866,0.23563,0.18381,-0.02201,0.14823,-0.05108,0.99689,-0.00908,0.0743,-0.02465,0.9887929588394777,-0.021765244812611106,0.1476982013015674,-0.014440043813249315,-0.9986202668275665,-0.050488095784165424,0.1485933029585878,0.04778950511866318,-0.9877429794821984
5.467,0.01555610541254282,Empty,0.45196,0.23504,0.18525,-0.01682,0.14503,-0.05066,0.99703,-0.00655,0.07264,-0.02465,0.9893599348284096,-0.01664965740650659,0.14453272385370408,-0.009488405542818157,-0.9986993200625154,-0.05009628995169787,0.14517881910451036,0.048191877063624836,-0.9882310729118491
5.533,0.01555610541254282,Empty,0.45398,0.2343,0.1855,-0.0118,0.13543,-0.04713,0.99742,-0.00429,0.06778,-0.02311,0.990776015538868,-0.011693398555939927,0.13500426461092568,-0.005428027512526135,-0.9988949672486143,-0.046683840059629805,0.13540097322489306,0.04552042218171743,-0.9897446476814863
5.6,0.01555610541254282,Empty,0.45671,0.23448,0.18535,-0.01112,0.12377,-0.04744,0.9978,-0.00408,0.06196,-0.02333,0.9922881376494441,-0.011029637142030924,0.12346092088071044,-0.005247990756518606,-0.9988784018455119,-0.047057379013022434,0.12384147315506785,0.0460465572119229,-0.9912330725393054
5.667,0.01555610541254282,Empty,0.46002,0.23522,0.18375,-0.01065,0.10763,-0.04787,0.99826,-0.00403,0.0539,-0.02361,0.9941566653817571,-0.01058693070027622,0.10742644728079315,-0.005495361983133773,-0.9988522346517386,-0.04758165957490455,0.10780689065964129,0.04671327680194722,-0.9930737858269774
5.733,0.01555610541254282,Empty,0.46319,0.23633,0.18106,-0.01589,0.08001,-0.04494,0.99892,-0.00704,0.04016,-0.02213,0.9966745641560903,-0.0158334317735484,0.07993194356788698,-0.012278703449973116,-0.9989218943236928,-0.044769213555215015,0.08055461877419008,0.04363887577650477,-0.9957944576643855
5.8,0.01555610541254282,Empty,0.46661,0.23804,0.17831,-0.02345,0.05803,-0.04599,0.99925,-0.01105,0.02927,-0.02264,0.998042740695745,-0.02340690801293005,0.05798969220301796,-0.020756207486107126,-0.9987304715227014,-0.04589798582548512,0.05899040256957226,0.04460450548226026,-0.9972615356541947
5.867,0.01555610541254282,Empty,0.47031,0.23963,0.1743,-0.02837,0.04356,-0.04952,0.99936,-0.01364,0.02212,-0.02444,0.9986494070323491,-0.02833979738136838,0.043545582075804126,-0.02617763779977922,-0.9984337174307778,-0.04944535546015559,0.04487864874482263,0.04823865443542719,-0.9978271088245189
5.933,0.01555610541254282,Empty,0.47405,0.24119,0.16924,-0.02794,0.02772,-0.05272,0.99946,-0.0136,0.01422,-0.02616,0.9992254658407618,-0.027934730651609174,0.027714964166210353,-0.02644684953289317,-0.9982615997960664,-0.05267202789320446,0.02913816337892232,0.051898258121251484,-0.9982271977054539
6.0,0.01555610541254282,Empty,0.47905,0.24265,0.16391,-0.0242,0.01938,-0.05835,0.99946,-0.01181,0.01004,-0.02905,0.9995196702376973,-0.024184300161321892,0.019379072052908126,-0.023017817147996777,-0.9980331894251577,-0.05830894356433331,0.02075111808231345,0.05783487210631929,-0.9981104741794765
6.067,0.01555610541254282,Empty,0.4838,0.24296,0.15777,-0.02209,0.01243,-0.06457,0.9994,-0.01084,0.00657,-0.03221,0.9996787038558332,-0.02208374766873661,0.012441750119046215,-0.021236712501565447,-0.9976898941062196,-0.0645281120167523,0.013838030902085107,0.06424315751287639,-0.9978383263903671
6.133,0.01555610541254282,Empty,0.48838,0.2429,0.15113,-0.02137,0.01129,-0.0729,0.99927,-0.01047,0.00603,-0.03638,0.9997080575471534,-0.021365531983920383,0.011283338085045787,-0.020488530980263764,-0.9971340053754042,-0.07282853439603233,0.012807020479726757,0.0725760936331472,-0.9972806479920208
6.2,0.01555610541254282,Empty,0.49378,0.24307,0.14396,-0.01696,0.02316,-0.08805,0.99893,-0.00796,0.01194,-0.04391,0.9995883502422525,-0.016952191169609665,0.023146344733480144,-0.014855741198055772,-0.9960167069772702,-0.08792056855827861,0.024544592345942064,0.08754051997048905,-0.9958585343058862
6.267,0.01555610541254282,Empty,0.4987,0.24289,0.13594,-0.01275,0.03877,-0.10474,0.99843,-0.00535,0.01969,-0.05221,0.9991676723532239,-0.012740225207966027,0.03875111851148692,-0.008629332576034154,-0.9944917668542872,-0.10445889276806607,0.039868498134908496,0.1040375524543347,-0.9937739635026562
6.333,0.01555610541254282,Empty,0.50356,0.24274,0.1278,-0.01159,0.06543,-0.12555,0.99749,-0.00373,0.03301,-0.06251,0.9977928663714739,-0.011576772736580532,0.06538634529627699,-0.0033231563266685193,-0.9921572180808182,-0.12495203576637005,0.06632007577066612,0.12445896087922814,-0.990005865945569
6.4,0.01555610541254282,Empty,0.50763,0.24241,0.11937,-0.01263,0.09505,-0.1463,0.9962,-0.00282,0.04784,-0.0727,0.9954064658088821,-0.01256704191632757,0.09491068055463354,0.001345926927126373,-0.989412687144086,-0.1451231304755569,0.09572959994994887,0.14458424525442573,-0.9848508718164545
6.467,0.01555610541254282,Empty,0.51105,0.24216,0.11082,-0.01374,0.1302,-0.16722,0.99441,-0.0014,0.0654,-0.08289,0.9914407005194268,-0.01363719497086291,0.12984361465576605,0.008048990378222376,-0.9862534666291258,-0.1650433679852749,0.13030944366176891,0.16467582237644432,-0.9777020621933872
6.533,0.01555610541254282,Empty,0.51233,0.24109,0.10193,-0.01972,0.1562,-0.18332,0.99279,-0.00265,0.07859,-0.09048,0.987632971493636,-0.01948573521415181,0.15556805501713591,0.008958331450862334,-0.9836120541748344,-0.18007519312659168,0.1565275116912907,0.17924182827991567,-0.9712731361870388
6.6,0.01555610541254282,Empty,0.51204,0.24083,0.09423,-0.02524,0.17031,-0.19626,0.99161,-0.00418,0.08587,-0.09654,0.9852171212159325,-0.02486598991655775,0.1694960371467754,0.008293775174414375,-0.9813257358641716,-0.19217443488663727,0.17110943093923162,0.1907393055353609,-0.9666126835333481
6.667,0.01555610541254282,Empty,0.51139,0.24076,0.08811,-0.02886,0.17881,-0.2053,0.99079,-0.00515,0.09028,-0.10077,0.9836460746188085,-0.02839980390733504,0.17785907630771877,0.007988900516669006,-0.9796391829118303,-0.20060720020073203,0.17993492533564678,0.19874738348432833,-0.9633913536058897
6.733,0.01555610541254282,Empty,0.51089,0.24121,0.08422,-0.03015,0.18011,-0.20898,0.99054,-0.00555,0.091,-0.10252,0.9833777181809561,-0.029649709368403276,0.1791344693786916,0.007666718735089062,-0.9789170646695747,-0.2041141884400497,0.18140971531054567,0.2020947184690197,-0.9624179133608614
6.8,0.01555610541254282,Empty,0.511,0.24254,0.08311,-0.02888,0.17967,-0.21001,0.99051,-0.0049,0.09072,-0.10309,0.9834902939301575,-0.028414827060457226,0.17871608586889015,0.008996016699666043,-0.9786969463047634,-0.20511303951058413,0.18073713904096067,0.20333441641014785,-0.9622833271310655
6.867,0.015556433238089085,Empty,0.51194,0.24428,0.08372,-0.02641,0.18181,-0.2107,0.99039,-0.00353,0.09165,-0.10352,0.9831763887771876,-0.025969559260994368,0.18080312647417962,0.01197953333081303,-0.9785427998937921,-0.20569511310965596,0.18226540903919333,0.20440051557617936,-0.9617690730627432
6.933,0.015556433238089085,Empty,0.51374,0.2465,0.08544,-0.02306,0.18618,-0.21141,0.99016,-0.00161,0.09364,-0.10398,0.9824562875591554,-0.022661248107078535,0.1851110771123955,0.016287810844461126,-0.9783705899826588,-0.20621759351442193,0.18578038177745487,0.20561482556278315,-0.960837235568756
7.0,0.015556433238089085,Empty,0.51651,0.2493,0.08734,-0.01732,0.19701,-0.21536,0.98944,0.002,0.0987,-0.1061,0.9805076218718067,-0.01698817545570014,0.19574525625409217,0.02490085392737723,-0.9774779402856557,-0.2095634121897224,0.194896769919312,0.21035274695044615,-0.9580015505861251
7.067,0.01555610541254282,Empty,0.51925,0.25221,0.08817,-0.00364,0.21216,-0.21806,0.98849,0.00972,0.10545,-0.10801,0.9775713710468558,-0.0035580377249871398,0.21057434524917248,0.04200163879943286,-0.9764776977735369,-0.21148798568489557,0.20637363409053033,0.21558906771550415,-0.9544271983937944
7.133,0.01555610541254282,Empty,0.52192,0.2552,0.08818,0.01362,0.22769,-0.21987,0.98742,0.01919,0.11217,-0.10977,0.9741002810868129,0.013279999143305965,0.2257261261115916,0.062529279598728,-0.9751653238250545,-0.21246806913520078,0.21729871508929,0.22107969791894083,-0.9507392048236011
7.2,0.01555610541254282,Empty,0.52285,0.2569,0.08728,0.02434,0.2351,-0.2204,0.98684,0.02491,0.11523,-0.11063,0.9722033315052192,0.02366799755641552,0.2329388505634516,0.07466159842709452,-0.9742787945990489,-0.2126181462503505,0.22191513677634483,0.22409965704189214,-0.9489641804532151
7.267,0.01555610541254282,Empty,0.52263,0.25679,0.08695,0.02437,0.23445,-0.22022,0.98689,0.02488,0.11491,-0.11054,0.972354294161198,0.02370921564883155,0.2323036799527618,0.07451469778376996,-0.9743255226353643,-0.21245549123408772,0.22130225132264564,0.22389204772532972,-0.9491562908841132
7.333,0.01555610541254282,Empty,0.52281,0.25659,0.08712,0.02408,0.23484,-0.22009,0.98688,0.02475,0.11512,-0.11046,0.9722700944817271,0.02341944203355706,0.23268518025721038,0.07428462885621695,-0.9743709561913326,-0.2123276563391641,0.22174908633901466,0.22372476274571157,-0.9490914461958803
7.4,0.01555610541254282,Empty,0.52282,0.25659,0.0871,0.02408,0.23482,-0.22009,0.98688,0.02475,0.11511,-0.11046,0.9722741390603498,0.02341671578176796,0.23266855381948534,0.07427723267788988,-0.9743722068397055,-0.21232450457739568,0.2217338296701011,0.2237196011982808,-0.9490962273760827
7.467,0.015556433238089085,Empty,0.52286,0.25651,0.08711,0.02398,0.23487,-0.22004,0.98688,0.0247,0.11514,-0.11043,0.9722660435405752,0.023316427780185667,0.23271245083477562,0.07417480116852104,-0.9743914732139812,-0.2122718912138349,0.2218036055828822,0.22364615159545934,-0.9490972339159849
7.534,0.015556433238089085,Empty,0.52285,0.25652,0.08711,0.024,0.23487,-0.22004,0.98688,0.02471,0.11514,-0.11043,0.97226629536258,0.023348489490301494,0.23270818408566002,0.07420544390009481,-0.974389588842553,-0.21226983123098378,0.22179225188791862,0.22365101652745017,-0.9490987408108412
7.6,0.01555610541254282,Empty,0.52286,0.25651,0.0871,0.02399,0.23485,-0.22002,0.98688,0.0247,0.11513,-0.11042,0.9722677541004863,0.02333242226541743,0.2327037008894025,0.07418637181956511,-0.974392822578251,-0.2122616534945453,0.22179223740393944,0.22363860440276725,-0.9491016689734233
7.667,0.01555610541254282,Empty,0.52286,0.25652,0.08711,0.024,0.23487,-0.22004,0.98688,0.02471,0.11514,-0.11043,0.9722658811611604,0.023353310079092804,0.23270943091817728,0.07420922682239006,-0.9743905523739107,-0.21226408574906902,0.22179280192182815,0.22364631531240317,-0.9490997200836433
7.733,0.01555610541254282,Empty,0.52286,0.25651,0.0871,0.02401,0.23485,-0.22001,0.98688,0.02471,0.11513,-0.11042,0.9722676510978934,0.02334344075892747,0.23270302619888603,0.07419703237584868,-0.9743922184585214,-0.21226070054086324,0.22178912285141975,0.22364008670409516,-0.949102047518486
7.8,0.015556433238089085,Empty,0.52286,0.25651,0.0871,0.02401,0.23487,-0.22002,0.98688,0.02471,0.11514,-0.11042,0.9722662048251097,0.023353981190831374,0.23270801128778534,0.07420854514473968,-0.9743915541978017,-0.21225972518472203,0.2217916111634496,0.22364188040376265,-0.9491010433810462
7.867,0.015556433238089085,Empty,0.52286,0.25651,0.08711,0.02403,0.23487,-0.22001,0.98688,0.02472,0.11514,-0.11042,0.972264246566364,0.023354243937618147,0.23271616647504872,0.07421017026334142,-0.9743919562154747,-0.21225731151615557,0.22179965166389737,0.2236401013966025,-0.9490995835891465
7.933,0.015556433238089085,Empty,0.52286,0.25651,0.08711,0.02401,0.23487,-0.22002,0.98688,0.02471,0.11514,-0.11042,0.9722636514502263,0.02335158869880316,0.23271891924361096,0.07420907750110389,-0.9743911835349615,-0.2122612406111203,0.22180262596531045,0.22364374517204522,-0.9490980299001331
8.0,0.015556433238089085,Empty,0.52286,0.25651,0.0871,0.02401,0.23487,-0.22002,0.98688,0.02471,0.11514,-0.11042,0.9722649866869575,0.02335076180304535,0.23271342373362933,0.0742057589318238,-0.9743925474715667,-0.21225613954188086,0.2217978832269647,0.22363788890768888,-0.9491005181965448
8.067,0.015556433238089085,Empty,0.52286,0.25651,0.0871,0.02401,0.23487,-0.22002,0.98688,0.02471,0.11514,-0.11042,0.9722658164778047,0.02334899502212945,0.2327101341587948,0.07420407767816478,-0.9743918680561772,-0.21225984623080713,0.2217948082455506,0.2236410335726644,-0.9491004958053019
8.134,0.015556433238089085,Empty,0.52286,0.25651,0.0871,0.02401,0.23485,-0.22001,0.98688,0.02471,0.11513,-0.11042,0.9722681928328716,0.023352187014762715,0.23269988518933424,0.07420258911301081,-0.9743940949294229,-0.21225014378227422,0.22178488896772813,0.22363099769105788,-0.9491051785219986
8.2,0.01555610541254282,Empty,0.52286,0.2565,0.0871,0.02401,0.23487,-0.22002,0.98688,0.02471,0.11514,-0.11042,0.9722659285378146,0.023351203274227128,0.2327094443939629,0.074202688203313,-0.97439518012157,-0.2122451271979046,0.22179478187708357,0.22362637201702878,-0.9491039566193991
8.267,0.01555610541254282,Empty,0.52286,0.25652,0.08711,0.02403,0.23487,-0.22001,0.98688,0.02472,0.11514,-0.11042,0.9722631393491432,0.023367784657321478,0.23271943301571904,0.0742241620628098,-0.9743912166936665,-0.2122558140459524,0.22179982332955642,0.22364190902074954,-0.9490991175322693
8.333,0.01555610541254282,Empty,0.52286,0.2565,0.08711,0.02401,0.23487,-0.22002,0.98688,0.02471,0.11514,-0.11042,0.9722627546776601,0.023350474422551393,0.23272277759353519,0.07420586960520836,-0.974394226306954,-0.21224839376496415,0.22180763012742177,0.2236306040861006,-0.9490999568714259
8.4,0.01555610541254282,Empty,0.52286,0.25651,0.08711,0.02403,0.23487,-0.22001,0.98688,0.02472,0.11514,-0.11042,0.9722625325835051,0.023368384891553573,0.2327219076964363,0.0742247035844566,-0.9743917761228353,-0.21225305651977266,0.2218023018638624,0.2236394088968813,-0.9490991274235508
8.467,0.01555610541254282,Empty,0.52286,0.2565,0.0871,0.02401,0.23487,-0.22002,0.98688,0.02471,0.11514,-0.11042,0.9722637807665138,0.02335243373878415,0.23271829418436357,0.07420732288525067,-0.9743936044881477,-0.21225074031154462,0.22180264615150203,0.22363310884363788,-0.9491005314449683
8.533,0.01555610541254282,Empty,0.52286,0.25651,0.08711,0.02403,0.23487,-0.22001,0.98688,0.02472,0.11514,-0.11042,0.9722632259858628,0.023361709752640902,0.23271968097476486,0.0742175672134181,-0.9743922458683678,-0.21225339551705635,0.22180165038268915,0.22363805961649627,-0.9490995976073764
8.6,0.01555610541254282,Empty,0.52286,0.25651,0.0871,0.02403,0.23487,-0.22001,0.98688,0.02472,0.11514,-0.11042,0.9722634071434315,0.023364886623771897,0.23271860519284662,0.07421927498642994,-0.9743932548333738,-0.21224816643663125,0.22180028482924524,0.22363333161289156,-0.9491010307872306
8.667,0.01555610541254282,Empty,0.52286,0.25651,0.0871,0.02401,0.23487,-0.22002,0.98688,0.02471,0.11514,-0.11042,0.9722639131864176,0.023351717235761515,0.23271781284976004,0.0742064850970166,-0.9743936739328016,-0.21225071441406984,0.22180234598619802,0.2236328810838822,-0.9491006552590409
8.733,0.01555610541254282,Empty,0.52287,0.25651,0.08711,0.02402,0.23489,-0.22001,0.98688,0.02472,0.11515,-0.11042,0.9722607858781062,0.023357269954076054,0.23273032072331998,0.07421547089253583,-0.974392554065469,-0.21225271367398574,0.221813047686303,0.22363718054488216,-0.949097141157874
8.8,0.01555610541254282,Empty,0.52286,0.25651,0.08711,0.02403,0.23487,-0.22001,0.98688,0.02472,0.11514,-0.11042,0.9722616310357843,0.02336925909165488,0.2327255863568579,0.07422562990449577,-0.974392468479645,-0.21224955414658547,0.2218059437456918,0.22363630094340814,-0.9490990086494835
8.867,0.01555610541254282,Empty,0.52286,0.25651,0.08711,0.02403,0.23487,-0.22001,0.98688,0.02472,0.11514,-0.11042,0.9722626923985802,0.023356828491730763,0.23272240015235152,0.07421261376600247,-0.9743932789880172,-0.21225038473698457,0.22180564674480552,0.22363406812421868,-0.9490996041756264
8.933,0.015556433238089085,Empty,0.52286,0.25651,0.08711,0.02403,0.23487,-0.22001,0.98688,0.02472,0.11514,-0.11042,0.9722608403229922,0.023368965770859285,0.23272891915967137,0.0742256541174301,-0.9743929036336174,-0.21224754797002324,0.22180940161604526,0.22363443560249857,-0.9490986400619715
