time,gr,gr_state,tx,ty,tz,rx,ry,rz,qw,qx,qy,qz,xx,xy,xz,yx,yy,yz,zx,zy,zz
0.0,0.015907421708106995,Empty,0.30734,-0.00053,0.48543,0.00444,0.00095,0.0045,0.99999,0.00222,0.00048,0.00225,0.9999896504135343,0.004449109872563473,0.0009510452984406307,0.004444785147508568,-0.9999799873504956,0.004502086571241001,0.0009710565433156682,-0.0044978127844896385,-0.9999894133086338
0.066,0.01590774953365326,Empty,0.30734,-0.00054,0.48543,0.00446,0.00095,0.0045,0.99999,0.00223,0.00048,0.00225,0.9999896441095407,0.004452238976485057,0.000942996166522858,0.004447952783365461,-0.9999799842889399,0.004499637488566494,0.0009630107531906389,-0.00449539648838997,-0.9999894319545088
0.133,0.01590774953365326,Empty,0.30733,-0.00054,0.48543,0.00446,0.00093,0.0045,0.99999,0.00223,0.00047,0.00225,0.9999896369804626,0.004455016544351875,0.0009374216086486197,0.004450755982714716,-0.9999799746282935,0.0044990125116437275,0.0009574460116049436,-0.0044947936534561524,-0.9999894400078171
0.2,0.01590774953365326,Empty,0.30733,-0.00054,0.48543,0.00444,0.00093,0.0045,0.99999,0.00222,0.00047,0.00225,0.9999896762335724,0.0044468420488526506,0.0009343564991953796,0.004442596494076023,-0.9999800163360361,0.004497806684563555,0.0009543388632215215,-0.004493609281350364,-0.9999894483008112
0.267,0.015907421708106995,Empty,0.30734,-0.00054,0.48543,0.00446,0.00095,0.0045,0.99999,0.00223,0.00048,0.00225,0.9999896262296264,0.004455472753645939,0.0009466761186124437,0.004451170886028033,-0.9999799741562098,0.0044987069574748285,0.0009667010268998861,-0.004494446471744208,-0.9999894326641843
0.333,0.015907421708106995,Empty,0.30733,-0.00054,0.48543,0.00446,0.00093,0.0045,0.99999,0.00223,0.00047,0.00225,0.9999896464418176,0.004453057543400141,0.0009366363665881342,0.004448800406533948,-0.9999799827487541,0.004499141778624168,0.0009566525549387271,-0.00449492828824954,-0.9999894401620312
0.4,0.015907421708106995,Empty,0.30734,-0.00053,0.48543,0.00446,0.00095,0.0045,0.99999,0.00223,0.00048,0.00225,0.999989627785868,0.004456064870067555,0.0009422348728302158,0.004451784021884342,-0.9999799764012829,0.004497601084126269,0.000962257608087816,-0.004493359807893016,-0.9999894418332288
0.467,0.01590774953365326,Empty,0.30734,-0.00054,0.48543,0.00444,0.00095,0.0045,0.99999,0.00222,0.00048,0.00225,0.9999896590287887,0.004448086324924327,0.0009467647717611744,0.004443782435595289,-0.9999799991297866,0.004500459760587567,0.000966764269158637,-0.004496206004799352,-0.9999894246932864
0.533,0.01590774953365326,Empty,0.30733,-0.00054,0.48543,0.00444,0.00095,0.0045,0.99999,0.00222,0.00048,0.00225,0.9999896789528759,0.0044446856116837075,0.0009416780433162237,0.004440403750895994,-0.9999800100413896,0.004501370030473306,0.0009616663938184621,-0.004497142140905421,-0.9999894253992445
0.6,0.015907421708106995,Empty,0.30733,-0.00054,0.48543,0.00444,0.00095,0.0045,0.99999,0.00222,0.00048,0.00225,0.9999896765790142,0.004445108347586935,0.0009422033628725798,0.00444083042510951,-0.9999800376214274,0.004494817436121379,0.0009621645047583605,-0.004490586868868248,-0.9999894543789146
0.667,0.015907421708106995,Empty,0.30734,-0.00054,0.48543,0.00444,0.00095,0.0045,0.99999,0.00222,0.00048,0.00225,0.9999896637386207,0.004446126377964987,0.0009509869352883199,0.004441806541938931,-0.9999800218925541,0.0044973514885076876,0.0009709637294530719,-0.004493080902716727,-0.9999894346709057
0.734,0.015907421708106995,Empty,0.30735,-0.00059,0.48543,0.00446,0.00091,0.00472,0.99999,0.00223,0.00046,0.00236,0.9999896196539212,0.004463289731391484,0.0009163128176912225,0.004458907114413657,-0.9999788701612756,0.004730473372072187,0.0009374069293751923,-0.004726338514379635,-0.9999883914288689
0.8,0.015907421708106995,Empty,0.30767,-0.00061,0.48586,0.0045,0.00067,0.00486,0.99999,0.00225,0.00034,0.00243,0.9999896523014247,0.004499083986282515,0.000673448855265798,0.004495759247105213,-0.9999780861539314,0.004859563839722034,0.0006952976832629626,-0.004856485890501696,-0.9999879654805489
0.867,0.015907421708106995,Empty,0.3089,-0.00063,0.48716,0.00464,0.00031,0.0048,0.99999,0.00232,0.00016,0.0024,0.999989163473652,0.004645495558767976,0.0003038194843739458,0.004643984628725117,-0.9999777066062867,0.0047978846588217355,0.00032610126308056414,-0.004796421733402877,-0.9999884439314892
0.933,0.015907421708106995,Empty,0.31076,-0.00082,0.4878,0.00542,-0.00075,0.0046,0.99999,0.00271,-0.00037,0.0023,0.9999850116022843,0.00542385199494122,-0.0007472618793364673,0.005427231744207506,-0.9999747033068824,0.004597597405916505,-0.0007223062882198749,-0.004601584058690819,-0.9999891517900467
1.0,0.01590774953365326,Empty,0.31236,-0.00079,0.48671,0.00555,-0.00279,0.00465,0.99999,0.00278,-0.00139,0.00233,0.9999806512403288,0.005553533880892025,-0.002802749792955332,0.00556654086267977,-0.9999736741490313,0.004654528086817444,-0.002776826928752238,-0.004670039648722461,-0.9999852398720128
1.067,0.01590774953365326,Empty,0.31503,-0.00029,0.48502,0.00639,-0.0023,0.00557,0.99999,0.0032,-0.00114,0.00279,0.9999769157541237,0.006392168975033419,-0.0023039389455207938,0.006404915830954372,-0.9999639844177117,0.005568385821059641,-0.002268261904731627,-0.0055830138140979335,-0.9999818423074905
1.133,0.01590774953365326,Empty,0.31864,0.00072,0.48326,0.0079,-9e-05,0.00704,0.99999,0.00395,-3e-05,0.00352,0.9999688427212647,0.007893504167445498,-7.860440925273925e-05,0.0078938620970605,-0.9999440129700685,0.007046833793125978,-2.2975796511885324e-05,-0.007047234725328146,-0.999975167669097
1.2,0.015907421708106995,Empty,0.32272,0.00226,0.48089,0.00921,0.00212,0.00823,0.99998,0.0046,0.00108,0.00411,0.9999554279498091,0.009201999918597603,0.00211312830006814,0.009184336140915128,-0.9999240210659508,0.008221925866298774,0.0021886259079847716,-0.008202151717589687,-0.9999639666627178
1.266,0.015907421708106995,Empty,0.32758,0.00336,0.47824,0.01181,0.00711,0.00864,0.99997,0.00589,0.00358,0.0043,0.9999050141669016,0.01180906446981328,0.0071069431006628,0.011747441326956876,-0.9998935732254532,0.00865100252596303,0.007208346978189315,-0.00856669240619191,-0.9999373237933765
1.333,0.015907421708106995,Empty,0.33211,0.00424,0.47531,0.01399,0.01118,0.00878,0.99995,0.00697,0.00562,0.00435,0.9998397199942931,0.013981750794373471,0.011182350667813257,0.013883888204595018,-0.9998650497973725,0.008781790365324147,0.011303626411741138,-0.008625128313377774,-0.999898912486418
1.4,0.015907421708106995,Empty,0.33727,0.00575,0.47203,0.01632,0.01891,0.0106,0.99991,0.00811,0.0095,0.00522,0.999688068268964,0.016322238908972442,0.018903721265012732,0.01612384344203982,-0.999813809847017,0.010600344892933823,0.019073222940118408,-0.01029223766685277,-0.9997651134193898
1.466,0.015907421708106995,Empty,0.34244,0.00839,0.46839,0.01903,0.02448,0.01061,0.99987,0.00945,0.01229,0.00519,0.9995194367466016,0.0190199296650847,0.024477292360303948,0.01876486617052575,-0.9997676451645165,0.010608274119742552,0.02467337357068987,-0.010143863057660699,-0.9996441000070518
1.533,0.015907421708106995,Empty,0.34723,0.01176,0.46533,0.01962,0.02427,0.01176,0.99986,0.00974,0.01219,0.00576,0.9995132623405512,0.01961030972531702,0.02426260822388423,0.01932931814747474,-0.9997439824220757,0.011762103162388349,0.02448705505572806,-0.0112873984303779,-0.9996364232916745
1.6,0.015907421708106995,Empty,0.35275,0.01668,0.4622,0.01992,0.02638,0.01014,0.99985,0.00989,0.01324,0.00494,0.9994542210842265,0.019898171597789394,0.026368972751826245,0.019636381467032615,-0.9997556650226906,0.01015001369058396,0.026564496603602585,-0.009626682819268179,-0.9996007475477867
1.667,0.015907421708106995,Empty,0.35723,0.02048,0.45877,0.02117,0.02286,0.0112,0.99986,0.01052,0.01149,0.00548,0.9995146224625787,0.021157030791838727,0.022866996557528666,0.02090507953307258,-0.9997187113742464,0.011201597115244967,0.023097556866576763,-0.010718123729904338,-0.9996757597793924
1.733,0.015907421708106995,Empty,0.36227,0.02561,0.45677,0.01503,0.01881,0.00904,0.99992,0.00747,0.00944,0.00445,0.9997100980869791,0.015015961827608892,0.018821282456691513,0.014847916050224785,-0.9998489275804943,0.009036670022797129,0.01895413337212371,-0.00875459345299567,-0.9997820252042866
1.8,0.015907421708106995,Empty,0.36845,0.0316,0.45447,0.01255,0.0158,0.006,0.99994,0.00625,0.00792,0.00295,0.9997963249425319,0.012554227131567897,0.01580189901676956,0.012460774098837724,-0.9999043679541151,0.005998671114480266,0.01587569652849654,-0.005800545440815674,-0.9998571477627811
1.867,0.015907421708106995,Empty,0.37527,0.03835,0.45022,0.00989,0.01728,0.00399,0.99995,0.00493,0.00865,0.00195,0.9998016868571618,0.009891546203734669,0.01728422029695323,0.009824176880092794,-0.9999438277283373,0.003978308262269559,0.01732260102302398,-0.0038077160740231384,-0.999842702024722
1.933,0.015907421708106995,Empty,0.38181,0.04537,0.44431,0.00388,0.01706,0.00253,0.99996,0.00193,0.00853,0.00125,0.9998470318749068,0.0038820502241464494,0.017054106162336272,0.0038393453438210212,-0.9999894137318279,0.0025361095414737625,0.01706377092760902,-0.002470244994464763,-0.9998513517575486
2.0,0.015907421708106995,Empty,0.388,0.0526,0.43794,0.00094,0.0169,0.00223,0.99996,0.00046,0.00845,0.00111,0.9998566990490723,0.0009339992103507,0.01690292910025398,0.0008965537922664413,-0.9999971277529234,0.0022227634154942007,0.01690495661014033,-0.0022072905061978282,-0.9998546645941252
2.067,0.015907421708106995,Empty,0.39403,0.05951,0.43196,-0.00538,0.01731,0.00285,0.99996,-0.0027,0.00865,0.00145,0.9998357825281042,-0.005384689661514008,0.017303557254582567,-0.0054347015537470345,-0.9999811861178649,0.002844543782275122,0.01728791472199971,-0.00293811632798333,-0.9998462359168071
2.133,0.015907421708106995,Empty,0.40016,0.06706,0.42641,-0.01027,0.02005,0.00092,0.99994,-0.00514,0.01002,0.00051,0.9997465851635341,-0.010260903236438301,0.020036948835211094,-0.010281419140837633,-0.9999467205276,0.0009211550077664298,0.020026429394748173,-0.0011269298426991154,-0.9997988158398803
2.2,0.015907421708106995,Empty,0.40626,0.07467,0.42073,-0.01737,0.02242,0.00427,0.9999,-0.00871,0.01119,0.00223,0.9995979166711279,-0.017363005007836718,0.022417204193182924,-0.01746291959349744,-0.9998383980027841,0.004268995021892458,0.02233945894626965,-0.004658748364499693,-0.9997395884117345
2.267,0.015907421708106995,Empty,0.41204,0.08225,0.41606,-0.02522,0.0222,0.00746,0.99985,-0.01265,0.01105,0.00387,0.9994360550062836,-0.02520630368925475,0.022185901104123724,-0.025377311414067905,-0.9996501059834728,0.007460407001279463,0.02199008910555652,-0.008019218263421045,-0.9997260265290552
2.333,0.015907421708106995,Empty,0.41715,0.08956,0.41219,-0.02935,0.02141,0.00847,0.99983,-0.01472,0.01064,0.00439,0.9993399834517569,-0.029348173394043664,0.02140752655200912,-0.02953519562079443,-0.999527828812764,0.008472995248628816,0.021148751601057603,-0.009099678416022508,-0.9997349279476245
2.4,0.015907421708106995,Empty,0.42271,0.09608,0.40914,-0.03607,0.02096,0.00852,0.99977,-0.01808,0.0104,0.00445,0.9991300464044419,-0.03605435411728691,0.020957908317456517,-0.03623940799508185,-0.9993068344777574,0.008517973597615927,0.02063627098154243,-0.009270065546097632,-0.9997440723528932
2.467,0.015907421708106995,Empty,0.42862,0.10369,0.40663,-0.04577,0.02206,0.00342,0.99968,-0.0229,0.01099,0.00196,0.9987099324764372,-0.04573670717442785,0.022059564586588924,-0.045822705274339015,-0.9989437727805689,0.00340859271019096,0.02188036686736109,-0.0044150243219660025,-0.9997508475145126
2.533,0.015907421708106995,Empty,0.43332,0.10988,0.40303,-0.04875,0.02166,0.00153,0.99964,-0.02438,0.01081,0.00103,0.9985776077581863,-0.04871406687519264,0.021672585734453867,-0.04875875409819064,-0.9988094004881503,0.001537984165731929,0.021571860900955274,-0.0025925248274847818,-0.9997639389537356
2.6,0.015907421708106995,Empty,0.4387,0.11566,0.39911,-0.0571,0.02412,-0.00043,0.99952,-0.02854,0.01206,0.00013,0.9980802819357423,-0.057048449838279114,0.02410861219810472,-0.05705464544540334,-0.9983709638059115,-0.0004313494571379292,0.024093946214113177,-0.0009449869333505383,-0.999709252110596
2.667,0.015907421708106995,Empty,0.44453,0.12328,0.39445,-0.06588,0.02736,-0.0048,0.99936,-0.0329,0.01375,-0.00195,0.9974570148242438,-0.06580842018278027,0.027363395457349914,-0.06570090250403637,-0.9978277639997437,-0.004810904429221151,0.02762055372478552,0.0030008705934529154,-0.9996139753863076
2.733,0.015907421708106995,Empty,0.4494,0.12928,0.38809,-0.07011,0.03034,-0.00687,0.99927,-0.03499,0.01528,-0.0029,0.9970841791301525,-0.07001920691116681,0.03033892535805357,-0.06984176644351875,-0.9975344212523278,-0.006870667859272131,0.030745201062919593,0.004731710083533738,-0.9995160546640988
2.8,0.015907421708106995,Empty,0.45527,0.13474,0.38107,-0.07594,0.03623,-0.01044,0.99911,-0.03786,0.0183,-0.00453,0.9964630996166779,-0.07582539254063037,0.0362187927515877,-0.07549380685609675,-0.9970916316238951,-0.010438547407240723,0.036904962114836196,0.007667332760365338,-0.999289365389047
2.866,0.015907421708106995,Empty,0.46178,0.14071,0.37361,-0.08492,0.04218,-0.01371,0.99886,-0.04229,0.02136,-0.00595,0.9955100102029075,-0.08474059164077552,0.04217643553191475,-0.08423214354580216,-0.9963520702090574,-0.01369299761939029,0.04318293157586501,0.010078904627813096,-0.9990163412587493
2.933,0.015907421708106995,Empty,0.46769,0.14666,0.36463,-0.09211,0.04516,-0.01714,0.99866,-0.04583,0.02295,-0.00752,0.9947456840521791,-0.09188458850068965,0.04514694292663981,-0.09119442398829919,-0.9956859294319527,-0.01712036695491341,0.046525273701555944,0.012913261682762163,-0.9988336430956397
3.0,0.015907421708106995,Empty,0.47298,0.15266,0.35551,-0.10048,0.04732,-0.01881,0.99843,-0.04998,0.0241,-0.0082,0.9938427909765117,-0.10019372052870745,0.047304600100131045,-0.09940309868850755,-0.9948698964565612,-0.018785981359354498,0.048944159969713165,0.0139680883132399,-0.9987038408425858
3.067,0.01590774953365326,Empty,0.47843,0.15877,0.34691,-0.10682,0.05207,-0.02044,0.9982,-0.0531,0.02654,-0.00881,0.9929513616636726,-0.10648512222257822,0.05204336764181341,-0.1055502420712558,-0.9942046748136716,-0.02040124940638261,0.05391418893906962,0.014764258324911062,-0.998436416056204
3.133,0.01590774953365326,Empty,0.48362,0.16443,0.33845,-0.10992,0.05717,-0.02276,0.99804,-0.05458,0.02916,-0.00979,0.9923420566322457,-0.10951031053290433,0.057137855453909064,-0.10836816199607585,-0.9938509784051384,-0.022728268494130902,0.059275493287506385,0.016362292325218103,-0.998107554968595
3.2,0.015907421708106995,Empty,0.48898,0.1693,0.32979,-0.11251,0.06291,-0.02497,0.99787,-0.0558,0.0321,-0.01069,0.9917117996775295,-0.11204454983850531,0.06287865481896553,-0.11067178739443723,-0.9935446155567784,-0.02491690938005403,0.0652645528236913,0.01775149992592251,-0.9977100893521642
3.267,0.015907421708106995,Empty,0.49369,0.17294,0.32151,-0.11529,0.06671,-0.02678,0.99772,-0.05713,0.03406,-0.01144,0.9911522747801234,-0.11478137917125358,0.06665135552808868,-0.11322302485730018,-0.9932102982252381,-0.02671797412785005,0.06926553862022584,0.0189351127506055,-0.9974185413680516
3.333,0.015907421708106995,Empty,0.49752,0.17606,0.3136,-0.11831,0.06502,-0.02867,0.99765,-0.05862,0.03329,-0.01238,0.9909117980448297,-0.11778190934111793,0.06497099604841843,-0.1161338405185382,-0.9928217744543982,-0.028598168746173852,0.06787296650344436,0.020792931519642937,-0.9974772751380564
3.4,0.015907421708106995,Empty,0.50266,0.17943,0.30793,-0.1209,0.0686,-0.03391,0.99748,-0.05979,0.03525,-0.01484,0.9903664636586693,-0.12031928554763455,0.06853858172976884,-0.11822747218017032,-0.9924106155126793,-0.03381471631748377,0.07208697858912169,0.025385817754242982,-0.9970752367674364
3.467,0.015907421708106995,Empty,0.50831,0.18216,0.30076,-0.11996,0.07593,-0.03965,0.99733,-0.05914,0.03907,-0.0175,0.9899521064341187,-0.11933260140712848,0.07585879782898479,-0.11659830498569684,-0.9923925119683771,-0.03952135452583479,0.07999788897910881,0.03027924091686743,-0.9963350366861462
3.533,0.015907421708106995,Empty,0.51338,0.18481,0.29241,-0.11896,0.07741,-0.04484,0.99728,-0.05852,0.03995,-0.02006,0.9899587912900202,-0.11832924722112714,0.07732904240764668,-0.11512371058877446,-0.9923454164356647,-0.044688989017420314,0.08202513522009196,0.03533785125341339,-0.9960035710081151
3.6,0.015907421708106995,Empty,0.5188,0.18726,0.28403,-0.11715,0.08079,-0.05026,0.99722,-0.05746,0.04177,-0.0227,0.9899082799250882,-0.11649222976937468,0.08069174517329712,-0.11269961176830123,-0.9923664702790643,-0.05007580426857712,0.08590922443502373,0.040476524915435276,-0.9954804147183123
3.667,0.015907421708106995,Empty,0.52304,0.18894,0.27502,-0.1158,0.08124,-0.0537,0.9972,-0.05671,0.04208,-0.02443,0.9900265579865366,-0.11516228192667183,0.08114840295885554,-0.11105025839418092,-0.9923737909137408,-0.053498590804590934,0.08669056806779317,0.04395347459454327,-0.9952652096196021
3.733,0.015907421708106995,Empty,0.52839,0.19114,0.26675,-0.11297,0.08831,-0.05627,0.99711,-0.05514,0.04564,-0.02557,0.9897532836670071,-0.11228737887337864,0.0882042063403069,-0.10761889061184288,-0.9926123666459696,-0.05602556528017713,0.09384354987879212,0.04595904837171377,-0.9945255924403923
3.8,0.015907421708106995,Empty,0.53202,0.19319,0.25907,-0.10981,0.08765,-0.05593,0.99721,-0.05358,0.04526,-0.02549,0.9901624105191935,-0.10916448269907342,0.08753008918002621,-0.1045501476294265,-0.9929593405778772,-0.05568675416840134,0.09299283534490584,0.04598764699558548,-0.9946041769962182
3.867,0.015907421708106995,Empty,0.53682,0.19571,0.25248,-0.10811,0.09233,-0.05349,0.99719,-0.05272,0.04751,-0.02418,0.9899267823861442,-0.1074398118024863,0.0922044052877196,-0.102843852621265,-0.9932716452460127,-0.05324078068824995,0.09730420079642631,0.043221818450004015,-0.9943157279844484
3.933,0.015907421708106995,Empty,0.54061,0.19879,0.24682,-0.10597,0.09415,-0.04959,0.99725,-0.05172,0.04829,-0.02224,0.98998682885919,-0.10530614128987448,0.09400369828874995,-0.10101108595108527,-0.9936606580716396,-0.04934832434458604,0.09860445831861672,0.03935877547984666,-0.994348051535487
4.0,0.015907421708106995,Empty,0.54442,0.20231,0.24284,-0.10707,0.09318,-0.04514,0.99729,-0.05239,0.0477,-0.02002,0.9899600552640501,-0.10639908275204246,0.09305011644873198,-0.10257843810520512,-0.9937094635852128,-0.04493513121249862,0.09724583804716364,0.034939049367604044,-0.9946469272117584
4.067,0.015907421708106995,Empty,0.54984,0.2073,0.24076,-0.10987,0.09731,-0.04035,0.99716,-0.05385,0.04966,-0.01745,0.9892686190064935,-0.10911954488561254,0.09716236088600248,-0.10565364367715263,-0.9935923443042105,-0.04014425136684163,0.10092030036977852,0.029447890654844502,-0.9944586038188085
4.133,0.015907421708106995,Empty,0.55517,0.21323,0.23871,-0.10743,0.10383,-0.03363,0.99712,-0.05274,0.05271,-0.01398,0.9888807085616376,-0.10665001646824845,0.1036374363922408,-0.10370265850366212,-0.9940460903839565,-0.033438433151743795,0.10658659790942884,0.022319143793907766,-0.9940528924390294
4.2,0.015907421708106995,Empty,0.56024,0.21959,0.23702,-0.10783,0.10728,-0.02934,0.99705,-0.05302,0.05432,-0.01174,0.9884754473636191,-0.10700961578182588,0.10707582401979988,-0.10445884231043978,-0.9941013337933813,-0.02916999165894843,0.10956568907489161,0.017648803938127414,-0.9938228612268373
4.266,0.015907421708106995,Empty,0.56552,0.22609,0.23548,-0.10454,0.10976,-0.02713,0.99708,-0.05142,0.05548,-0.01066,0.9885553796358055,-0.1037240155199663,0.10954264008833353,-0.1013587657315348,-0.9944845911829119,-0.02695920082525307,0.11173478421014768,0.015547556212158737,-0.9936164307686045
4.333,0.015907421708106995,Empty,0.57055,0.23109,0.23409,-0.09747,0.11286,-0.02713,0.99717,-0.04787,0.05699,-0.01078,0.988920922714773,-0.09669783601950505,0.1126274261718992,-0.09424001708328239,-0.9951844367135534,-0.026958414331520734,0.11469188200175401,0.016045729409168662,-0.9932715171445436
4.4,0.015907421708106995,Empty,0.57658,0.23455,0.23209,-0.09322,0.11751,-0.02492,0.99715,-0.04578,0.05923,-0.00969,0.988790939465312,-0.09244850112519248,0.11724228192512604,-0.090152751159083,-0.9956204435869132,-0.024746995176109766,0.11901663534882,0.01389989034141023,-0.9927949604821444
4.466,0.015907421708106995,Empty,0.58277,0.23709,0.22908,-0.08833,0.12217,-0.02059,0.99714,-0.04344,0.06144,-0.00757,0.9886757400362598,-0.08756789806217147,0.12186937389158553,-0.08570836036804774,-0.996110822898045,-0.020428055913395825,0.12318424423104948,0.009751499082350342,-0.9923359059506374
4.534,0.015907421708106995,Empty,0.58798,0.23964,0.2249,-0.08552,0.12298,-0.01865,0.99718,-0.04209,0.06179,-0.00667,0.9888218153424821,-0.0847619280332545,0.12266553329637395,-0.08311351892494956,-0.9963683028023045,-0.018502652317099993,0.1237883697069741,0.00810066212977836,-0.9922755760363897
4.6,0.015907421708106995,Empty,0.59295,0.24174,0.22052,-0.08229,0.12452,-0.01494,0.99721,-0.04059,0.06247,-0.00489,0.9888998431216125,-0.0815572142749586,0.12419952122999128,-0.08033504733195851,-0.9966576583481733,-0.01482539126322354,0.12499352160901234,0.004683252677800457,-0.9921465046555036
4.667,0.015907421708106995,Empty,0.59708,0.24399,0.21562,-0.08083,0.12539,-0.01234,0.99722,-0.03994,0.06285,-0.00362,0.988909440059744,-0.08010448811659754,0.12506554419304033,-0.07919436358648702,-0.9967840444814673,-0.01224015699652927,0.12564383047668817,0.002199920622715533,-0.99207297524547
4.733,0.015907421708106995,Empty,0.60027,0.24581,0.21024,-0.07807,0.12414,-0.00868,0.99732,-0.03868,0.06215,-0.00191,0.989282247749157,-0.07738239998430402,0.12382487012327159,-0.07690828062848254,-0.9970009811809715,-0.008611613957356788,0.1241199043632665,-0.0010038410477441622,-0.9922667190045247
4.8,0.015907421708106995,Empty,0.60321,0.24712,0.20528,-0.07577,0.12213,-0.00576,0.99742,-0.03763,0.06109,-0.00056,0.989703374243778,-0.07513149220963472,0.12182975781324512,-0.07499548610593437,-0.9971675367050045,-0.0057079598288583,0.12191352703541564,-0.0034874948067035515,-0.992534598543425
4.867,0.01590774953365326,Empty,0.60652,0.24865,0.20215,-0.07569,0.12259,-0.00314,0.99741,-0.03767,0.06127,0.00075,0.989654044753054,-0.07505850618126886,0.12227465949147749,-0.0752422999491964,-0.9971603986043285,-0.003120216917402517,0.12216164701851187,-0.006112291312829324,-0.9924913963821709
4.933,0.01590774953365326,Empty,0.60875,0.24963,0.19991,-0.07441,0.11748,0.00089,0.99758,-0.03716,0.05865,0.00263,0.9903598607378328,-0.07382769458178001,0.1172041712230388,-0.07444402981601966,-0.9972248019056147,0.0008836792736280491,0.11681366642688487,-0.009600311299456973,-0.9931074470362516
5.0,0.015907421708106995,Empty,0.61132,0.25025,0.19908,-0.07394,0.11539,0.0014,0.99765,-0.03694,0.0576,0.00283,0.9906358044928651,-0.07337993072671228,0.11513508858431079,-0.0740317714568835,-0.9972549147420294,0.0013899056885779276,0.1147170417668183,-0.009900544904715373,-0.9933488710110159
5.067,0.015907421708106995,Empty,0.61418,0.25058,0.1985,-0.0744,0.11487,0.00075,0.99766,-0.03715,0.05735,0.00251,0.9906603636928744,-0.07384220558322158,0.11462710186734709,-0.07441802031794131,-0.9972268554371131,0.0007463557900782639,0.11425411178535493,-0.009269707094194146,-0.9934083100470458
5.133,0.015907421708106995,Empty,0.6168,0.2502,0.19697,-0.07438,0.11531,0.0008,0.99765,-0.03714,0.05757,0.00254,0.9906136369249521,-0.0738089602137908,0.11505155249051732,-0.07439273986950645,-0.9972287138226048,0.0007826764473120515,0.11467494317865273,-0.009334330178017079,-0.9933592138230262
5.2,0.01590774953365326,Empty,0.61885,0.24975,0.1941,-0.07334,0.11384,-0.00045,0.99771,-0.03659,0.05686,0.00186,0.9908544738543758,-0.07280926123062292,0.11360555937901433,-0.0732327170706159,-0.9973147794452422,-0.000447046466176472,0.11333305251877326,-0.007876685796620575,-0.9935258310822311
5.266,0.01590774953365326,Empty,0.62129,0.24982,0.19011,-0.07473,0.11241,-0.00282,0.99773,-0.03722,0.05619,0.00069,0.9909156656379243,-0.07419024709718491,0.11216929539320508,-0.07434483490175092,-0.997228634941626,-0.002809835563222604,0.11206689572206764,-0.005554897669589827,-0.9936851382581403
5.333,0.01590774953365326,Empty,0.6238,0.24961,0.18491,-0.07437,0.11476,-0.00429,0.99767,-0.03699,0.05739,-1e-05,0.9906760087510071,-0.07380283634032198,0.11451719099461874,-0.07380097593618007,-0.9972638834307954,-0.004261778431118669,0.11451838994695011,-0.004229438810550977,-0.9934121250575241
5.4,0.015907421708106995,Empty,0.62528,0.24905,0.17856,-0.07341,0.11546,-0.00501,0.99766,-0.03649,0.05775,-0.00038,0.9906676279866619,-0.07285237735666683,0.1151962758632501,-0.07276502496829262,-0.9973367341529378,-0.004968888257520086,0.11525147287841474,-0.0034597431456355474,-0.9933303217846129
5.466,0.015907421708106995,Empty,0.62691,0.24861,0.17169,-0.0719,0.11654,-0.0062,0.99766,-0.0357,0.05831,-0.001,0.9906510248149103,-0.0713420271243475,0.11627924233910668,-0.07110929945895389,-0.997449546043131,-0.006153911667290887,0.11642171001846992,-0.002172156564529631,-0.993197496559589
5.533,0.015907421708106995,Empty,0.62845,0.24804,0.16488,-0.06928,0.11837,-0.00717,0.99765,-0.03436,0.05924,-0.00153,0.9906207754010002,-0.06874205368591924,0.11808898932145809,-0.06837866766136247,-0.9976339551129787,-0.007130877540108466,0.11829977663875053,-0.0010107723172062156,-0.9929774122237347
5.6,0.015907421708106995,Empty,0.63059,0.24736,0.15859,-0.0664,0.12233,-0.00655,0.99758,-0.03293,0.0612,-0.00124,0.9903402220162995,-0.06585657810383427,0.12202112840471623,-0.06555277432764978,-0.9978278878798914,-0.006506915329316729,0.1221846080103993,-0.0015547635216426703,-0.9925061734194587
5.667,0.015907421708106995,Empty,0.63176,0.24674,0.15207,-0.06501,0.12456,-0.00692,0.99753,-0.03222,0.06232,-0.00143,0.9901549122385558,-0.06446539994166195,0.12424758339790529,-0.06410998003838864,-0.997919254397035,-0.006860915619855017,0.12443134745447096,-0.0011721407880040846,-0.9922275272620881
5.733,0.015907421708106995,Empty,0.63307,0.24665,0.14647,-0.06223,0.12894,-0.01007,0.99744,-0.03072,0.06455,-0.00302,0.9897787303770942,-0.06166726937596306,0.12858931829984876,-0.060887956577973024,-0.9980946473278626,-0.009986576952511025,0.12896015522969212,0.002054960627837228,-0.9916476468483911
5.8,0.015907421708106995,Empty,0.63405,0.24605,0.14092,-0.06122,0.13094,-0.00981,0.99739,-0.03022,0.06554,-0.00289,0.989582792482457,-0.06065873399660443,0.13056191945797735,-0.05990168327924544,-0.9981569416816662,-0.009721528327144041,0.1309109818270992,0.001799378401470361,-0.9913924939570772
5.867,0.015907421708106995,Empty,0.63535,0.24561,0.13582,-0.06085,0.13367,-0.00634,0.99731,-0.03014,0.06685,-0.00113,0.9892461630072216,-0.06026023938447772,0.13326939830589524,-0.05995815402087529,-0.9981811210788898,-0.006282458762301754,0.13340557987542717,-0.0017756888850361853,-0.9910599367278876
5.933,0.015907421708106995,Empty,0.63722,0.24622,0.13077,-0.05831,0.13967,-0.00225,0.99714,-0.029,0.06978,0.00091,0.9885786100395344,-0.05771045126055374,0.13921866106095482,-0.05796309938988886,-0.9983162075606511,-0.0022425054818883544,0.13911366173535816,-0.005852652135712077,-0.9902591254724991
6.0,0.015907421708106995,Empty,0.63759,0.24718,0.12571,-0.05437,0.14187,-0.00154,0.99712,-0.02706,0.07087,0.00116,0.9884906874911892,-0.05380128706512105,0.14139159187636322,-0.05412958548857488,-0.9985327533232755,-0.001525947401776917,0.14126623346727515,-0.006145083463579365,-0.989952569182582
6.067,0.015907421708106995,Empty,0.63793,0.24816,0.12149,-0.05377,0.14237,-0.00231,0.99711,-0.02673,0.07113,0.00076,0.9884520643512174,-0.0532047400544533,0.1418864761545473,-0.05342185211458417,-0.9985694274053831,-0.002281308381702013,0.14180487366964653,-0.005324874366872603,-0.989880307671848
6.133,0.015907421708106995,Empty,0.63844,0.24925,0.1181,-0.05205,0.1441,-0.00376,0.99707,-0.02582,0.07201,0.0,0.9882949440645022,-0.05148621358220423,0.14360457286420275,-0.051487223398277604,-0.9986667560375233,-0.0037116320164930633,0.14360421081318706,-0.0037256135679453626,-0.9896281879778204
6.2,0.015907421708106995,Empty,0.63924,0.24988,0.11504,-0.0536,0.14513,-0.004,0.99701,-0.02658,0.07253,-5e-05,0.9880651304215742,-0.0530103821789254,0.14462778926002257,-0.05299504628843121,-0.998586918109142,-0.003961319246433823,0.14463340939729072,-0.0037505149685592327,-0.9894782011361272
6.267,0.015907421708106995,Empty,0.64094,0.25112,0.11276,-0.05548,0.14815,-0.00458,0.99688,-0.02749,0.07404,-0.00023,0.9875232142728602,-0.05484786317173074,0.14761305219286433,-0.05477834331545056,-0.9984882211998727,-0.004539298263840835,0.1476388647200081,-0.0036033360388108503,-0.9890347726918293
6.333,0.015907421708106995,Empty,0.64216,0.25243,0.10998,-0.05419,0.15009,-0.00524,0.99682,-0.02682,0.07502,-0.00058,0.9873054610677432,-0.053556109502260585,0.14953150063044585,-0.0533828438365726,-0.9985607089341657,-0.005175186645595173,0.14959344414021414,-0.002872926709562381,-0.9887434185684322
6.4,0.015907421708106995,Empty,0.64359,0.25365,0.1072,-0.05313,0.15278,-0.00688,0.99673,-0.02622,0.07638,-0.0014,0.9869587752925948,-0.05248088690993674,0.15217796286613866,-0.05205271170443182,-0.9986211944118621,-0.0067989172403404435,0.1523249522473478,-0.0012110245959968341,-0.9883297234942755
6.466,0.015907421708106995,Empty,0.64507,0.25392,0.10431,-0.04982,0.15638,-0.00766,0.99664,-0.02453,0.07818,-0.00187,0.9865737182363528,-0.049186557691353106,0.15573368623317407,-0.048601685944069495,-0.9987896030091878,-0.007563401625101052,0.15591720433836506,-0.00010706644542617425,-0.9877701220061704
6.533,0.015907421708106995,Empty,0.64609,0.25312,0.10115,-0.04907,0.15688,-0.00629,0.99663,-0.02421,0.07841,-0.00121,0.9865311365945648,-0.04844705969190072,0.1562344358220866,-0.04806828689138931,-0.9988247851661047,-0.006203896615213075,0.15635138734518286,-0.0013895845042890236,-0.9877005177330536
6.6,0.015907421708106995,Empty,0.64661,0.25294,0.09851,-0.04943,0.15543,-0.0061,0.99668,-0.0244,0.07769,-0.00112,0.9867381649383493,-0.048809066953299896,0.15480784488276747,-0.04846196751249493,-0.9988069018081929,-0.006017524834731516,0.1549168536955118,-0.0015645713364941729,-0.9879262728349805
6.667,0.015907421708106995,Empty,0.64789,0.25267,0.09675,-0.04847,0.15702,-0.00532,0.99663,-0.02395,0.07847,-0.00075,0.9865358000131408,-0.047865332628776736,0.15638422306859812,-0.04763132920711255,-0.9988512100567644,-0.0052456311442319326,0.15645565432542274,-0.002273785494330118,-0.9876823670234928
6.733,0.015907421708106995,Empty,0.65006,0.25307,0.09528,-0.05033,0.15995,-0.00586,0.99649,-0.02485,0.07994,-0.00091,0.9859850480126353,-0.04967889306815265,0.15926547861681933,-0.049386344221905576,-0.9987629275345344,-0.005796860101996162,0.15935643727166143,-0.002149922363647539,-0.9872187719720049
6.8,0.015907421708106995,Empty,0.65203,0.25359,0.09247,-0.05109,0.16365,-0.0056,0.99633,-0.02523,0.08178,-0.0007,0.9853527311245782,-0.05038246260593515,0.16291593760923403,-0.050155116304759884,-0.9987262361452813,-0.005510856878493592,0.1629860717171572,-0.002740929922629781,-0.9866245627032447
6.867,0.015907421708106995,Empty,0.65297,0.2541,0.08924,-0.05173,0.16426,-0.0048,0.9963,-0.02558,0.08207,-0.00027,0.9852201606530326,-0.05101524280402525,0.16351966256220848,-0.05092499327770411,-0.9986912014801798,-0.004746487726794549,0.1635477914937346,-0.003650902316022833,-0.9865286568619285
6.933,0.015907421708106995,Empty,0.65389,0.255,0.08619,-0.05342,0.16475,-0.00449,0.99626,-0.02643,0.08231,-4e-05,0.9850542042131183,-0.052673764234736464,0.16399295510296735,-0.052661973215010593,-0.9986026026462294,-0.004422506673665685,0.1639967418553244,-0.004279783817027925,-0.9864515964360936
7.0,0.015907421708106995,Empty,0.65472,0.25599,0.08328,-0.05427,0.16501,-0.00437,0.99623,-0.02686,0.08244,6e-05,0.9849628417191082,-0.053509250724519564,0.1642709971952438,-0.05352995387486431,-0.9985569687110191,-0.004303983830784633,0.1642642519563347,-0.004554154758156657,-0.9864058572431859
7.066,0.015907421708106995,Empty,0.65563,0.25691,0.08069,-0.05555,0.16454,-0.00408,0.99624,-0.02751,0.0822,0.00025,0.9849723685223651,-0.05477589544748851,0.16379570972820928,-0.054858780892250714,-0.9984860277760322,-0.004020758020102919,0.16376796819420456,-0.005025297400754447,-0.9864860865615773
7.133,0.015907421708106995,Empty,0.65713,0.25789,0.07883,-0.05498,0.1664,-0.00342,0.99617,-0.02725,0.08312,0.00058,0.9846980726098409,-0.054200495621095524,0.1656261213483316,-0.05439453005472278,-0.9985138429810718,-0.003367562218778139,0.1655624984668644,-0.005693123009304448,-0.9861828671457491
7.2,0.015907421708106995,Empty,0.65817,0.25888,0.07695,-0.05533,0.16655,-0.00325,0.99616,-0.02743,0.08319,0.00068,0.9846536328533444,-0.054534020788238824,0.16578077055370272,-0.054759976362829865,-0.9984943841470808,-0.0032108901389182737,0.16570627114703232,-0.0059165364369536625,-0.9861574044234199
7.266,0.01590774953365326,Empty,0.65935,0.25992,0.07562,-0.05511,0.16726,-0.00352,0.99613,-0.02731,0.08355,0.00055,0.9845468201275197,-0.05431570333964242,0.16648532472115887,-0.05450073499958197,-0.9985077339404296,-0.003460512339817451,0.16642484448331354,-0.005666536143768027,-0.9860378600778149
7.333,0.01590774953365326,Empty,0.66044,0.26059,0.07446,-0.05489,0.16806,-0.00374,0.9961,-0.02719,0.08395,0.00044,0.9844281336502112,-0.05408819847772045,0.16725942862331086,-0.05423591838607433,-0.99852133860594,-0.0036880218844827783,0.1672115870230909,-0.005440876219512862,-0.9859060208920438
7.4,0.01590774953365326,Empty,0.66131,0.26099,0.07354,-0.05326,0.16786,-0.00442,0.99613,-0.02635,0.08386,3e-05,0.9845465921458448,-0.05249352324184048,0.16707015865097433,-0.05250297477630744,-0.9986112347710351,-0.004363419382431982,0.1670671886806078,-0.004475690642449283,-0.9859353541990628
7.466,0.01590774953365326,Empty,0.6624,0.26082,0.07259,-0.05038,0.16757,-0.00473,0.99618,-0.0249,0.08372,-0.00025,0.9847404539757554,-0.049660269416780034,0.16679357285302188,-0.049575787156281026,-0.9987594340125184,-0.004672718569423515,0.1668187028826762,-0.003667507661442065,-0.9859807654087855
7.533,0.01590774953365326,Empty,0.66303,0.26021,0.07165,-0.049,0.16625,-0.00388,0.99625,-0.02425,0.08305,0.0001,0.9850291512838997,-0.048304052904935,0.16548199175099906,-0.048337152368503056,-0.9988237351204501,-0.003829603234952267,0.16547232645317034,-0.004226657425232279,-0.9862053764531935
7.6,0.015907421708106995,Empty,0.66326,0.25952,0.07127,-0.04555,0.16442,-0.00311,0.99637,-0.02257,0.08213,0.00032,0.9854907957187629,-0.04491281599121277,0.16367874178810937,-0.04501927832839925,-0.9989814293578387,-0.0030607804494079544,0.1636494916960918,-0.0043523278723938,-0.9865089462897444
7.667,0.015907421708106995,Empty,0.66389,0.2585,0.0712,-0.04258,0.1649,-0.0031,0.99638,-0.02109,0.08237,0.00021,0.9855400893344756,-0.04199132315949894,0.16415681860315245,-0.042059450571437895,-0.9991104168583476,-0.003062277382471598,0.164139376543907,-0.0038863484729158783,-0.9864295014664377
7.733,0.015907421708106995,Empty,0.66433,0.2575,0.07027,-0.04144,0.16414,-0.00271,0.99642,-0.02054,0.08199,0.00035,0.9857112955704235,-0.04087140068871581,0.16340982342142066,-0.040987752547947065,-0.9991561057699749,-0.002660910304170941,0.16338067794554437,-0.004074912062979855,-0.986554686353338
7.8,0.015907421708106995,Empty,0.66435,0.25662,0.06896,-0.04003,0.16276,-0.00337,0.99649,-0.01981,0.08131,-5e-05,0.9859939823163835,-0.03949051896223138,0.16203816139407617,-0.03947299464182802,-0.9992150929603291,-0.0033287676829200225,0.16204243126380596,-0.0031139865725916117,-0.9867788777419895
7.867,0.015907421708106995,Empty,0.66455,0.25567,0.06718,-0.03838,0.16224,-0.00457,0.99653,-0.01894,0.08106,-0.00072,0.9861399165201364,-0.037875081681416456,0.16153495978667945,-0.03764015073873472,-0.9992811565897425,-0.004515433205288841,0.16158986384678783,-0.0016273513118301934,-0.9868566601232849
7.933,0.015907421708106995,Empty,0.66469,0.25482,0.06504,-0.03784,0.16122,-0.00444,0.99658,-0.01868,0.08055,-0.00069,0.9863262222211716,-0.03734148368870488,0.16051852526994476,-0.037119662918248975,-0.9993012229015348,-0.0043813847505624615,0.16056996600780357,-0.0016369188810351802,-0.9870231033328598
8.0,0.015907421708106995,Empty,0.66514,0.25452,0.06273,-0.03712,0.16142,-0.00441,0.99657,-0.01832,0.08065,-0.0007,0.986319876146208,-0.036622996379634565,0.16072292324091816,-0.03639558280308508,-0.9993279516358784,-0.004359659581166811,0.16077457346033483,-0.0015495855630325934,-0.9869899367841753
8.066,0.015907421708106995,Empty,0.66515,0.25464,0.06003,-0.0363,0.16079,-0.00523,0.99661,-0.01788,0.08034,-0.00115,0.9864517380189752,-0.03583037162067565,0.16009107729310476,-0.035459464535359586,-0.9993577218889313,-0.005173980656199423,0.1601736399480519,-0.0005728616669178505,-0.9870886874517923
8.133,0.015907421708106995,Empty,0.66605,0.25464,0.05749,-0.0348,0.16276,-0.00517,0.99654,-0.01713,0.08132,-0.00116,0.98618771567644,-0.03433926918864738,0.16203272521461415,-0.03396236164909461,-0.9994101194488126,-0.005096188234935267,0.16211214464098953,-0.0004772157786591364,-0.9867722254020931
8.2,0.015907421708106995,Empty,0.66618,0.25466,0.05473,-0.03499,0.16256,-0.00626,0.99655,-0.01718,0.08123,-0.0017,0.9862143566887682,-0.0345272378568694,0.16183050548933492,-0.033974158166907575,-0.9994035763429887,-0.006184510465159859,0.16194752001129387,0.0006011978201073085,-0.9867991889555711
8.267,0.015907421708106995,Empty,0.66644,0.25449,0.05202,-0.03377,0.1629,-0.00711,0.99654,-0.01654,0.08141,-0.00217,0.9861978380315379,-0.03332260097617501,0.16218331765660504,-0.032615644036499025,-0.9994433127326112,-0.007020284762607534,0.1623269664165662,0.0016336762979030615,-0.9867356723437887
8.333,0.015907421708106995,Empty,0.66702,0.2541,0.04965,-0.03316,0.16343,-0.00601,0.99653,-0.01628,0.08166,-0.00164,0.9861323211088402,-0.032708238794554145,0.16270591992748865,-0.03217378464813586,-0.9994647608399114,-0.0059194104971780626,0.1628124468396297,0.0006024567844544266,-0.9866568523047493
8.4,0.015907421708106995,Empty,0.66732,0.25387,0.04758,-0.03311,0.16291,-0.00539,0.99655,-0.01628,0.0814,-0.00134,0.986217081880813,-0.03267292118403414,0.16219848219941954,-0.03223718346166532,-0.9994660974542628,-0.005318274344617957,0.16228564757535552,1.615077692438847e-05,-0.9867438210245857
8.466,0.015907421708106995,Empty,0.6686,0.25369,0.04627,-0.03058,0.16588,-0.00349,0.99645,-0.01509,0.08286,-0.00047,0.9858141361855925,-0.030155505349761913,0.1651094618541112,-0.02999867358405467,-0.9995440052345282,-0.003444006811049116,0.16513802856959103,-0.0015579142523486098,-0.986269235261514
8.533,0.015907421708106995,Empty,0.6688,0.25376,0.04521,-0.0307,0.16527,-0.00355,0.99647,-0.01515,0.08256,-0.0005,0.9859081355261838,-0.030275898421277703,0.16452512962483348,-0.030111306097074908,-0.9995404417701639,-0.0034949264703747207,0.16455533278630646,-0.0015083900985859123,-0.9863667001733678
8.6,0.015907421708106995,Empty,0.66913,0.25362,0.04503,-0.03075,0.16526,-0.00411,0.99647,-0.01515,0.08256,-0.00078,0.9859090904469303,-0.030312750948922218,0.16451262110857953,-0.030054401090567562,-0.9995400194101065,-0.004059873487091595,0.16456001442997528,-0.0009416621222697229,-0.9863666229771028
8.667,0.015907421708106995,Empty,0.66977,0.25375,0.04558,-0.03097,0.16622,-0.00459,0.99643,-0.01524,0.08304,-0.001,0.9857446162859843,-0.030534399385122923,0.16545453126882612,-0.030201851499776666,-0.999533573033818,-0.004525985443477265,0.16551555706090773,-0.0005355673990497914,-0.9862070338110445
8.733,0.015907421708106995,Empty,0.67073,0.25408,0.04636,-0.03097,0.16793,-0.00554,0.99636,-0.0152,0.0839,-0.00146,0.985459490960519,-0.030531099457285105,0.16714497791367805,-0.03004124216098386,-0.9995337530867898,-0.005458956829039158,0.1672337150375476,0.00035833806042332876,-0.9859172156670026
8.8,0.015907421708106995,Empty,0.67092,0.25452,0.04677,-0.03112,0.1681,-0.0065,0.99635,-0.01523,0.08399,-0.00193,0.9854289625511256,-0.03066470141274641,0.1673004359010442,-0.030015205087907282,-0.9995288884515108,-0.006410040126125796,0.16741818070013537,0.0012950822965330294,-0.9858851228885149
