time,gr,gr_state,tx,ty,tz,rx,ry,rz,qw,qx,qy,qz,xx,xy,xz,yx,yy,yz,zx,zy,zz
0.0,0.015814831480383873,Empty,0.30814,0.00226,0.48596,-0.00833,0.00352,-0.00501,0.99999,-0.00416,0.00177,-0.0025,0.9999591526682556,-0.008326177074827579,0.003516784085368136,-0.008308460441004528,-0.9999528700901461,-0.005022657023853816,0.0035584378714181714,0.004993232800263289,-0.9999812023963839
0.067,0.015814831480383873,Empty,0.30814,0.00226,0.48596,-0.00833,0.00352,-0.00501,0.99999,-0.00416,0.00177,-0.0025,0.9999591668619592,-0.008322130281998907,0.003522322572675184,-0.008304405119011149,-0.9999529306819881,-0.0050172976912339455,0.0035639113844039305,0.004987842025621396,-0.99998120980725
0.134,0.015814831480383873,Empty,0.30814,0.00226,0.48596,-0.00833,0.00352,-0.00501,0.99999,-0.00416,0.00177,-0.0025,0.9999591471314281,-0.00832289940101022,0.003526104613832041,-0.008305153794717246,-0.9999529222502488,-0.00501773889654227,0.003567700748817853,0.004988249066400464,-0.9999811942644812
0.2,0.015814831480383873,Empty,0.30813,0.00225,0.48596,-0.00779,0.00352,-0.00499,0.99999,-0.00389,0.00177,-0.00249,0.9999634081669211,-0.0077975388700758375,0.00351862398748855,-0.007779934362840912,-0.999957287892165,-0.004989490220019577,0.0035573794435737652,0.0049619329817561205,-0.999981361962601
0.267,0.015814831480383873,Empty,0.30823,0.00186,0.486,-0.00391,0.00317,-0.00433,0.99999,-0.00195,0.00159,-0.00216,0.9999873165116975,-0.003907120018583787,0.003178243051575663,-0.00389333386858004,-0.9999830362168559,-0.004332346928189694,0.0031951161359602917,0.004319918017602827,-0.9999855646664101
0.334,0.015814831480383873,Empty,0.30923,0.00046,0.4871,0.00444,-0.00081,-0.00572,0.99999,0.00222,-0.00041,-0.00286,0.9999898331690182,0.004436888225746449,-0.0008047244689412636,0.004432211787864515,-0.9999738022864373,-0.005722782493920105,-0.0008300947332658868,0.005719157602080519,-0.999983300950099
0.4,0.015814831480383873,Empty,0.31215,-0.00151,0.48942,0.01146,-0.00402,-0.01006,0.99997,0.00572,-0.00204,-0.00502,0.9999261113046987,0.011468681468340958,-0.004030046704574888,0.011427625419569709,-0.9998840260376574,-0.01006696836169515,-0.00414503417758218,0.010020170662374013,-0.9999412057073974
0.467,0.015814831480383873,Empty,0.31586,-0.0033,0.49055,0.01793,-0.00945,-0.01417,0.99992,0.00893,-0.00479,-0.00704,0.999794703453672,0.017916905658560967,-0.009462316714546365,0.0177818635434131,-0.9997415044500415,-0.014167907710436457,-0.00971371581361057,0.013996741463292188,-0.9998548569434976
0.533,0.015814831480383873,Empty,0.31983,-0.00479,0.49001,0.02702,-0.01504,-0.01785,0.99984,0.01344,-0.00764,-0.00882,0.9995219869036628,0.027010218244889972,-0.015041469559754408,0.026740781105440925,-0.9994832899577999,-0.017834901765999518,-0.015515422070458973,0.01742415580438194,-0.9997277981893271
0.6,0.01581450365483761,Empty,0.32382,-0.00521,0.48824,0.03343,-0.01924,-0.01951,0.99977,0.01662,-0.00978,-0.00959,0.999256305714761,0.03342040403316138,-0.01923309864655899,0.03304538082808156,-0.9992636613613026,-0.019497125140149705,-0.019870538372552517,0.018847060170324784,-0.9996249046656055
0.667,0.01581450365483761,Empty,0.3279,-0.00502,0.48644,0.04379,-0.02566,-0.02061,0.99963,0.02176,-0.01305,-0.01002,0.9987121847855345,0.04377380374847539,-0.025648120131787567,0.043250674142532974,-0.9988516808426384,-0.02060822321434302,-0.0265207682226794,0.01947238514475601,-0.9994585909729593
0.733,0.01581450365483761,Empty,0.33258,-0.00445,0.48537,0.0543,-0.03016,-0.02117,0.99947,0.02698,-0.01536,-0.01017,0.9980716503831616,0.0542533772362101,-0.030158775835525543,0.05362819701390187,-0.9983366184351937,-0.021166312300931554,-0.031256954209745585,0.0195081354785105,-0.9993209872026516
0.8,0.015814831480383873,Empty,0.33737,-0.00371,0.48424,0.06415,-0.03547,-0.02283,0.99927,0.03186,-0.01809,-0.01084,0.997315543701083,0.06406824754575907,-0.035453715582838725,0.06328408009038444,-0.997734708324125,-0.022816156829910835,-0.03683519375987182,0.020511252077545627,-0.9991108332106524
0.867,0.015814831480383873,Empty,0.34171,-0.00226,0.48253,0.07004,-0.03886,-0.02186,0.99915,0.03479,-0.0198,-0.01024,0.9967957461049626,0.06992408349663731,-0.03884408699153429,0.06911302499640931,-0.9973696122340185,-0.021845969147854635,-0.040269471351090505,0.01909133676091316,-0.99900645169978
0.933,0.015814831480383873,Empty,0.34628,0.0007,0.48083,0.07776,-0.04006,-0.0193,0.999,0.03867,-0.02039,-0.00886,0.9961784044534294,0.07761466294414221,-0.040056842070815425,0.07689199237077132,-0.9968530130639992,-0.019279311566534688,-0.04142714098115274,0.016125583440404746,-0.9990113900996496
1.0,0.015814831480383873,Empty,0.3509,0.00506,0.47899,0.08645,-0.04141,-0.01641,0.99883,0.04303,-0.02104,-0.0073,0.9954112905495017,0.08627029012015536,-0.0413980638334635,0.08565584982545227,-0.9961898547384802,-0.016396606563705347,-0.04265487120194914,0.012775380961426734,-0.9990081839524816
1.067,0.015814831480383873,Empty,0.35573,0.01001,0.47621,0.09482,-0.0401,-0.01234,0.99866,0.04726,-0.02032,-0.00521,0.994707332098332,0.09460678376000259,-0.040085906955019575,0.09418362149956533,-0.9954786003311731,-0.012320784224832751,-0.041070292317500805,0.008480138517524235,-0.9991202722093463
1.133,0.015814831480383873,Empty,0.36023,0.0162,0.47278,0.10554,-0.04083,-0.01035,0.99839,0.05263,-0.02066,-0.00409,0.9936062412964061,0.10526314500966144,-0.04082043066288116,0.10492508879552137,-0.9944263374018932,-0.010343366120739043,-0.04168168660311224,0.005994145821605877,-0.9991129601890817
1.2,0.015814831480383873,Empty,0.36503,0.02262,0.4701,0.11236,-0.04139,-0.00932,0.9982,0.05604,-0.02092,-0.00349,0.9928427585043798,0.11203357168015654,-0.041373127776389435,0.1117416255911205,-0.993693680641009,-0.009310110868179653,-0.042155260593051545,0.004620375602822186,-0.9991003884163097
1.267,0.015814831480383873,Empty,0.3695,0.03014,0.46727,0.11654,-0.04357,-0.01012,0.99806,0.05811,-0.02204,-0.00378,0.992274517514169,0.1161660291740661,-0.043551527619056146,0.11583269426607812,-0.9932172913318371,-0.010109358956435738,-0.04443049438262713,0.004986568497356028,-0.9990000326844523
1.333,0.015814831480383873,Empty,0.37383,0.03864,0.46412,0.11698,-0.04507,-0.00911,0.99803,0.05834,-0.02276,-0.00323,0.992157564275427,0.11659364722140148,-0.045047631221442404,0.11629936784251765,-0.9931724417089824,-0.00910813203948328,-0.04580201622726307,0.003797691065536108,-0.9989433181377653
1.4,0.015814831480383873,Empty,0.37758,0.0488,0.46078,0.11517,-0.04508,-0.00973,0.99808,0.05743,-0.02278,-0.00356,0.9923662401837319,0.11479898803515448,-0.04506037826858593,0.11447494574125866,-0.9933786254780566,-0.009715618398374357,-0.045877359788238294,0.00448316734367769,-0.9989370195710183
1.467,0.015814831480383873,Empty,0.38085,0.05978,0.45711,0.11158,-0.04333,-0.0116,0.9982,0.05562,-0.02195,-0.00458,0.992849966640635,0.1112374823785709,-0.043303189902907296,0.11083512833265496,-0.9937712055632381,-0.011591605620975845,-0.04432288426054856,0.006709210643995201,-0.9989947289267148
1.533,0.015814831480383873,Empty,0.38403,0.07165,0.45338,0.10328,-0.03699,-0.01165,0.99848,0.0515,-0.01877,-0.00486,0.9939912666967379,0.1030228728185209,-0.03698174423730806,0.10265794471318224,-0.9946486130106036,-0.01163971749433485,-0.037982997747413955,0.007773307680875427,-0.9992481511465601
1.6,0.015814831480383873,Empty,0.38657,0.08461,0.44863,0.09229,-0.03098,-0.01034,0.99881,0.04604,-0.01571,-0.00445,0.9952670354111959,0.09211052327644215,-0.030970626818790238,0.09183115995717345,-0.9957210323360854,-0.010327817992192059,-0.03178940522766605,0.0074348682099851255,-0.9994669361464497
1.667,0.015814831480383873,Empty,0.38871,0.09822,0.44293,0.08174,-0.02274,-0.00439,0.9991,0.04083,-0.01145,-0.00173,0.9964029077922123,0.08163253483683341,-0.022745869940206373,0.08155310843885061,-0.9966592874342651,-0.00439946303350813,-0.023029021846024747,0.0025286413615422136,-0.9997315990433033
1.734,0.015814831480383873,Empty,0.39027,0.1128,0.43702,0.0705,-0.01683,1e-05,0.99934,0.03524,-0.00841,0.0003,0.9973750567661163,0.07042508756566118,-0.016831612583328798,0.07043532529999141,-0.9975163480918614,1.5471296628750617e-05,-0.016788719149199296,-0.0012009707929835428,-0.9998583382552166
1.8,0.015814831480383873,Empty,0.39219,0.12731,0.43122,0.05688,-0.01013,0.00641,0.99958,0.02845,-0.00497,0.00335,0.9983317040305135,0.05684285649844134,-0.010134021542751743,0.056909427438489424,-0.998358792348496,0.006406154000301487,-0.009753245416509173,-0.00697218800305015,-0.999928128816414
1.867,0.015814831480383873,Empty,0.39463,0.14175,0.42508,0.04102,-0.00319,0.01204,0.99977,0.02052,-0.00147,0.00605,0.9991533183506855,0.04101868473093212,-0.0031802408333690057,0.04105417408314943,-0.9990843905537836,0.012038909507314448,-0.002683508741236094,-0.012159278544356365,-0.9999224723577905
1.934,0.015814831480383873,Empty,0.39699,0.15716,0.41772,0.02334,0.00235,0.01457,0.9999,0.01166,0.00126,0.00727,0.9997250293594644,0.02333045595260408,0.0023570102380067355,0.02329371506029332,-0.9996225049662026,0.014568816142165382,0.0026960176016335184,-0.014509906620580605,-0.9998910911189048
2.0,0.01581450365483761,Empty,0.3994,0.17121,0.4099,0.00853,0.00986,0.01466,0.99995,0.00423,0.00496,0.00731,0.9999150174450092,0.008523233666441699,0.009864703534001438,0.008378041482205834,-0.9998573297921642,0.014667258837473727,0.009988308609016007,-0.014583365480925429,-0.9998437673668724
2.067,0.01581450365483761,Empty,0.40178,0.18369,0.40183,-0.00561,0.01685,0.01595,0.99993,-0.00287,0.0084,0.008,0.9998424894143421,-0.005609252178165547,0.016838427828402117,-0.005877792234959323,-0.9998556552253451,0.015941150282772782,0.01674657935738559,-0.016037612163194416,-0.9997311373944145
2.134,0.01581450365483761,Empty,0.404,0.19549,0.39371,-0.02181,0.02002,0.01674,0.99985,-0.01099,0.00992,0.00848,0.9995615402152978,-0.021816796328974597,0.020018859117362644,-0.022153131520697145,-0.9996145010206314,0.01673583320604598,0.019646019603152924,-0.017171975635142844,-0.9996595206201652
2.2,0.015814831480383873,Empty,0.40629,0.2068,0.38563,-0.03609,0.02233,0.01714,0.99974,-0.01814,0.01101,0.00877,0.9990992577061458,-0.03607912386644696,0.022337638014301803,-0.03646548297609048,-0.9991879579216201,0.01713748218798075,0.021701193569683263,-0.0179365984917005,-0.9996035897455544
2.267,0.015814831480383873,Empty,0.40807,0.21707,0.37773,-0.0472,0.01811,0.01624,0.99965,-0.02367,0.00886,0.00833,0.9987228192465956,-0.0471681973227695,0.018107773950765294,-0.04746336196600709,-0.9987410825418009,0.016232045900472274,0.017319341414023925,-0.01707077047328361,-0.999704270876359
2.333,0.015814831480383873,Empty,0.41042,0.22567,0.37129,-0.05796,0.0115,0.01507,0.99953,-0.02902,0.00553,0.0077,0.9982548061689034,-0.057922169125788514,0.011504967816058271,-0.058092609837636755,-0.9981973254840982,0.015078066144093686,0.010610873806481834,-0.01572010560260709,-0.9998201276414203
2.4,0.015814831480383873,Empty,0.41332,0.23288,0.3653,-0.07082,0.00536,0.01228,0.99935,-0.03542,0.00246,0.00623,0.9974784346733201,-0.07076766596580081,0.005358154105257256,-0.07082898287616007,-0.9974128730566119,0.01228071030860207,0.004475214675462709,-0.01262925630067,-0.9999102331404057
2.467,0.015814831480383873,Empty,0.41641,0.23879,0.36068,-0.07862,-0.00328,0.00972,0.99921,-0.03929,-0.00183,0.00479,0.99690585493923,-0.0785359325764951,-0.0032899365073865514,-0.07850080826479444,-0.9968667607577686,0.009710015349498946,-0.004042213460022011,-0.009421708478495478,-0.9999474445788086
2.533,0.015814831480383873,Empty,0.42041,0.24379,0.35657,-0.0861,-0.01345,0.00699,0.99905,-0.04301,-0.00687,0.0032,0.9962060609717022,-0.0859789260153418,-0.013457650779143349,-0.08589084353982013,-0.996280012755617,0.0069927948408131275,-0.014008821480164274,-0.00581037562606473,-0.999884989614216
2.6,0.015814831480383873,Empty,0.42517,0.24868,0.3524,-0.09505,-0.02362,0.00261,0.9988,-0.04749,-0.01186,0.00074,0.9952085579591612,-0.09488035640857173,-0.023614489887124127,-0.0948454330332335,-0.9954886232421677,0.0025970806979933626,-0.023754367968546682,-0.0003449104171503974,-0.999717765691507
2.667,0.015814831480383873,Empty,0.43028,0.25297,0.34746,-0.10244,-0.03172,-0.00236,0.99856,-0.05121,-0.01578,-0.00199,0.9942563253339919,-0.10221595650695225,-0.031721566303012,-0.10234143105399329,-0.9947465477287765,-0.002353140773912788,-0.03131439003346971,0.005586055589588508,-0.9994939744489616
2.733,0.015814831480383873,Empty,0.43538,0.25613,0.34066,-0.1104,-0.03402,-0.00547,0.99833,-0.05521,-0.01683,-0.00367,0.9933360148967392,-0.1101207061292172,-0.03401457908997031,-0.110367927855345,-0.9938757335653661,-0.005472360626157094,-0.03320364452861522,0.009190011507496506,-0.999406354631843
2.8,0.015814831480383873,Empty,0.43926,0.25886,0.33246,-0.11613,-0.03844,-0.0061,0.99812,-0.05808,-0.01901,-0.00416,0.9925319491981708,-0.1157740674807628,-0.038427790983079545,-0.11609068651361998,-0.993219853747602,-0.006105294946879936,-0.037460410110887694,0.01052080893048411,-0.9992427283967457
2.867,0.015814831480383873,Empty,0.44322,0.26196,0.32504,-0.12198,-0.04341,-0.00769,0.99789,-0.06102,-0.02143,-0.00516,0.9916338305145007,-0.12156728667383437,-0.0434020850870114,-0.12200956817808051,-0.9924992011491045,-0.007681210281414299,-0.04214275088478156,0.012912417633840767,-0.9990281567697242
2.933,0.015814831480383873,Empty,0.44726,0.26436,0.31719,-0.12686,-0.04608,-0.00794,0.99771,-0.06346,-0.02274,-0.00542,0.9909109719808931,-0.1263888485144406,-0.046057622377580015,-0.12688168145442963,-0.9918861839798438,-0.00792697553926638,-0.044682037992672355,0.013698795607543807,-0.9989073322784873
3.0,0.015814831480383873,Empty,0.45035,0.2665,0.31003,-0.12692,-0.05509,-0.00997,0.99759,-0.06353,-0.02717,-0.00672,0.9904517201304746,-0.12638892168918425,-0.05505661236245114,-0.12711896201759337,-0.9918375521788511,-0.009951863314688503,-0.05334941036369164,0.016855579554256473,-0.9984336381811946
3.067,0.015814831480383873,Empty,0.45365,0.26819,0.30413,-0.12664,-0.0639,-0.01115,0.99746,-0.06342,-0.03153,-0.00758,0.9899666642703165,-0.12604590252462206,-0.06386261888034502,-0.12700249087533044,-0.9918399377481154,-0.011131271233613207,-0.06193844480582582,0.01913029912385392,-0.9978966182478362
3.134,0.015814831480383873,Empty,0.45738,0.26995,0.29877,-0.12629,-0.07204,-0.01329,0.99732,-0.0633,-0.03552,-0.0089,0.989463289571695,-0.12562145986392126,-0.07198366072670204,-0.12688670075005665,-0.9918285305517486,-0.013263904264008274,-0.06972921742516043,0.02225791556315228,-0.9973176131163323
3.2,0.015814831480383873,Empty,0.46144,0.27179,0.29321,-0.12729,-0.07352,-0.01876,0.99724,-0.0639,-0.03608,-0.01169,0.9892291672619427,-0.1266092215007676,-0.07345583482074597,-0.1282965033745917,-0.991559421681621,-0.018706161986430277,-0.0704674524876303,0.0279288078044668,-0.9971230214143713
3.267,0.015814831480383873,Empty,0.46528,0.27284,0.28655,-0.12581,-0.07269,-0.01884,0.9973,-0.06316,-0.03567,-0.01168,0.9894776716384952,-0.1251447069547611,-0.07261363267368584,-0.12681090598457295,-0.9917489191581501,-0.018790302605668278,-0.069662984807097,0.02780078541782058,-0.9971831250467079
3.333,0.015814831480383873,Empty,0.46845,0.27404,0.27893,-0.12389,-0.07197,-0.02511,0.99733,-0.06231,-0.03513,-0.01475,0.9897662423996542,-0.12325852205853466,-0.07190356142789264,-0.12533069344769487,-0.9917989985756913,-0.025039243282805827,-0.06822758009770698,0.03379472095167016,-0.9970972440789363
3.4,0.015814831480383873,Empty,0.47203,0.27501,0.27104,-0.12352,-0.06967,-0.03078,0.99734,-0.06221,-0.03381,-0.0175,0.9899728137654032,-0.12290607802753334,-0.06962703490240207,-0.12527357058344102,-0.9916469390401526,-0.030706364251916654,-0.06527143723472098,0.039120893090337054,-0.9971003937443452
3.467,0.01581450365483761,Empty,0.47576,0.27649,0.26306,-0.12247,-0.06744,-0.03671,0.99735,-0.06177,-0.03252,-0.02037,0.9902526370045144,-0.12189745672338759,-0.06738490149859294,-0.12454704773171654,-0.9915380022360919,-0.036611788032999915,-0.06235180676547226,0.04464751018847079,-0.9970550897653808
3.533,0.01581450365483761,Empty,0.48005,0.27799,0.25422,-0.12106,-0.06292,-0.0433,0.9974,-0.06113,-0.03008,-0.0235,0.9907159678004949,-0.12053070153969125,-0.06288259800197699,-0.1233588477231008,-0.9914211258672877,-0.04320585460870292,-0.057135504141971126,0.050561854894667496,-0.9970852686686597
3.6,0.01581450365483761,Empty,0.48533,0.27814,0.24393,-0.11755,-0.04679,-0.04248,0.99775,-0.05921,-0.0221,-0.02257,0.9920113880183128,-0.11715857856101936,-0.046768296008533716,-0.11915378159888368,-0.9919689119273192,-0.04242704444591355,-0.041422003484451395,0.04766073057865805,-0.998004344874331
3.667,0.01581450365483761,Empty,0.48949,0.2786,0.2326,-0.11443,-0.03189,-0.03931,0.99803,-0.05748,-0.01479,-0.02053,0.9929551658239755,-0.11411884876196043,-0.03188929319891673,-0.11533351810182046,-0.9925502373964474,-0.03927092877069282,-0.027170172353865457,0.04267217596397624,-0.9987196138720621
3.733,0.01581450365483761,Empty,0.49284,0.27919,0.22129,-0.11009,-0.01046,-0.03927,0.99827,-0.05511,-0.00414,-0.01989,0.9938906892859143,-0.10987253221518906,-0.010455831645179067,-0.11020183085106139,-0.9931336474167485,-0.039257035621387035,-0.00607076830756848,0.04016945398343119,-0.9991744395944226
3.8,0.015814831480383873,Empty,0.49534,0.27967,0.20929,-0.1114,0.00968,-0.03371,0.9983,-0.05558,0.00577,-0.01656,0.9937547863047211,-0.11116534343903989,0.00967941705568782,-0.11078317492666168,-0.9932729833998217,-0.0337026497650535,0.013360870092412021,0.03241985296230534,-0.9993850310487327
3.867,0.015814831480383873,Empty,0.49723,0.28143,0.19831,-0.11287,0.02792,-0.02774,0.99823,-0.0562,0.01472,-0.01306,0.9932493598433376,-0.11258679546455463,0.02792709540612061,-0.11181792755928405,-0.9933420389956877,-0.02771903029034236,0.030861954687717675,0.02440915916029784,-0.9992255664773296
3.933,0.015814831480383873,Empty,0.49805,0.28359,0.18777,-0.11218,0.04585,-0.02191,0.99812,-0.05579,0.0235,-0.00965,0.9926699544611856,-0.11182417727197858,0.04584446408752729,-0.11091735931843888,-0.9935888244361389,-0.02187663953709129,0.04799688439734204,0.016631335877090734,-0.9987090155571299
4.0,0.015814831480383873,Empty,0.49719,0.2844,0.17766,-0.10438,0.06477,-0.01781,0.99809,-0.05185,0.0328,-0.0072,0.9924712094983241,-0.10397571264240602,0.06472981922913872,-0.1030306241540846,-0.9945192551856954,-0.0177803698305072,0.06622377823224034,0.010977351474451752,-0.9977444106339327
4.067,0.015814831480383873,Empty,0.49558,0.28445,0.16858,-0.09774,0.0828,-0.01764,0.99793,-0.04844,0.04177,-0.00678,0.9918171237082458,-0.09724833151946688,0.08271369376217025,-0.0961156247462947,-0.9952149666420245,-0.01757716846775282,0.08402725628468245,0.009483258321597144,-0.9964183298258188
4.133,0.015814831480383873,Empty,0.49382,0.28428,0.15997,-0.09467,0.09954,-0.02038,0.99762,-0.04675,0.05017,-0.00781,0.9905951140777531,-0.09405618155247514,0.09937180021037449,-0.09248952777112429,-0.9955073801834394,-0.020266801745205766,0.10083157847597708,0.010885343911559259,-0.9948439586538034
4.2,0.015814831480383873,Empty,0.49241,0.2834,0.15188,-0.09284,0.11671,-0.02099,0.9972,-0.04571,0.05874,-0.00776,0.9889210071396313,-0.09207939741835425,0.11643292579425082,-0.09025533331210628,-0.9957002997061712,-0.020853967818163406,0.11785251989948033,0.01011423433153182,-0.9929795998998315
4.267,0.015814831480383873,Empty,0.49079,0.28254,0.14444,-0.0922,0.13081,-0.02029,0.99678,-0.04532,0.06575,-0.0071,0.9872458955773822,-0.09128649526424121,0.13043127480778477,-0.0894201380390518,-0.9957910119960065,-0.020107196250249947,0.13171780661204888,0.008187564371706757,-0.9912534404535349
4.333,0.015814831480383873,Empty,0.48829,0.28183,0.13794,-0.09023,0.13698,-0.0194,0.99662,-0.04433,0.0688,-0.00658,0.9866029451019439,-0.0892675920194324,0.13655008506486843,-0.08745708853639378,-0.9959829846344064,-0.01921332827692389,0.13771668882494958,0.007013653384053222,-0.9904468296104039
4.4,0.015814831480383873,Empty,0.48758,0.28008,0.13334,-0.08647,0.15531,-0.01705,0.99605,-0.04243,0.07787,-0.00514,0.9842706802975539,-0.08532885230425025,0.15469393934808662,-0.08372864292889531,-0.9963462472356199,-0.016842504943809178,0.1555658775563446,0.0036252701880177666,-0.987818867584634
4.467,0.015814831480383873,Empty,0.48521,0.27865,0.12986,-0.079,0.16035,-0.02077,0.99599,-0.03853,0.08043,-0.00718,0.9840918850606617,-0.07790003850773519,0.15967074171007895,-0.07559055024673483,-0.9969282618310673,-0.02049657229594415,0.16077695876943676,0.008100911243828637,-0.9869575192306255
4.533,0.015814831480383873,Empty,0.48484,0.27646,0.12809,-0.07042,0.17252,-0.02556,0.99562,-0.03397,0.08654,-0.00969,0.9827133374237175,-0.06932547105986497,0.1716638445097468,-0.06597044084789849,-0.9975038341753184,-0.02517939117359011,0.1729809162418578,0.01341938403454296,-0.9848337538631892
4.6,0.015814831480383873,Empty,0.48405,0.27382,0.12581,-0.06438,0.18043,-0.02825,0.99536,-0.03078,0.09049,-0.01116,0.9817278175329766,-0.06329047364249296,0.17945698155281514,-0.059252055144396465,-0.9978564198770392,-0.02778055563417109,0.1808305456583701,0.01663974928557392,-0.9833734959315353
4.667,0.015814831480383873,Empty,0.48424,0.27281,0.12541,-0.06596,0.17973,-0.02758,0.99537,-0.0316,0.09014,-0.01077,0.9817516629350862,-0.06484662196647267,0.1787696505107348,-0.06096340457515276,-0.997771056374189,-0.027136366089463237,0.18013088471108765,0.01574276600450129,-0.9835166646741317
4.733,0.015814831480383873,Empty,0.48473,0.2734,0.12611,-0.06564,0.18113,-0.02851,0.99531,-0.03139,0.09085,-0.01122,0.9815206742652919,-0.06451936589158008,0.18015109606870366,-0.06044360609691962,-0.9977780196182179,-0.0280284507018721,0.18155918173369062,0.01662152194280803,-0.9832395377203346
4.8,0.015814831480383873,Empty,0.48487,0.27348,0.12639,-0.06565,0.18167,-0.02873,0.99528,-0.03138,0.09112,-0.01132,0.9814263370108328,-0.06452871374814284,0.18066098118716467,-0.0604019266195962,-0.9977740817385765,-0.028257548927340517,0.1820822678959699,0.01682043140797289,-0.983139420837711
4.867,0.015814831480383873,Empty,0.4849,0.27354,0.12651,-0.06561,0.18187,-0.02883,0.99527,-0.03135,0.09122,-0.01137,0.9813917317863848,-0.06447767172291496,0.18086707447878025,-0.060328956619949414,-0.9977758203041254,-0.02835188546777384,0.18229285716798904,0.016912784088420268,-0.9830988108831735
4.933,0.015814831480383873,Empty,0.48491,0.27351,0.1265,-0.06564,0.18184,-0.02881,0.99527,-0.03137,0.09121,-0.01136,0.9813924229444626,-0.06451430380503803,0.1808502606902963,-0.06036939241696526,-0.9977738186353641,-0.028336254251576584,0.182275748925641,0.01689116486080202,-0.9831023547440225
5.0,0.015814831480383873,Empty,0.48494,0.27354,0.12651,-0.06659,0.18142,-0.02786,0.99528,-0.03189,0.09099,-0.01085,0.9814085428271588,-0.06545421296068415,0.18042454952575065,-0.06150709907613905,-0.9977307183403548,-0.027391430106472867,0.18180799990404892,0.01578479286329747,-0.9832073491818255
5.067,0.015814831480383873,Empty,0.48544,0.27419,0.12705,-0.06958,0.18163,-0.02659,0.99523,-0.03343,0.09109,-0.01008,0.9811690333347942,-0.06836958736366211,0.18064586225150076,-0.06469538852418222,-0.9975620942078945,-0.026160560071695413,0.1819940513549021,0.013980977193395453,-0.9832002326831228
5.133,0.015814831480383873,Empty,0.48577,0.27506,0.12766,-0.0713,0.18243,-0.02638,0.99517,-0.03429,0.09149,-0.00988,0.9809063272758065,-0.0700583716253354,0.18142381782857014,-0.06644301255595375,-0.9974530590186501,-0.02593686829257197,0.182778836829588,0.013387293211970372,-0.9830629060175546
5.2,0.015814831480383873,Empty,0.48561,0.27568,0.12782,-0.07243,0.18237,-0.026,0.99515,-0.03487,0.09146,-0.00964,0.9808386796037611,-0.07115949022183193,0.18136099785929488,-0.0676321273663471,-0.9973826615190373,-0.025567984846361025,0.18270571950831863,0.012812238390326136,-0.9830841604900249
5.267,0.015814831480383873,Empty,0.48528,0.27607,0.12778,-0.07319,0.18179,-0.02518,0.99517,-0.03529,0.09116,-0.00921,0.9808904945892634,-0.07192034138335957,0.18077970605057192,-0.06856107976893877,-0.9973393510189946,-0.0247708952185349,0.18208024595037067,0.011903083815188967,-0.9832116255569504
5.333,0.015814831480383873,Empty,0.48508,0.27618,0.1277,-0.07394,0.18135,-0.02445,0.99518,-0.0357,0.09093,-0.00882,0.9809135697062963,-0.07265936121202687,0.1803584929919052,-0.06945111723201813,-0.9972954545486723,-0.02404825673060995,0.18161803622238465,0.011063162514265243,-0.9833069181867417
5.4,0.015814831480383873,Empty,0.48497,0.27624,0.12766,-0.07463,0.18107,-0.0241,0.99518,-0.03606,0.09079,-0.00862,0.9809131451318962,-0.07333237728049269,0.18008821213461707,-0.07020332928235296,-0.9972512098360677,-0.02369635073534565,0.1813308971607567,0.010601269871599785,-0.9833649977561661
5.467,0.015814831480383873,Empty,0.48498,0.27609,0.12762,-0.07539,0.18084,-0.02366,0.99518,-0.03646,0.09067,-0.00837,0.9808998586671461,-0.07409069637854576,0.17985003746709305,-0.07105464303629255,-0.9972008633724093,-0.023273929455649267,0.18107099428057963,0.0100502139013874,-0.9834186739282402
5.534,0.015814831480383873,Empty,0.48497,0.27599,0.12757,-0.07562,0.18067,-0.02321,0.99518,-0.0366,0.09058,-0.00814,0.9809123842121754,-0.07432686437504565,0.17968420000478164,-0.07137688353059773,-0.99718796016245,-0.022836650466097688,0.180876297498164,0.009575455040090242,-0.9834592394523175
5.6,0.015814831480383873,Empty,0.48499,0.2759,0.12756,-0.07592,0.18054,-0.02297,0.99518,-0.03676,0.09051,-0.00801,0.9809115451406258,-0.07462432440873118,0.17956544995173804,-0.0717256131988544,-0.99716853509402,-0.022590905906892,0.18074284777295613,0.009280238412139256,-0.9834866039524565
5.667,0.015814831480383873,Empty,0.48498,0.27586,0.12755,-0.07614,0.18044,-0.02279,0.99519,-0.03688,0.09046,-0.00791,0.9809127497036332,-0.07483221068631146,0.17947233132897408,-0.0719693233997597,-0.9971548444783684,-0.02241946972392933,0.18063940311636975,0.009075041439073128,-0.983507523949177
5.733,0.015814831480383873,Empty,0.48498,0.27583,0.12752,-0.07621,0.18037,-0.02267,0.99519,-0.03692,0.09042,-0.00785,0.9809202593596069,-0.07490649394749582,0.17940028412010622,-0.07206866927478489,-0.9971504973157069,-0.022293331110447623,0.18055899780083706,0.008938840390795353,-0.9835235357863203
5.8,0.015814831480383873,Empty,0.485,0.2758,0.12753,-0.07629,0.18041,-0.02262,0.99519,-0.03696,0.09044,-0.00782,0.9809092299539135,-0.0749735418817793,0.17943257956380582,-0.07214307926622027,-0.9971459135331255,-0.022257655720591005,0.18058919875011425,0.008887921123050218,-0.9835184523703162
5.867,0.015814831480383873,Empty,0.485,0.27579,0.12753,-0.07631,0.18039,-0.02258,0.99519,-0.03697,0.09043,-0.0078,0.9809097345613502,-0.07499527575414011,0.17942073809161938,-0.07217489374606778,-0.9971447784820392,-0.022205302491720466,0.1805737449230226,0.008831724665404456,-0.9835217960390659
5.933,0.015814831480383873,Empty,0.48502,0.27578,0.12754,-0.07626,0.18041,-0.0225,0.99519,-0.03695,0.09044,-0.00776,0.9809097396861834,-0.07494052246242627,0.17944358634914218,-0.07213441174374635,-0.9971495702891024,-0.02212150796491391,0.18058989238373,0.008755145076846093,-0.9835195159240695
6.0,0.015814831480383873,Empty,0.48499,0.27573,0.12751,-0.07626,0.18031,-0.02209,0.99519,-0.03697,0.09038,-0.00756,0.9809302759453078,-0.07495394397485122,0.17932568141924762,-0.07222093049116285,-0.9971519134040056,-0.021730135612120324,0.18044370571691667,0.008364680349266304,-0.9835497451526287
6.067,0.015814831480383873,Empty,0.48506,0.27568,0.12751,-0.0756,0.18049,-0.02117,0.9952,-0.03668,0.09045,-0.00713,0.9809480665488216,-0.0742992210352027,0.17950074230401003,-0.071719178438574,-0.9972073428952322,-0.020829659621008287,0.18054708576497305,0.007559168564940328,-0.9835372940526365
6.133,0.015814831480383873,Empty,0.48523,0.27575,0.12752,-0.07409,0.18109,-0.01929,0.99521,-0.03601,0.09071,-0.00625,0.9809501573127813,-0.07280480014964658,0.1801006661375779,-0.07053656165471017,-0.9973286976863253,-0.018975306090533023,0.18100105617912993,0.005910147753498875,-0.9834651431624668
6.2,0.015814831480383873,Empty,0.48534,0.27602,0.1275,-0.07226,0.18176,-0.01766,0.99521,-0.03517,0.09101,-0.00551,0.9809610969654501,-0.07100524211342468,0.1807583520414885,-0.06899883337121271,-0.9974654780560674,-0.017371847333903664,0.1815337082575915,0.004568991004016772,-0.9833741084081138
6.267,0.015814831480383873,Empty,0.48525,0.27612,0.12744,-0.07195,0.18169,-0.01755,0.99522,-0.03502,0.09097,-0.00547,0.9809961559624231,-0.07070168794623882,0.18068705905100613,-0.06871126309479658,-0.997487280908812,-0.017259395964592444,0.18145331165582737,0.004516165043219918,-0.9833891904746744
6.333,0.015814831480383873,Empty,0.48525,0.27612,0.12744,-0.07192,0.18171,-0.01753,0.99522,-0.03501,0.09098,-0.00546,0.9809929729074445,-0.07068634591610812,0.180710341727423,-0.0687002840880308,-0.9974884802632766,-0.017233766514686652,0.18147467611883894,0.0044913520333160735,-0.9833853617399821
6.4,0.015814831480383873,Empty,0.48505,0.27615,0.1274,-0.0729,0.1806,-0.01754,0.99526,-0.0355,0.09043,-0.00544,0.9811250373473654,-0.07164161338056946,0.17961386450483063,-0.06967461952876264,-0.997420714384289,-0.0172443008166923,0.18038599857985876,0.004404287611341636,-0.9835860378060394
6.467,0.015814831480383873,Empty,0.4849,0.2761,0.12742,-0.07298,0.17907,-0.01572,0.99533,-0.03563,0.08964,-0.00456,0.9813906951269128,-0.07173545664096964,0.17811885857153628,-0.07010204818643512,-0.997420089660189,-0.01545534154677404,0.17876802386999224,0.002681231577517757,-0.9838875975632814
6.534,0.015814831480383873,Empty,0.48503,0.27632,0.12801,-0.07547,0.17241,-0.0108,0.99558,-0.03712,0.08624,-0.00213,0.9823686596515113,-0.07428335585077789,0.1715628152544712,-0.07354952565578604,-0.9972348198851231,-0.01063866930095976,0.17187868922673913,-0.002167268380478129,-0.985115738955309
6.6,0.015814831480383873,Empty,0.48571,0.27676,0.12955,-0.07383,0.16472,-0.00421,0.99594,-0.03661,0.08229,0.00094,0.9837772922889652,-0.07277157586374988,0.16397114661701467,-0.07308042224906125,-0.9973173907119777,-0.0041562082901670655,0.16383372992302567,-0.007894297293544556,-0.9864563796791779
6.667,0.015814831480383873,Empty,0.48719,0.27752,0.13134,-0.07383,0.16001,-0.00018,0.99612,-0.03678,0.07987,0.00286,0.9845345444924087,-0.07282396648671396,0.15933737981486626,-0.07373621023274879,-0.9972777627838567,-0.0001875029001680989,0.1589172803745295,-0.01156433145355633,-0.9872241712176597
6.734,0.015814831480383873,Empty,0.48851,0.2779,0.13241,-0.07004,0.15246,0.00448,0.99648,-0.03508,0.07603,0.0049,0.985977194199046,-0.06916344206673147,0.15187294295185777,-0.07065309521848451,-0.9974911213446132,0.0044275246711674154,0.15118568932086163,-0.015095731852013834,-0.9883901083198009
6.8,0.015814831480383873,Empty,0.49048,0.27826,0.13265,-0.06836,0.14654,0.00654,0.99672,-0.03432,0.07305,0.00576,0.9869713758596252,-0.06757028490252787,0.1460197241195485,-0.06925345401031524,-0.9975781256251403,0.006468568765396532,0.14522899965708994,-0.01649666246313807,-0.9892605307936723
6.867,0.015814831480383873,Empty,0.49246,0.27845,0.13132,-0.06864,0.14387,0.00761,0.99681,-0.0345,0.0717,0.00626,0.9873365303029853,-0.06789002520302778,0.14337893990120834,-0.06968498463524153,-0.9975406357716854,0.00752880472638412,0.14251518812269873,-0.017424823159909758,-0.989639225522209
6.933,0.015814831480383873,Empty,0.49304,0.27729,0.12888,-0.06718,0.13413,0.0147,0.99715,-0.034,0.06673,0.00958,0.9887821028911955,-0.06653497333872754,0.13372752269028215,-0.0690928119936759,-0.9975037859321818,0.014573276288149709,0.13242407761759822,-0.02364940535783087,-0.9909109794998483
7.0,0.015814831480383873,Empty,0.49317,0.27637,0.12723,-0.06214,0.1228,0.01482,0.99759,-0.03146,0.0611,0.0093,0.9905541074030719,-0.061640461211445785,0.12248679050633623,-0.06391209109913853,-0.9978472525037023,0.014700519791770561,0.12131696055473154,-0.02239004717398046,-0.9923612653007512
7.067,0.015814831480383873,Empty,0.49437,0.27444,0.12596,-0.06164,0.11375,0.01856,0.99785,-0.03129,0.05653,0.01101,0.9916498975079537,-0.061197653525896845,0.11351355855310413,-0.06368666355578961,-0.9977997818455162,0.018428354082003565,0.11213603193263247,-0.025503775249251057,-0.9933655257710724
7.133,0.015814831480383873,Empty,0.49564,0.27308,0.12424,-0.06142,0.10845,0.02288,0.99797,-0.03128,0.05382,0.01308,0.9922496170279251,-0.06102613696242637,0.10824282015625152,-0.06384117044341181,-0.9977011478152175,0.022731577257470673,0.10660676556556196,-0.029465747159036684,-0.9938645618392925
7.2,0.015814831480383873,Empty,0.49671,0.27286,0.12153,-0.06015,0.10633,0.02349,0.99805,-0.03065,0.05276,0.01332,0.9925541778589497,-0.05978419510054189,0.106122825211755,-0.06259574040236038,-0.9977655399882809,0.023360233204625276,0.10448912526298935,-0.029829133880730194,-0.9940785911957369
7.267,0.015814831480383873,Empty,0.49732,0.27199,0.11731,-0.06064,0.10317,0.02542,0.99811,-0.03093,0.05115,0.01425,0.9928535546755171,-0.06028593094328849,0.10299235650518526,-0.06320062370218232,-0.9976808081887001,0.02527224041506937,0.1012299369349069,-0.031600814898401136,-0.9943610452777761
7.333,0.015814831480383873,Empty,0.49833,0.27099,0.11283,-0.06089,0.10119,0.02809,0.99814,-0.03111,0.05012,0.01556,0.9930403890028427,-0.06054544385271077,0.10101997345951225,-0.0636639020809458,-0.9975803757682586,0.02793387645651009,0.09908427413525345,-0.03417079324127632,-0.9944921636234003
7.4,0.015814831480383873,Empty,0.50032,0.27014,0.10882,-0.05819,0.10453,0.02765,0.9981,-0.02977,0.05181,0.01532,0.9928588815914845,-0.05784682359346072,0.1043311374665019,-0.06102069361366258,-0.997757940652968,0.02748757564530218,0.10250715192519302,-0.033657641986564436,-0.9941626863547484
7.467,0.015814831480383873,Empty,0.50391,0.26959,0.10422,-0.05611,0.11705,0.02465,0.9978,-0.02872,0.05812,0.01394,0.9915946812295363,-0.055701170175220804,0.11677914111006771,-0.05894234400160642,-0.9979610683698332,0.024484813696188747,0.11517720365111461,-0.03116224733955865,-0.9928560450034323
7.533,0.015814831480383873,Empty,0.50637,0.26807,0.09808,-0.05626,0.12345,0.02533,0.9976,-0.02885,0.0613,0.01437,0.9908194723120209,-0.05580170713030669,0.12313790143035294,-0.059325818384461826,-0.9979221097523933,0.025137822903868796,0.12147930095428486,-0.03221230120118526,-0.9920711401361206
7.6,0.015814831480383873,Empty,0.50989,0.26745,0.09248,-0.05698,0.13647,0.0233,0.99718,-0.02921,0.06782,0.01356,0.9890936251252738,-0.056416562207809495,0.1360550338840737,-0.06009616207261842,-0.9979255523626624,0.023087729334349223,0.1344702645222565,-0.031012311270315476,-0.9904322210575479
7.667,0.015814831480383873,Empty,0.51145,0.26752,0.08724,-0.05663,0.14202,0.01834,0.99702,-0.02889,0.07066,0.01115,0.9883455455988652,-0.05602576134511433,0.1415422076999706,-0.05917711365466799,-0.9980824701090018,0.01815081487470855,0.14025388306347814,-0.026315336342401734,-0.9897658063192537
7.734,0.015814831480383873,Empty,0.51241,0.26675,0.08344,-0.05565,0.14437,0.01947,0.99694,-0.02845,0.07182,0.01171,0.9880642142179574,-0.055050934091643244,0.14386974399604535,-0.058413905082391304,-0.9981067693111559,0.01925338277476886,0.14253744867534096,-0.027427572092402413,-0.989409320763778
7.8,0.015814831480383873,Empty,0.51317,0.26731,0.08146,-0.05443,0.14661,0.01618,0.9969,-0.02773,0.07299,0.01006,0.9878078109906603,-0.05381170381370548,0.14608226818647618,-0.056748130811802466,-0.9982602185776711,0.01600580065560539,0.144966817565973,-0.024100550573097446,-0.9891429549194937
7.867,0.015814831480383873,Empty,0.51451,0.2676,0.08042,-0.05294,0.15091,0.01329,0.99677,-0.02689,0.07518,0.00862,0.9872490471995126,-0.05230721868510191,0.15034385147748314,-0.054900983837404216,-0.9984051972498256,0.013150820439105745,0.14941619984907806,-0.021237160308417314,-0.9885462974715423
7.933,0.01581450365483761,Empty,0.51619,0.26831,0.07961,-0.05265,0.15731,0.00863,0.99655,-0.02658,0.07843,0.00637,0.986285398836046,-0.05198029792846709,0.15664980264937897,-0.053979089801510005,-0.9985056349182945,0.008529648328849365,0.15597233699288504,-0.01686848136854998,-0.9876173775452196
8.0,0.01581450365483761,Empty,0.51843,0.26884,0.07852,-0.04994,0.16628,0.00455,0.99623,-0.02507,0.08296,0.00434,0.9849784721971532,-0.04923345776395471,0.16550974576974894,-0.05067346336678591,-0.9987051974329209,0.004486505420244563,0.16507455715093425,-0.012806063293446052,-0.9861979493612565
8.067,0.015814831480383873,Empty,0.51979,0.26891,0.0767,-0.04697,0.17253,0.00031,0.99601,-0.02341,0.08613,0.00218,0.9840684264214273,-0.04626647371238396,0.1716646309834297,-0.047017446251574835,-0.998894020473245,0.00030920992375896295,0.17146046736328466,-0.00837551628366721,-0.9851553983299011
8.133,0.015814831480383873,Empty,0.52004,0.26836,0.07509,-0.04312,0.17396,-0.00565,0.99599,-0.02123,0.08691,-0.00094,0.9839922443621685,-0.04244587700787095,0.17308266972789405,-0.042118367995139405,-0.999097122866587,-0.005566161795507382,0.17316265796218472,-0.0018128995395364062,-0.9848915713329721
8.2,0.01581450365483761,Empty,0.51994,0.26622,0.07449,-0.03639,0.17333,-0.00776,0.99608,-0.01779,0.08661,-0.00229,0.9843661081860883,-0.035834586076575914,0.17245071033572085,-0.03504029067960651,-0.999356629289224,-0.007648890427300298,0.17261385542204583,0.0014865854837951503,-0.9849884501759077
8.267,0.01581450365483761,Empty,0.51911,0.26181,0.07472,-0.02393,0.16955,-0.00687,0.99633,-0.01163,0.08471,-0.00241,0.9853766951932377,-0.02358330562109706,0.16875010004748098,-0.02276727918480853,-0.9997178745603855,-0.006769215832413772,0.16886213183711105,0.002828246885748114,-0.985635623063097
8.334,0.01581450365483761,Empty,0.51873,0.25584,0.0764,-0.00694,0.16644,-0.00528,0.99653,-0.00324,0.08313,-0.00234,0.986157228349097,-0.006838698612975924,0.16567182372421646,-0.006061044810404426,-0.9999681162576346,-0.005199057988140715,0.16570209627712365,0.004122944268197018,-0.9861672356248347
8.4,0.015814831480383873,Empty,0.51939,0.24835,0.07936,0.00889,0.16487,-0.0044,0.99659,0.00461,0.08233,-0.00256,0.9863994840325297,0.008769488346687171,0.16413151426370476,0.009611403495414339,-0.9999444082471529,-0.004336050979846767,0.16408436495659098,0.0058546126591612875,-0.9864289354471529
8.467,0.015814831480383873,Empty,0.52091,0.24023,0.08243,0.02101,0.16518,-0.00241,0.99653,0.01057,0.08248,-0.00207,0.9861723535456342,0.020721800300615545,0.16442231020930825,0.021404630677675063,-0.9997680569298961,-0.0023820428568579882,0.16433481337749742,0.005868503635594546,-0.9863871601847126
8.533,0.015814831480383873,Empty,0.52232,0.23357,0.08496,0.02727,0.16467,-0.00223,0.99652,0.01368,0.08222,-0.00223,0.9861056928890678,0.026901053627406968,0.16392649500768983,0.02763497287665312,-0.9996156649595,-0.002197872080495586,0.16380436723688843,0.006697438414121001,-0.9864701078050016
8.6,0.015814831480383873,Empty,0.52359,0.22929,0.08691,0.03023,0.16524,-0.00358,0.99647,0.01521,0.08249,-0.00303,0.9859276547536366,0.02981466851110387,0.16449238624801668,0.030815361049027545,-0.999518844762757,-0.0035344713242507764,0.16430786078399226,0.00855362529556129,-0.9863720202737357
8.667,0.015814831480383873,Empty,0.52458,0.2269,0.08762,0.03046,0.16617,-0.00373,0.99643,0.01533,0.08295,-0.00312,0.9857686936758766,0.030027637475898983,0.16540381965411796,0.03106254650450757,-0.9995106936410414,-0.003673077981678388,0.1652125926593106,0.00875866912379798,-0.9862190856711142
8.733,0.015814831480383873,Empty,0.52427,0.22684,0.08746,0.02908,0.16481,-0.00581,0.99649,0.01473,0.08226,-0.00409,0.9860331229872815,0.028674332063324426,0.16406237549380628,0.03002084947050937,-0.9995328299196187,-0.0057332809060999385,0.16382133246014535,0.010578496755278752,-0.9864333056204971
8.8,0.015814831480383873,Empty,0.52381,0.228,0.08752,0.03012,0.16433,-0.00707,0.9965,0.0153,0.08201,-0.00476,0.9860807378218455,0.029708372293420382,0.163591537410713,0.03126926645715228,-0.9994866658827295,-0.006974073261495767,0.16330037192840935,0.011992386680750177,-0.9865035079459893
