time,gr,gr_state,tx,ty,tz,rx,ry,rz,qw,qx,qy,qz,xx,xy,xz,yx,yy,yz,zx,zy,zz
0.0,0.015744568780064583,Empty,0.30719,-0.00033,0.48528,-0.0039,0.00029,0.00456,1.0,-0.00195,0.00014,0.00228,0.9999923629467186,-0.003897821481588515,0.0002846681159730507,-0.003899079584392451,-0.9999819949086187,0.00456147311438875,0.00026688318260456074,-0.004562548221814852,-0.9999895559090056
0.067,0.015744568780064583,Empty,0.3073,-0.00037,0.48539,-0.00396,0.00037,0.00446,1.0,-0.00198,0.00018,0.00223,0.9999921239856719,-0.003951521452076334,0.0003707355368318538,-0.003953137562620557,-0.9999822192566361,0.004464736720500453,0.000353086441949321,-0.004466167124746522,-0.9999899642902316
0.133,0.015744568780064583,Empty,0.30785,0.0004,0.48589,-0.00566,0.00086,0.00698,0.99999,-0.00283,0.00042,0.00349,0.99998357300133,-0.005666820859997701,0.0008607373784343918,-0.005672685092315333,-0.9999596144801497,0.006970656536784038,0.0008212011552375587,-0.006975424721913421,-0.9999753342351058
0.2,0.015744568780064583,Empty,0.30878,0.00215,0.4862,-0.00378,0.00032,0.01092,0.99998,-0.00189,0.00015,0.00546,0.9999927885931592,-0.003784150289622812,0.00032088668259197105,-0.003787426764017332,-0.9999332861513173,0.010912316213099488,0.0002795714304480196,-0.010913452854757564,-0.9999404074176632
0.267,0.015744568780064583,Empty,0.30993,0.00378,0.48573,-0.00129,-0.00095,0.01432,0.99997,-0.00064,-0.00048,0.00716,0.9999987289333787,-0.001282510786489277,-0.0009472579950519288,-0.0012688225822051202,-0.999896769028594,0.014312280581129853,-0.0009655158629134165,-0.014311060486932443,-0.9998971253718343
0.333,0.015744568780064583,Empty,0.31087,0.00562,0.48425,-0.00187,-0.00384,0.01814,0.99996,-0.00092,-0.00193,0.00907,0.999990890720796,-0.0018762404385209153,-0.0038338227978997356,-0.0018063948076563197,-0.9998338025532254,0.01814122955469121,-0.0038672229348340713,-0.018134138903570497,-0.9998280840189468
0.4,0.015744568780064583,Empty,0.31209,0.00892,0.48284,-0.00083,-0.00413,0.02428,0.99992,-0.00039,-0.00207,0.01214,0.9999911022243748,-0.0008329692259196331,-0.00413541223440398,-0.0007322821479903707,-0.99970469532879,0.02428962536612852,-0.004154423538292884,-0.024286380953938157,-0.9996964101492135
0.467,0.015744568780064583,Empty,0.31361,0.0124,0.48148,-5e-05,-0.00608,0.02956,0.99989,2e-05,-0.00304,0.01478,0.9999815643836585,-5.735040853699358e-05,-0.006071869871900521,0.00012209468701557258,-0.9995633249275587,0.029549019487129742,-0.006070913086023827,-0.02954921607579483,-0.9995448903594116
0.533,0.015744568780064583,Empty,0.3153,0.01557,0.48034,0.00247,-0.00898,0.03407,0.99984,0.00131,-0.00447,0.01704,0.9999565241796063,0.0024730246307508863,-0.008990767476461704,0.0027779763063665586,-0.9994157385505141,0.03406558945873962,-0.008901269475831346,-0.034089084568316365,-0.9993791581351958
0.6,0.015744568780064583,Empty,0.31798,0.01837,0.4802,0.00396,-0.01287,0.03506,0.99982,0.00209,-0.0064,0.01754,0.9999092874026682,0.003946700099198397,-0.012877908378896652,0.004396005302326533,-0.9993758945631896,0.03504991445648165,-0.01273153970540038,-0.03510334634122155,-0.9993025882946456
0.667,0.015744568780064583,Empty,0.32071,0.02113,0.47986,0.00744,-0.01678,0.03614,0.99979,0.00387,-0.00832,0.0181,0.9998315450091406,0.007446380128034669,-0.016775965773195796,0.008048711508131245,-0.9993147668806965,0.036127758541569,-0.01649544930256532,-0.03625669754911284,-0.9992063610862064
0.733,0.015744568780064583,Empty,0.32377,0.02444,0.47955,0.00907,-0.02065,0.03607,0.99977,0.00472,-0.01024,0.01808,0.9997455848398087,0.009073632916078433,-0.0206502973105283,0.009814184369930756,-0.9993018906735627,0.03604737273915896,-0.020308800517557988,-0.036240867566148464,-0.9991367034293112
0.8,0.015744568780064583,Empty,0.32703,0.0284,0.47871,0.00998,-0.02242,0.03963,0.99973,0.00521,-0.01111,0.01987,0.9996989395854121,0.009981692263700825,-0.02241419218609557,0.010864250472414294,-0.9991563602546822,0.03960474497189114,-0.02199996030621664,-0.039836334948996834,-0.9989639974315171
0.867,0.015744568780064583,Empty,0.33045,0.03294,0.4781,0.01433,-0.02445,0.04185,0.99968,0.00742,-0.01207,0.02101,0.9995985572662265,0.014333723271535925,-0.02443908117041827,0.015348022272121509,-0.9990066997224964,0.041833624297928106,-0.023815174230177805,-0.04219192205554003,-0.9988256500459155
0.933,0.015744568780064583,Empty,0.3343,0.03754,0.47858,0.01817,-0.02715,0.0437,0.99963,0.00938,-0.01337,0.02197,0.9994663998028093,0.018161082856357924,-0.02714941499729509,0.019336134492794366,-0.9988591317551097,0.043664044845903714,-0.026325454755567128,-0.04416571044275218,-0.9986773054660848
1.0,0.015744568780064583,Empty,0.33815,0.04213,0.47918,0.01941,-0.03016,0.04478,0.99959,0.01004,-0.01486,0.02253,0.9993564101745183,0.019411159530726807,-0.03016574760838768,0.020750307722551153,-0.998783446023382,0.044733127311624155,-0.029260727477622903,-0.045330286071579254,-0.9985434266931754
1.067,0.015744568780064583,Empty,0.3419,0.04895,0.47978,0.01682,-0.0325,0.04608,0.99956,0.00878,-0.01605,0.02317,0.9993307812865195,0.01680975953177083,-0.03248725223466428,0.018297311047805798,-0.9987716667180699,0.04604743390927326,-0.031673300770436015,-0.04661104746401961,-0.9984108434269993
1.133,0.015744568780064583,Empty,0.34522,0.05678,0.48018,0.01386,-0.03457,0.04911,0.99952,0.00735,-0.01711,0.02467,0.9993064794097305,0.013846321156166241,-0.03456645194651212,0.015534936096801899,-0.9986744953911574,0.04907054122062534,-0.033841187482097995,-0.04957349741199542,-0.9981969957799635
1.2,0.015744568780064583,Empty,0.34824,0.06531,0.48036,0.01159,-0.03679,0.05072,0.99949,0.00626,-0.01824,0.02546,0.9992562561513141,0.011577323880455237,-0.036781790525019335,0.013434781293905684,-0.9986255744206325,0.05066032732471169,-0.03614472567393858,-0.05111680432919336,-0.9980383916068193
1.267,0.015744568780064583,Empty,0.35139,0.07459,0.48055,0.00716,-0.03929,0.04897,0.9995,0.00406,-0.01955,0.02455,0.999202830734688,0.007166136536983003,-0.03927275822907815,0.009085635200643483,-0.9987614902193096,0.04891765415373948,-0.03887356794516206,-0.04923547645790941,-0.9980304171583027
1.333,0.015744568780064583,Empty,0.35414,0.08379,0.48009,0.00431,-0.04276,0.04834,0.99948,0.00267,-0.02132,0.02421,0.9990769626744975,0.004296101205256697,-0.042740685155185934,0.006360823184181685,-0.9988131012305405,0.04829004802906602,-0.04248249735502985,-0.04851734045332782,-0.9979184861970521
1.4,0.015744568780064583,Empty,0.35708,0.09287,0.47884,-0.00199,-0.04503,0.04924,0.99944,-0.00044,-0.02253,0.02459,0.9989846181495732,-0.0019838634562754365,-0.04500885453262024,0.0002321034473344863,-0.9987901283627858,0.04917545742582742,-0.04505195698903048,-0.04913597226916839,-0.9977755145325133
1.467,0.015744568780064583,Empty,0.36037,0.10311,0.47841,-0.01245,-0.04865,0.04936,0.99938,-0.00562,-0.02447,0.02452,0.9987392189462226,-0.012429523562111022,-0.04863619519152503,-0.010029311404566033,-0.998734308551139,0.0492868525636187,-0.04918724887040762,-0.048736925086597126,-0.9975997828195754
1.533,0.015744568780064583,Empty,0.36339,0.11404,0.47805,-0.02111,-0.05138,0.05127,0.99929,-0.00989,-0.02595,0.02535,0.9984573655217878,-0.02107668727012746,-0.05136791302951676,-0.018444715277855017,-0.9985189048604304,0.05118387553366139,-0.052370618801095004,-0.050157450992287585,-0.997367308666344
1.6,0.015744568780064583,Empty,0.36656,0.1248,0.4775,-0.02761,-0.05482,0.05287,0.99919,-0.01307,-0.02776,0.02604,0.9981173986994203,-0.027570908237156244,-0.05478597842953422,-0.02468022664936803,-0.9983023563331688,0.05275691189009191,-0.05614752733681969,-0.05130546129430478,-0.997103407282986
1.667,0.015744568780064583,Empty,0.3693,0.13509,0.47712,-0.03595,-0.05701,0.054,0.99908,-0.01719,-0.02897,0.02647,0.9977305479447542,-0.035881037223124856,-0.05697635356578294,-0.03281425003523991,-0.9980081928851943,0.053878306660967726,-0.05879607718619602,-0.05188639611517897,-0.9969206704676622
1.733,0.015744568780064583,Empty,0.37185,0.14532,0.47578,-0.04374,-0.06006,0.05522,0.99895,-0.02102,-0.03061,0.02693,0.9972418005484293,-0.04365189294569194,-0.0600275226973806,-0.040354835470851946,-0.9976659667808248,0.05508271944451104,-0.06229188143768954,-0.05250838951577252,-0.9966757700162138
1.8,0.015744568780064583,Empty,0.37477,0.155,0.47446,-0.0521,-0.06218,0.05757,0.99879,-0.02513,-0.03181,0.02795,0.9967125527815086,-0.051984194703920183,-0.06214282443495258,-0.048427343270693424,-0.9971740364774795,0.05743460106027357,-0.06495290256417223,-0.05423637595005095,-0.9964133359064872
1.867,0.015744568780064583,Empty,0.378,0.16456,0.47354,-0.05964,-0.0642,0.06138,0.9986,-0.0288,-0.03298,0.0297,0.9961665640532864,-0.059469716691349095,-0.0641523924645054,-0.05555184242440758,-0.9965773158460647,0.06121802303494325,-0.06757343757367248,-0.05741956406751741,-0.9960606528704831
1.933,0.015744568780064583,Empty,0.38092,0.1734,0.47222,-0.06448,-0.06732,0.06415,0.99844,-0.03112,-0.03465,0.03095,0.995662723444245,-0.06427857947270321,-0.06726072676205841,-0.05998928648552493,-0.9961478973408832,0.06395820612161425,-0.07111277417276388,-0.05964587868670111,-0.9956833545385525
2.0,0.015744568780064583,Empty,0.38424,0.18138,0.47156,-0.06995,-0.06981,0.06535,0.99829,-0.03379,-0.036,0.03141,0.9951252348888195,-0.06971819720894601,-0.06975055458852063,-0.06519469723116139,-0.9957432369991113,0.0651541051927539,-0.07399606976325758,-0.06028912794580589,-0.995434479366234
2.067,0.015744568780064583,Empty,0.38803,0.18808,0.47179,-0.07332,-0.07111,0.06462,0.99822,-0.03546,-0.03669,0.03096,0.9947938515538625,-0.07305912967754286,-0.07104615740060602,-0.06851650811638649,-0.995569035468721,0.0644032897561725,-0.07543660269503683,-0.059200162049105574,-0.9953917117332204
2.133,0.015744568780064583,Empty,0.39202,0.19379,0.4717,-0.07628,-0.07318,0.06317,0.99815,-0.03693,-0.03774,0.03014,0.9944247066699101,-0.0759903666902268,-0.07310928077028349,-0.071440704329431,-0.9954560588297643,0.06295602198382572,-0.07756112769537395,-0.05738204518312316,-0.9953349046231745
2.2,0.015744568780064583,Empty,0.3959,0.1985,0.47072,-0.07846,-0.07579,0.06135,0.99809,-0.03801,-0.03904,0.02914,0.9940628065840714,-0.07814106243784918,-0.0757173092976965,-0.07359038465724055,-0.9954128223515972,0.0611372912715843,-0.08014731344342271,-0.05520224143195026,-0.9952532947389273
2.267,0.015744568780064583,Empty,0.39987,0.20181,0.46819,-0.0789,-0.07455,0.05785,0.99815,-0.03832,-0.03836,0.02741,0.9941206858841278,-0.0785923613742679,-0.07448021637245401,-0.0743871888590662,-0.9955617252199627,0.05764891508690488,-0.0786804170738609,-0.051769605085107855,-0.9955547699440827
2.333,0.015744568780064583,Empty,0.40375,0.20484,0.46457,-0.08154,-0.07397,0.05486,0.99815,-0.0397,-0.03805,0.02588,0.9939527086608864,-0.08122296839574078,-0.07389751247959025,-0.07728434230996356,-0.9955082046860023,0.054685874195892756,-0.07800732901082484,-0.04864405213216864,-0.9957653402347161
2.4,0.015744568780064583,Empty,0.40796,0.20905,0.46098,-0.08525,-0.07313,0.05296,0.99812,-0.0416,-0.03764,0.02488,0.9937059409016167,-0.08491238239151849,-0.07306428904347868,-0.08116683315938666,-0.9953012712819589,0.052795118897416275,-0.07720393909451001,-0.046532426340268586,-0.9959288554345529
2.466,0.015744568780064583,Empty,0.41271,0.21546,0.45736,-0.10079,-0.07677,0.05318,0.99769,-0.0493,-0.03965,0.0246,0.9919941977458309,-0.10033311284667029,-0.07668623152237201,-0.09643137876685881,-0.9939274875805432,0.053001307728698724,-0.08153833961841563,-0.04518203070167358,-0.9956455610677654
2.533,0.015744568780064583,Empty,0.41865,0.22461,0.45564,-0.12209,-0.08183,0.05071,0.99704,-0.0599,-0.04236,0.02279,0.9892345650120093,-0.12138392007927501,-0.0817368908858714,-0.11752254668460338,-0.9917843660060994,0.050519524608262825,-0.08719762844404601,-0.040369732375479216,-0.995372723306032
2.6,0.015744568780064583,Empty,0.42638,0.23412,0.45365,-0.14267,-0.08687,0.05063,0.99627,-0.07009,-0.0451,0.02213,0.9861062343890228,-0.1416524591594393,-0.08677024439970642,-0.1376591461912275,-0.9891952626191416,0.05042511161861534,-0.09297555576066069,-0.037779799178011234,-0.9949513720805984
2.667,0.015744568780064583,Empty,0.43311,0.24175,0.45035,-0.15979,-0.09664,0.04631,0.99547,-0.07858,-0.04998,0.0192,0.9826553026568267,-0.15835983471159404,-0.09649206656786272,-0.1545208189402248,-0.9869141161927206,0.0460851795437866,-0.10252742401163961,-0.030375812905293034,-0.9942662808905268
2.733,0.015744568780064583,Empty,0.43948,0.24791,0.4464,-0.17737,-0.10665,0.04092,0.99454,-0.08734,-0.05489,0.01563,0.9787185967155361,-0.17543984614305164,-0.10644608413875145,-0.17200909263559783,-0.9842554781875621,0.0406697148803855,-0.11190522996647696,-0.021494511929232716,-0.9934863891685048
2.8,0.015744568780064583,Empty,0.44513,0.25161,0.44067,-0.19324,-0.11108,0.03853,0.99372,-0.09524,-0.0571,0.01379,0.9753384716732418,-0.19086012828172289,-0.11084799098941098,-0.1877105899772148,-0.9814780181611742,0.038283603237148585,-0.11610167993836351,-0.016532129285053918,-0.9930997374970914
2.867,0.015744568780064583,Empty,0.44863,0.25572,0.43458,-0.20758,-0.12091,0.03334,0.99277,-0.1024,-0.06181,0.01029,0.9713882719464044,-0.20458946291740515,-0.12061499404363418,-0.20204608230607474,-0.9788170470552213,0.033084271472462366,-0.1248287056319378,-0.007767886280354094,-0.9921478993542195
2.933,0.015744568780064583,Empty,0.45185,0.2594,0.43018,-0.21929,-0.12559,0.0304,0.99202,-0.10825,-0.06403,0.00821,0.9683612376841906,-0.21583272141648008,-0.1252707057404051,-0.21373109316251437,-0.9764273667327478,0.030143279697284274,-0.12882365142433966,-0.002415338756386484,-0.9916645768466231
3.0,0.015744568780064583,Empty,0.45393,0.26229,0.42577,-0.22451,-0.13366,0.02764,0.9915,-0.11084,-0.0679,0.00622,0.9662092198968891,-0.22063203835156237,-0.13327132864603491,-0.21894314232375012,-0.9753533188927781,0.02738254469994495,-0.136028099360562,0.0027215763220985274,-0.9907012411452183
3.067,0.015744568780064583,Empty,0.45551,0.2651,0.42203,-0.22657,-0.14273,0.02333,0.99109,-0.11192,-0.07216,0.0035,0.9645359423254591,-0.2223467362883219,-0.14224044721621948,-0.22133514408672267,-0.9749242132930377,0.02309831870638082,-0.14380949187883388,0.009203651279968977,-0.9895625916780951
3.133,0.015744568780064583,Empty,0.45733,0.26729,0.4193,-0.2279,-0.15114,0.01719,0.99072,-0.11273,-0.07598,-7e-05,0.9630399442022617,-0.2233516889591684,-0.15055925381719915,-0.22337327823491443,-0.974584919020328,0.016988648819965743,-0.15052722159626958,0.017270166682098676,-0.9884550049958168
3.2,0.015744568780064583,Empty,0.4592,0.26901,0.41596,-0.22885,-0.16075,0.01195,0.99029,-0.11333,-0.08044,-0.00325,0.9613683328565883,-0.2239427672364226,-0.16006425454497164,-0.22498978069758657,-0.9742897939735291,0.011789653967354777,-0.1585891773173562,0.02467862154804391,-0.9870361890408542
3.267,0.015744568780064583,Empty,0.46116,0.26994,0.41163,-0.22997,-0.16186,0.0074,0.99017,-0.11406,-0.08073,-0.00561,0.960946974503446,-0.22497396262481328,-0.16114474342516594,-0.22678450777051246,-0.9739175171489077,0.007311417495475189,-0.15858656698459678,0.029519246795873314,-0.986903700895201
3.333,0.015744568780064583,Empty,0.46336,0.27084,0.40614,-0.23075,-0.16253,0.00395,0.99009,-0.11458,-0.08086,-0.00739,0.9606653731377435,-0.2256923424759253,-0.161817821644743,-0.22808155029196597,-0.9736342050266054,0.0039040003360102105,-0.15843246911707734,0.03315722168607873,-0.9868129262324885
3.4,0.015744568780064583,Empty,0.46593,0.27193,0.3995,-0.23267,-0.15859,0.00296,0.99013,-0.11559,-0.07885,-0.00773,0.9608455154897166,-0.22767171471596237,-0.1579287360855963,-0.23011069379423738,-0.9731600985248692,0.002913973335682496,-0.15435337367493834,0.03354121281885649,-0.9874462127517655
3.467,0.015744568780064583,Empty,0.46826,0.27361,0.39091,-0.23623,-0.15231,0.0034,0.99017,-0.11737,-0.07575,-0.00728,0.9609723427503876,-0.23132578324640818,-0.15172520711558546,-0.23353202491819508,-0.9723432950003119,0.0033630351683893583,-0.148306944565786,0.032200911064316155,-0.9884169927314022
3.533,0.015744568780064583,Empty,0.47037,0.27502,0.38059,-0.23377,-0.1438,0.00862,0.99064,-0.11601,-0.07185,-0.00411,0.9627590509507054,-0.22924969762276132,-0.1433163841030396,-0.23043164182249265,-0.973051185848688,0.008523389317210875,-0.1414081619267004,0.024818659479005068,-0.9896402204246639
3.6,0.015744568780064583,Empty,0.47184,0.27595,0.36955,-0.23131,-0.1351,0.01729,0.99108,-0.11455,-0.06804,0.00078,0.9644981875337159,-0.22715741227329128,-0.1346950492537831,-0.22694542555646752,-0.9737567779634393,0.017132168259013376,-0.13505191617733872,0.014044480038908127,-0.990738983041076
3.667,0.015744568780064583,Empty,0.47287,0.27641,0.35871,-0.22495,-0.12547,0.02439,0.99174,-0.11125,-0.06366,0.00506,0.9671432334657583,-0.2213001088926665,-0.12514083172766444,-0.22001219577101416,-0.9751970014776861,0.024195909177932934,-0.12739152119907562,0.004131599330024618,-0.9918439041570812
3.733,0.015744568780064583,Empty,0.47349,0.27626,0.34822,-0.21919,-0.11896,0.02947,0.99223,-0.1083,-0.06069,0.00812,0.9691766776688636,-0.2158993491185876,-0.11867619185377362,-0.21392802589575044,-0.9764111072126671,0.02926003158030773,-0.1221939736611037,-0.0029699767513855263,-0.9925017944764661
3.8,0.015744568780064583,Empty,0.47428,0.27486,0.33867,-0.21158,-0.10852,0.03524,0.99289,-0.10447,-0.05578,0.01177,0.9719520581371912,-0.20875889001011005,-0.10830015015975096,-0.2061325223559114,-0.9778968728366364,0.03502983476291785,-0.11321916759130295,-0.011723136870070327,-0.9935008747614963
3.867,0.015744568780064583,Empty,0.47471,0.27287,0.32997,-0.20042,-0.09907,0.03909,0.99367,-0.09894,-0.05121,0.01447,0.9751767482913376,-0.19811342663404058,-0.0989008583342495,-0.19515045667196035,-0.9800023049922459,0.03888163410416384,-0.10462604289878291,-0.01861591784477441,-0.9943373867808344
3.933,0.015744568780064583,Empty,0.47392,0.27093,0.32237,-0.186,-0.09578,0.0411,0.99442,-0.09176,-0.04956,0.01599,0.9782483549076507,-0.1840783979171869,-0.09563105949803634,-0.18090844862567423,-0.9826492256311814,0.040897831021848095,-0.1015001937748243,-0.02270776930219469,-0.9945763258176775
4.0,0.015744568780064583,Empty,0.47367,0.26946,0.31705,-0.17238,-0.09428,0.04214,0.99505,-0.08498,-0.04875,0.01691,0.9808046229401306,-0.1707628641378719,-0.09413998008656937,-0.1674648072563904,-0.9849853737661634,0.041944627752690686,-0.09988908824215498,-0.025374351187024156,-0.9946749782476629
4.067,0.015744568780064583,Empty,0.4739,0.26853,0.3133,-0.16043,-0.09487,0.04066,0.99553,-0.07906,-0.04888,0.01644,0.9827190177109245,-0.15903002751433987,-0.09472477277916314,-0.15581631745628,-0.9869572397658117,0.04045592772652289,-0.09992300757903368,-0.024997144289660683,-0.9946811224375992
4.133,0.015744568780064583,Empty,0.47467,0.26752,0.31028,-0.14935,-0.09471,0.03769,0.99598,-0.07362,-0.0486,0.01524,0.9844341451373706,-0.14813802575113516,-0.09457557408871739,-0.1451750827229505,-0.9886945254212464,0.03751440734492438,-0.09906366258138731,-0.023200446733035698,-0.9948106000778986
4.2,0.015744568780064583,Empty,0.47616,0.26622,0.30798,-0.13839,-0.09618,0.03385,0.99637,-0.06824,-0.04912,0.01354,0.9858607212185031,-0.1373204588815144,-0.09602983875391986,-0.1346605224548466,-0.9903191448365626,0.03368286006809979,-0.09972553359456822,-0.020275180461581253,-0.9948083911017886
4.266,0.015744568780064583,Empty,0.47836,0.26453,0.30662,-0.12563,-0.1021,0.02896,0.99667,-0.06195,-0.05183,0.01123,0.9869516955277149,-0.1246434527405319,-0.10193311720872447,-0.12231510121462397,-0.9920731852003104,0.028806444094453272,-0.10471564691976554,-0.015962609292637705,-0.9943740887587252
4.333,0.015744568780064583,Empty,0.48163,0.26256,0.30533,-0.1165,-0.10709,0.02316,0.99684,-0.05751,-0.0541,0.00843,0.9875312752139391,-0.11556557135291218,-0.10689517852647315,-0.11374080732789427,-0.9932434242874614,0.023033212066861097,-0.10883477947205329,-0.01058767337959999,-0.9940034667694456
4.4,0.015744568780064583,Empty,0.48542,0.26161,0.30421,-0.1113,-0.11419,0.01465,0.99682,-0.05511,-0.05738,0.00413,0.9873410932314504,-0.11035070546608339,-0.11393106433129546,-0.10940260779629152,-0.9938908730575698,0.01456028365905803,-0.11484178257017277,-0.0019116108388435968,-0.9933819561075717
4.467,0.015744568780064583,Empty,0.48903,0.26058,0.30251,-0.10882,-0.12023,0.00856,0.99672,-0.05403,-0.06022,0.001,0.9869075545106938,-0.10783027348258178,-0.11994211508220881,-0.10758998731737951,-0.9941590449379749,0.008496351985407671,-0.12015770253616007,0.004519456680333751,-0.992744529590844
4.533,0.015744568780064583,Empty,0.49176,0.25988,0.29975,-0.1097,-0.12709,0.00408,0.99649,-0.05458,-0.06352,-0.00145,0.9859724788229363,-0.10859095078735842,-0.12675281618509124,-0.10895823564480617,-0.9940380660981625,0.004052904266783251,-0.1264372330009042,0.009814711148185624,-0.991926054479946
4.6,0.015744568780064583,Empty,0.49481,0.26036,0.2974,-0.11107,-0.13321,-0.00015,0.99624,-0.05539,-0.06645,-0.00377,0.9850320465718302,-0.10986565806716642,-0.1328209486639081,-0.11086880214740635,-0.9938350385018032,-0.00015797632248307214,-0.13198475645661245,0.01488131121869496,-0.9911400358372681
4.667,0.015744568780064583,Empty,0.49765,0.2615,0.29544,-0.108,-0.1416,-0.00629,0.99602,-0.05406,-0.07047,-0.00695,0.9842217385619026,-0.10671347424243349,-0.14113753489874958,-0.10867262342626871,-0.9940581028047444,-0.006224882800871981,-0.13963463130555642,0.021464451153981958,-0.9899704273748886
4.733,0.015744568780064583,Empty,0.50075,0.26172,0.29327,-0.10644,-0.14771,-0.01142,0.99582,-0.05347,-0.07338,-0.00961,0.9835113812190523,-0.10508148504554399,-0.14718438950246948,-0.1079033915682015,-0.9940971760018043,-0.011298794330244957,-0.14512829186850812,0.026994187631060915,-0.9890445352629313
4.8,0.015744568780064583,Empty,0.50361,0.2614,0.28983,-0.107,-0.14887,-0.01601,0.99574,-0.05392,-0.07383,-0.01195,0.9832858358473173,-0.10560587960223572,-0.14831170963710377,-0.10913566444136275,-0.993900590485463,-0.015843704730586217,-0.1457339074099943,0.03176498742461226,-0.9888137407039455
4.867,0.015744568780064583,Empty,0.50566,0.2615,0.28492,-0.10818,-0.14764,-0.01975,0.99573,-0.05464,-0.07311,-0.01382,0.9833402427572242,-0.1067885171649417,-0.14709921677519366,-0.11083125107150726,-0.993647076441027,-0.01954280599412793,-0.14407775942208104,0.03552041781725667,-0.9889286623199878
4.933,0.015744568780064583,Empty,0.50759,0.26219,0.2788,-0.10858,-0.14284,-0.02439,0.99586,-0.05499,-0.07059,-0.01602,0.9839839778655214,-0.10727072495208617,-0.14236756257026625,-0.11179503114791811,-0.9934378711421441,-0.024146784282807206,-0.13884308522422312,0.039676034943253405,-0.9895192822459806
5.0,0.015744568780064583,Empty,0.5097,0.26339,0.27148,-0.11174,-0.13267,-0.02676,0.99611,-0.0566,-0.06543,-0.01703,0.9850307725094563,-0.11052306436328091,-0.1322838971801695,-0.114980864086424,-0.993013514684265,-0.02652471580134378,-0.12842810480328243,0.04133777809888707,-0.9908569069237416
5.067,0.015744568780064583,Empty,0.51112,0.26475,0.26302,-0.1124,-0.12199,-0.02558,0.99644,-0.05684,-0.06014,-0.01617,0.9863052747443387,-0.11133161401757391,-0.12168474321679201,-0.11522239314279076,-0.9930149874020984,-0.025397537543205936,-0.11800722490569322,0.03907053256678615,-0.9922438149744269
5.133,0.015744568780064583,Empty,0.51198,0.26668,0.2544,-0.11331,-0.1137,-0.02587,0.99666,-0.05726,-0.05599,-0.01611,0.987171581842438,-0.11233489166193639,-0.11345986126379451,-0.11594353977982674,-0.9929231872950741,-0.025702912580391965,-0.10976959317598926,0.038528122807795835,-0.9932100584301818
5.2,0.015744568780064583,Empty,0.51297,0.26798,0.24582,-0.11327,-0.10269,-0.02322,0.99698,-0.05712,-0.05058,-0.01448,0.9883581574218612,-0.11243106452943752,-0.1025056505098206,-0.11536080617747568,-0.9930550953033526,-0.023096798265825225,-0.09919696091991358,0.03465304345691491,-0.9944642424559199
5.266,0.015744568780064583,Empty,0.51403,0.26908,0.23749,-0.11599,-0.09162,-0.02061,0.99719,-0.05837,-0.04512,-0.01293,0.9891141944857609,-0.11525284814277537,-0.09148710981205072,-0.11758593017344376,-0.9928507460019851,-0.02051694881183773,-0.08846840844069613,0.031051202203456505,-0.9955948792303474
5.333,0.015744568780064583,Empty,0.51493,0.26931,0.2288,-0.11446,-0.07462,-0.0185,0.99761,-0.0575,-0.03671,-0.01136,0.990691215307317,-0.11389941789419611,-0.07455091224307644,-0.11556812650705273,-0.9931281559308145,-0.018451938464824087,-0.07193694494876354,0.02689588259981638,-0.9970464820912891
5.4,0.015744568780064583,Empty,0.5156,0.26784,0.21889,-0.10755,-0.05041,-0.01506,0.9982,-0.05392,-0.02476,-0.00887,0.9929584546612261,-0.10721485788412571,-0.050383346114331616,-0.10809321740413386,-0.99402703665263,-0.01503684657146247,-0.04847023486648789,0.02037706191966163,-0.9986167491482955
5.467,0.015744568780064583,Empty,0.51477,0.26602,0.20849,-0.10276,-0.03493,-0.01647,0.99849,-0.05149,-0.01702,-0.00912,0.9941174571804746,-0.10252269116211749,-0.03492247307829693,-0.10314359189535294,-0.9945302245846183,-0.016463044633168472,-0.03304361935309465,0.019968229379338325,-0.9992544165704258
5.533,0.015744568780064583,Empty,0.51419,0.26393,0.19877,-0.10277,-0.01966,-0.01623,0.9986,-0.05144,-0.0094,-0.00861,0.994532176114419,-0.10256495380788816,-0.019651486546925206,-0.10288842821156535,-0.9945606134031484,-0.01622213325388861,-0.017880772166543314,0.018155344049041643,-0.99967527801241
5.6,0.015744568780064583,Empty,0.51388,0.26286,0.19035,-0.10513,-0.00552,-0.01575,0.99858,-0.05256,-0.00234,-0.00801,0.9944647048386461,-0.10492621563693466,-0.005517254960176928,-0.10500120410691183,-0.994347413334655,-0.015747022917977714,-0.0038337926760280893,0.01623917691239755,-0.9998607858931787
5.667,0.015744568780064583,Empty,0.51325,0.26251,0.18262,-0.10788,0.00875,-0.01794,0.9985,-0.05387,0.00485,-0.00872,0.9941479982851238,-0.10767172200173492,0.00874973067373236,-0.10750254218679756,-0.9940430928104094,-0.017931342930511976,0.010628307911306947,0.016885790390056526,-0.9998009347634386
5.733,0.015744568780064583,Empty,0.5121,0.26205,0.17566,-0.10595,0.01995,-0.01922,0.99851,-0.05285,0.01047,-0.00907,0.9941938825121298,-0.10573676259902476,0.01995647790906652,-0.10535699696877171,-0.9942488894159277,-0.019210650299161143,0.021872977967798277,0.016996556423932992,-0.9996162713284277
5.8,0.015744568780064583,Empty,0.51113,0.26195,0.17006,-0.10668,0.02949,-0.02094,0.99842,-0.05315,0.01528,-0.00967,0.9938830374354898,-0.10642916969262922,0.029484567769300925,-0.10583796809010498,-0.9941629095342752,-0.020938811258088684,0.03154096397643775,0.017690142590759822,-0.9993458992994145
5.867,0.015744568780064583,Empty,0.51077,0.26252,0.16578,-0.10948,0.03941,-0.02398,0.99825,-0.05446,0.02033,-0.01089,0.9932409271124862,-0.10917550844068741,0.03941026599054898,-0.10828994669281078,-0.9938307549137841,-0.02395241183609164,0.041782151141326426,0.019522780135393724,-0.998935990392672
5.933,0.015744568780064583,Empty,0.5107,0.26353,0.16177,-0.11251,0.0502,-0.0279,0.99803,-0.05585,0.02584,-0.01251,0.9924274520641483,-0.1121185116936202,0.050171622707159275,-0.11082574257675609,-0.9934494056747699,-0.027855576582738545,0.05296609454899052,0.022084331550983285,-0.9983520797435007
6.0,0.015744568780064583,Empty,0.5108,0.26472,0.15755,-0.11392,0.05828,-0.03006,0.99787,-0.05646,0.02994,-0.01334,0.991832697273805,-0.11347365116037245,0.05823771210223598,-0.11187568463474207,-0.9932688739503183,-0.030012917701785984,0.06125138207482829,0.02325240920422055,-0.9978514887798302
6.067,0.015744568780064583,Empty,0.51169,0.26594,0.15367,-0.11743,0.06571,-0.03077,0.99765,-0.05814,0.03369,-0.01342,0.9909700015473539,-0.11690400686323016,0.06566512935005411,-0.11509498455747225,-0.992879956940738,-0.030700743233234094,0.06878663069923402,0.02286578852083405,-0.9973693173305301
6.133,0.015744568780064583,Empty,0.51226,0.26738,0.15022,-0.11911,0.06327,-0.02887,0.99765,-0.05903,0.03243,-0.01252,0.9909278945602114,-0.11859418511217212,0.06322441806807344,-0.1169705761474431,-0.992717585515515,-0.028804161574000786,0.06617999771986914,0.021147450575087337,-0.9975835770680931
6.2,0.015744568780064583,Empty,0.51368,0.26857,0.14812,-0.11878,0.05923,-0.02716,0.99773,-0.05892,0.03036,-0.01179,0.9912138269410337,-0.11828771066155375,0.05918755601779246,-0.11685636762825369,-0.9927790502439635,-0.027098832842471523,0.06196562454814157,0.01994429500238861,-0.9978789939021749
6.266,0.015744568780064583,Empty,0.51679,0.26927,0.14699,-0.11868,0.06015,-0.02821,0.99771,-0.05885,0.03085,-0.01229,0.9911693449895174,-0.11819303386821312,0.06011436016525977,-0.11667656689982231,-0.9927708794001999,-0.02815243775279005,0.06300720823463357,0.020889896121829177,-0.997794419682981
6.333,0.015744568780064583,Empty,0.51945,0.269,0.14511,-0.12012,0.06068,-0.02983,0.99765,-0.05954,0.03117,-0.01306,0.9909678163137527,-0.11961113996917827,0.06062971404869171,-0.1179836129404197,-0.9925694679076591,-0.029761022412407516,0.06373895283009967,0.02233890267627891,-0.9977165525936422
6.4,0.015744568780064583,Empty,0.52246,0.26818,0.14246,-0.11966,0.06295,-0.02843,0.99764,-0.05931,0.03226,-0.0123,0.9908845533991674,-0.11912616752773131,0.0629027665932716,-0.11753937091307964,-0.9926630631930865,-0.028364401235978828,0.0658201953832578,0.020712295437082206,-0.9976165108384266
6.467,0.015744568780064583,Empty,0.5253,0.2669,0.13911,-0.12077,0.06514,-0.02415,0.9976,-0.05992,0.03323,-0.01008,0.9906100702744665,-0.12022948955907747,0.06508885089767943,-0.11888976882040903,-0.9926150997601202,-0.024093289481434018,0.06750490012322365,0.016128656750335174,-0.9975885699479439
6.533,0.015744568780064583,Empty,0.52775,0.26647,0.13516,-0.12314,0.06917,-0.02273,0.99747,-0.0611,0.03521,-0.00921,0.9900536604260611,-0.12254030589242787,0.06912035090150782,-0.12124332434335788,-0.9923638383910002,-0.022673079986013006,0.0713709028885627,0.014067184710206888,-0.997350644725916
6.6,0.015744568780064583,Empty,0.52977,0.26586,0.13042,-0.12477,0.07237,-0.01838,0.99738,-0.06197,0.03668,-0.00691,0.9896297046718923,-0.12411735113170969,0.07230443125473837,-0.12310310583827477,-0.9922244764468072,-0.018336130257764316,0.07401805836411668,0.00924507911848829,-0.9972140470070098
6.667,0.015744568780064583,Empty,0.53116,0.2653,0.12565,-0.12395,0.07403,-0.01149,0.99739,-0.06168,0.03729,-0.00344,0.9896112336019482,-0.12328698134245919,0.07395895186043557,-0.12277331985410905,-0.9923684636285781,-0.011469277547236416,0.07480854403629798,0.0022699398492077617,-0.9971953314733529
6.733,0.015744568780064583,Empty,0.53221,0.26519,0.12126,-0.12346,0.07508,-0.00518,0.99739,-0.06155,0.03762,-0.00027,0.9895909425357303,-0.12280879933043015,0.07501843278996737,-0.12276851277623568,-0.9924218893607066,-0.005165828920551167,0.07508434405357779,-0.004097843913961677,-0.9971687665351843
6.8,0.015744568780064583,Empty,0.53389,0.26489,0.11715,-0.12061,0.08026,0.00255,0.99737,-0.06027,0.03997,0.00369,0.9895401620819693,-0.11992949252355406,0.08016972277507364,-0.12051862980975608,-0.9927078337983315,0.0025330977484161257,0.07928131870477599,-0.012168547097617081,-0.99677800886956
6.867,0.015744568780064583,Empty,0.53436,0.26464,0.1133,-0.11429,0.08279,0.00503,0.9975,-0.05717,0.04117,0.00487,0.9900727909375822,-0.11365733437939335,0.08269146864602875,-0.1144594428293092,-0.9934152910393128,0.005009538549744903,0.08157759859342804,-0.014424627241217068,-0.996562604925893
6.933,0.015744568780064583,Empty,0.53498,0.26344,0.1095,-0.11018,0.08608,0.00796,0.99754,-0.05518,0.04274,0.00634,0.990257525310009,-0.1095403946205587,0.08597055026733769,-0.1106236198526836,-0.993830780490897,0.007924296785407708,0.08457214847445599,-0.017357467995839964,-0.9962661642388484
7.0,0.015744568780064583,Empty,0.53621,0.26243,0.10639,-0.10702,0.09229,0.00877,0.99749,-0.05363,0.04583,0.00684,0.9900467382367868,-0.10636590080538538,0.09216154975128427,-0.10761917919546726,-0.994153921051317,0.008723160412697092,0.09069491924023887,-0.018554686851322413,-0.9957058577812306
7.067,0.015744568780064583,Empty,0.53695,0.26127,0.10368,-0.10621,0.09531,0.00792,0.99744,-0.05321,0.04736,0.00648,0.989851253176687,-0.1055392637931471,0.09516280987099351,-0.10676702530915594,-0.9942527651907034,0.007889310316763654,0.09378325485488552,-0.01796949383373498,-0.9954304588469165
7.133,0.015744568780064583,Empty,0.53779,0.26034,0.10189,-0.10607,0.09873,0.0062,0.99736,-0.0531,0.04911,0.00571,0.9895373640374251,-0.10536219989570822,0.09856273132883986,-0.10648478279843765,-0.994295099108607,0.006184409508964456,0.09734883772410345,-0.016615135321200833,-0.9951116224183217
7.2,0.015744568780064583,Empty,0.53799,0.25985,0.10086,-0.1052,0.10173,0.00276,0.99732,-0.05258,0.0507,0.00405,0.9893298390564131,-0.10446751676529825,0.10155297875249114,-0.10528916864655824,-0.9944378456345342,0.002749933719728384,0.10070084666142765,-0.013413020190786159,-0.9948263317640085
7.267,0.015744568780064583,Empty,0.5378,0.25931,0.10008,-0.10328,0.10467,-0.00148,0.9973,-0.05151,0.05228,0.00196,0.9892259560474537,-0.1025431284711722,0.10448404033796745,-0.102952938943213,-0.9946851303274209,-0.0014777917568536345,0.10408025867068328,-0.00929506906194254,-0.9945254654588676
7.333,0.015744568780064583,Empty,0.53756,0.2584,0.09908,-0.09828,0.10879,-0.00435,0.99732,-0.04893,0.05441,0.0005,0.9892895777771387,-0.09754575761493278,0.10858617072564662,-0.09765484056538987,-0.9952109435509915,-0.004325500028099442,0.10848807960176421,-0.006324793093345816,-0.9940776295524648
7.4,0.015744568780064583,Empty,0.53748,0.25722,0.09804,-0.09297,0.11356,-0.00782,0.99731,-0.04617,0.05687,-0.00126,0.9892668986054935,-0.09224333447772293,0.11332330108101912,-0.09195627262858108,-0.9957327383371124,-0.007769023615207392,0.11355636154670708,-0.002735150472367986,-0.9935277911081134
7.467,0.015744568780064583,Empty,0.53733,0.256,0.09744,-0.09397,0.11258,-0.00692,0.99732,-0.0467,0.05636,-0.00081,0.989285190398294,-0.09324785000262498,0.1123372179132936,-0.09306617888146523,-0.9956362119656881,-0.006871664355814877,0.11248777003307514,-0.003656759836769214,-0.9936463806105679
7.533,0.015744568780064583,Empty,0.53752,0.25612,0.09769,-0.09395,0.11305,-0.00723,0.9973,-0.04668,0.0566,-0.00095,0.9892339452551654,-0.09321443871159857,0.11281520274582688,-0.09300030612417814,-0.9956402568561551,-0.007170912648914965,0.11299179003675265,-0.003398138180056817,-0.9935901106800528
7.6,0.015744568780064583,Empty,0.53747,0.25623,0.09771,-0.09376,0.11304,-0.00727,0.99731,-0.04658,0.0566,-0.00098,0.9892524773873634,-0.0930210060272963,0.11281235934344176,-0.09279847788985945,-0.995658634768718,-0.0072336375232292804,0.11299547992857693,-0.0033129213938583296,-0.993589978848191
7.667,0.015744568780064583,Empty,0.53747,0.25624,0.09771,-0.09371,0.11304,-0.00727,0.99731,-0.04656,0.0566,-0.00098,0.9892560550575014,-0.09298793724574023,0.1128082490727157,-0.09276637832325763,-0.9956617024512469,-0.007223110456759045,0.11299051546415663,-0.0033193069557658343,-0.9935905221047943
7.733,0.015744568780064583,Empty,0.53748,0.25622,0.09771,-0.09376,0.11306,-0.00728,0.99731,-0.04658,0.05661,-0.00098,0.9892516392358963,-0.09301616873750829,0.11282369707861573,-0.09279405150016956,-0.9956590731236088,-0.0072300838736511774,0.11300645236125118,-0.0033169956333301063,-0.9935887173598001
7.8,0.015744568780064583,Empty,0.53747,0.25624,0.09771,-0.09372,0.11306,-0.00727,0.99731,-0.04656,0.05661,-0.00098,0.9892557096721907,-0.0929813686660611,0.11281669185876878,-0.09275903950334308,-0.9956623379337759,-0.0072297586864500316,0.11299956403184766,-0.0033126879166411336,-0.9935895151557201
7.867,0.015744568780064583,Empty,0.53747,0.25623,0.09771,-0.09372,0.11306,-0.00727,0.99731,-0.04656,0.05661,-0.00098,0.9892554398398026,-0.09298148824565994,0.11281895935958848,-0.09275982879086636,-0.9956623066069318,-0.007223943857241573,0.11300127835581102,-0.0033187415966855244,-0.9935892999847407
7.933,0.015744568780064583,Empty,0.53747,0.25623,0.09772,-0.09372,0.11306,-0.00727,0.99731,-0.04656,0.05661,-0.00098,0.9892549387271972,-0.09297662816603541,0.11282735846736919,-0.09275485388408505,-0.9956627629577965,-0.007224924926161232,0.11300974862723778,-0.0033179924836298134,-0.9935883391229423
8.0,0.015744568780064583,Empty,0.53744,0.25632,0.09773,-0.09344,0.11298,-0.00741,0.99732,-0.04642,0.05657,-0.00106,0.9892892752000917,-0.09272090392330412,0.11273670187531205,-0.09248041916451699,-0.9956872103887544,-0.007372322525207302,0.11293406060720955,-0.0031325778371503626,-0.9935975467516318
8.066,0.015744568780064583,Empty,0.53744,0.25624,0.09771,-0.09195,0.11298,-0.00699,0.99735,-0.04569,0.05656,-0.00089,0.9894280416808376,-0.09123254674428888,0.11273319276137542,-0.09103105959665786,-0.9958238407380935,-0.006944379478540853,0.11289595441968685,-0.00339125820064099,-0.9936010280004164
8.133,0.015744568780064583,Empty,0.53674,0.2545,0.09715,-0.0906,0.10776,0.00263,0.99752,-0.04529,0.05374,0.00375,0.9901225666838401,-0.08994573763510533,0.10755030090465159,-0.09075092349522129,-0.9958702122260367,0.002605817651459244,0.1068717587960865,-0.012340367990658845,-0.9941962293680691
8.2,0.015744568780064583,Empty,0.53649,0.25364,0.09681,-0.0897,0.10526,0.006,0.9976,-0.04493,0.05242,0.00535,0.9904658379849074,-0.08908985815854581,0.1050734074737533,-0.09021216265565568,-0.9959046897157773,0.005967806222636374,0.10411142825763527,-0.015389807517041233,-0.9944465618276046
8.267,0.015744568780064583,Empty,0.53639,0.25253,0.09643,-0.08553,0.10288,0.00754,0.99775,-0.04289,0.05121,0.00596,0.9910762510682334,-0.08497125338238959,0.10270224275624049,-0.08619148018906353,-0.9962504021966136,0.007494322244450707,0.10168034869803631,-0.016279503116224343,-0.9946839118367877
8.333,0.015744568780064583,Empty,0.5366,0.25119,0.09607,-0.08277,0.10123,0.00871,0.99785,-0.04154,0.05037,0.00644,0.9914731477845815,-0.0822619638656652,0.10106417032310336,-0.08355890763352603,-0.9964652082292245,0.008660123773935137,0.09999453073656143,-0.017031091851434636,-0.9948422165012515
8.4,0.015744568780064583,Empty,0.53681,0.25016,0.09578,-0.0796,0.09889,0.00724,0.99797,-0.03992,0.04924,0.00558,0.9919627634875335,-0.07913691604964773,0.0987280323531588,-0.08023664959648824,-0.9967497485015429,0.007212414550023548,0.09783637317330299,-0.015076053205730097,-0.995088316032317
8.467,0.015744568780064583,Empty,0.53724,0.24908,0.09523,-0.0776,0.09897,0.00714,0.99801,-0.03892,0.04929,0.00548,0.9921108751010073,-0.07715512628061677,0.09880839030636783,-0.07823481922503511,-0.996909721152242,0.007093724902005362,0.09795572758720887,-0.014768018173789707,-0.9950811932059007
8.533,0.015744568780064583,Empty,0.53722,0.24771,0.09421,-0.07527,0.09667,0.00702,0.99811,-0.03775,0.04815,0.00532,0.9925119093417788,-0.07485004284323882,0.09652761729733694,-0.07587425899315098,-0.9970929706593042,0.0069788741243733896,0.0957246396544592,-0.01425057711704762,-0.9953058396366692
8.6,0.015744568780064583,Empty,0.53655,0.24755,0.09334,-0.07119,0.09157,6e-05,0.99832,-0.03555,0.04574,0.00166,0.9932880406880973,-0.07082465089613582,0.09144800189966426,-0.07112846733131784,-0.997467160924553,6.334200540904916e-05,0.09121189265166109,-0.006567473072080543,-0.9958098507929861
8.667,0.015744568780064583,Empty,0.53669,0.24707,0.09315,-0.0681,0.08864,-0.00771,0.99844,-0.03384,0.04441,-0.00234,0.9937648749615737,-0.0677848284654487,0.08852451819985883,-0.06736870633732617,-0.9976985628506677,-0.007683429712498038,0.08884160455013483,0.0016717402972570214,-0.9960443637636508
8.733,0.015744568780064583,Empty,0.5371,0.24686,0.09311,-0.0633,0.0871,-0.01678,0.99853,-0.03125,0.04378,-0.007,0.9942132004401951,-0.06302745522997505,0.08699225228546718,-0.06180231117362678,-0.9979485509560257,-0.01670820093147688,0.08786686749886478,0.011235191676240333,-0.99606886512125
8.8,0.015744568780064583,Empty,0.53788,0.24693,0.09261,-0.06455,0.0866,-0.02533,0.99848,-0.03169,0.04367,-0.01125,0.9941774933443503,-0.0642698553986612,0.08648986885513762,-0.06230394104839043,-0.9977379367779675,-0.025243384160661943,0.08791661195350065,0.019707744697941756,-0.9959328662824308
