time,gr,gr_state,tx,ty,tz,rx,ry,rz,qw,qx,qy,qz,xx,xy,xz,yx,yy,yz,zx,zy,zz
0.0,0.01566215604543686,Empty,0.30709,0.00076,0.48494,0.00388,-0.00089,-0.0038,1.0,0.00194,-0.00045,-0.0019,0.9999920734798855,0.003880752888996697,-0.0008903563412278272,0.003877342158956798,-0.9999852591408913,-0.0038010154836154624,-0.0009050940184298639,0.003797533138611437,-0.9999923797444054
0.067,0.01566215604543686,Empty,0.30709,0.00076,0.48494,0.00388,-0.00089,-0.0038,1.0,0.00194,-0.00045,-0.0019,0.9999920865111145,0.0038777889994695003,-0.0008886324453883691,0.0038743800102967185,-0.9999852503020842,-0.0038063575520634286,-0.0009033795897717701,0.003802884530712333,-0.999992360958104
0.133,0.01566215604543686,Empty,0.30709,0.00076,0.48494,0.00388,-0.00089,-0.0038,1.0,0.00194,-0.00045,-0.0019,0.999992085277471,0.003878675525739783,-0.0008861481711141103,0.0038752770129900083,-0.9999852511988716,-0.0038052086411378555,-0.0009008942711177071,0.003801744454329675,-0.9999923675351808
0.2,0.01566215604543686,Empty,0.30709,0.00076,0.48494,0.00388,-0.00089,-0.0038,1.0,0.00194,-0.00045,-0.0019,0.9999920582369317,0.003886106228061903,-0.0008841048859339659,0.0038827177875525587,-0.9999852323016631,-0.003802588745956302,-0.0008988690935482327,0.003799125816930757,-0.9999923793096526
0.267,0.01566215604543686,Empty,0.30709,0.00076,0.48494,0.00388,-0.00089,-0.0038,1.0,0.00194,-0.00045,-0.0019,0.9999920711667805,0.003881646081867307,-0.0008890597662857486,0.0038782338824840945,-0.9999852287968642,-0.003808082199188022,-0.0009038282611513385,0.0038046040238302156,-0.9999923540121173
0.333,0.01566215604543686,Empty,0.30709,0.00076,0.48494,0.00388,-0.00089,-0.0038,1.0,0.00194,-0.00045,-0.0019,0.9999920688188833,0.003883334679233963,-0.000884313914283406,0.003879943256256402,-0.9999852337320978,-0.003805043769753487,-0.0008990771146946058,0.003801582503454054,-0.9999923697862957
0.4,0.01566215604543686,Empty,0.30709,0.00076,0.48494,0.00388,-0.00089,-0.0038,1.0,0.00194,-0.00045,-0.0019,0.9999920747470481,0.003880436669670473,-0.0008903113763938004,0.0038770216542131086,-0.9999852416474335,-0.0038059414625976435,-0.0009050669516788497,0.0038024595430635614,-0.9999923610484415
0.467,0.01566215604543686,Empty,0.30709,0.00076,0.48493,0.00388,-0.00091,-0.00382,1.0,0.00194,-0.00046,-0.00191,0.9999920533673624,0.003880089794827679,-0.0009154809173498072,0.0038765703847108424,-0.9999852077914375,-0.0038152850965269373,-0.00093027102413242,0.0038117058516459012,-0.9999923027175371
0.534,0.01566215604543686,Empty,0.30719,0.00102,0.48552,0.00289,-0.00385,-0.00687,0.99999,0.00144,-0.00193,-0.00343,0.9999883601248509,0.0029019540275984634,-0.0038546436454446782,0.0028754420136443137,-0.999972296148735,-0.006865767856025763,-0.003874460999652855,0.006854604135059378,-0.9999690009965878
0.6,0.01566215604543686,Empty,0.30747,0.00095,0.48554,-0.00034,-0.00608,-0.01214,0.99998,-0.00019,-0.00304,-0.00607,0.9999814807955856,-0.00035198322615620503,-0.006075703554029899,-0.0004257238019281795,-0.9999262176155448,-0.012139937574588434,-0.006070982219741596,0.012142299324219319,-0.9999078496251584
0.667,0.01566215604543686,Empty,0.30846,0.00108,0.48505,-0.00489,-0.00994,-0.01718,0.99995,-0.00249,-0.00495,-0.0086,0.9999384586688682,-0.004902680580439522,-0.009952014773619604,-0.0050730416381717935,-0.9998397868857862,-0.017165803468607927,-0.009866261879026868,0.0172152340475428,-0.9998031269171059
0.733,0.01566215604543686,Empty,0.30933,0.00162,0.48493,-0.00853,-0.01615,-0.02151,0.9999,-0.00435,-0.00803,-0.01079,0.9998332357473609,-0.008519010619954026,-0.016153239706617136,-0.008865452563989129,-0.9997295767951584,-0.02149830299836044,-0.01596572722421292,0.021637923630301675,-0.9996383825239863
0.8,0.01566215604543686,Empty,0.31076,0.00189,0.48432,-0.00684,-0.01842,-0.02394,0.99988,-0.00353,-0.00917,-0.012,0.9998069871256403,-0.006845183050930792,-0.018415535934337236,-0.0072852325088747505,-0.9996869582092487,-0.023935558769995237,-0.01824592782078382,0.024065100360054825,-0.9995438745060763
0.867,0.01566215604543686,Empty,0.31255,0.00287,0.48297,-0.00726,-0.0234,-0.02774,0.99983,-0.00379,-0.01165,-0.01391,0.9996999579347596,-0.007261723668633535,-0.0233936203824872,-0.007909783870833742,-0.9995841528387263,-0.027730068748613484,-0.02318252411529464,0.0279067870426987,-0.9993416742098756
0.933,0.01566215604543686,Empty,0.31495,0.00347,0.48137,-0.00574,-0.02559,-0.02989,0.9998,-0.00306,-0.01275,-0.01498,0.9996559554549238,-0.005737160085298287,-0.02559405629553854,-0.006501377049379087,-0.9995324520492153,-0.029876569363721406,-0.02541068318572615,0.030032687103206553,-0.9992258678023682
1.0,0.01566215604543686,Empty,0.31842,0.00391,0.47922,-0.00235,-0.02578,-0.03037,0.9998,-0.00137,-0.01287,-0.0152,0.9996649623993519,-0.002341193336015679,-0.025777543809796428,-0.0031234931314634284,-0.9995344584314798,-0.03034979734274808,-0.025694488548330174,0.0304201450005021,-0.9992068895060663
1.067,0.01566215604543686,Empty,0.32287,0.00453,0.47677,2e-05,-0.02688,-0.02956,0.9998,-0.00019,-0.01344,-0.01478,0.9996385188161154,1.586246552215398e-05,-0.026885524869441756,-0.000778612037052373,-0.9995633092274878,-0.029539543149637644,-0.02687425277880185,0.02954979855389432,-0.9992019735483937
1.133,0.01566215604543686,Empty,0.32868,0.00499,0.47514,0.00589,-0.02454,-0.02996,0.99981,0.00276,-0.01231,-0.01494,0.9996814832054128,0.005892222228692734,-0.0245400459134344,0.005156333332033414,-0.9995382978634706,-0.02994333533133393,-0.024705148507846022,0.02980726121943188,-0.9992503103906457
1.2,0.01566215604543686,Empty,0.33434,0.00539,0.47295,0.01273,-0.02737,-0.03088,0.99977,0.00615,-0.01378,-0.01535,0.9995448233486683,0.012710309236344197,-0.027360448753562444,0.011864450941211968,-0.9994533354103999,-0.03085879357476839,-0.027737716574069038,0.030520130670478696,-0.9991492084284077
1.267,0.01566215604543686,Empty,0.34078,0.00476,0.47162,0.02063,-0.02929,-0.03307,0.99971,0.01007,-0.01481,-0.01638,0.9993583390986998,0.020616114997871193,-0.02928968890723262,0.019645605332395788,-0.9992607685239366,-0.03304491912647055,-0.029949294900074978,0.03244830182530033,-0.9990245980173073
1.333,0.01566215604543686,Empty,0.34871,0.00363,0.47123,0.02903,-0.03031,-0.03583,0.99962,0.01424,-0.01541,-0.01769,0.9991195383589602,0.02902276879832183,-0.03029565910583702,0.027932469310487373,-0.9989681106173194,-0.0358118852880107,-0.031303757403810195,0.03493412172850652,-0.9988992351140636
1.4,0.01566215604543686,Empty,0.35729,0.00238,0.47063,0.0348,-0.03257,-0.03824,0.99954,0.01708,-0.01661,-0.01883,0.998864715309241,0.03476555198574455,-0.03256742091900821,0.033514245710814794,-0.9987075367641775,-0.03821061822143085,-0.03385374195896955,0.03707576574469244,-0.9987388606386656
1.467,0.01566215604543686,Empty,0.36662,0.0009,0.46781,0.04006,-0.0266,-0.03977,0.99952,0.01976,-0.01369,-0.01961,0.9988442917839474,0.0400327548176857,-0.026598107307312793,0.03895859072193425,-0.9984500811225161,-0.03974498352498669,-0.028147983579380618,0.0386628251444163,-0.9988557838708585
1.533,0.01566215604543686,Empty,0.37543,-0.00114,0.46463,0.0531,-0.02987,-0.04402,0.9993,0.02621,-0.01551,-0.0216,0.998145217150874,0.053047989916976346,-0.029866975819498983,0.051708074362216916,-0.997693479612882,-0.04397721891719609,-0.0321309900965658,0.04235128691914704,-0.9985859842656045
1.6,0.01566215604543686,Empty,0.38458,-0.00415,0.46324,0.0661,-0.03263,-0.04769,0.99905,0.03264,-0.01709,-0.02329,0.9972854582462805,0.06600748819988722,-0.032630143610599245,0.06441557956115374,-0.9967852614611961,-0.047642162456541376,-0.035669985706574876,0.04541094620547518,-0.9983313568572393
1.667,0.01566215604543686,Empty,0.39484,-0.0082,0.46217,0.08044,-0.0356,-0.05275,0.9987,0.03972,-0.01884,-0.02563,0.9961344076083916,0.08031106550474659,-0.035586159334369136,0.0783796742957667,-0.995529718906389,-0.05269919763578605,-0.039659407912477705,0.04970625244029616,-0.9979761619559724
1.733,0.01566215604543686,Empty,0.40468,-0.01226,0.4602,0.09538,-0.0379,-0.05925,0.99827,0.04708,-0.02033,-0.02868,0.994740840086928,0.09515464446704436,-0.0378979511253949,0.09282151580494535,-0.9939222235325973,-0.05918428652682823,-0.04329927559237828,0.05535528163028169,-0.9975274259531951
1.8,0.01566215604543686,Empty,0.4133,-0.01636,0.45855,0.10692,-0.04199,-0.06354,0.99788,0.05273,-0.02265,-0.03059,0.9934130316781522,0.10662128557528866,-0.041981543019472475,0.10384947156125113,-0.9925675534248248,-0.06344240809353022,-0.04843382855476096,0.05866475390325823,-0.9971021065572965
1.867,0.01566215604543686,Empty,0.42181,-0.01977,0.45713,0.11957,-0.04301,-0.06619,0.99748,0.05899,-0.02343,-0.03174,0.9919427977116673,0.11916682626826558,-0.042997134614987165,0.11619182251582089,-0.9910254587673806,-0.06609085001234763,-0.05048709189884385,0.06056242723051686,-0.9968867769007402
1.933,0.01566215604543686,Empty,0.43012,-0.02184,0.45539,0.12905,-0.04424,-0.06676,0.99717,0.06369,-0.02421,-0.03187,0.990715643832176,0.1285563151751506,-0.044224279471613684,0.12546949610052666,-0.9898559931024995,-0.06665222027317776,-0.05234423191217878,0.06048459926007314,-0.996795713593248
2.0,0.01566215604543686,Empty,0.43826,-0.02339,0.45336,0.14169,-0.04184,-0.06631,0.99677,0.07004,-0.0232,-0.03158,0.9891128796308888,0.14108967636073988,-0.041826003546988066,0.13815910990890407,-0.988194747352019,-0.066205752431786,-0.050673185191680334,0.05970631901483502,-0.9969289762928091
2.067,0.01566215604543686,Empty,0.44681,-0.02454,0.45082,0.15418,-0.0394,-0.06517,0.99636,0.07632,-0.02214,-0.03096,0.987368958439012,0.15346202163571998,-0.039394769025069186,0.1507204981064859,-0.9864328709243106,-0.06506552551509272,-0.04884538219313579,0.058306080947875656,-0.9971030686759048
2.133,0.01566215604543686,Empty,0.45501,-0.02499,0.44726,0.16163,-0.03543,-0.06276,0.99613,0.08012,-0.02018,-0.02984,0.9863475798772032,0.16082009176982642,-0.03543091522285584,0.15841058761318622,-0.9853811330071047,-0.06269057700867,-0.044994859733414154,0.0562220668134815,-0.9974039010354788
2.2,0.01566215604543686,Empty,0.46325,-0.02517,0.44295,0.16879,-0.02774,-0.0583,0.99596,0.08385,-0.01627,-0.02787,0.9854094520491428,0.16792624055663824,-0.02773066073360617,0.16611241638259477,-0.9843848903210499,-0.05824991700552028,-0.03707933300025425,0.052793611735972516,-0.9979168089696294
2.267,0.01566215604543686,Empty,0.47103,-0.02518,0.43841,0.17918,-0.02534,-0.05807,0.99552,0.08906,-0.01521,-0.02778,0.9836724446822481,0.17817669392562813,-0.02532957391238417,0.17648722072418083,-0.9825920066263228,-0.058010425227808055,-0.03522474263786996,0.0525929106989703,-0.9979945907921073
2.333,0.01566215604543686,Empty,0.47915,-0.02553,0.43498,0.19173,-0.02427,-0.05842,0.99494,0.09532,-0.01487,-0.02791,0.9813859818981256,0.19050621706037763,-0.024267999406544612,0.18884594873885446,-0.9802699047392875,-0.058379118761334406,-0.034910774537007035,0.05270953541601659,-0.997999470289165
2.4,0.01566215604543686,Empty,0.48654,-0.02599,0.43169,0.20564,-0.02466,-0.05966,0.99424,0.10222,-0.01532,-0.0284,0.9786331549774634,0.20412909229993143,-0.024667015540236547,0.20238811933180806,-0.9774896230510708,-0.05960776778918337,-0.0362794312550518,0.053341826967975584,-0.997917056855693
2.467,0.01566215604543686,Empty,0.49415,-0.02662,0.4292,0.22566,-0.02485,-0.06527,0.99308,0.11212,-0.01601,-0.03102,0.9743438621199136,0.2236895813923862,-0.02483967644212795,0.22170310046637304,-0.97293175401386,-0.06520381334792334,-0.03875272368296053,0.058023902040560314,-0.9975627565216835
2.533,0.01566215604543686,Empty,0.5007,-0.02697,0.42607,0.25126,-0.02323,-0.07367,0.99143,0.12478,-0.01613,-0.03508,0.9683376097132389,0.24856038678513165,-0.0232380665305034,0.24629629777088025,-0.9663969349863941,-0.07358734777976907,-0.04074809589671977,0.06553394670038203,-0.9970180010966015
2.6,0.01566215604543686,Empty,0.50614,-0.02801,0.42111,0.2801,-0.01844,-0.07719,0.98948,0.13913,-0.01451,-0.03692,0.960863460782726,0.27640816503100385,-0.018437354388196117,0.27426545784898776,-0.9585579842101467,-0.07710414734542591,-0.03898548914054664,0.06902982841622453,-0.9968525540045022
2.667,0.01566215604543686,Empty,0.50999,-0.02808,0.41539,0.30776,-0.01271,-0.08257,0.98736,0.15288,-0.0126,-0.03981,0.9529351011813478,0.3029078341881838,-0.012709717696236328,0.300901459925185,-0.9500832138417805,-0.08246331421284106,-0.0370540733440533,0.0747578140631285,-0.9965130530430175
2.733,0.01566215604543686,Empty,0.51353,-0.02762,0.40924,0.3409,-0.0061,-0.08737,0.98459,0.16933,-0.01041,-0.04252,0.9424389355877045,0.33432278563285434,-0.006093249954090656,0.3325525511034348,-0.9390391092732581,-0.08726025446836291,-0.03489489135836349,0.08021113552353246,-0.9961669138729279
2.8,0.01566215604543686,Empty,0.51688,-0.02671,0.4036,0.37559,-0.00128,-0.0895,0.98144,0.18648,-0.00898,-0.04383,0.9302920063583766,0.36681758752571064,-0.001280776141168255,0.36524288633052315,-0.9266104953567151,-0.08939028962774016,-0.03397671100408122,0.08269127751220322,-0.9959958512628176
2.867,0.01566215604543686,Empty,0.51981,-0.02567,0.39856,0.40918,-0.00014,-0.08934,0.97817,0.20296,-0.00914,-0.04371,0.9174440556865103,0.3978647830527128,-0.0001381734587976094,0.39626675435093694,-0.9137901157029409,-0.08922042277292648,-0.035623925691323374,0.0817999929708036,-0.99601189604759
2.933,0.01566215604543686,Empty,0.5229,-0.02421,0.39401,0.44442,0.0013,-0.08844,0.97445,0.2202,-0.00911,-0.04326,0.9028606001122536,0.4299314263040154,0.0013059253945539792,0.4283559467846035,-0.8992838130548515,-0.08831651279230023,-0.036795646742610856,0.08029690064829194,-0.9960916062928504
3.0,0.01566215604543686,Empty,0.52694,-0.02332,0.38944,0.48449,0.00421,-0.08599,0.96988,0.23975,-0.00827,-0.04223,0.8848992399253791,0.46576349376110104,0.004207500319617162,0.46436613283263317,-0.8814685013741403,-0.08589165130146681,-0.03629641659381718,0.07795927760491636,-0.996295599296598
3.067,0.01566215604543686,Empty,0.53061,-0.02285,0.38445,0.51853,0.00709,-0.08296,0.9657,0.25629,-0.00721,-0.04099,0.8685236818625067,0.4955969882595317,0.007087966709633471,0.4944151932948529,-0.8652675675929132,-0.08285923672745493,-0.03493180045758614,0.0754696077896571,-0.9965360543486957
3.133,0.01566215604543686,Empty,0.53424,-0.02297,0.37913,0.5526,0.00759,-0.07868,0.96128,0.27273,-0.00708,-0.03887,0.8511360908303123,0.5248902073727229,0.007591119174014803,0.5237893793578308,-0.8482143909478485,-0.07859410321969933,-0.03481437861046163,0.0708704253775175,-0.9968777968481277
3.2,0.01566215604543686,Empty,0.53746,-0.02281,0.3745,0.58162,0.01299,-0.07262,0.95729,0.28676,-0.00419,-0.03664,0.8355047085882186,0.5493298555999789,0.012984285633888967,0.548715164111006,-0.8328547813740063,-0.07255743805488162,-0.02904394259648234,0.06774675556041514,-0.9972797132748111
3.267,0.01566215604543686,Empty,0.54066,-0.02273,0.36986,0.6105,0.01614,-0.06778,0.95311,0.30061,-0.00249,-0.03474,0.8192512576534117,0.5732075112906033,0.016140812660332647,0.572861424192073,-0.816849594623505,-0.06772391332494825,-0.025635239533367448,0.06472935009289009,-0.9975735289845149
3.333,0.01566215604543686,Empty,0.544,-0.02265,0.36621,0.63986,0.0188,-0.0646,0.94863,0.31461,-0.00124,-0.03361,0.8020404725240884,0.5969737778366833,0.018798643800419318,0.5968072446779076,-0.7997841138438366,-0.06454830704977993,-0.023498790039084994,0.06298952149704512,-0.9977375040802428
3.4,0.01566215604543686,Empty,0.5471,-0.02262,0.36247,0.66555,0.02094,-0.06174,0.94453,0.3268,-0.00019,-0.03259,0.7864095108658471,0.6173503253950385,0.02094413890278953,0.6173259302199753,-0.7842859275200715,-0.06167884379610079,-0.021651260882029188,0.061434189411283535,-0.9978762765361229
3.467,0.01566215604543686,Empty,0.54845,-0.02207,0.35739,0.68729,0.02376,-0.05832,0.94095,0.33708,0.00136,-0.03145,0.7727516197494637,0.6342633240587101,0.023769096082426056,0.6344350007194876,-0.7707774308718794,-0.05826132439799743,-0.018632338464177316,0.06010147928745702,-0.9980183606281077
3.533,0.01566215604543686,Empty,0.55021,-0.02184,0.35261,0.71502,0.03008,-0.05199,0.93621,0.35015,0.00499,-0.02961,0.754742739462853,0.6553310167289247,0.030077495592921975,0.6559219631168337,-0.753039210430836,-0.05194541225808493,-0.011391906296463005,0.058933912705141575,-0.9981968835876995
3.6,0.01566215604543686,Empty,0.55211,-0.02178,0.34663,0.74746,0.0375,-0.04565,0.93041,0.36533,0.00912,-0.02809,0.7329087524245436,0.6792935105123173,0.03748449273167942,0.6803176458168863,-0.7314972529464814,-0.04560339594724681,-0.0035582874629726804,0.058924489879875475,-0.9982561009494144
3.667,0.01566215604543686,Empty,0.55448,-0.02227,0.33957,0.78461,0.0444,-0.04028,0.92344,0.38256,0.01281,-0.02709,0.7069689507337855,0.7058503827180393,0.04438625817939077,0.7072385224310955,-0.7058290974914817,-0.040236271246738224,0.002928325093126322,0.059837466115783965,-0.998203838181857
3.733,0.01566215604543686,Empty,0.55809,-0.02336,0.33188,0.83012,0.04917,-0.0397,0.91444,0.40349,0.01449,-0.02807,0.6739754253790593,0.7371176168010797,0.04914005480880817,0.7387437687352872,-0.6728196858142511,-0.039639809984366746,0.0038431939712333554,0.06301816708147615,-0.9980049801868679
3.8,0.01566215604543686,Empty,0.56327,-0.02594,0.32374,0.88155,0.04892,-0.03997,0.90376,0.42687,0.01359,-0.0285,0.6352027723194583,0.7707966181735993,0.048887743349607146,0.7723453809097928,-0.6339474039771548,-0.03991618190575762,0.00022499995942467478,0.06311309216611756,-0.9980063561782807
3.867,0.01566215604543686,Empty,0.56752,-0.02853,0.31613,0.92083,0.04747,-0.04019,0.89523,0.44453,0.01233,-0.02854,0.6044858994459954,0.7952009237644153,0.047458278679135255,0.7966090400951382,-0.603160923136738,-0.0401364926163275,-0.0032915968265794376,0.06206763766294171,-0.9980665176957261
3.933,0.01566215604543686,Empty,0.56908,-0.02987,0.30798,0.94994,0.04505,-0.03528,0.88876,0.45748,0.01196,-0.02598,0.5811421642769667,0.8125549421647658,0.04503610621597961,0.8137981821299745,-0.5800780961849851,-0.035240900788031305,-0.0025107093483027225,0.057130274723803054,-0.9983635750810178
4.0,0.01566215604543686,Empty,0.56891,-0.02985,0.30101,0.97359,0.04825,-0.02365,0.88338,0.46788,0.01579,-0.02173,0.5616702679572539,0.8259539953053724,0.04823388572279054,0.8273265239295685,-0.5612250323806176,-0.023606902210824586,0.007571848878802363,0.05316446810104688,-0.9985570621832732
4.067,0.01566215604543686,Empty,0.56913,-0.02937,0.29574,0.99921,0.05198,-0.01158,0.87739,0.47904,0.02004,-0.01753,0.5402297558564739,0.8399121679050255,0.051955375971448586,0.8413170915355654,-0.5404182595535973,-0.011560978816598063,0.01836742707598996,0.049956530565488565,-0.9985824866662082
4.133,0.01566215604543686,Empty,0.57117,-0.02927,0.29087,1.02931,0.05649,0.00556,0.87015,0.49197,0.02595,-0.01148,0.5145919433432846,0.8555751049156274,0.05644795562989255,0.8567664033974831,-0.5156747994588651,0.0055525861002171314,0.033859442634554114,0.04550539585227211,-0.9983901026616827
4.2,0.01566215604543686,Empty,0.57123,-0.02862,0.28525,1.04936,0.05905,0.01458,0.86519,0.50052,0.0292,-0.00848,0.49724834200679413,0.8655982453904159,0.059023418644870415,0.8665891530332948,-0.4988099984042186,0.014554220591298496,0.04203957916691232,0.0439119923143635,-0.9981504950228959
4.267,0.01566215604543686,Empty,0.57274,-0.02769,0.27977,1.07325,0.06278,0.02141,0.85914,0.51067,0.03244,-0.00685,0.4763206404498398,0.877030500618341,0.06273873178983261,0.8779190857399183,-0.4783319155446398,0.021369545268480748,0.04875168074067403,0.04490077456500719,-0.9978011796286984
4.333,0.01566215604543686,Empty,0.57436,-0.02653,0.27312,1.09522,0.06614,0.02893,0.85347,0.5199,0.03575,-0.00487,0.4568602663053707,0.8870804791612763,0.06608267974580292,0.8877764448302463,-0.45936894461506117,0.0288644544000641,0.05596142489210218,0.04547962416561216,-0.9973965724373633
4.4,0.01566215604543686,Empty,0.57507,-0.02478,0.26559,1.11122,0.06999,0.03327,0.84925,0.52657,0.03849,-0.00433,0.4424840168957854,0.8940459844408555,0.06992619321078294,0.8947120554340052,-0.4454090376304437,0.03318323459488779,0.06081309606349371,0.047880757119153836,-0.9970001005240012
4.467,0.01566215604543686,Empty,0.57471,-0.02235,0.25781,1.12008,0.07338,0.03582,0.84688,0.53022,0.04058,-0.00432,0.43443782145661025,0.8977134225691494,0.07331023275926939,0.8984144339567093,-0.4376937824001104,0.035716350688876894,0.06415048048362867,0.05034643768399761,-0.9966694296838099
4.533,0.01566215604543686,Empty,0.57489,-0.01886,0.25037,1.12799,0.07858,0.03594,0.84472,0.53347,0.04279,-0.00582,0.427159875151631,0.9007623359905095,0.07849621087264873,0.9017583409566889,-0.43075374581272086,0.03582045481774054,0.06607825342336922,0.05548355188008543,-0.9962706659815328
4.6,0.01566215604543686,Empty,0.57502,-0.01494,0.24377,1.13344,0.08294,0.0347,0.8432,0.53572,0.04428,-0.00763,0.42208524329607244,0.9027631216808651,0.08284197924189371,0.904114606650624,-0.425889364329327,0.03456916823050359,0.0664892881047937,0.06030750769332894,-0.9959629406173389
4.667,0.01566215604543686,Empty,0.57569,-0.01065,0.23815,1.13792,0.08668,0.02963,0.84192,0.53765,0.04447,-0.01087,0.4179114501058202,0.9043544025402405,0.08656289318486966,0.906287328595364,-0.4216301064923583,0.0295183218818625,0.06319254622128542,0.06611480851766187,-0.9958089847941439
4.733,0.01566215604543686,Empty,0.57756,-0.00603,0.23351,1.14298,0.08983,0.02472,0.84049,0.53983,0.04444,-0.0139,0.4132180078238097,0.9062018776848776,0.08971641371858333,0.908673574893575,-0.41678140869519936,0.02460877193554494,0.05969264862822209,0.07135414666609974,-0.9956632831702192
4.8,0.01566215604543686,Empty,0.57785,-0.00124,0.22982,1.14557,0.09207,0.02042,0.83971,0.54098,0.0442,-0.01637,0.4107645125467716,0.9070935826262432,0.0919442634996877,0.9099877056366958,-0.414136277195262,0.020335178900410783,0.05652336527734014,0.075315179539958,-0.9955564940818719
4.867,0.01566215604543686,Empty,0.57945,0.00341,0.22667,1.14927,0.09451,0.0168,0.83864,0.54257,0.04421,-0.01863,0.40732480958622586,0.9083950412843081,0.094366034491362,0.9116898409758931,-0.41053886006703555,0.016717602585598457,0.05392711152004979,0.07922306068903838,-0.9953971937363321
4.933,0.01566215604543686,Empty,0.58105,0.00787,0.22377,1.15045,0.09984,0.01569,0.83821,0.543,0.04613,-0.02057,0.4060480197243905,0.9083991196042417,0.09967971298182654,0.9121949761629287,-0.4094586329721579,0.01561900597620721,0.05500301029047566,0.0845852669606825,-0.9948969803312181
5.0,0.01566215604543686,Empty,0.58375,0.01231,0.21977,1.14984,0.1111,0.01597,0.83816,0.54254,0.05093,-0.0235,0.4061122852772902,0.9070718371363093,0.11087602996598206,0.9118591656915158,-0.4101961151301296,0.0158747937473869,0.059880495081699917,0.094656375412911,-0.9937074503607489
5.066,0.01566215604543686,Empty,0.58633,0.01649,0.21419,1.15165,0.12292,0.01592,0.8374,0.54307,0.05584,-0.02678,0.40391740408322996,0.9065426110426459,0.12260189657034848,0.9125232943886342,-0.4087193483170561,0.015802895601592294,0.06443576550936982,0.10549402198827555,-0.9923301081031244
5.133,0.01566215604543686,Empty,0.58704,0.02009,0.20665,1.14797,0.13493,0.02039,0.83817,0.54114,0.06213,-0.02806,0.40661606492296054,0.903642112264713,0.13451508721453673,0.9106152367204137,-0.4127611254137417,0.02020257408862071,0.07377849550642532,0.11427679680910297,-0.9907055805393746
5.2,0.01566215604543686,Empty,0.58586,0.02343,0.19868,1.14482,0.14195,0.02073,0.83883,0.53965,0.06521,-0.02972,0.40904606346559597,0.9014780796810496,0.14148706590309432,0.9092312624827108,-0.4157851769829101,0.020523107108469135,0.0773293559225418,0.12024956738324288,-0.9897273423810964
5.267,0.01566215604543686,Empty,0.58441,0.02628,0.19181,1.14316,0.14823,0.02431,0.83916,0.53868,0.06883,-0.02986,0.41017252038605856,0.8999709387337944,0.14768484334812765,0.908192266313077,-0.4178628419110006,0.024030246756518096,0.08333853208009798,0.12426968570280784,-0.9887425015068685
5.333,0.01566215604543686,Empty,0.58303,0.02975,0.18472,1.14309,0.15945,0.02962,0.83895,0.53816,0.07496,-0.03066,0.4095380521103985,0.898371502929746,0.15876783867449215,0.9075635775705481,-0.4188955741717742,0.029237828350402256,0.09277357673911557,0.13211790440000376,-0.9868829326703259
5.4,0.01566215604543686,Empty,0.58133,0.03222,0.17798,1.14426,0.1666,0.03376,0.83847,0.53829,0.07905,-0.0309,0.40798639426243255,0.8978013214711005,0.16583090562824698,0.9075710264875334,-0.41857630123133094,0.03329732613683718,0.09930727051481993,0.13691846921523695,-0.9855919027724673
5.467,0.01566215604543686,Empty,0.5781,0.03444,0.17064,1.14333,0.17403,0.03846,0.83857,0.53748,0.08344,-0.0309,0.40831547461448137,0.8962693449277236,0.1731465695102855,0.9065809340995221,-0.4203293594127673,0.037871355176313945,0.10672152134217647,0.14150791835965232,-0.9841676818123675
5.533,0.01566215604543686,Empty,0.57476,0.03592,0.1642,1.14243,0.17977,0.04378,0.83871,0.53669,0.08728,-0.03018,0.40868686605878424,0.8949898749417577,0.17879644644898718,0.9055271425922098,-0.4220987493545644,0.04304927202752934,0.11399841902340997,0.1443113631875493,-0.9829438391460187
5.6,0.01566215604543686,Empty,0.57227,0.03704,0.15855,1.14734,0.18437,0.04854,0.83731,0.53838,0.09041,-0.02965,0.4039457859927936,0.8962272446549292,0.1833153782880682,0.9069474866291105,-0.4185342713958491,0.04770031618642917,0.11947409123238338,0.14698907988479618,-0.9818962022122384
5.667,0.01566215604543686,Empty,0.57035,0.03816,0.15246,1.14852,0.19387,0.05239,0.83675,0.53835,0.09539,-0.03067,0.4021674771897059,0.8950648646440136,0.1926660540174658,0.9067690635320005,-0.4184856034073745,0.05137767182409869,0.12661431874857862,0.15404118871444483,-0.9799184284762044
5.733,0.01566215604543686,Empty,0.56908,0.03829,0.1462,1.15083,0.20237,0.05968,0.83594,0.53863,0.10086,-0.03004,0.39940706471783666,0.8944705665289282,0.20098856252757183,0.9065913113732949,-0.41794646556356047,0.05842042507014927,0.13625781003645665,0.1588809539760682,-0.9778500149142114
5.8,0.01566215604543686,Empty,0.56701,0.03794,0.13975,1.15178,0.20392,0.06093,0.83566,0.5389,0.10183,-0.02999,0.3984379318881633,0.8945601271675534,0.20250776112202223,0.9067748794211468,-0.41737711199757344,0.05962939234412379,0.13786418129248745,0.15987033890792762,-0.9774635247690914
5.867,0.01566215604543686,Empty,0.56619,0.03795,0.13493,1.15295,0.20488,0.06545,0.83537,0.53912,0.10343,-0.02842,0.39730220257174803,0.8948524303903567,0.20344553977934457,0.9066092648373146,-0.4170826554815369,0.06404451114352645,0.14216399242699063,0.15900058591382826,-0.9769893617313743
5.933,0.01566215604543686,Empty,0.56603,0.03822,0.13102,1.15475,0.20344,0.06625,0.83495,0.53989,0.10302,-0.02779,0.39581990637415476,0.8958269051644541,0.2020414752010871,0.9072776758868941,-0.41550325439265645,0.06484029940081781,0.1420345752105161,0.15764263881509794,-0.9772282117664128
6.0,0.01566215604543686,Empty,0.56717,0.03856,0.12837,1.15626,0.20221,0.06565,0.83457,0.5406,0.10233,-0.02778,0.3945641187411003,0.8966504504953465,0.20084104617470694,0.9080228603921803,-0.4139624606849055,0.06426170048249107,0.14076093636823492,0.15701290001203672,-0.9775138403227589
6.067,0.01566215604543686,Empty,0.57051,0.03905,0.12687,1.15818,0.20229,0.067,0.83407,0.54133,0.1027,-0.02734,0.3928404772005622,0.8973914544295819,0.20091027099079306,0.908620810435607,-0.41243987013776495,0.06558640380508671,0.14172008437823835,0.15678625908383287,-0.9774116260032526
6.133,0.01566215604543686,Empty,0.57438,0.03982,0.1263,1.16152,0.20207,0.06891,0.8332,0.54263,0.10308,-0.02665,0.3898531355100148,0.8987420482582348,0.20069196153708552,0.9097309363219298,-0.40968240194069105,0.06745333971666141,0.14284311755151283,0.15627879009225487,-0.9773294140337052
6.2,0.01566215604543686,Empty,0.57834,0.04074,0.1264,1.16414,0.20134,0.06994,0.83252,0.5437,0.10302,-0.02616,0.3875472555062714,0.8998964129074468,0.19998392631875905,0.910676488816472,-0.40740631977889186,0.06847206234020832,0.14309247872078726,0.15558450000089746,-0.9774037067113117
6.267,0.01566215604543686,Empty,0.58221,0.04195,0.1271,1.16754,0.20203,0.07433,0.83163,0.54486,0.10446,-0.0247,0.38442799295056473,0.9010831593924042,0.20065955769761618,0.9114052262927325,-0.40503004503242646,0.07274047090391765,0.14681836302824558,0.15491869635532354,-0.9769567880910974
6.333,0.01566215604543686,Empty,0.58433,0.04354,0.1268,1.16923,0.20292,0.07573,0.83116,0.54545,0.10519,-0.02445,0.3828348513382701,0.901567345152948,0.20152865492199762,0.9118539589185832,-0.4037693578803454,0.07411250394771805,0.14818850901912642,0.1553918523950289,-0.9766747350085031
6.4,0.01566215604543686,Empty,0.58524,0.04518,0.12586,1.17131,0.20307,0.07583,0.83059,0.5463,0.10525,-0.02456,0.38095362026968466,0.9023323676430857,0.2016696246514188,0.9126705336694423,-0.40190304009036076,0.07420541312910497,0.14800958136200582,0.15578910318038638,-0.9766385816438415
6.467,0.01566215604543686,Empty,0.58614,0.04709,0.12406,1.17414,0.20398,0.07421,0.82977,0.54752,0.10515,-0.02563,0.37833412238944186,0.9032339655766932,0.20256281806987997,0.9140146298748748,-0.399131803510001,0.07260206471960184,0.1464259137260412,0.15767754074520096,-0.9765742393356684
6.533,0.01566215604543686,Empty,0.58937,0.04915,0.12246,1.18645,0.20758,0.0742,0.82626,0.55246,0.10647,-0.02729,0.3668992772240327,0.9071435971230255,0.2060956442314581,0.9187649402852299,-0.3880820534712079,0.07254863386893044,0.14579404951903896,0.1627354109352601,-0.9758387577630704
6.6,0.01566215604543686,Empty,0.59147,0.04963,0.12066,1.20143,0.20972,0.07472,0.82204,0.55851,0.10728,-0.02848,0.3531162480076323,0.9121222383168184,0.2081872660873595,0.9243433415885249,-0.37451161479558065,0.07300984347446014,0.14456245105133936,0.1666555512160434,-0.9753602539548687
6.667,0.01566215604543686,Empty,0.59112,0.04912,0.11891,1.21164,0.20946,0.07421,0.81918,0.56274,0.10688,-0.02916,0.3438063650804301,0.9157302238432802,0.20793109548626446,0.9281972160556415,-0.3649534608037888,0.07251827048333281,0.14229234496886523,0.16806882098495635,-0.9754515672118163
6.733,0.01566215604543686,Empty,0.58933,0.04892,0.11782,1.21772,0.20845,0.07217,0.81746,0.56538,0.10581,-0.03003,0.33828978211414595,0.9180062185854554,0.20694106879881652,0.9307150661421016,-0.3588764837446284,0.07054881339324606,0.13903053252169928,0.16873722782339495,-0.975806465941484
6.8,0.01566215604543686,Empty,0.58873,0.04936,0.11773,1.22725,0.2079,0.06627,0.81469,0.5696,0.10376,-0.03278,0.3295764810527783,0.9212889677135784,0.20641216317386996,0.9348944848806847,-0.3489609995781421,0.06479601000912524,0.13172564395950612,0.1716183519984749,-0.976317313162468
6.867,0.01566215604543686,Empty,0.59091,0.04973,0.11938,1.24207,0.20847,0.06299,0.81036,0.57577,0.1028,-0.03504,0.3158353694226086,0.9259675818196402,0.20695907044817313,0.9403762473058708,-0.33451441223979184,0.06158426346717756,0.1262558233295103,0.175168905411189,-0.9764094026853867
6.933,0.01566215604543686,Empty,0.59262,0.04987,0.12128,1.25576,0.20886,0.05833,0.80631,0.58152,0.10136,-0.03774,0.3031102166804187,0.9301225623508769,0.20735528821274074,0.9454250770380852,-0.32081036055361817,0.05702750449553243,0.1195642933800896,0.17875327008840033,-0.9766020930661696
7.0,0.01566215604543686,Empty,0.59318,0.04963,0.1232,1.2639,0.21118,0.06143,0.80391,0.58454,0.10304,-0.03759,0.2953812404405232,0.9320997597419323,0.20961860767796825,0.9475917812827628,-0.31379208999690583,0.0600361582776132,0.12173634971190309,0.18089931493625352,-0.9759383684508031
7.067,0.01566215604543686,Empty,0.59342,0.04974,0.12355,1.27595,0.21332,0.05952,0.80027,0.58938,0.1031,-0.03961,0.28399949598317803,0.9351597673439819,0.21170851617837816,0.9514952432043339,-0.3021212388108759,0.05813397645875609,0.11832619507457491,0.18492962607578992,-0.9756023498119725
7.133,0.01566215604543686,Empty,0.59244,0.04993,0.12282,1.28535,0.21564,0.05783,0.79738,0.59312,0.10333,-0.04146,0.27505858340108846,0.9373172972942155,0.21396041664395146,0.9544513857169679,-0.29297529631090347,0.05646262528875293,0.11560851179885612,0.18868428642736837,-0.9752091632337385
7.2,0.01566215604543686,Empty,0.59099,0.05039,0.12157,1.29357,0.21819,0.05552,0.7948,0.5964,0.10348,-0.04357,0.26719938440344526,0.9390144992718229,0.21646306643792057,0.9570504270080327,-0.284817256757398,0.054162813968007054,0.1125120844094642,0.19269379961607014,-0.9747872231678866
7.267,0.01566215604543686,Empty,0.589,0.05084,0.12005,1.29801,0.21928,0.05229,0.79336,0.59828,0.10285,-0.04541,0.2629554388015113,0.9399646958600656,0.217533463497915,0.9586471331498725,-0.2799879163030575,0.05101412380706148,0.10885821653984054,0.1951233898356782,-0.9747188063389354
7.333,0.01566215604543686,Empty,0.58779,0.05201,0.11893,1.30415,0.22311,0.05007,0.79133,0.60066,0.10355,-0.04776,0.2569637262445569,0.9407516245460217,0.22126008295337157,0.9605339079973947,-0.2738470472691658,0.04880989950011928,0.10650941264397676,0.1999854385098567,-0.9739925920674426
7.4,0.01566215604543686,Empty,0.58661,0.05228,0.11757,1.30935,0.224,0.04868,0.7897,0.60275,0.10336,-0.04885,0.25200884666693396,0.9418857270398716,0.22213243437232127,0.9620811275956871,-0.26860379558143965,0.047454240310592366,0.10436208663021751,0.20175053456636982,-0.973861015071643
7.467,0.015662485733628273,Empty,0.58556,0.05235,0.11649,1.31278,0.22524,0.04765,0.7886,0.6041,0.10345,-0.04981,0.24872704427403525,0.9424737172313292,0.2233341661610744,0.9630837540376921,-0.26516808861648344,0.04642808943029485,0.10297834799300665,0.20354158569599737,-0.97363560059038
7.533,0.015662485733628273,Empty,0.5844,0.05212,0.11512,1.31517,0.2256,0.04821,0.78787,0.605,0.1037,-0.04982,0.2464442743899833,0.942989796304698,0.2236860829055274,0.963656202332782,-0.26298525782391957,0.046962515614543746,0.10311131521784754,0.2039828380832819,-0.9735291769852282
7.6,0.01566215604543686,Empty,0.58295,0.05224,0.11371,1.31572,0.22671,0.04854,0.78767,0.60515,0.10422,-0.05006,0.24585841172120082,0.9428845114172655,0.22477197226378753,0.9637547512554736,-0.26256880650715564,0.04726945400476029,0.10358774453780142,0.20500346333375002,-0.9732641774989661
7.667,0.01566215604543686,Empty,0.58187,0.05267,0.11193,1.31561,0.22897,0.04926,0.78763,0.60497,0.10533,-0.05046,0.24583002596620607,0.9423631364543539,0.22697867165301444,0.9636241700263857,-0.26292492970068876,0.047947265645155085,0.10486208692570301,0.2069352565267705,-0.9727187375247719
7.733,0.01566215604543686,Empty,0.58184,0.0532,0.10928,1.31789,0.23336,0.055,0.78692,0.60536,0.10873,-0.04966,0.24342929176700473,0.9419468579347248,0.23125374967060264,0.9635466505618535,-0.262140849445532,0.05347922253556048,0.11099564000827933,0.2098053666588971,-0.9714225012939931
7.8,0.01566215604543686,Empty,0.58062,0.05357,0.10541,1.31609,0.23785,0.05929,0.78741,0.6042,0.11183,-0.04924,0.24486740377243166,0.9404938090691735,0.23560846689434967,0.9625199190239484,-0.26502756418419837,0.0575829463011607,0.11659914258638714,0.21267765591417345,-0.9701406365177018
7.867,0.01566215604543686,Empty,0.57911,0.05375,0.10068,1.31637,0.23975,0.06394,0.78736,0.60396,0.11397,-0.04801,0.24448139145725412,0.9401274373246193,0.23746420955708014,0.9620130844685366,-0.2658522943040726,0.062075622627511304,0.12148940094698502,0.21326734209134024,-0.9694108346077208
7.933,0.01566215604543686,Empty,0.57803,0.05412,0.09615,1.31773,0.24,0.06501,0.78697,0.60442,0.11436,-0.04774,0.24319885726254964,0.9403987663714436,0.2377067017003463,0.9622362108999891,-0.2647989675126355,0.06311086465161012,0.12229386844409501,0.21338150578555223,-0.9692845519916578
8.0,0.01566215604543686,Empty,0.57746,0.05474,0.09227,1.31781,0.24139,0.06399,0.78687,0.60444,0.11459,-0.04857,0.2430499628587105,0.9400944092460466,0.2390590246334698,0.9623594463286529,-0.26459380231449037,0.06208394187524774,0.12161830296624009,0.2149712108192325,-0.9690182490038693
8.067,0.01566215604543686,Empty,0.57689,0.05487,0.08883,1.31856,0.24182,0.0623,0.78659,0.60481,0.11423,-0.04941,0.24231903519421488,0.9401779290068513,0.23947222592804557,0.9627532430617745,-0.2635361622183769,0.06045563809310653,0.11994864799813379,0.21590311024067568,-0.9690191787739921
8.133,0.01566215604543686,Empty,0.57631,0.05486,0.08642,1.31835,0.24141,0.0607,0.78662,0.60484,0.11359,-0.0499,0.2425346016420406,0.9402248826111913,0.23906931447826585,0.9628984663642297,-0.2633587095020978,0.05889595574234337,0.11833642921666605,0.2159151691015735,-0.9692146972018573
8.2,0.01566215604543686,Empty,0.57664,0.05462,0.08549,1.31795,0.24065,0.05998,0.78675,0.60476,0.11309,-0.04993,0.24293913505229842,0.9403028519025333,0.23835084091314482,0.9628921591408397,-0.2635325429160382,0.05821759776303141,0.11755537641951003,0.21536282299451934,-0.9694326113488749
8.267,0.01566215604543686,Empty,0.57812,0.0543,0.08619,1.31866,0.24001,0.0619,0.78662,0.60496,0.1134,-0.04902,0.2423356187948989,0.9406216475746374,0.2377064659980202,0.9628547691839817,-0.26324888989944467,0.06008922887149902,0.11909719275849794,0.21431504399058066,-0.9694766219957863
8.333,0.01566215604543686,Empty,0.58005,0.05405,0.08757,1.31966,0.23973,0.06469,0.78639,0.60521,0.11411,-0.04789,0.241398654146108,0.9409301440716807,0.23743873684319816,0.9627884051416089,-0.2628562243273446,0.06280996940972174,0.12151204344148465,0.2134410206816358,-0.9693697715469862
8.4,0.01566215604543686,Empty,0.58212,0.054,0.08908,1.32116,0.23966,0.06565,0.78596,0.60575,0.11434,-0.04758,0.23999531936656332,0.9413044957909862,0.23737753239474577,0.9630664103208371,-0.26161425670050653,0.06372652511143806,0.12208741128338568,0.21331626026798503,-0.9693249388679747
8.467,0.01566215604543686,Empty,0.58382,0.05371,0.0904,1.31971,0.2394,0.06793,0.78646,0.60506,0.11496,-0.04652,0.24138326993313652,0.9410146017760955,0.23711945563484005,0.9624077983418264,-0.26348468746766723,0.06593215574288809,0.12452046694108251,0.21229069389457952,-0.9692405865410985
8.533,0.01566215604543686,Empty,0.58473,0.05362,0.09094,1.31934,0.23882,0.06944,0.78662,0.60486,0.1152,-0.04573,0.2417334748216134,0.9410638777239715,0.23656649211963718,0.962137595561156,-0.26409459779396555,0.06741877056014164,0.12592130224257436,0.21131214224262065,-0.9692734413891514
8.6,0.01566215604543686,Empty,0.58606,0.05349,0.09189,1.31995,0.23765,0.07149,0.78653,0.60504,0.11535,-0.0446,0.24123046499395773,0.9414788689626935,0.2354260012308031,0.9620588204242344,-0.2638628597545453,0.0694205825824315,0.1274781895177756,0.20974730162478936,-0.9694098104818158
8.667,0.01566215604543686,Empty,0.58788,0.05334,0.09317,1.32041,0.2371,0.07451,0.78648,0.60507,0.11604,-0.04327,0.24083981514278352,0.9417143211536525,0.23488363241423382,0.961798032361926,-0.2640240557178242,0.07235912483604726,0.13015655337599152,0.2084836572406248,-0.969326485904959
8.733,0.01566215604543686,Empty,0.58811,0.05335,0.09333,1.32056,0.23721,0.07492,0.78644,0.6051,0.1162,-0.04315,0.24071230943007754,0.9417230863320756,0.234979175158202,0.9617769168606505,-0.2639921375945993,0.07275516120699235,0.1305478696986659,0.2084844837330215,-0.9692736836207386
8.8,0.01566215604543686,Empty,0.58802,0.05331,0.09322,1.32045,0.23712,0.07463,0.78647,0.60508,0.11608,-0.04323,0.24081886381812356,0.9417174204528183,0.23489268793437965,0.96178788849328,-0.2640289990352826,0.07247582504576829,0.13027022828331203,0.20846339650911488,-0.9693155729373677
8.867,0.01566215604543686,Empty,0.58801,0.0533,0.0932,1.32041,0.23708,0.07458,0.78648,0.60507,0.11605,-0.04324,0.24084513346293063,0.9417164472498745,0.2348696546305994,0.9617876809152127,-0.26404260051987166,0.0724290131814596,0.13022318736292604,0.20845056509824417,-0.9693246532422782
8.933,0.01566215604543686,Empty,0.58801,0.0533,0.0932,1.32041,0.23708,0.07458,0.78648,0.60507,0.11605,-0.04324,0.24085411011911523,0.9417150903002522,0.23486589011501202,0.9617857941634322,-0.26405047019262373,0.07242537771023666,0.13022051982750352,0.20844672674772835,-0.9693258370248949
9.0,0.01566215604543686,Empty,0.588,0.0533,0.09319,1.32038,0.23707,0.07456,0.78649,0.60506,0.11604,-0.04324,0.24086342780830639,0.9417138206057315,0.23486142557812506,0.961785667410217,-0.26405566369877215,0.07240812408068835,0.13020422077919025,0.20844588398132824,-0.9693282077513925
