time,gr,gr_state,tx,ty,tz,rx,ry,rz,qw,qx,qy,qz,xx,xy,xz,yx,yy,yz,zx,zy,zz
0.0,0.015595505014061928,Empty,0.30777,0.00135,0.48503,0.00987,0.00175,-0.00617,0.99998,0.00494,0.00086,-0.00309,0.9999497559657131,0.009871289918614357,0.0017444711099713385,0.00988187132489965,-0.9999321690474712,-0.006164894414095689,0.001683497320755245,0.006181823303968112,-0.9999794752380717
0.067,0.015595505014061928,Empty,0.30777,0.00136,0.48504,0.00987,0.00175,-0.00617,0.99998,0.00494,0.00086,-0.00309,0.9999497397080599,0.009871391664398543,0.001753192628042426,0.009882027424435114,-0.9999321659012911,-0.006165154494019092,0.0016922150471186306,0.006182169729184999,-0.9999794583818579
0.133,0.015595505014061928,Empty,0.30777,0.00136,0.48503,0.00987,0.00175,-0.00617,0.99998,0.00494,0.00086,-0.00309,0.9999496757741622,0.009878869276709445,0.0017475299602619093,0.009889472642581831,-0.9999320822588976,-0.006166782000127139,0.0016864904387373343,0.006183753811331174,-0.9999794582584187
0.2,0.015595505014061928,Empty,0.30777,0.00136,0.48503,0.00987,0.00175,-0.00617,0.99998,0.00494,0.00086,-0.00309,0.9999496910650065,0.009876752408122469,0.0017507429469615925,0.009887370375725957,-0.9999321224014273,-0.006163643145938862,0.001689747333450036,0.006180643303565811,-0.999979471990452
0.267,0.015595505014061928,Empty,0.30777,0.00136,0.48503,0.00987,0.00173,-0.00617,0.99998,0.00494,0.00085,-0.00309,0.9999497054609088,0.009878030073678767,0.0017352436444072325,0.00988855131059857,-0.9999321140864215,-0.006163097568382176,0.001674246582679784,0.00617994664404471,-0.999979502368852
0.333,0.015595505014061928,Empty,0.30777,0.00136,0.48503,0.00987,0.00175,-0.00617,0.99998,0.00494,0.00086,-0.00309,0.9999497018963035,0.009876759448308459,0.0017445057448593252,0.009887346067016745,-0.9999320962666114,-0.006167920525691617,0.0016834682190778806,0.006184858823000749,-0.9999794565170301
0.4,0.015595505014061928,Empty,0.30777,0.00136,0.48503,0.00987,0.00175,-0.00617,0.99998,0.00494,0.00086,-0.00309,0.9999497242767645,0.009875108555825518,0.0017410197682020006,0.009885672916947141,-0.9999321154762302,-0.006167488160510975,0.0016799969648024385,0.006184389237553541,-0.9999794652591405
0.467,0.015595505014061928,Empty,0.30776,0.00135,0.48503,0.00975,0.00175,-0.00613,0.99998,0.00488,0.00086,-0.00307,0.9999508272518751,0.009762490226215226,0.001742659712592492,0.009773005553347702,-0.9999334465329979,-0.006131139135138993,0.0016826885466644061,0.006147868673227342,-0.9999796859286851
0.533,0.015595505014061928,Empty,0.30776,0.00135,0.48503,0.00943,0.00173,-0.00611,0.99998,0.00472,0.00085,-0.00306,0.9999539838848397,0.009435981282968797,0.0017298468328982995,0.009446403916905322,-0.999936657104471,-0.006119414332642854,0.0016719945802852482,0.006135473572866145,-0.9999797799946559
0.6,0.015595505014061928,Empty,0.30772,0.00154,0.485,0.0084,0.00174,-0.00553,0.99999,0.0042,0.00086,-0.00277,0.9999631469597671,0.008404384751208804,0.0017524380939022391,0.008413956045165927,-0.9999493231176874,-0.005527797042978257,0.0017058915526275325,0.005542338263945402,-0.999983186068935
0.667,0.015595505014061928,Empty,0.30763,0.00172,0.48491,0.0081,0.00164,-0.00459,0.99999,0.00405,0.00081,-0.0023,0.9999659016040909,0.008095306323821827,0.0016314547621764904,0.008102735843359854,-0.9999565920690803,-0.004599961895915132,0.001594145843475452,0.004613024291571546,-0.9999880892820249
0.734,0.015595505014061928,Empty,0.30797,0.00237,0.48582,0.0074,0.00177,-0.00291,0.99999,0.0037,0.00088,-0.00146,0.9999710976173992,0.007394372519919867,0.0017683848252680566,0.0073994934717592775,-0.9999683978050462,-0.0029070410334374685,0.0017468331960942263,0.0029200421649954148,-0.9999942109470131
0.8,0.015595505014061928,Empty,0.30826,0.00266,0.48616,0.00664,0.00219,-0.00237,0.99999,0.00332,0.00109,-0.00119,0.9999755381854522,0.0066410253077713866,0.0021954073828603844,0.006646237328988003,-0.9999750923173673,-0.002375347183002793,0.0021795779595929496,0.0023898802762008183,-0.9999947689424098
0.867,0.015595505014061928,Empty,0.30866,0.00287,0.4862,0.00634,0.00175,-0.00205,0.99999,0.00317,0.00087,-0.00103,0.9999784530711346,0.00633065678508582,0.0017367147522090324,0.006334211999447115,-0.9999778388459047,-0.0020492865636332937,0.0017237029347172907,0.0020602431272245423,-0.9999963921167163
0.933,0.015595505014061928,Empty,0.30938,0.00324,0.48558,0.00616,0.00122,-0.00134,0.99999,0.00308,0.00061,-0.00067,0.9999803183716172,0.006154243698849149,0.00121989913299134,0.006155876202596999,-0.9999801559075838,-0.0013390217409283128,0.001211634259088605,0.0013465049348423612,-0.9999983594320956
1.0,0.015595505014061928,Empty,0.31065,0.00372,0.48449,0.0071,0.00073,-0.00188,0.99999,0.00355,0.00036,-0.00094,0.9999746014513743,0.00708986700960329,0.0007281743961881042,0.007091229649570041,-0.9999730781941536,-0.0018860935730366066,0.0007147826398179915,0.001891209320865585,-0.9999979562044528
1.067,0.015595505014061928,Empty,0.31275,0.00369,0.483,0.00839,-0.00214,-0.00551,0.99999,0.00419,-0.00108,-0.00275,0.9999626072955283,0.008378729367638782,-0.0021403048646144703,0.008366815600353572,-0.9999497839214226,-0.0055159797144301165,-0.002186414288121883,0.005497865920900009,-0.99998249637825
1.133,0.015595505014061928,Empty,0.31565,0.00308,0.48052,0.009,-0.00419,-0.0072,0.99998,0.00449,-0.00211,-0.00359,0.9999507491925149,0.009000628051000104,-0.004181851744822869,0.008970347492843145,-0.9999338144297374,-0.007204139494272359,-0.004246416746595914,0.007166272021270419,-0.9999653056432163
1.2,0.015595505014061928,Empty,0.31833,0.00246,0.47787,0.01149,-0.00705,-0.00934,0.99997,0.00573,-0.00355,-0.00465,0.9999091732780016,0.011484929946647293,-0.007052770989048362,0.011418900593721193,-0.999891253882432,-0.009332155091346757,-0.007159183175060524,0.009250772591456406,-0.9999315823108734
1.267,0.015595505014061928,Empty,0.32121,0.00212,0.4758,0.01442,-0.00976,-0.01139,0.99995,0.00718,-0.00492,-0.00566,0.9998484961231955,0.014408114610433287,-0.009766833343365188,0.014296693581378583,-0.9998329962060274,-0.01138350782132597,-0.009929217130500214,0.01124214975218892,-0.9998875060306158
1.333,0.015595505014061928,Empty,0.32451,0.00161,0.47375,0.01895,-0.01299,-0.01364,0.99991,0.00943,-0.00656,-0.00676,0.9997359032185187,0.018954315497082874,-0.012994527305355993,0.018776760422273664,-0.9997304873073989,-0.013652326400845833,-0.01324979561718372,0.013404725739370266,-0.9998223623444094
1.4,0.015595176257193089,Empty,0.328,0.00142,0.47178,0.02315,-0.01639,-0.01503,0.99987,0.01151,-0.00828,-0.00742,0.9995976700404878,0.02314537329066868,-0.016394808472925595,0.02289935149558403,-0.9996246663761175,-0.015038153926505328,-0.016736718636280123,0.014656673144720639,-0.9997525014630467
1.467,0.015595176257193089,Empty,0.33181,0.00114,0.46983,0.02867,-0.01813,-0.01646,0.99982,0.01426,-0.00918,-0.0081,0.9994245292524924,0.02866877913004323,-0.018130400757480482,0.02837118206998812,-0.9994618640882877,-0.016463847093435884,-0.01859264253369167,0.015939991730149844,-0.9997000701746785
1.533,0.015595176257193089,Empty,0.33567,0.00078,0.46744,0.03517,-0.01934,-0.01736,0.99976,0.0175,-0.00982,-0.00851,0.9991947664793904,0.035150790668820986,-0.01934529802182784,0.034816191982270095,-0.999242780965348,-0.017369440534772483,-0.019941198962206887,0.016681924469137455,-0.999661973859142
1.6,0.015595176257193089,Empty,0.3394,0.00021,0.46506,0.04024,-0.02022,-0.01737,0.99971,0.02003,-0.01028,-0.00848,0.9989862656633086,0.040226918649750865,-0.020204851695169185,0.03987848107544917,-0.9990536862359556,-0.01736199197856617,-0.02088415100482885,0.016538652735186076,-0.9996450996241177
1.667,0.015595176257193089,Empty,0.34365,-0.0002,0.46337,0.04574,-0.0189,-0.01614,0.99966,0.02279,-0.00963,-0.00785,0.9987752924590473,0.04572261749314116,-0.0189038996749437,0.045419982399585446,-0.9988375840783437,-0.016140193039693412,-0.019619897353599567,0.015261811233045791,-0.9996910206387375
1.733,0.015595505014061928,Empty,0.34814,-0.00046,0.46203,0.05215,-0.01764,-0.01625,0.99959,0.026,-0.00903,-0.00789,0.9984852531964087,0.05211550690081479,-0.017640098916253417,0.05183046455337781,-0.9985237142354764,-0.016247924592704403,-0.018460825915573673,0.015309018579265657,-0.9997123745641316
1.8,0.015595505014061928,Empty,0.35293,-0.00087,0.46072,0.05785,-0.01672,-0.01631,0.99952,0.02885,-0.00859,-0.00791,0.9981882285714458,0.057802718701664146,-0.01670646737331249,0.05753096211096265,-0.9982104218030995,-0.016313865337966752,-0.017619555612621247,0.015323169201396073,-0.9997273387007275
1.867,0.015595505014061928,Empty,0.35776,-0.00168,0.45951,0.06358,-0.0157,-0.01585,0.99943,0.03172,-0.0081,-0.00767,0.9978566581349644,0.06352469651668885,-0.015706773958486395,0.06327607021318443,-0.9978701895434918,-0.015850039710093553,-0.01668019046943293,0.014822204724600635,-0.9997510057474338
1.933,0.015595505014061928,Empty,0.3623,-0.00287,0.45746,0.07131,-0.00914,-0.01129,0.99934,0.03562,-0.00477,-0.00548,0.9974174771828577,0.07123691605354482,-0.00914756805733987,0.07113227978117076,-0.9974029287538233,-0.011295861473524479,-0.009928493506907566,0.010616002283157823,-0.9998943571759003
2.0,0.015595505014061928,Empty,0.36623,-0.00366,0.45547,0.07704,-0.00486,-0.00849,0.99925,0.0385,-0.00259,-0.00415,0.9970219495099895,0.07696515554328431,-0.00485767717102423,0.0769221746338623,-0.9970009597763161,-0.008489125673580778,-0.00549647567968825,0.008090181537044362,-0.9999521677149364
2.067,0.015595505014061928,Empty,0.37064,-0.00442,0.45325,0.08272,0.0015,-0.00432,0.99914,0.04135,0.00066,-0.00219,0.9965788373197447,0.08263401910911666,0.0014966269741357584,0.08263978637975017,-0.9965701101276877,-0.004322187779078165,0.0011343339609050287,0.004431081804984079,-0.999989539345539
2.133,0.015595505014061928,Empty,0.37508,-0.00482,0.45037,0.0876,0.00725,-0.00291,0.99903,0.04379,0.00356,-0.00161,0.9961399759672516,0.0874787233982039,0.007254049392164903,0.08750165788306374,-0.9961601343253507,-0.0029063118577301226,0.0069719543657904845,0.0035298347722926863,-0.9999694655932256
2.2,0.015595505014061928,Empty,0.37951,-0.00488,0.44696,0.0919,0.01456,-0.00179,0.99892,0.04594,0.00723,-0.00123,0.9956742874630884,0.09176513269703279,0.014555882177572893,0.0918005841501014,-0.9957758114404804,-0.001784964916541957,0.014330597844178719,0.0031134821581457646,-0.9998924643151781
2.267,0.015595505014061928,Empty,0.38344,-0.00481,0.44205,0.09382,0.02053,-0.00012,0.99885,0.04689,0.01025,-0.00054,0.9953922624481186,0.09366301087214596,0.020530081655469237,0.0936850028375863,-0.99560188235928,-0.00010993625134402517,0.020429490980870005,0.002032790452098911,-0.9997892296185433
2.333,0.015595505014061928,Empty,0.38684,-0.00424,0.43729,0.09596,0.02641,0.00125,0.99876,0.04795,0.01322,-1e-05,0.9950517498805207,0.09578261523339726,0.02641411892841007,0.09578322009921492,-0.995401438664308,0.0012452519627035342,0.026411925472001926,0.001290939222516441,-0.9996503106930867
2.4,0.015595505014061928,Empty,0.3898,-0.00358,0.43235,0.09928,0.03076,0.00205,0.99865,0.0496,0.01541,0.00026,0.9946044614104412,0.09907392960631745,0.030762344104572736,0.09905809831170792,-0.9950795564013044,0.002041957651734245,0.030813284494089734,0.0010163191161832862,-0.99952464131413
2.467,0.015595505014061928,Empty,0.39271,-0.00281,0.42729,0.10203,0.03587,0.00275,0.99854,0.05096,0.01798,0.00046,0.994160559208918,0.10177763327299993,0.035862178946045174,0.1017448127766909,-0.9948067475564935,0.002743736340642542,0.03595518858867986,0.0009210762278945302,-0.9993529786977847
2.533,0.015595505014061928,Empty,0.39561,-0.00201,0.42281,0.10558,0.03903,0.0035,0.99842,0.05272,0.01958,0.00072,0.9936733176205321,0.10531043812191376,0.039026266431411646,0.10525398190086704,-0.9944391988195802,0.0035041611097817484,0.039178273864693317,0.000625678545196546,-0.9992320408110127
2.6,0.015595505014061928,Empty,0.39906,-0.00132,0.41857,0.11119,0.04409,0.0047,0.99821,0.0555,0.02214,0.00112,0.9928592815202424,0.1108507281791507,0.04407451827598714,0.11075139475223955,-0.9938370432420787,0.004696811713949086,0.0443235339243375,0.00021804126835129643,-0.9990172054566747
2.667,0.015595505014061928,Empty,0.40256,-0.00107,0.41311,0.11761,0.05609,0.01052,0.99787,0.0586,0.0283,0.0036,0.9915309256310465,0.11714899540504459,0.056058330271500145,0.11674193916480285,-0.9931068492847546,0.01049311887615607,0.05690117008710096,-0.0038598936897957506,-0.9983723544166386
2.733,0.015595505014061928,Empty,0.40498,-0.00056,0.40645,0.12222,0.06614,0.01674,0.99757,0.06076,0.03351,0.00633,0.9903704842036019,0.12165474446150126,0.06607894648320299,0.12080581254584966,-0.992535515553269,0.016709459014082127,0.06761848618137072,-0.008565834192479712,-0.9976744793824922
2.8,0.015595505014061928,Empty,0.40779,0.00035,0.40038,0.12743,0.07484,0.0216,0.99724,0.06322,0.03802,0.00839,0.9891140740760113,0.12673672448819961,0.07477400036615309,0.12546042136863922,-0.991864654993841,0.021545042212817597,0.07689623615469639,-0.0119293268859033,-0.996967732690126
2.867,0.015595505014061928,Empty,0.41099,0.00125,0.39392,0.13285,0.08553,0.02758,0.99683,0.06572,0.04357,0.01091,0.9875648992136145,0.13198092147898505,0.08542017447161693,0.13007996294287005,-0.9911227702953993,0.02747466911092269,0.088288012108015,-0.016021565701614345,-0.9959661321302467
2.933,0.015595505014061928,Empty,0.41369,0.00243,0.38739,0.13742,0.09159,0.03097,0.99652,0.06787,0.04673,0.01229,0.9864190785628394,0.13642508555366328,0.09146364020152786,0.13412884464419822,-0.9904842663238518,0.030828091074750135,0.0947990215226481,-0.018141504804622753,-0.995331116423963
3.0,0.015595505014061928,Empty,0.41683,0.00354,0.38152,0.14179,0.09929,0.03418,0.99617,0.06989,0.0507,0.01351,0.985089893589816,0.14062035606364204,0.09911517042178347,0.1378804780933151,-0.9898649289365267,0.03400582629849914,0.10289254252842378,-0.01983274872576636,-0.9944947394380812
3.067,0.015595505014061928,Empty,0.42006,0.00448,0.37526,0.14638,0.10609,0.0364,0.99582,0.07205,0.0542,0.01425,0.9837410403562107,0.14504670340307385,0.10590098843155749,0.1419565250303163,-0.9892108529531352,0.03619714631083696,0.11000868383994661,-0.020575282054729097,-0.9937176395979752
3.133,0.015595505014061928,Empty,0.42307,0.00549,0.36971,0.15069,0.11124,0.03796,0.99552,0.07409,0.05685,0.01471,0.9825567428124798,0.14918835825949556,0.11101838097165008,0.14584347810308146,-0.9885887318147661,0.037709404976314344,0.11537732467225077,-0.02086032331264573,-0.9931026733740905
3.2,0.015595505014061928,Empty,0.42572,0.0064,0.36474,0.15483,0.11475,0.03907,0.99526,0.07608,0.05867,0.01501,0.9815400347932455,0.1531964735465552,0.11449891087243656,0.14967498463290096,-0.9879738150186319,0.03879613141372192,0.11906535630995049,-0.020942333452352094,-0.9926655325920986
3.267,0.015595505014061928,Empty,0.42855,0.00724,0.36087,0.15945,0.11888,0.04034,0.99496,0.07829,0.06081,0.01534,0.9803435843365531,0.15766559769219024,0.11860866728247141,0.15393444500840187,-0.9872692344111169,0.04004554188972843,0.12341249243944019,-0.021000430701562503,-0.9921332262454646
3.333,0.015595505014061928,Empty,0.43109,0.00788,0.35752,0.16361,0.12064,0.04092,0.99474,0.08032,0.06174,0.01543,0.9794719059789828,0.16170845605569545,0.12035431291807563,0.15789871810098233,-0.9866199517936209,0.04060868804602638,0.1253107346557563,-0.020771277352058748,-0.9919000825774736
3.4,0.015595505014061928,Empty,0.43336,0.00846,0.35467,0.16741,0.1207,0.04151,0.99458,0.08219,0.06182,0.0156,0.9788463870300803,0.16541907942437334,0.12040049319065094,0.1615627880386219,-0.9860027309934769,0.04118349177270929,0.12552775039546607,-0.020860072765892818,-0.9918707785013404
3.467,0.015595505014061928,Empty,0.43555,0.00888,0.35253,0.171,0.11874,0.0419,0.99448,0.08399,0.06089,0.01577,0.9784758850418733,0.16896862839570143,0.1184674850311172,0.16512661979744592,-0.9853946208925928,0.04160096814033295,0.12376648102694209,-0.021143408760618165,-0.992086092252174
3.533,0.015595505014061928,Empty,0.4379,0.00924,0.35138,0.17455,0.11782,0.04302,0.99435,0.08573,0.06051,0.01626,0.9779758648435168,0.17246570185809712,0.11755334732014144,0.16853094886087006,-0.9847708799213435,0.04270402012688852,0.12312809208150116,-0.021952123850253868,-0.9921479613438878
3.6,0.015595505014061928,Empty,0.44003,0.00957,0.35035,0.17782,0.11629,0.04467,0.99423,0.08733,0.05985,0.01705,0.9775833103074782,0.17569255804042383,0.11603015322529533,0.17161190756229333,-0.9841659488270037,0.04434792387783895,0.12198452603139479,-0.02344163430002372,-0.9922551411760184
3.667,0.015595505014061928,Empty,0.44287,0.01,0.35046,0.18245,0.11533,0.04784,0.99403,0.08955,0.05955,0.01853,0.9768718360316091,0.18022869986922768,0.1150609912684612,0.17581600564923466,-0.9832765866454394,0.0474961715556327,0.12169695199873075,-0.02616810842116089,-0.9922222946375864
3.733,0.015595505014061928,Empty,0.44631,0.01056,0.35064,0.18978,0.11406,0.05156,0.99369,0.0931,0.05916,0.02022,0.9756641381495004,0.1874162523719315,0.11381844259984043,0.18263155472536396,-0.9818475503179537,0.051196710375081125,0.12134745463992672,-0.029163955175764693,-0.9921815655266514
3.8,0.015595505014061928,Empty,0.45052,0.01093,0.3515,0.19839,0.11385,0.05557,0.99325,0.09726,0.05934,0.02197,0.9740375360395446,0.1958198601413012,0.11360220402903169,0.19060546687407814,-0.9801144383922515,0.05518372633988967,0.12214922997598941,-0.032097819696708794,-0.9919925884738202
3.867,0.015595505014061928,Empty,0.45509,0.011,0.35265,0.20661,0.11288,0.05919,0.99282,0.10125,0.05913,0.02357,0.9725037354901115,0.20383656101729591,0.11263720899605811,0.19826228132580553,-0.9783853710487755,0.0587718769585989,0.12218245480127911,-0.03482415986627259,-0.9918965296987089
3.933,0.015595505014061928,Empty,0.45974,0.01099,0.35431,0.21505,0.11318,0.064,0.99232,0.10529,0.05963,0.02569,0.9707178752064334,0.21201971946341852,0.11293558036934398,0.20589207071901816,-0.9765095279025011,0.06354208944211073,0.1237548462474988,-0.038428901549324566,-0.9915684331179415
4.0,0.015595505014061928,Empty,0.46425,0.01106,0.35603,0.22385,0.11112,0.06832,0.99184,0.10957,0.05896,0.02769,0.9690345468405932,0.22062309236066097,0.11089408526456532,0.2140913772828293,-0.9744537739888837,0.067858120604413,0.12303222830862912,-0.042015395702541404,-0.9915128729983146
4.067,0.015595505014061928,Empty,0.46919,0.01111,0.35818,0.23366,0.10823,0.07316,0.9913,0.11435,0.05794,0.02997,0.967134946612259,0.23017534235593762,0.10802456578311116,0.22322826410440838,-0.9720531458020208,0.07267615730985483,0.12173387838328059,-0.046173515219454196,-0.99148820938327
4.133,0.015595505014061928,Empty,0.47396,0.01106,0.36034,0.24237,0.10586,0.07796,0.99077,0.11858,0.05718,0.03224,0.9653385968584497,0.2386570271928352,0.10566085740158337,0.2312838658197764,-0.9697994890138528,0.07743852090483937,0.12095109270618028,-0.05031674154740101,-0.9913823978128888
4.2,0.015595505014061928,Empty,0.47858,0.01116,0.36249,0.25165,0.10215,0.0819,0.99023,0.12315,0.05574,0.03416,0.963454990286994,0.24769704828621664,0.10198359653093356,0.24008008429515776,-0.9673356254715825,0.08138391007030894,0.11881092044049851,-0.0539255038344372,-0.9914514638752034
4.267,0.015595505014061928,Empty,0.48258,0.01139,0.36402,0.25828,0.09809,0.08473,0.98986,0.12645,0.05402,0.03564,0.9621869206143061,0.25417826671462357,0.09792721035906586,0.2464763735659401,-0.965481820191327,0.08422738363397662,0.11595571168572173,-0.05690574320744427,-0.9916229168980848
4.333,0.015595505014061928,Empty,0.48629,0.01185,0.36531,0.26429,0.09649,0.08573,0.98949,0.12944,0.0534,0.03608,0.960788238825562,0.26001317183081374,0.09632814027559317,0.252306584942171,-0.9638865656284299,0.08522954766892343,0.11501020532671763,-0.05758332289395894,-0.9916939112423733
4.4,0.015595505014061928,Empty,0.48947,0.01225,0.36609,0.27085,0.09447,0.08765,0.98907,0.13268,0.05265,0.03699,0.9592512650982836,0.26634614336845847,0.09432254407134386,0.25855586215890275,-0.9620570880371261,0.08714944349100352,0.11395559025606673,-0.05921056721796912,-0.9917198355277148
4.467,0.015595505014061928,Empty,0.49244,0.01272,0.36664,0.27695,0.09172,0.09015,0.98867,0.1357,0.05157,0.03826,0.957850856766457,0.27227149776618653,0.0915967668420765,0.26437951656942793,-0.9602436850629295,0.08964115413849184,0.11236194823106233,-0.06164654735605767,-0.9917532433971655
4.533,0.015595505014061928,Empty,0.49533,0.01336,0.36686,0.28372,0.08997,0.09262,0.98819,0.13903,0.05101,0.03943,0.956135216530305,0.278802528924672,0.08985876460175697,0.27075706908100095,-0.9582309103456819,0.0921093480638746,0.11178576498469094,-0.06373909572070667,-0.9916860745334152
4.6,0.015595505014061928,Empty,0.49838,0.01374,0.36707,0.29027,0.08773,0.09516,0.98772,0.14226,0.05021,0.04068,0.9544787610139374,0.28511969896549433,0.08761878814001538,0.27694821164137073,-0.956211382154498,0.09465453347215114,0.11076995459936534,-0.0660798751512897,-0.9916468460384698
4.667,0.015595505014061928,Empty,0.50143,0.01381,0.36711,0.29778,0.08468,0.09834,0.98717,0.14597,0.04909,0.04229,0.9525678819852721,0.2923403866917278,0.08456671046590264,0.28403678117629105,-0.9538098288545995,0.09782595422162402,0.10925903692191581,-0.06916580578067824,-0.9916040309325114
4.733,0.015595505014061928,Empty,0.50448,0.01381,0.36699,0.30599,0.08291,0.10082,0.98653,0.15001,0.04858,0.04345,0.9502718728018726,0.300209740482776,0.0828098996550874,0.291767556444856,-0.9512159197890033,0.10029938656920101,0.10888094768057056,-0.07115044384418506,-0.9915051959384561
4.8,0.015595505014061928,Empty,0.50708,0.01352,0.36668,0.31495,0.08074,0.10453,0.98581,0.1544,0.04799,0.04523,0.9477169530945856,0.3087520259604583,0.0806521126966179,0.3000699244935066,-0.9482318966600738,0.10399187742752179,0.10858460863113509,-0.07435359185508063,-0.9913026410469564
4.867,0.015595505014061928,Empty,0.50888,0.01295,0.36583,0.32399,0.07723,0.10958,0.98503,0.15884,0.04687,0.04779,0.94514728700489,0.31740226026296325,0.07715187001789181,0.3084423414703205,-0.9449723763170066,0.10904370676978883,0.1075171049442908,-0.07926546018129031,-0.9910383741140635
4.933,0.015595505014061928,Empty,0.50982,0.0123,0.36447,0.33182,0.07309,0.11527,0.98432,0.16269,0.04548,0.05075,0.9429306335857595,0.32488573342951454,0.07301424833226035,0.3156546354575521,-0.9419162032360505,0.11469968263052294,0.10603759408680674,-0.08510655847435768,-0.9907133300531151
5.0,0.015595505014061928,Empty,0.51056,0.01188,0.36344,0.33967,0.06871,0.12152,0.98357,0.16655,0.04405,0.05402,0.9406444790400547,0.3323755470974923,0.06866192353194436,0.32285773941306917,-0.9386900064224553,0.12092953296731865,0.10464628112143562,-0.09158366412332405,-0.9902835898434345
5.067,0.015595505014061928,Empty,0.51135,0.01157,0.36357,0.3487,0.06508,0.13274,0.98253,0.17087,0.04347,0.05965,0.937829126961001,0.34095091757502743,0.06503076524471926,0.3305805147482498,-0.934492541365527,0.1320614001174482,0.10579722062676951,-0.10235312372832196,-0.9891060540562399
5.133,0.015595505014061928,Empty,0.51253,0.01193,0.36448,0.35816,0.06333,0.14266,0.98142,0.17536,0.04376,0.06447,0.9346686120202095,0.34984156415374307,0.0632887485630575,0.33855663357236043,-0.9301869371454126,0.14188610865122397,0.1085080253638687,-0.11118966658147182,-0.9878577157046126
5.2,0.015595505014061928,Empty,0.51398,0.012,0.36574,0.37118,0.06166,0.1535,0.97991,0.18157,0.04435,0.06965,0.930130316442136,0.3620231286027904,0.061618575055739803,0.3496690612564857,-0.924362409986129,0.15259646983021624,0.11220134596011101,-0.12038849347542897,-0.986365788439287
5.267,0.015595505014061928,Empty,0.51637,0.01154,0.36727,0.38366,0.0611,0.15958,0.97854,0.18757,0.04508,0.0724,0.9255724311452613,0.3736135840788865,0.06106197258178893,0.36055780562434053,-0.9191517726908107,0.15861301195898306,0.11538519622209185,-0.12479146024896491,-0.9854508348678389
5.333,0.015595505014061928,Empty,0.51937,0.01066,0.36868,0.39882,0.06051,0.16464,0.97691,0.19489,0.04583,0.07459,0.9198313454171017,0.38762477070634216,0.06047588877412547,0.3739505978534084,-0.9129061433952199,0.16359499905664807,0.11862228438722264,-0.12786481332298563,-0.9846722008671895
5.4,0.015595505014061928,Empty,0.52261,0.00899,0.36965,0.41499,0.05902,0.16841,0.97517,0.20276,0.04609,0.07621,0.9135306001923909,0.4024701008499583,0.058988646653017236,0.3884208123886434,-0.9061645243406011,0.16731744478660465,0.12079368781304935,-0.12993718770389254,-0.9841367853282018
5.467,0.015595505014061928,Empty,0.5267,0.00694,0.3705,0.43151,0.05784,0.17017,0.9734,0.21082,0.04633,0.07681,0.9068189252389163,0.41753719181445453,0.05781116051625489,0.4033028495714443,-0.8993128206167466,0.16906585167296406,0.12258159876624895,-0.12999670813544156,-0.9839078247060845
5.533,0.015595505014061928,Empty,0.53134,0.00381,0.37092,0.449,0.05565,0.17149,0.97148,0.21939,0.04608,0.07729,0.8994878167664986,0.43339044159910095,0.05562726507005677,0.4191439159566488,-0.8917890295397208,0.1703839913522639,0.1234505779863498,-0.12994249467798774,-0.9838063340270264
5.6,0.015595505014061928,Empty,0.53637,5e-05,0.37117,0.46502,0.05308,0.17243,0.96966,0.22726,0.04556,0.07767,0.8925525836321072,0.4478127486622994,0.05304363851741559,0.43365889326549273,-0.8846371771815338,0.17133893031075875,0.1236521319808031,-0.129926159351392,-0.9837831790454636
5.667,0.015595505014061928,Empty,0.54168,-0.00371,0.37171,0.47878,0.05024,0.17269,0.96807,0.23405,0.04475,0.07782,0.8864366300587633,0.4601180347561568,0.05021448976336456,0.44618778850160196,-0.8783292407727408,0.17162226602521607,0.12307135443356727,-0.12972717100018918,-0.9838822606502134
5.733,0.015595505014061928,Empty,0.54708,-0.00752,0.37199,0.49133,0.04722,0.17202,0.96661,0.24027,0.0437,0.07758,0.8807179250144688,0.4712830941291732,0.04720362005441034,0.45772220327057733,-0.8725007313914179,0.17097619236188627,0.12176338198053001,-0.12897565239018327,-0.9841437699336363
5.8,0.015595505014061928,Empty,0.55201,-0.01098,0.37216,0.50103,0.04545,0.1707,0.96549,0.24506,0.04306,0.07695,0.8761830542464167,0.47983310134375157,0.04542521663413236,0.4665802516280401,-0.8680478086616787,0.16969346088866213,0.12085579937320201,-0.12748802583966118,-0.9844494293895294
5.867,0.015595505014061928,Empty,0.55655,-0.01394,0.37212,0.5089,0.04334,0.16919,0.96458,0.24898,0.04216,0.07632,0.8724613170338906,0.48675844810418617,0.0433297066536733,0.4738873856318684,-0.8643665968430478,0.1682294029025871,0.11933983416480044,-0.12624024501391112,-0.9847951078881054
5.933,0.015595505014061928,Empty,0.56062,-0.01614,0.37242,0.51446,0.03988,0.16597,0.964,0.25188,0.0403,0.07509,0.8698669640061601,0.49167280007886516,0.03986630900037921,0.47956983074486387,-0.8618385340198684,0.16506701280942448,0.11551728169433356,-0.12446766223036576,-0.9854763105670574
6.0,0.015595505014061928,Empty,0.5643,-0.01765,0.37253,0.51933,0.03883,0.1634,0.96348,0.25432,0.03965,0.07389,0.8674962227486323,0.4959274208027257,0.03881103983161899,0.48420883664914316,-0.8597192116438441,0.1625566966980161,0.11398291989477535,-0.12222467192201222,-0.9859356082147647
6.067,0.015595505014061928,Empty,0.56742,-0.01847,0.37247,0.5217,0.03904,0.15959,0.96332,0.25553,0.03935,0.07198,0.8663157881393074,0.4979696893933666,0.039027473221366134,0.4866395329167872,-0.8590498863538115,0.15879312881240967,0.11260071146800753,-0.11857268319886126,-0.9865402164006902
6.133,0.015595505014061928,Empty,0.57013,-0.01876,0.37211,0.52259,0.04087,0.15517,0.96336,0.25597,0.0397,0.0696,0.8658097656375335,0.4987027688490241,0.04085337279829282,0.48765217272170325,-0.8592740077380961,0.15441352941213646,0.11211069603959012,-0.11377050570348905,-0.9871613160297011
6.2,0.015595505014061928,Empty,0.57221,-0.0189,0.37116,0.5227,0.04188,0.15034,0.96351,0.25608,0.03957,0.06714,0.8657114439882111,0.4987892176896286,0.04186898690456561,0.4881620432212118,-0.8598280229488119,0.14964488133587783,0.11064138152580218,-0.10911043611179237,-0.9878529229726237
6.267,0.015595505014061928,Empty,0.57414,-0.01866,0.37023,0.52166,0.04343,0.1458,0.96379,0.25561,0.0397,0.06477,0.8661769679135195,0.4978475377606235,0.04341991941294384,0.48756009106375686,-0.8609382878546998,0.1451565434547094,0.10964769882693894,-0.10456143481945132,-0.9884555065810774
6.333,0.015595505014061928,Empty,0.57668,-0.01805,0.36966,0.52142,0.04461,0.14156,0.96396,0.25553,0.03972,0.06258,0.8662554589511088,0.49760699478294707,0.04459549955419394,0.48766368071519345,-0.8615778882376948,0.14095274744106429,0.1085615693913552,-0.10035348146904792,-0.9890114076229493
6.4,0.015595505014061928,Empty,0.57975,-0.01746,0.36919,0.52143,0.04517,0.13779,0.96407,0.25559,0.03951,0.06069,0.8662246881259865,0.4976109145842333,0.04514606702338583,0.48802008766133376,-0.8619786323498827,0.137219646593517,0.10719693894911946,-0.09683085798891013,-0.9895112941351757
6.467,0.015595505014061928,Empty,0.58294,-0.01704,0.3686,0.52214,0.04635,0.13585,0.96403,0.25593,0.03985,0.05959,0.8658202458653594,0.49820594075813385,0.04632647669477242,0.48870756045448316,-0.8618936774829594,0.1352930488588671,0.10733229804805401,-0.0944993614169047,-0.9897220056599335
6.533,0.015595505014061928,Empty,0.58521,-0.01665,0.36732,0.52371,0.04654,0.13392,0.96389,0.25672,0.03974,0.0586,0.8650334309217286,0.49955229773301746,0.046525962832014336,0.4902366354011355,-0.8613241452667882,0.1333745031518799,0.10670147467752035,-0.0925646725813866,-0.9899730181633959
6.6,0.015595505014061928,Empty,0.58697,-0.01616,0.36511,0.52631,0.04669,0.13074,0.96365,0.25803,0.03948,0.057,0.863724977389936,0.5017979816117947,0.04666850204456185,0.49279680138558835,-0.8603435084316106,0.13023194709332964,0.10550107097507311,-0.08948649702561659,-0.990384617647708
6.667,0.015595505014061928,Empty,0.58857,-0.01568,0.36254,0.5283,0.04904,0.12777,0.96346,0.25897,0.04028,0.05522,0.8626234171053377,0.503466249829192,0.04901607434751096,0.49456975871893755,-0.8597703511407371,0.12726231594633908,0.10621484840738107,-0.08553758578697214,-0.9906572199280302
6.733,0.015595505014061928,Empty,0.58957,-0.01523,0.35972,0.52854,0.05237,0.1259,0.96347,0.25901,0.04165,0.05388,0.8623564368565134,0.5035881199070354,0.0523486513736094,0.4946109918171162,-0.8600196792873633,0.12540381976698056,0.10817274419107209,-0.08225057280626032,-0.9907237257112675
6.8,0.015595505014061928,Empty,0.59026,-0.01482,0.35673,0.52848,0.05694,0.12567,0.96346,0.25883,0.04382,0.05317,0.862175303370481,0.5034035545923318,0.05690876454311638,0.4940854925335716,-0.8603618221032514,0.12512817882088187,0.11195209835405753,-0.07976463057632693,-0.9905071081941539
6.867,0.015595505014061928,Empty,0.59089,-0.01434,0.35388,0.52892,0.06267,0.1263,0.96335,0.25883,0.04667,0.05271,0.8616616093104739,0.5036020863772568,0.06264351232935873,0.4937615813131139,-0.8604622849548567,0.1257145854284231,0.11721250726632342,-0.07739247228730234,-0.990086679727387
6.933,0.015595505014061928,Empty,0.5913,-0.01388,0.35094,0.52952,0.06843,0.12711,0.96321,0.2589,0.04956,0.05233,0.8610318780015203,0.503933270344699,0.06837663420256702,0.4935582363852369,-0.8604665867340678,0.12648130458892992,0.1225739465036104,-0.07515658423531121,-0.9896095773003668
7.0,0.015595505014061928,Empty,0.59148,-0.01345,0.34764,0.53013,0.07314,0.12748,0.96308,0.25902,0.05189,0.05187,0.8604373781614747,0.504288839904432,0.07307724824081357,0.4935231543137717,-0.8604415770704561,0.12678796711317464,0.12681645957363885,-0.07302779194490647,-0.9892343135904956
7.067,0.015595505014061928,Empty,0.59207,-0.01291,0.34446,0.53031,0.07836,0.12738,0.96301,0.25892,0.05439,0.05113,0.8600096106267097,0.5042390441876101,0.07827168036052509,0.49311486175486374,-0.8606960687233843,0.12664916265255186,0.1312295803017611,-0.07032256821871877,-0.9888546574967159
7.133,0.015595505014061928,Empty,0.5924,-0.0125,0.3411,0.53087,0.08255,0.128,0.96288,0.25902,0.0565,0.05086,0.8594372889720735,0.5045473617423369,0.08245911764735123,0.49305278964445376,-0.8606483881215208,0.12721359458662346,0.13515359021555567,-0.06867540886427341,-0.9884418016601537
7.2,0.015595505014061928,Empty,0.59267,-0.01193,0.33717,0.53132,0.08854,0.12844,0.96273,0.25901,0.05945,0.05027,0.8587566596250589,0.5046955436617349,0.08842741519232718,0.49274247316577435,-0.860771614288367,0.12758167256261466,0.1405057105177093,-0.06598966770172493,-0.9878782865659764
7.267,0.015595505014061928,Empty,0.59308,-0.01125,0.33288,0.5337,0.09495,0.12893,0.96232,0.2599,0.06265,0.04958,0.8570530690649941,0.5064319523990246,0.09479828266158791,0.4940066373831459,-0.859984931437312,0.12799749967151094,0.1463471182759373,-0.06286966907876601,-0.9872334707060205
7.333,0.015595505014061928,Empty,0.59409,-0.0107,0.32862,0.54185,0.10131,0.13087,0.96111,0.26352,0.06616,0.0494,0.8523583644261449,0.51308431007471,0.10114202562706484,0.500011624619959,-0.8562327502574552,0.1298223887912387,0.15321094555447515,-0.06008301042485309,-0.986365266025011
7.4,0.015595505014061928,Empty,0.59607,-0.01049,0.32399,0.55787,0.10688,0.13301,0.95883,0.27092,0.06951,0.04912,0.8435405736757864,0.5263654933409357,0.10667083942051891,0.5127086578390933,-0.8483765762000216,0.13185983896533662,0.15990351071680758,-0.05653806129575321,-0.9855122094045093
7.467,0.015595505014061928,Empty,0.59859,-0.01088,0.31836,0.57899,0.11309,0.13711,0.95572,0.28063,0.07356,0.04945,0.8316724073201671,0.5436780988620061,0.11285004085100195,0.5291295660328601,-0.8376043732498244,0.13579696705981936,0.1683535246205297,-0.05322629735913619,-0.9842886019950052
7.533,0.015595505014061928,Empty,0.60101,-0.01183,0.31248,0.6019,0.11485,0.14116,0.9523,0.29134,0.07555,0.05027,0.8188245718979584,0.5624878216300925,0.11460266564944221,0.5472943449608147,-0.825185624537135,0.13977691165271477,0.17319128277727303,-0.05173137901787821,-0.9835286696354467
7.6,0.015595505014061928,Empty,0.60321,-0.01251,0.3069,0.622,0.11629,0.14174,0.94929,0.30081,0.07682,0.04956,0.8072236860399027,0.5787285958679214,0.11603074170622665,0.5635007081658613,-0.8141137599253478,0.1403058722819049,0.17566124385511347,-0.047874818275974236,-0.9832858837501518
7.667,0.015595505014061928,Empty,0.60432,-0.01265,0.3013,0.63606,0.1185,0.14129,0.94713,0.3074,0.07814,0.04846,0.7988016545081373,0.5898646929089899,0.11821827614394237,0.5747188901645909,-0.8063157161430572,0.1398326256232423,0.17780358276211222,-0.04375625623944522,-0.9830927097669196
7.733,0.015595505014061928,Empty,0.60396,-0.01224,0.29631,0.64606,0.12055,0.14336,0.94549,0.31196,0.07967,0.04872,0.7926606576192644,0.5976839337737029,0.12026220175677682,0.5821581893656375,-0.8006090826958859,0.1418341963680657,0.1810550314603779,-0.042414761742160675,-0.9825579186843072
7.8,0.015595505014061928,Empty,0.60336,-0.01123,0.29255,0.65782,0.1204,0.14486,0.94361,0.31746,0.08012,0.04898,0.7855991165434151,0.6069667602825619,0.12010570343783249,0.5912690131952464,-0.7936393228809108,0.14330938284791017,0.18230464097582633,-0.04156894380689216,-0.9823629883039438
7.867,0.015595505014061928,Empty,0.60437,-0.01005,0.29125,0.67709,0.12123,0.1491,0.94039,0.32633,0.08167,0.05006,0.7736833833147931,0.6219248587638447,0.120927633046158,0.6055707780052718,-0.7820104387074314,0.1474574737973642,0.18627413993537642,-0.04085515639649931,-0.9816480025890917
7.933,0.015595505014061928,Empty,0.60526,-0.00851,0.28972,0.69598,0.12091,0.14909,0.93727,0.33521,0.08199,0.04934,0.7618266550033768,0.6364536015926134,0.12061078204769471,0.6202706986979115,-0.770401306681231,0.14746554513057086,0.18677368139855927,-0.037531848923847165,-0.9816857706278456
8.0,0.015595505014061928,Empty,0.60752,-0.00722,0.28841,0.72043,0.11964,0.14882,0.93313,0.34671,0.08195,0.04843,0.7461486645175948,0.654994113240372,0.11935192524240344,0.6391195977057611,-0.7548884873081059,0.14720567773732599,0.186516246657056,-0.03355716540678025,-0.981878610818479
8.067,0.015595505014061928,Empty,0.60939,-0.00638,0.28632,0.74276,0.11948,0.14578,0.92927,0.35724,0.08187,0.04613,0.7313501475675073,0.6715030381583438,0.1192083528830884,0.6563958804245377,-0.7405011159427104,0.1442308755062395,0.18512538943829693,-0.027235400340625254,-0.9823374283583033
8.133,0.015595505014061928,Empty,0.61045,-0.00643,0.28349,0.76141,0.11694,0.14217,0.92602,0.36615,0.08046,0.04417,0.7189263332622201,0.6852251061245729,0.11666825308843491,0.671010804018573,-0.7279718836472759,0.1407175806691725,0.18135442711025193,-0.022879915987705755,-0.9831516064228895
8.2,0.015595505014061928,Empty,0.61138,-0.00669,0.28132,0.77805,0.11429,0.14032,0.92302,0.37403,0.07926,0.04315,0.707638241554929,0.6973133242857192,0.1140273952287219,0.6836333735247406,-0.7164768931836231,0.1389470119762409,0.17858759669201596,-0.020371286349728714,-0.9837131090923956
8.267,0.015595505014061928,Empty,0.61199,-0.00663,0.27944,0.79663,0.11164,0.14222,0.91949,0.38263,0.07881,0.0438,0.6947660266699078,0.7105537456374882,0.11141607938643533,0.6967450232951454,-0.7033518085675897,0.1408637849063685,0.178455990929853,-0.020238773313526522,-0.9837397274462426
8.333,0.015595505014061928,Empty,0.61264,-0.00598,0.27825,0.81658,0.10875,0.14388,0.91563,0.39184,0.07825,0.04435,0.680677410927517,0.7244981670052736,0.10853878688750387,0.7106163533907076,-0.6889895564509608,0.142540483355436,0.1780524095504057,-0.019894650223285876,-0.9838198729166776
8.4,0.015595505014061928,Empty,0.61393,-0.00505,0.2778,0.83994,0.10684,0.14754,0.91093,0.40245,0.07863,0.04549,0.6637114239936698,0.7403498309267637,0.10662679544564574,0.726042160797761,-0.6719360743716664,0.14616666070658063,0.1798608528958244,-0.019596933553666703,-0.9834968397462595
8.467,0.015595505014061928,Empty,0.61516,-0.0042,0.27744,0.86208,0.10546,0.15337,0.90629,0.41234,0.07971,0.04755,0.6472432867784654,0.7549789101105288,0.10527569999067794,0.7398175785171018,-0.6554301942539758,0.15192501761489965,0.18370105671253326,-0.02044763430114767,-0.9827694622922435
8.533,0.015595505014061928,Empty,0.61674,-0.00323,0.27781,0.88724,0.1054,0.16148,0.90084,0.42338,0.08199,0.05021,0.6280608165736449,0.7710195548029598,0.10520673360717894,0.7545543044392312,-0.6364641492416951,0.15987866768982384,0.19022989338448948,-0.021029332882688795,-0.9815143171759824
8.6,0.015595505014061928,Empty,0.61877,-0.0023,0.27855,0.91192,0.10444,0.16754,0.8954,0.43426,0.08349,0.05212,0.6088975553304704,0.7863692526871138,0.10424569794905954,0.7689642964377007,-0.6174057912449685,0.16584329875290732,0.19477596852961268,-0.02082035939853049,-0.9806267560687235
8.667,0.015595505014061928,Empty,0.62162,-0.00168,0.27918,0.94524,0.10252,0.17493,0.88785,0.4489,0.08516,0.05444,0.5824696105578471,0.8063843804299787,0.10233955137261984,0.7878411765127067,-0.591046358077195,0.17311985211049122,0.20008856381028903,-0.020209740281442498,-0.9795693610102821
8.733,0.015595505014061928,Empty,0.62471,-0.00148,0.27954,0.97976,0.1017,0.18158,0.87979,0.46391,0.08727,0.05608,0.5543503882373071,0.8260684428598207,0.10152130206167591,0.8064940761053911,-0.5632915930571886,0.17963820973836914,0.20557955216426207,-0.01770618259947209,-0.9784802189261139
8.8,0.015595505014061928,Empty,0.6275,-0.0017,0.27897,1.01511,0.10198,0.18522,0.87135,0.47921,0.08924,0.05605,0.5247827486516551,0.8451262959179187,0.10180673192707916,0.8251185168490762,-0.5344287755171095,0.18320839787538,0.20924268176066355,-0.012141986960184916,-0.9777883576123537
8.867,0.015595505014061928,Empty,0.62859,-0.0022,0.27745,1.04103,0.10173,0.18737,0.86501,0.49038,0.09038,0.05588,0.5027194402871327,0.858463116955815,0.10155905269299642,0.8382597317436371,-0.5128124083520698,0.1853214935651981,0.21117240940633736,-0.00803185325170276,-0.9774158290302369
8.933,0.015595505014061928,Empty,0.62843,-0.0026,0.27628,1.0568,0.10107,0.18718,0.86111,0.49723,0.09049,0.05525,0.489141794860238,0.8663480312720341,0.10090289010714695,0.8463480022706953,-0.49941405968615893,0.18515036062668758,0.21079697240071463,-0.00516582025043498,-0.9775162150715621
9.0,0.015595505014061928,Empty,0.62752,-0.00188,0.27523,1.06427,0.10267,0.18268,0.85938,0.50056,0.09025,0.05257,0.4825858244959509,0.8698318444365667,0.10248650837863249,0.8508528265304727,-0.4933483174558647,0.18071221665557785,0.20775078719626644,-8.218736024524895e-06,-0.978181787988196
