time,gr,gr_state,tx,ty,tz,rx,ry,rz,qw,qx,qy,qz,xx,xy,xz,yx,yy,yz,zx,zy,zz
0.0,0.015861455351114273,Empty,0.30795,0.00215,0.48481,0.01444,0.00028,-0.00492,0.99997,0.00722,0.00012,-0.00246,0.9998958553389967,0.014429050073993643,0.00028458717273118416,0.014430277241734735,-0.9998837459487424,-0.0049256153156030935,0.00021348213828526434,0.004929209010867769,-0.9999878285878803
0.067,0.015861455351114273,Empty,0.30795,0.00215,0.48482,0.01442,0.0003,-0.00494,0.99997,0.00721,0.00013,-0.00247,0.9998958717968768,0.014427827287157802,0.0002887270962948006,0.01442907632456708,-0.9998837304696603,-0.00493227112956315,0.00021753157014030067,0.0049359236063425205,-0.9999877945945982
0.133,0.015861455351114273,Empty,0.30795,0.00215,0.48482,0.01442,0.00028,-0.00494,0.99997,0.00721,0.00012,-0.00247,0.9998959471820383,0.014422686613924485,0.00028446400621950614,0.014423914002644311,-0.9998838204167324,-0.004929135186187447,0.0002133395852417383,0.004932725380143768,-0.9999878112789906
0.2,0.015861455351114273,Empty,0.30795,0.00215,0.48481,0.01442,0.00028,-0.00492,0.99997,0.00721,0.00012,-0.00246,0.9998958711716903,0.014427966328080799,0.0002839039318626329,0.014429190649409618,-0.999883749859633,-0.004928004042424911,0.00021276985160193802,0.004931587399097031,-0.9999878170131452
0.267,0.015861455351114273,Empty,0.30795,0.00215,0.48481,0.01444,0.0003,-0.00494,0.99997,0.00722,0.00013,-0.00247,0.9998958437158874,0.014429831768514145,0.0002857880786570322,0.014431065386055819,-0.9998837221846286,-0.00492812966913461,0.00021464276578455157,0.004931740599910303,-0.9999878158573423
0.333,0.015861455351114273,Empty,0.30795,0.00214,0.48481,0.01442,0.00028,-0.00492,0.99997,0.00721,0.00012,-0.00246,0.9998959591886025,0.0144219282301703,0.00028068564011201474,0.014423136636087242,-0.9998838399665364,-0.004927443896237405,0.0002095897934290513,0.004930979608315448,-0.9999878206819425
0.4,0.015861455351114273,Empty,0.30795,0.00215,0.48482,0.01442,0.0003,-0.00492,0.99997,0.00721,0.00013,-0.00246,0.9998958573945285,0.014428704913824697,0.000294685884863026,0.014429981120296642,-0.9998837666261523,-0.0049222842630009984,0.0002236294453957065,0.004926023955247969,-0.999987842065024
0.467,0.015861455351114273,Empty,0.30795,0.00215,0.48481,0.01442,0.00028,-0.00494,0.99997,0.00721,0.00012,-0.00247,0.9998959932913524,0.014419648759608994,0.00027627802892339366,0.01442083626062629,-0.9998838538950864,-0.004931348847281506,0.00020513762201773434,0.004934820114136218,-0.999987802660111
0.533,0.015861455351114273,Empty,0.30795,0.00215,0.48481,0.01444,0.00028,-0.00492,0.99997,0.00722,0.00012,-0.00246,0.9998958157461564,0.014431971447907754,0.00027541506016735525,0.014433153595393544,-0.9998836989880973,-0.004926720529080991,0.00020428073910965105,0.004930182350244654,-0.9999878257115797
0.6,0.015861455351114273,Empty,0.30795,0.00215,0.48482,0.01444,0.0003,-0.00492,0.99997,0.00722,0.00013,-0.00246,0.9998958482003466,0.014429277868655943,0.00029781185050620435,0.014430570481943461,-0.9998837360697166,-0.004926761495240744,0.0002266876151225696,0.004930545959063639,-0.9999878190904481
0.667,0.015861455351114273,Empty,0.30795,0.00215,0.48481,0.01442,0.00028,-0.00492,0.99997,0.00721,0.00012,-0.00246,0.9998958653529488,0.014428630230324868,0.00027033267296286325,0.014429787416102846,-0.9998837462194483,-0.004926995158091571,0.00019921145448486424,0.004930382930192243,-0.9999878257453727
0.734,0.015861455351114273,Empty,0.30795,0.00215,0.48481,0.01444,0.00028,-0.00492,0.99997,0.00722,0.00012,-0.00246,0.9998958077628859,0.014432405700605888,0.0002815739676024077,0.014433617549068745,-0.9998837077043927,-0.004923591348152996,0.00021048195487895365,0.004927142479115945,-0.9999878394082284
0.8,0.015861455351114273,Empty,0.30795,0.00214,0.48481,0.01442,0.00028,-0.00492,0.99997,0.00721,0.00012,-0.00246,0.9998959666211729,0.014421389399610518,0.00028189092714496706,0.0144226031896737,-0.9998838608798095,-0.004924760838720392,0.00021083629482574333,0.004928314100195407,-0.999987833560082
0.867,0.015861455351114273,Empty,0.30795,0.00215,0.48482,0.01442,0.0003,-0.00494,0.99997,0.00721,0.00013,-0.00247,0.999895959636556,0.014421761048262038,0.0002875947800226762,0.01442300391878365,-0.9998838329240693,-0.004929261103915251,0.00021647274519297606,0.004932896242437782,-0.9999878097628051
0.933,0.015861455351114273,Empty,0.30795,0.00215,0.48482,0.01444,0.0003,-0.00492,0.99997,0.00722,0.00013,-0.00246,0.9998957968821175,0.014433048790073955,0.0002871934860765985,0.014434288955851693,-0.9998836834983247,-0.004926537948846059,0.00021605511815317492,0.004930170021995693,-0.9999878232977341
1.0,0.015861455351114273,Empty,0.30795,0.00215,0.48481,0.01442,0.00028,-0.00494,0.99997,0.00721,0.00012,-0.00247,0.999895860636808,0.014428741490862929,0.00028160320883431535,0.014429954672078416,-0.9998837337875806,-0.004929027811680822,0.000210450799799722,0.00493257802740235,-0.9999878126179661
1.067,0.015861455351114273,Empty,0.30795,0.00215,0.48482,0.01444,0.0003,-0.00492,0.99997,0.00722,0.00013,-0.00246,0.9998958043104225,0.01443254070835076,0.00028686427903070605,0.014433779260174917,-0.9998836907890596,-0.0049265515643949,0.0002157282580680026,0.004930178774638569,-0.9999878233251485
1.133,0.015861455351114273,Empty,0.30795,0.00215,0.48481,0.01444,0.00028,-0.00492,0.99997,0.00722,0.00012,-0.00246,0.999895856083683,0.014428997582023317,0.00028463214275928133,0.0144302250757401,-0.9998837443096773,-0.004926100843763659,0.00021352035548952982,0.004929695126213425,-0.9999878261834093
1.2,0.015861455351114273,Empty,0.30795,0.00215,0.48481,0.01444,0.0003,-0.00492,0.99997,0.00722,0.00013,-0.00246,0.9998958042749408,0.014432561801646482,0.00028592518404942265,0.014433795124514703,-0.9998837042908032,-0.004923764007850484,0.00021482940383757716,0.004927377958217174,-0.9999878373234266
1.267,0.015861455351114273,Empty,0.30795,0.00215,0.48482,0.01444,0.0003,-0.00492,0.99997,0.00722,0.00013,-0.00246,0.9998958502744135,0.014429343346902435,0.00028749710487052963,0.014430584413368586,-0.9998837515624439,-0.0049235754184520815,0.00021641972357406154,0.004927211380663779,-0.9999878378012973
1.333,0.015861455351114273,Empty,0.30795,0.00215,0.48481,0.01442,0.00028,-0.00494,0.99997,0.00721,0.00012,-0.00247,0.9998958591489268,0.014428852074230614,0.00028121993136628583,0.01443006353581272,-0.9998837281738691,-0.004929847814746135,0.00021005518854384528,0.004933392437676198,-0.9999878086836228
1.4,0.015861455351114273,Empty,0.30795,0.00215,0.48481,0.01442,0.00028,-0.00492,0.99997,0.00721,0.00012,-0.00246,0.9998958671014802,0.014428251426898409,0.0002837501381912264,0.014429474336295434,-0.9998837608275086,-0.00492494708758698,0.00021265878046613926,0.004928528603908646,-0.999987832116993
1.467,0.015861455351114273,Empty,0.30795,0.00215,0.48482,0.01442,0.0003,-0.00492,0.99997,0.00721,0.00013,-0.00246,0.9998958912693707,0.014426439958760418,0.0002906075478677872,0.01442769735395727,-0.9998837715074934,-0.00492798386902833,0.0002194805075864007,0.0049316636206325785,-0.999987815186885
1.533,0.015861455351114273,Empty,0.30795,0.00215,0.48481,0.01444,0.00028,-0.00494,0.99997,0.00722,0.00012,-0.00247,0.9998958533359821,0.014429270783623382,0.00028040356792756026,0.014430478080066367,-0.9998837253159747,-0.0049292139970602495,0.00020924600057729736,0.004932746993406777,-0.9999878120373321
1.6,0.015861455351114273,Empty,0.30795,0.00215,0.48482,0.01444,0.0003,-0.00494,0.99997,0.00722,0.00013,-0.00247,0.9998957854834358,0.014433766697407258,0.00029077721341967417,0.014435025417830982,-0.9998836527811166,-0.004930612768984894,0.00021957606791676718,0.004934296304025448,-0.999987802178774
1.667,0.015861455351114273,Empty,0.30795,0.00215,0.48481,0.0144,0.00028,-0.00492,0.99997,0.0072,0.00012,-0.00246,0.9998962374211066,0.014402546239939973,0.0002846979458459029,0.014403773625712435,-0.9998841430484122,-0.004922579169668956,0.0002137672874990766,0.0049261691149231745,-0.9999878435068088
1.733,0.015861455351114273,Empty,0.30794,0.00213,0.48519,0.01414,-0.00181,-0.00491,0.99997,0.00707,-0.00092,-0.00245,0.9998983567063352,0.014143458689597321,-0.001799675600280255,0.014134464386638679,-0.9998880187451132,-0.004915982757809138,-0.0018690030694019561,0.00489004563045037,-0.9999862970467439
1.8,0.015861455351114273,Empty,0.30849,0.00156,0.48651,0.01336,-0.00554,-0.00614,0.99997,0.00667,-0.00279,-0.00305,0.9998953458841144,0.01336194297517418,-0.005545787519880199,0.013327875255138288,-0.9998923580519989,-0.006135148767319768,-0.005627168068481471,0.006060593134493231,-0.9999658015104254
1.867,0.015861455351114273,Empty,0.30945,0.00082,0.48803,0.01179,-0.00798,-0.00733,0.99997,0.00588,-0.00401,-0.00364,0.9998987955091287,0.011779770367213893,-0.007977201858374524,0.011721383658131246,-0.9999044588809569,-0.007326818894993066,-0.008062747951687434,0.007232573544516728,-0.9999413392671547
1.933,0.015861455351114273,Empty,0.31065,-0.00073,0.48974,0.01153,-0.00963,-0.00948,0.99996,0.00574,-0.00484,-0.00471,0.9998872096573812,0.011525140248327626,-0.009630114528545095,0.011433829942581408,-0.9998896582720984,-0.009483607612642615,-0.009738351832863973,0.009372428861443755,-0.9999086568686243
2.0,0.015861455351114273,Empty,0.31217,-0.00262,0.49135,0.0118,-0.0125,-0.01291,0.99994,0.00586,-0.00629,-0.00642,0.9998521642961224,0.011796934173425477,-0.012509272419602915,0.011635314667614138,-0.9998488998540931,-0.012914987926643745,-0.012659739529136254,0.012767529309448055,-0.9998383475294327
2.067,0.015861455351114273,Empty,0.31497,-0.00413,0.49412,0.00864,-0.01418,-0.01462,0.99994,0.00427,-0.00712,-0.00728,0.9998621706632924,0.008651098445409622,-0.01417032717254556,0.008443854705221965,-0.9998574638910087,-0.01462030160965382,-0.014294789057773797,0.014498634319410062,-0.9997927028182721
2.134,0.015861455351114273,Empty,0.31837,-0.00566,0.49664,0.01024,-0.01647,-0.01707,0.99992,0.00505,-0.00828,-0.00849,0.9998119706790969,0.010238728441389566,-0.01646789988688586,0.009957492369637388,-0.9998047107798884,-0.0170701097844202,-0.016639460102107453,0.016902921115802078,-0.9997186702394146
2.2,0.015861455351114273,Empty,0.32259,-0.00761,0.49887,0.01139,-0.01873,-0.02045,0.99989,0.0056,-0.00942,-0.01017,0.9997599043246975,0.011385934111019735,-0.01872149056808812,0.011002874708009647,-0.9997305721890793,-0.020438194114346164,-0.018949154409401443,0.02022729677726047,-0.9996158192086864
2.267,0.015861455351114273,Empty,0.32698,-0.0102,0.49992,0.01429,-0.02124,-0.02487,0.99984,0.00701,-0.01071,-0.01236,0.9996723976533111,0.014283174733008663,-0.02123883917793541,0.013753928806161553,-0.9995963367787761,-0.024859463808498544,-0.021585337905043595,0.02455920230783863,-0.99946531644151
2.333,0.015861455351114273,Empty,0.33119,-0.01263,0.5,0.01587,-0.0252,-0.0288,0.99979,0.00775,-0.01271,-0.0143,0.9995567526790383,0.015861728819858534,-0.02519332714392638,0.015134945740667094,-0.9994711381255026,-0.028781547413920135,-0.025636528453803823,0.02838749043078559,-0.9992681916261914
2.4,0.015861455351114273,Empty,0.33523,-0.0153,0.49889,0.02082,-0.02886,-0.03315,0.99971,0.01017,-0.0146,-0.01642,0.9993668175061411,0.02082085878054646,-0.028852311992079785,0.01986220020594648,-0.9992538730688739,-0.03312386088356225,-0.02952045173480041,0.03252981703753065,-0.9990347110750848
2.467,0.015861455351114273,Empty,0.33996,-0.01812,0.49705,0.02925,-0.02813,-0.03712,0.99963,0.01436,-0.01433,-0.01835,0.9991767927067756,0.02923457015760994,-0.028126087959419507,0.02818288509461203,-0.9989144990711288,-0.03708838811838444,-0.02917982014929349,0.03626518238167019,-0.9989160999017279
2.534,0.015861455351114273,Empty,0.34444,-0.02115,0.49377,0.03531,-0.02705,-0.03953,0.99956,0.01738,-0.01387,-0.01952,0.9990110744352649,0.03529387724939009,-0.027040994515787467,0.03421099932867239,-0.9986332302252641,-0.039513023356716824,-0.028398603497908875,0.03854884847255315,-0.9988530951049854
2.6,0.015861455351114273,Empty,0.3482,-0.02372,0.49053,0.04144,-0.02383,-0.04053,0.99951,0.02047,-0.01233,-0.02001,0.998857757278695,0.04141471183476453,-0.023832800251317066,0.04042769385998146,-0.9983611695645853,-0.040504032821393,-0.025471205180347803,0.039494262232332926,-0.9988951000767721
2.667,0.015861455351114273,Empty,0.35128,-0.02528,0.48522,0.0459,-0.01532,-0.03756,0.99953,0.0228,-0.00809,-0.0186,0.9988294896185164,0.0458751661149307,-0.015333616740399906,0.04527309170023036,-0.9982689715772597,-0.03754207711332855,-0.01702932283787241,0.03680393348554063,-0.9991773979848
2.733,0.015861455351114273,Empty,0.35336,-0.02651,0.48037,0.05224,-0.01314,-0.03394,0.9995,0.026,-0.00701,-0.01679,0.9985494582197727,0.052216673027309646,-0.013130062717196932,0.051746203034461424,-0.998083787584012,-0.03392762050998115,-0.014876490194760074,0.03319897618770845,-0.999338039914209
2.8,0.015861455351114273,Empty,0.35618,-0.02848,0.47768,0.05945,-0.00823,-0.02818,0.99945,0.02966,-0.00453,-0.01396,0.9981999211768555,0.05940755680183318,-0.008225542982478913,0.059154556472306885,-0.9978509446537989,-0.028182098965224778,-0.00988209548042845,0.027644790618813284,-0.9995689619733886
2.867,0.01586112752556801,Empty,0.35984,-0.03133,0.47519,0.06851,-0.0063,-0.02295,0.99934,0.03421,-0.00354,-0.01136,0.9976347366222291,0.06844826500264584,-0.006306132160300688,0.06828719434633168,-0.9974016642311615,-0.022951672645263353,-0.007860748883022487,0.02246675782209282,-0.9997166865767327
2.933,0.01586112752556801,Empty,0.36349,-0.03484,0.47334,0.0779,-0.00878,-0.0181,0.99919,0.0389,-0.00474,-0.00887,0.9969287817131647,0.07781906346661227,-0.008786213808282359,0.07765085091422202,-0.9968164559455321,-0.018091393215718347,-0.01016609778640507,0.01735357361951251,-0.9997977315129444
3.0,0.01586112752556801,Empty,0.36858,-0.03878,0.4733,0.08802,-0.01285,-0.01414,0.99899,0.04395,-0.00673,-0.00678,0.9960464432323586,0.08789902688879342,-0.012854726608171886,0.08771641536331981,-0.9960451170194506,-0.014140556478393624,-0.014046828822806468,0.012957080447085932,-0.9998173836587911
3.067,0.015861455351114273,Empty,0.37495,-0.04261,0.47481,0.09831,-0.01541,-0.01151,0.99875,0.04909,-0.00798,-0.00537,0.9950523047642709,0.09814824346413414,-0.015421838029805648,0.09797657359033002,-0.9951220391506546,-0.011520339584463468,-0.016477312001996605,0.009952361606562047,-0.9998147071771053
3.133,0.015861455351114273,Empty,0.38141,-0.04606,0.47718,0.10289,-0.01826,-0.00909,0.99863,0.05138,-0.00935,-0.00407,0.9945460741623022,0.10268775487194087,-0.018257364752672423,0.10253538972032755,-0.9946877610625148,-0.00909680423783408,-0.019094507672430077,0.007175164931979443,-0.9997919367473145
3.2,0.015861455351114273,Empty,0.38854,-0.0489,0.47993,0.11235,-0.01989,-0.00825,0.99837,0.0561,-0.01016,-0.00356,0.9934985849125203,0.11209255835858661,-0.01989522901216219,0.11194775122992617,-0.9936798278714425,-0.00825231336915478,-0.020694510658193502,0.005971435506394002,-0.9997680126842482
3.267,0.015861455351114273,Empty,0.39594,-0.05144,0.48233,0.11773,-0.01995,-0.00717,0.99821,0.05879,-0.01017,-0.00299,0.9928802504613946,0.11743511486698982,-0.019944975304446062,0.11731357072401893,-0.993069093727065,-0.0071624861665773275,-0.02064786593570015,0.0047716747880306165,-0.9997754231586304
3.333,0.015861455351114273,Empty,0.40215,-0.05345,0.4825,0.12122,-0.02231,-0.0068,0.9981,0.06053,-0.01134,-0.00272,0.9924152861575726,0.12088801007305494,-0.022315663139598277,0.12076468748440666,-0.9926578816495868,-0.006798548061793701,-0.02297368184633569,0.004052038935140146,-0.9997278584309289
3.4,0.015861455351114273,Empty,0.40729,-0.05371,0.48032,0.12414,-0.0249,-0.0056,0.998,0.06199,-0.0126,-0.00202,0.9919971790301083,0.12378039095240989,-0.024900032368976945,0.1236783747671808,-0.99230654328895,-0.005602121105771884,-0.02540189778847764,0.0024776927984654805,-0.9996742492567969
3.467,0.015861455351114273,Empty,0.41179,-0.05339,0.47658,0.12622,-0.02467,-0.00412,0.99793,0.06304,-0.01244,-0.00128,0.9917424896548692,0.1258504125226585,-0.024667952510055678,0.12578662292108905,-0.9920487354822349,-0.004126974946153248,-0.024991192593980617,0.0009899979672235851,-0.9996871811705678
3.533,0.015861455351114273,Empty,0.4161,-0.05293,0.47213,0.13077,-0.02128,-0.00248,0.99781,0.06532,-0.0107,-0.00054,0.9912371604937579,0.1303682170285122,-0.021284258151959348,0.13034513933496833,-0.9914655940975774,-0.002473938658459327,-0.0214251326254998,-0.0003220396634116034,-0.999770403633972
3.6,0.015861455351114273,Empty,0.41962,-0.05255,0.46684,0.13269,-0.01632,-0.00112,0.99777,0.06629,-0.00818,-2e-05,0.9910777957657619,0.13228122236925605,-0.016324244196097817,0.13228065763924052,-0.9912116702237097,-0.0011191187843602396,-0.016328819755525407,-0.0010502479797195785,-0.9998661243509416
3.667,0.015861455351114273,Empty,0.42295,-0.05183,0.4607,0.1347,-0.01017,0.00066,0.99772,0.0673,-0.00505,0.00067,0.990889432949161,0.13429366313339003,-0.010165810932015427,0.13430726475954124,-0.9909395125051079,0.0006642205578157694,-0.0099845031173529,-0.0020235113922288587,-0.9999481062030895
3.733,0.015861455351114273,Empty,0.42561,-0.05063,0.45517,0.13696,-0.0075,0.00211,0.99765,0.06843,-0.00367,0.00131,0.9906064652466265,0.13653801410045985,-0.007496780448081048,0.13655724071388864,-0.9906299280011763,0.0021132337762039834,-0.007137998332390174,-0.0031171226935129952,-0.9999696658028785
3.8,0.015861455351114273,Empty,0.42851,-0.04986,0.45105,0.13846,-0.0077,0.00209,0.9976,0.06918,-0.00377,0.00131,0.9903986482925468,0.1380256225237429,-0.007710057537382769,0.13804537182649373,-0.990423704334181,0.0020883510825415452,-0.007347977788588497,-0.00313263784886109,-0.9999680963923432
3.867,0.015861455351114273,Empty,0.43161,-0.04923,0.44788,0.13921,-0.00675,0.00131,0.99757,0.06955,-0.00332,0.00089,0.9903030517604525,0.13876034656171526,-0.006740318687360711,0.13877210702288983,-0.9903234790517859,0.001307345093792343,-0.006493688194094396,-0.002230036062337406,-0.9999764291986079
3.933,0.015861455351114273,Empty,0.43314,-0.04886,0.44346,0.13995,-0.004,0.00184,0.99755,0.06992,-0.00193,0.00106,0.9902156755072073,0.139488220040612,-0.003994051790733862,0.1394963855267739,-0.9902208648192707,0.0018431770238361885,-0.003697891936078771,-0.0023822985701514024,-0.9999903250775738
4.0,0.015861455351114273,Empty,0.43141,-0.04799,0.43698,0.13947,-0.00171,0.00235,0.99757,0.06968,-0.00077,0.00123,0.9902892847187672,0.13901165798015502,-0.0017004460595063057,0.13901541548065632,-0.9902874582841477,0.0023375679376156813,-0.0013589812115686007,-0.0025512566963876515,-0.9999958221209405
4.067,0.015861455351114273,Empty,0.42833,-0.04728,0.43185,0.14127,-0.00158,0.00282,0.9975,0.07058,-0.00069,0.00146,0.9900354960881266,0.1408091444028004,-0.0015815619142290002,0.14081317686709016,-0.9900321679484271,0.0028205758162372675,-0.0011686343032811064,-0.003015174935037227,-0.9999947714933194
4.133,0.015861455351114273,Empty,0.42591,-0.04674,0.42889,0.1425,0.00092,0.00333,0.99746,0.07119,0.00058,0.00163,0.989864111572712,0.14201475319565748,0.0009222229352566858,0.14201097055679485,-0.989859444332939,0.0033413629557408698,0.001387393917741026,-0.003176529499520862,-0.9999939923811821
4.2,0.015861455351114273,Empty,0.42452,-0.04647,0.42715,0.14325,0.0049,0.00408,0.99743,0.07156,0.00259,0.00186,0.9897445054593081,0.14276515255910888,0.004891331913071578,0.14274592828081373,-0.9897509618608492,0.0040784132664871235,0.005423455757932319,-0.003338369407037009,-0.9999797205030428
4.267,0.015861455351114273,Empty,0.42388,-0.04595,0.4241,0.14461,0.01325,0.00591,0.99736,0.07222,0.00682,0.00247,0.9894753388039663,0.1440944927224559,0.013241263755165187,0.14402705869799365,-0.989556056741993,0.005917510290853028,0.01395565339138221,-0.003948130227816963,-0.9998948204716953
4.333,0.015861455351114273,Empty,0.42325,-0.04457,0.41979,0.14335,0.01861,0.00864,0.99738,0.07157,0.00959,0.00364,0.9895724972231463,0.14282904206318692,0.018604770432830285,0.14268959119322838,-0.9897299017008456,0.008625673558855754,0.019645694303213022,-0.0058810222365641394,-0.9997897080250416
4.4,0.015861455351114273,Empty,0.42335,-0.04221,0.41481,0.14115,0.02584,0.01368,0.99741,0.07042,0.01337,0.00591,0.9897246533806201,0.1406324636259298,0.025838356470801682,0.1403162221042969,-0.9900122468853303,0.013678773023828472,0.027503968895203363,-0.009912678324313803,-0.9995725438923633
4.467,0.015861455351114273,Empty,0.42397,-0.03894,0.40851,0.14137,0.03132,0.01876,0.99735,0.07047,0.01628,0.00825,0.9895386416208387,0.14082993590554044,0.03130824000205402,0.14029296390916907,-0.9899326006311736,0.018743811917060194,0.03363273727732346,-0.014155400398536458,-0.9993340100400824
4.533,0.015861455351114273,Empty,0.42441,-0.03572,0.40113,0.14172,0.03727,0.02533,0.99725,0.07055,0.01948,0.01131,0.9892869752389755,0.14114854712092345,0.03726081411041893,0.14026712455086704,-0.9897901915880951,0.02530830705978903,0.04045261910865953,-0.019810711285905044,-0.9989850455965775
4.6,0.015861455351114273,Empty,0.42443,-0.03284,0.39378,0.14139,0.0405,0.0302,0.99721,0.07031,0.02126,0.01363,0.9892080113345337,0.14081296022766826,0.04048728866568273,0.13965374424145127,-0.9897405314837531,0.03017469233648252,0.04432089835416811,-0.02419484594245621,-0.9987243200197441
4.667,0.015861455351114273,Empty,0.42389,-0.03089,0.38746,0.144,0.04353,0.03323,0.99706,0.07155,0.0229,0.015,0.9887133878842006,0.14335997089243985,0.043517299597582604,0.14198622881828893,-0.9893122439564647,0.03318425505846026,0.04780949115507836,-0.02663085998504726,-0.998501402028034
4.733,0.015861455351114273,Empty,0.42247,-0.02914,0.38211,0.14114,0.0444,0.03467,0.99714,0.0701,0.02336,0.01572,0.989079841742031,0.14054106541508926,0.04437652072380521,0.13907252168390477,-0.9896767918039056,0.03462197968355999,0.04878422257286215,-0.02807234754559367,-0.9984147649805871
4.8,0.015861455351114273,Empty,0.42098,-0.02728,0.37941,0.13869,0.04451,0.03702,0.99721,0.06885,0.02348,0.01692,0.9894159154885285,0.13811387943571446,0.04450508381313297,0.13652418117618725,-0.9899460307784091,0.03698653944672631,0.04916598552016085,-0.030519050661669725,-0.9983242426258823
4.867,0.015861455351114273,Empty,0.42046,-0.02583,0.37921,0.13848,0.04503,0.04123,0.99717,0.06869,0.02388,0.019,0.9894219152780868,0.13790759114679663,0.04500855331523001,0.13609274685193018,-0.9898400080147958,0.04117672628519145,0.05022984990758339,-0.034615817733474476,-0.9981376194397767
4.933,0.015861455351114273,Empty,0.42098,-0.02469,0.38086,0.13862,0.05184,0.05005,0.997,0.06856,0.02758,0.02316,0.9890785564935726,0.1379790846315081,0.051820664689309036,0.13542391306909313,-0.9895271468864799,0.04996388039130603,0.05817192496080368,-0.04240044550418286,-0.9974057496161737
5.0,0.015861455351114273,Empty,0.42152,-0.02289,0.38291,0.13938,0.06069,0.05886,0.99674,0.06868,0.0323,0.02723,0.9884791407533491,0.138673743396295,0.060651308213255456,0.13515492392819123,-0.9890824726691596,0.05872826233276235,0.0681332138790298,-0.049854339340918374,-0.9964298319577726
5.067,0.015861455351114273,Empty,0.42152,-0.02162,0.38417,0.14219,0.06385,0.06016,0.99658,0.07001,0.03396,0.02772,0.9878899928946241,0.1414276077673733,0.06380904089435757,0.13766171534298238,-0.9886597516922868,0.060009561842877035,0.07157243930094478,-0.05049878359866153,-0.9961562421566048
5.133,0.015861455351114273,Empty,0.42152,-0.02185,0.38421,0.14167,0.06404,0.05998,0.9966,0.06975,0.03404,0.02763,0.9879509011108067,0.14091359208837578,0.06400294180032742,0.1371514948241619,-0.9887424742040252,0.05981460668098499,0.07171111811876284,-0.05031579542900887,-0.9961555281523579
5.2,0.015861455351114273,Empty,0.42153,-0.02207,0.38403,0.14115,0.06365,0.05971,0.99663,0.0695,0.03383,0.02752,0.9880489248562712,0.14040115152754667,0.06361476825474882,0.1366765595392912,-0.9888236483980948,0.059559301886300764,0.07126598180667369,-0.05015285653300118,-0.9961956890183329
5.267,0.015861455351114273,Empty,0.42152,-0.02206,0.38405,0.14119,0.06371,0.05974,0.99663,0.06952,0.03386,0.02753,0.9880397661081408,0.14044018166248878,0.06367084076386105,0.13671139159572704,-0.9888176519847576,0.05957891012187563,0.07132612422478586,-0.05016180317689858,-0.9961909342616567
5.333,0.015861455351114273,Empty,0.42152,-0.02206,0.38403,0.14119,0.06367,0.05974,0.99663,0.06952,0.03384,0.02753,0.9880439209243915,0.140433381090254,0.06362134704573917,0.13670718723160025,-0.988818323557668,0.05957741145624741,0.07127661105565465,-0.05016760381124796,-0.9961941860120738
5.4,0.015861455351114273,Empty,0.42152,-0.02206,0.38403,0.14121,0.06367,0.05974,0.99663,0.06953,0.03384,0.02753,0.9880417315042727,0.14044653363533843,0.06362631527800768,0.1367192920060324,-0.9888159697989181,0.05958869912989803,0.07128374288298812,-0.05017717668862979,-0.996193193582525
5.467,0.015861455351114273,Empty,0.42152,-0.02206,0.38404,0.14119,0.06371,0.05974,0.99663,0.06952,0.03386,0.02753,0.9880411424911889,0.1404328993767212,0.06366554419270623,0.13670365685827834,-0.9888181207018252,0.059588877932748335,0.0713218826607923,-0.050172950325425375,-0.9961906765822306
5.533,0.015861455351114273,Empty,0.42152,-0.02206,0.38403,0.14117,0.06367,0.05974,0.99663,0.06951,0.03384,0.02753,0.9880452002743679,0.14042092413206136,0.06362897359444264,0.13669400128575548,-0.98881986450525,0.059582091036732905,0.07128416533336346,-0.050172100072824334,-0.9961934190442177
5.6,0.015861455351114273,Empty,0.42152,-0.02206,0.38404,0.14119,0.06371,0.05974,0.99663,0.06952,0.03386,0.02753,0.9880416583295051,0.14043296431621272,0.06365739500515834,0.13670418738884288,-0.9888180934711299,0.05958811269436151,0.07131371926801713,-0.050173305227791634,-0.9961912431288892
5.667,0.015861455351114273,Empty,0.42152,-0.02206,0.38403,0.14119,0.06369,0.05976,0.99663,0.06952,0.03385,0.02754,0.9880421423744354,0.14043621562858727,0.06364270761097635,0.13670784881287662,-0.9888173070789392,0.0595927620949883,0.07129999274257294,-0.050179702680218825,-0.9961919034372013
5.733,0.015861455351114273,Empty,0.42153,-0.02206,0.38403,0.14119,0.06369,0.05976,0.99663,0.06952,0.03385,0.02754,0.9880424933374601,0.14043131746194093,0.06364806702012808,0.136702714431654,-0.9888180487415192,0.05959223397416991,0.0713049733645056,-0.05017879590940879,-0.9961915926239134
5.8,0.015861455351114273,Empty,0.42153,-0.02206,0.38404,0.14119,0.06371,0.05976,0.99663,0.06952,0.03386,0.02754,0.9880419296129677,0.14043011541769235,0.0636594691342643,0.1367006583332755,-0.9888180986722808,0.05959612193242287,0.07131672551324703,-0.05018117597176005,-0.9961906314758032
5.867,0.015861455351114273,Empty,0.42153,-0.02206,0.38404,0.14119,0.06371,0.05976,0.99663,0.06952,0.03386,0.02754,0.988042368531642,0.1404268198065703,0.06365992668387369,0.1366976433653822,-0.9888187733351015,0.059591843388302965,0.07131642366758108,-0.05017710413204699,-0.9961908581874197
5.933,0.015861455351114273,Empty,0.42153,-0.02206,0.38403,0.14119,0.06369,0.05976,0.99663,0.06952,0.03385,0.02754,0.9880425560006052,0.14042941264069286,0.06365129690100894,0.13670047163382093,-0.9888182125875955,0.05959466008094716,0.07130840474222727,-0.05018089796389399,-0.9961912411242413
6.0,0.015861455351114273,Empty,0.42153,-0.02207,0.38404,0.14119,0.06369,0.05974,0.99663,0.06952,0.03385,0.02753,0.9880428211096108,0.14042852832216057,0.06364913264949963,0.1367003086769043,-0.988818751180326,0.05958609671575316,0.07130504373044452,-0.050172759017739064,-0.9961918916509745
6.067,0.015861455351114273,Empty,0.4217,-0.02253,0.38389,0.14626,0.06374,0.05959,0.99645,0.07205,0.03394,0.02737,0.9873126406618995,0.1454498347958173,0.06370318003911601,0.14173308721934258,-0.9881184612182639,0.05944441594400808,0.07159246871355138,-0.049661374905649404,-0.9961969013533316
6.133,0.015861455351114273,Empty,0.42383,-0.02409,0.38371,0.15303,0.06293,0.05741,0.99624,0.07547,0.03355,0.0262,0.9863563963135833,0.15213609101209508,0.06289411151165966,0.14861978816278826,-0.98723467601158,0.057270001281285295,0.07080408192844188,-0.04714132255113322,-0.9963756709647225
6.2,0.015861455351114273,Empty,0.42664,-0.02635,0.38192,0.16088,0.05941,0.05518,0.99601,0.07947,0.03181,0.0251,0.9853447735717076,0.15990649674354068,0.059376674663782034,0.15671226790240422,-0.986108148340105,0.05506346216988581,0.06735682804145172,-0.04495144131679588,-0.9967158199004053
6.267,0.015861455351114273,Empty,0.43088,-0.02807,0.38069,0.16775,0.05394,0.0546,0.99581,0.08298,0.02915,0.02493,0.9845293468522662,0.16671656222954923,0.053921730916310265,0.16380973108871894,-0.9849860874715199,0.054486507395764834,0.06219595796586539,-0.044810661297374474,-0.9970575045837629
6.333,0.015861455351114273,Empty,0.43513,-0.0295,0.38008,0.1701,0.04891,0.05353,0.99579,0.08424,0.02663,0.02458,0.984389624303371,0.169077811993108,0.04888518237145944,0.1664599582398782,-0.984599057743806,0.053439477849125415,0.057167734489357316,-0.044467842106766936,-0.9973737820655413
6.4,0.015861455351114273,Empty,0.43986,-0.03053,0.3804,0.17595,0.04697,0.05367,0.99555,0.08718,0.02574,0.02466,0.9834747557307238,0.1748512081749538,0.046951675584075724,0.1723119468491922,-0.9835834188816786,0.053593386476964947,0.055551757968893084,-0.04461740804649161,-0.9974584147150087
6.467,0.015861455351114273,Empty,0.44392,-0.03143,0.38013,0.17807,0.0451,0.05374,0.99548,0.08826,0.02484,0.02475,0.9831872480641525,0.17694424077285587,0.045095131681326645,0.17448513447217923,-0.9831969817482441,0.05365289301955844,0.05383096778123305,-0.04488241012312313,-0.9975408744353664
6.533,0.015861455351114273,Empty,0.44863,-0.03229,0.38015,0.18267,0.0446,0.05339,0.99528,0.09056,0.02463,0.02454,0.9823853094781074,0.18146932371432545,0.044586862103860474,0.179051726390697,-0.9823945655013044,0.0533047554165134,0.053475068939780795,-0.044382454012466155,-0.9975823849576121
6.6,0.015861455351114273,Empty,0.45358,-0.03288,0.37955,0.18421,0.04252,0.05307,0.99524,0.09136,0.0236,0.02446,0.9821917055304915,0.1830095949339467,0.04250813744705245,0.18070076501744087,-0.9821094244201558,0.05299350891592206,0.05144596300212896,-0.04436853194802589,-0.9976897043988981
6.667,0.015861455351114273,Empty,0.459,-0.03255,0.37852,0.18662,0.04161,0.04898,0.99518,0.09262,0.02299,0.02244,0.9817847733783219,0.185385497692181,0.04160379799849364,0.18332207870966277,-0.981835061665746,0.04891755453197795,0.04991667276617533,-0.04039961545909891,-0.9979359683119513
6.733,0.015861455351114273,Empty,0.46424,-0.03193,0.37578,0.18966,0.0451,0.04879,0.99501,0.09409,0.02475,0.02214,0.9810696909355674,0.1883316367546331,0.04509385905986405,0.18613983629782238,-0.9813150831447215,0.04871004963750504,0.053424927427277585,-0.03939418979988305,-0.997794505366411
6.8,0.015861455351114273,Empty,0.46887,-0.03039,0.37084,0.19257,0.04941,0.04873,0.99483,0.09548,0.02692,0.02187,0.9803160627848628,0.19115731118291046,0.049389264291998115,0.18880197873401572,-0.9808089512147018,0.048658134399472,0.05774279065048002,-0.038375559910400585,-0.9975936479997546
6.867,0.015861455351114273,Empty,0.47392,-0.0282,0.36564,0.20044,0.05571,0.04667,0.99439,0.09934,0.03004,0.02042,0.9784569040493013,0.19879988467542964,0.055683864550626856,0.19634566530060665,-0.9794272987855102,0.04658912009665745,0.06380020874510388,-0.03465216078045482,-0.9973608981293215
6.933,0.015861455351114273,Empty,0.47933,-0.02629,0.3598,0.20864,0.06068,0.04356,0.99394,0.1034,0.03243,0.01849,0.9765137439081023,0.20674556781275572,0.060639740668663004,0.20434719195446788,-0.9779331787045549,0.04346174328221033,0.06828713714093829,-0.03004942892279558,-0.9972130658603048
7.0,0.015861455351114273,Empty,0.48495,-0.02514,0.35372,0.21837,0.06245,0.03845,0.99344,0.1083,0.03312,0.0157,0.9743459520088873,0.21622940307302246,0.0624084213113858,0.21414932833158062,-0.9760470735152385,0.03836893870660952,0.06921004969675962,-0.024019898605594538,-0.9973128964833197
7.067,0.015861455351114273,Empty,0.49055,-0.02523,0.34832,0.22899,0.0631,0.0332,0.99288,0.11365,0.03323,0.01288,0.9719607148579685,0.22652989270079277,0.06306010217050323,0.22481799197840502,-0.9738374711390483,0.03312778725331111,0.06891472451940026,-0.018021862236465378,-0.9974597602038615
7.133,0.015861455351114273,Empty,0.49557,-0.02557,0.34353,0.23585,0.06199,0.02873,0.99253,0.11714,0.03246,0.01061,0.9704498882351177,0.23321571982291256,0.06194709397484406,0.23183761534661962,-0.9723317957905708,0.028674012713193028,0.06692035964368587,-0.013465025887989717,-0.9976674588975004
7.2,0.015861455351114273,Empty,0.50038,-0.02564,0.33953,0.24451,0.06331,0.02439,0.99201,0.1215,0.0329,0.00824,0.9683076677285444,0.24161036163158217,0.06328264983676604,0.2405263887421848,-0.9703374767651467,0.024335930302576577,0.06728533968666645,-0.0083435206780188,-0.9976988868019976
7.267,0.015861455351114273,Empty,0.50414,-0.02532,0.33526,0.25246,0.06542,0.0216,0.9915,0.12547,0.0338,0.00659,0.9662286323706495,0.2492583300518043,0.06536447725585139,0.2483671169048836,-0.9684261465675198,0.021553976077288258,0.06867317691428573,-0.004591682063277275,-0.9976286439494052
7.333,0.015861455351114273,Empty,0.50725,-0.02468,0.33106,0.25935,0.07019,0.01945,0.99099,0.12889,0.03605,0.0051,0.9641772086819436,0.25581899671643665,0.0701352349200583,0.2550842885708998,-0.9667243615401577,0.019391094065366557,0.0727620504285984,-0.0008060544458981237,-0.997349003254957
7.4,0.015861455351114273,Empty,0.50986,-0.02366,0.32658,0.26782,0.07593,0.01494,0.99034,0.13313,0.03861,0.00233,0.9615741272279008,0.26385880377336285,0.07585334216229761,0.26349952295902695,-0.9645446397266357,0.01488755772380376,0.07709214776010438,0.005671829149791672,-0.9970078390403107
7.467,0.015861455351114273,Empty,0.51205,-0.02302,0.32198,0.27804,0.0808,0.01681,0.98956,0.13812,0.04116,0.00272,0.9584552906312012,0.2735853260762417,0.08071260878460637,0.27313802541842647,-0.9618290604291095,0.016747465019501327,0.08221359335039097,0.005993986137195303,-0.996596707399038
7.534,0.015861455351114273,Empty,0.51388,-0.02185,0.31744,0.29031,0.08311,0.01738,0.98864,0.14416,0.04236,0.00258,0.9548472298454672,0.28526585320621617,0.08300699157882503,0.28482942700790675,-0.9584219931060383,0.01730550897824938,0.08449239709456177,0.007118716540099595,-0.9963986946539203
7.6,0.015861455351114273,Empty,0.51537,-0.02078,0.31295,0.30684,0.0858,0.01992,0.98736,0.15225,0.0439,0.00328,0.9497822612938494,0.30094804582608453,0.08569673182218551,0.3003728852576881,-0.9536155683334437,0.01983627066902796,0.0876914245152534,0.0069008365829179505,-0.996123783734201
7.667,0.015861455351114273,Empty,0.51603,-0.01981,0.30867,0.32536,0.08578,0.02101,0.98591,0.16136,0.04401,0.00341,0.9440537759435492,0.3184673373902432,0.08567977090478068,0.3178673632275989,-0.9479043035963577,0.020922968676497865,0.08787950569649522,0.0074823952764509725,-0.9961030098536329
7.734,0.015861455351114273,Empty,0.51692,-0.01872,0.30515,0.34711,0.08552,0.02362,0.98409,0.17202,0.04414,0.00424,0.9369206598632972,0.338945508221917,0.08541439912280624,0.33819723212771935,-0.9407811140416031,0.02352716820591042,0.08833068154652256,0.006843823406988989,-0.9960676948775623
7.8,0.015861455351114273,Empty,0.51829,-0.01758,0.30233,0.36844,0.0858,0.02821,0.98219,0.1824,0.04474,0.006,0.9294556861432078,0.35884218433132775,0.08569955799407888,0.3577680368203329,-0.933387245463547,0.02811195183009127,0.09007862857406394,0.004531749142849563,-0.9959243464861784
7.867,0.015861455351114273,Empty,0.51956,-0.01641,0.29924,0.39208,0.08303,0.02988,0.98001,0.19399,0.04361,0.00656,0.9209303730925449,0.3808024710243779,0.08292602714077918,0.3796587463393372,-0.9246474674846483,0.029770744066425773,0.0880141138890139,0.0040668090628339275,-0.9961109259617515
7.933,0.015861455351114273,Empty,0.52158,-0.01551,0.2963,0.41872,0.07979,0.03085,0.9774,0.20704,0.04221,0.00679,0.9107026053704957,0.40530008837196396,0.07970321785893633,0.4041542584520875,-0.914173992854287,0.030744855893192712,0.08532350172393345,0.00421297454635254,-0.9963443937208849
8.0,0.015861455351114273,Empty,0.52451,-0.01494,0.29259,0.45043,0.07712,0.03297,0.97403,0.2225,0.04125,0.00745,0.897586492331002,0.4340528094144071,0.07704964259740496,0.4328238182613128,-0.9008792079231567,0.032866321325082146,0.08367814010018103,0.0038485544306742095,-0.9964854025514718
8.067,0.015861455351114273,Empty,0.52741,-0.014,0.28868,0.48028,0.07551,0.03208,0.97063,0.23705,0.04047,0.00659,0.8843383481537556,0.4607119284539667,0.07543344725593709,0.45964559255184,-0.8875266748873835,0.031973905157373306,0.08167995612361231,0.006396901091286814,-0.9966380809622283
8.133,0.01586112752556801,Empty,0.53032,-0.01257,0.28366,0.51269,0.07738,0.02888,0.96664,0.25279,0.04107,0.00415,0.868821969360753,0.4890513345637383,0.07731220936908674,0.4883701535025691,-0.8721618018270764,0.028781671279216846,0.08150447057665065,0.012750827234900652,-0.9965914095961524
8.2,0.01586112752556801,Empty,0.53295,-0.01124,0.27834,0.54359,0.08096,0.02384,0.96256,0.26776,0.04218,0.00061,0.853055541547111,0.5155147851796862,0.08087489905345935,0.5154112726142063,-0.8566132363143066,0.02376938016302504,0.08153197592337282,0.021407233176480463,-0.9964407996814252
8.267,0.015861455351114273,Empty,0.53484,-0.00981,0.27236,0.57191,0.08422,0.01614,0.95861,0.28149,0.04266,-0.00414,0.8378897074698903,0.5393176032793099,0.08412705218348482,0.5400244255721118,-0.8414957672209542,0.01607773412917189,0.07946356335788576,0.03195929508419095,-0.9963253211457537
8.334,0.015861455351114273,Empty,0.53652,-0.00865,0.26687,0.5967,0.08754,0.01274,0.95497,0.29339,0.04369,-0.00678,0.8240332788507418,0.5597560371446967,0.0874204451290469,0.5609414646144295,-0.8277583832999771,0.012678018489774609,0.07945960371606758,0.03859064338247363,-0.9960908259895842
8.4,0.015861455351114273,Empty,0.53794,-0.00712,0.26177,0.62032,0.09163,0.01055,0.95134,0.30466,0.04522,-0.00896,0.8102743731009032,0.5788647252698707,0.09149355241860198,0.5804859976488665,-0.8142025914715271,0.010495073827731918,0.08056951551013901,0.04460683668773784,-0.9957503619337403
8.467,0.015861455351114273,Empty,0.53871,-0.00534,0.25692,0.64162,0.09399,0.00997,0.94799,0.31476,0.04615,-0.01009,0.7975879170499273,0.5958569194810027,0.09385119116222237,0.5977190688684246,-0.8016441595147492,0.009927548889567553,0.08115065795803253,0.048178553553434575,-0.9955367384936014
8.533,0.015861455351114273,Empty,0.539,-0.00343,0.25226,0.65899,0.09622,0.01249,0.94519,0.3229,0.04752,-0.00966,0.7869552789179733,0.6094843983918421,0.0960737066010709,0.6113198017077919,-0.7912858968581921,0.01243903023843175,0.0836031639537677,0.04894279875794507,-0.9952964952347912
8.6,0.015861455351114273,Empty,0.53918,-0.00118,0.24775,0.67673,0.09807,0.01537,0.94226,0.33118,0.04878,-0.00903,0.7758780263928833,0.6232400717214034,0.09790352987193245,0.6250013369848824,-0.7804737674044953,0.01529794628515136,0.08594542994129337,0.04932049669390959,-0.9950783243936492
8.667,0.015861455351114273,Empty,0.53938,0.00138,0.24367,0.68873,0.09904,0.01896,0.94025,0.33673,0.04979,-0.0078,0.7682623238518306,0.6324511074829844,0.09888679584924943,0.6340041185698843,-0.7730993888838236,0.018870944435361213,0.08838427114712813,0.04819680021541409,-0.9949197400106132
8.733,0.015861455351114273,Empty,0.54,0.00478,0.23978,0.6991,0.10052,0.02441,0.93848,0.34144,0.05137,-0.00575,0.7615651857627763,0.6402727021452874,0.1003460747696671,0.6414546179739644,-0.7667765973146082,0.02428215168608612,0.09249022063971495,0.045875011697029594,-0.9946562433262128
8.8,0.015861455351114273,Empty,0.54137,0.00929,0.23593,0.70978,0.10343,0.03057,0.9366,0.34624,0.05377,-0.00365,0.7544513855670357,0.6481841113000344,0.10324952626605416,0.6489686445800424,-0.7602074435671715,0.030402978423311564,0.09819778596242695,0.044068135917580555,-0.9941907232663293
8.867,0.01586112752556801,Empty,0.54305,0.01443,0.23154,0.72126,0.10594,0.03483,0.93455,0.35145,0.05567,-0.00241,0.7467683930975355,0.6566230732245194,0.10575020936013249,0.657159151562699,-0.7529557764807429,0.03463305042405112,0.10236609100633977,0.04363185044744789,-0.993789436972749
