time,gr,gr_state,tx,ty,tz,rx,ry,rz,qw,qx,qy,qz,xx,xy,xz,yx,yy,yz,zx,zy,zz
0.0,0.015964550897479057,Empty,0.3074,0.00137,0.48564,0.00596,0.00169,-0.00429,0.99999,0.00298,0.00084,-0.00215,0.99998084380685,0.005953357629399525,0.001693975288193331,0.005960579477041428,-0.9999730306225136,-0.004290631646164172,0.0016683859380886056,0.004300646528333042,-0.9999893604072996
0.067,0.015964550897479057,Empty,0.3074,0.00138,0.48564,0.00596,0.00169,-0.00429,0.99999,0.00298,0.00084,-0.00215,0.9999808382287514,0.005953654377878648,0.0016962237095083164,0.005960879388849427,-0.9999730455315169,-0.004286738542777581,0.0016706562290077452,0.004296767386223106,-0.9999893732924332
0.133,0.015964550897479057,Empty,0.30729,0.00134,0.4856,0.00622,0.00179,-0.00439,0.99999,0.00311,0.00089,-0.0022,0.9999790942449497,0.006210129269774489,0.0018014903560222319,0.0062180133500766566,-0.9999709686267322,-0.004404340324386768,0.0017740865335209156,0.0044154499394105685,-0.9999886781453099
0.2,0.015964550897479057,Empty,0.30585,0.00097,0.48525,0.00794,0.0015,-0.00517,0.99999,0.00397,0.00074,-0.00259,0.999967333268784,0.007943344564341037,0.0014952165223698307,0.007950992272791613,-0.9999549721731176,-0.005180284561487796,0.0014540004108057213,0.0051920037935399175,-0.9999854643840647
0.267,0.015964550897479057,Empty,0.30239,0.00034,0.48608,0.01456,0.00078,-0.00277,0.99997,0.00728,0.00038,-0.00139,0.9998936132824086,0.014565218872079289,0.0007851854922728135,0.01456734221319611,-0.9998900537897514,-0.0027699951573302434,0.0007447535783623283,0.0027811385324044862,-0.9999958552966964
0.334,0.01596488058567047,Empty,0.29811,-0.00217,0.48665,0.02631,0.00403,0.00381,0.99991,0.01315,0.00204,0.00188,0.9996455937049746,0.026312981191657647,0.004039060167427472,0.02629760882051141,-0.9996468860630567,0.0038129981323623435,0.004137965267130718,-0.0037054291575357983,-0.9999845734001133
0.4,0.01596488058567047,Empty,0.29452,-0.00613,0.48743,0.04492,0.00755,0.01013,0.99973,0.02244,0.00389,0.00498,0.9989630764856862,0.04489780654603687,0.007547104451907883,0.04482037587477039,-0.9989436647770136,0.0101335338512107,0.007994105622123241,-0.009784762093376613,-0.9999201731668775
0.467,0.01596488058567047,Empty,0.29216,-0.01465,0.48544,0.08182,0.01329,0.01908,0.9991,0.04083,0.00703,0.00926,0.996566853999332,0.08171753186373598,0.013294754453287172,0.08145704987602936,-0.9964942225278937,0.019079137664548794,0.014807246042662805,-0.01793068472278858,-0.9997295814419038
0.533,0.015964550897479057,Empty,0.29129,-0.02528,0.48061,0.11905,0.01581,0.02186,0.99814,0.0594,0.00854,0.01044,0.9927972492568102,0.11875917307502382,0.015807614578045925,0.11840246944458449,-0.99272503065244,0.02186020918326639,0.018288715032384335,-0.019831094943256473,-0.9996360590614044
0.6,0.015964550897479057,Empty,0.29182,-0.03531,0.4752,0.15669,0.01655,0.02738,0.99681,0.07814,0.00932,0.013,0.98761515199086,0.15602107758724376,0.016544935980115614,0.15553636099798868,-0.9874505830424037,0.027382228848657174,0.02060951153167242,-0.02446976497092318,-0.9994881083017914
0.667,0.015964550897479057,Empty,0.29295,-0.0424,0.46866,0.19488,0.01522,0.03404,0.9951,0.09714,0.00923,0.0162,0.9809569051574161,0.19362847952082018,0.015217166044931958,0.19303070698319658,-0.9806025612550596,0.034025916910260155,0.021510378554339283,-0.03044057782749832,-0.9993050959721844
0.733,0.015964550897479057,Empty,0.29639,-0.04809,0.46399,0.24271,0.01621,0.03813,0.99245,0.12088,0.01035,0.01794,0.9705617629610306,0.24030593316992982,0.016214893194374008,0.23956302419535458,-0.9701326378524939,0.038108036051957055,0.02488818427189354,-0.033101713802921026,-0.9991420593824272
0.8,0.015964550897479057,Empty,0.30189,-0.05427,0.46074,0.29532,0.01554,0.04344,0.98888,0.14692,0.01088,0.02034,0.9565931858954708,0.29101155881824675,0.015548290340967816,0.2901261492700971,-0.956002751266319,0.04342300174946142,0.027500803771130674,-0.03702718198030347,-0.99893578051171
0.867,0.015964550897479057,Empty,0.3094,-0.06001,0.45716,0.34721,0.01432,0.04434,0.98473,0.17253,0.01088,0.0206,0.9402335744872001,0.3402292176058264,0.014314499444615134,0.3393330159335926,-0.9396216092641679,0.044320826946567554,0.02852945327963423,-0.036814547276078836,-0.9989147908627752
0.933,0.015964550897479057,Empty,0.31866,-0.06387,0.45219,0.40192,0.01462,0.04397,0.97964,0.1994,0.01155,0.02008,0.920211581206431,0.3911483711907872,0.014614976166725448,0.39022093406615715,-0.9196717873333753,0.04394799426106406,0.030631167625404288,-0.03473838363869071,-0.998926912377515
1.0,0.015964550897479057,Empty,0.32803,-0.06643,0.44526,0.45486,0.01624,0.04084,0.97405,0.22526,0.01251,0.01806,0.8982009913104966,0.43928534744058234,0.01622845441958326,0.43838170052730385,-0.8978613874714272,0.04082172865855721,0.032503289858583244,-0.02955185970273743,-0.9990346459139836
1.067,0.015964550897479057,Empty,0.33741,-0.0695,0.43718,0.50212,0.01884,0.03549,0.96849,0.24822,0.01353,0.01485,0.8764054163113144,0.4812057531090629,0.01883001420422403,0.4804025638804871,-0.8763305641368868,0.03546997288666075,0.0335696719859767,-0.022040089252669755,-0.9991933304363515
1.133,0.015964550897479057,Empty,0.34761,-0.07178,0.42864,0.54589,0.02289,0.02805,0.96287,0.26937,0.0148,0.01042,0.8544404001240484,0.5190453442409955,0.022880849145137168,0.5184284898036293,-0.854661088758115,0.028041475045396086,0.034110168510056126,-0.012097685090118616,-0.9993448566034029
1.2,0.015964550897479057,Empty,0.35994,-0.07395,0.41958,0.59397,0.02567,0.02208,0.95613,0.29246,0.0155,0.0068,0.8284517158903512,0.5594720776292013,0.025666101994604798,0.5590502219810618,-0.828839829734845,0.022076819246400436,0.03362445153839343,-0.003940938768609201,-0.99942676833291
1.267,0.015964550897479057,Empty,0.37398,-0.07547,0.40976,0.64247,0.02706,0.01674,0.94876,0.31559,0.01548,0.00367,0.8003299751327049,0.5989488504976116,0.02705929399806421,0.5987214587608718,-0.8007823748203292,0.01673926510834972,0.031694569303552106,0.002804044347655049,-0.9994936676197398
1.333,0.015964550897479057,Empty,0.39002,-0.078,0.40025,0.69147,0.02989,0.01451,0.94073,0.33874,0.01652,0.00176,0.7699580574591184,0.6373940699388959,0.029889619611341935,0.6372774638935177,-0.7704977654058092,0.014513012027169831,0.03228039292243844,0.007873570434337394,-0.9994478391198756
1.4,0.015964550897479057,Empty,0.4058,-0.08014,0.3885,0.73775,0.03332,0.00915,0.93262,0.36044,0.01719,-0.00174,0.739580309412416,0.6722431908081009,0.0333175380479714,0.6723625649304238,-0.7401653675691856,0.009154776422934502,0.030814723909465495,0.015630772959625713,-0.9994028875919201
1.467,0.015964550897479057,Empty,0.42091,-0.082,0.37576,0.78037,0.03815,0.00858,0.92469,0.38021,0.01927,-0.00329,0.7101403687179447,0.7030265849988915,0.03813499051970644,0.7032798532468897,-0.7108613822306267,0.008575737297525081,0.033137663378316966,0.02072959328977797,-0.9992357976112874
1.533,0.015964550897479057,Empty,0.43493,-0.08351,0.36398,0.81963,0.04284,0.01495,0.91702,0.39819,0.02262,-0.00168,0.6818639886798673,0.7302246656611927,0.04281867117953509,0.7303770590064713,-0.6828811964605216,0.014920562915123508,0.04013542847210335,0.021099980584018997,-0.998971440132657
1.6,0.01596488058567047,Empty,0.44859,-0.08468,0.3526,0.85633,0.04778,0.02062,0.90952,0.41484,0.02601,-0.00054,0.6544609800663234,0.7545863737285973,0.04775175550441294,0.7546422607767173,-0.655813024035143,0.020599411537372027,0.046860258433264246,0.022553981666369228,-0.9986468014721526
1.667,0.01596488058567047,Empty,0.46149,-0.08583,0.34324,0.89053,0.05043,0.02726,0.90227,0.43021,0.02862,0.00144,0.6282002137842664,0.7764170572221837,0.05040877558368601,0.7762526092066514,-0.6298342085240701,0.027216841711044742,0.05288079142058963,0.02203231779233797,-0.9983577509447352
1.733,0.01596488058567047,Empty,0.47351,-0.08736,0.33711,0.92067,0.04459,0.04275,0.89569,0.44361,0.02946,0.00924,0.6046861226304079,0.7952160167339632,0.044566577476539214,0.7941267864274193,-0.6062506189130782,0.042694661797108874,0.06096999406809017,0.00957464345440233,-0.9980936759773895
1.8,0.015964550897479057,Empty,0.48602,-0.08739,0.33474,0.95245,0.03984,0.06244,0.88841,0.45756,0.032,0.01861,0.5792338472085201,0.8141879652808931,0.039825964392289505,0.8118055440447639,-0.5805890237201812,0.06235498531658709,0.07389119640526606,-0.003787179346967584,-0.9972591179660341
1.867,0.015964550897479057,Empty,0.49703,-0.08615,0.33267,0.98005,0.03792,0.07991,0.88181,0.46952,0.03551,0.02632,0.5565721984132128,0.829933704889052,0.03791349947729439,0.8261958376424268,-0.5577089885192787,0.07975664227593351,0.08733742505828451,-0.013066354270973576,-0.9960930903134777
1.933,0.015964550897479057,Empty,0.50552,-0.08454,0.32934,1.00237,0.03379,0.09388,0.87631,0.47917,0.03734,0.03304,0.5380072502090534,0.8422628114262433,0.033786908867980664,0.8373279733288307,-0.5386133199800652,0.09368861521596335,0.0971085156076757,-0.022114430320762338,-0.9950280841102235
2.0,0.015964550897479057,Empty,0.51658,-0.08275,0.327,1.03119,0.03423,0.10355,0.86914,0.49155,0.04038,0.03659,0.5135004584936297,0.857406544230439,0.0342242171225035,0.8514955436568373,-0.5140840720351173,0.10330975758532894,0.10617258713707187,-0.023907839521976414,-0.9940602582087325
2.067,0.01596488058567047,Empty,0.53146,-0.08198,0.32541,1.06414,0.03591,0.11086,0.8608,0.5056,0.04355,0.03864,0.48494528277848314,0.8738071006605463,0.03590575923312102,0.8670770835820067,-0.4857529137115867,0.11055061260628776,0.11404123744426246,-0.022477937092038443,-0.9932216965543331
2.133,0.01596488058567047,Empty,0.54222,-0.07916,0.31985,1.0904,0.03363,0.11464,0.854,0.51684,0.04406,0.04027,0.46187667646804254,0.8863065076757866,0.03362603435413629,0.879210902045513,-0.462515915958123,0.11431192942879237,0.1168679830370566,-0.02323363804850648,-0.9928756581787478
2.2,0.01596488058567047,Empty,0.55118,-0.07458,0.31247,1.11882,0.0329,0.11132,0.84662,0.52902,0.04344,0.03843,0.43649213457564273,0.8991064204573299,0.03289773770346374,0.8924290460853433,-0.4373129809791866,0.11103042092283452,0.11421477206037345,-0.01910500875437217,-0.9932723616831853
2.267,0.015964550897479057,Empty,0.56009,-0.06935,0.30654,1.1501,0.03486,0.10769,0.83833,0.54222,0.04387,0.03569,0.4081374610427609,0.9122549196059007,0.03485361600179103,0.9059911639427717,-0.40943926199349046,0.1074220722004916,0.11226675265273671,-0.012265903678783706,-0.9936023972675149
2.333,0.015964550897479057,Empty,0.56778,-0.06368,0.29967,1.17969,0.03772,0.1052,0.83028,0.55454,0.04489,0.03321,0.3809385459678173,0.9238312309639558,0.03770518388162056,0.9178681186095548,-0.3827624266650323,0.10493351025126241,0.11137298162517305,-0.005364832627164592,-0.9937641961425262
2.4,0.015964550897479057,Empty,0.57234,-0.0569,0.29019,1.20755,0.0426,0.1013,0.82257,0.56601,0.04625,0.02959,0.3549942418563372,0.9338975577769606,0.04259624193602515,0.928422548838807,-0.35752178583497546,0.10104327518950819,0.10959315241609338,0.0036775306386182464,-0.993969726255234
2.467,0.01596488058567047,Empty,0.57796,-0.04936,0.28186,1.23835,0.05137,0.09432,0.81389,0.57854,0.04824,0.02349,0.32594011757032065,0.9439953901721065,0.051339488622868454,0.9394617954877733,-0.32949035644541447,0.09406189360395871,0.1057098603590704,0.01757294350090281,-0.9942417297013738
2.533,0.01596488058567047,Empty,0.58536,-0.04238,0.27339,1.27032,0.0599,0.08872,0.80461,0.59139,0.05038,0.01793,0.295431398167212,0.9534867503710033,0.059860720375802215,0.9498724993588225,-0.29986454517120403,0.08845049186460618,0.10228647974581072,0.030728999596644657,-0.9942802445211306
2.6,0.01596488058567047,Empty,0.59195,-0.0351,0.26293,1.30008,0.06589,0.08113,0.79578,0.60333,0.05073,0.01235,0.26684487389301237,0.9614876628538735,0.06584289982084796,0.9589818840014992,-0.27168733957057384,0.08086863220061775,0.09564287445469942,0.04156276815684447,-0.9945476242338438
2.667,0.015964550897479057,Empty,0.59526,-0.02825,0.25212,1.32429,0.06786,0.07137,0.78846,0.61311,0.04866,0.00728,0.24345280008171089,0.9675393140980496,0.06781157575996784,0.9661228164574492,-0.2480827213624261,0.07114539255453495,0.08565884456785851,0.04819376553132377,-0.99515824033729
2.733,0.015964550897479057,Empty,0.59807,-0.02112,0.24311,1.34608,0.07023,0.06879,0.78174,0.62167,0.04886,0.005,0.22227039125064474,0.9724570038345347,0.07016586681888376,0.9714791725820877,-0.22699439296064633,0.06856940136569578,0.08260805295192211,0.05292373057133847,-0.9951758579918953
2.8,0.015964550897479057,Empty,0.60343,-0.01296,0.23559,1.37496,0.07495,0.06903,0.77267,0.63277,0.05082,0.00289,0.19404650031257875,0.9781307897184436,0.07487398694616164,0.977543240002158,-0.19919487289642263,0.068779477592237,0.08218983904670563,0.05984614287112913,-0.9948182092929968
2.867,0.015964550897479057,Empty,0.60534,-0.0045,0.22745,1.39744,0.07768,0.07151,0.76549,0.64128,0.05269,0.00239,0.17196403947696087,0.9820424615105492,0.07759492842362845,0.9815379779577225,-0.17750471952133112,0.07124094591118084,0.08373509988906985,0.06391148830965608,-0.9944364005348016
2.933,0.015964550897479057,Empty,0.60603,0.0032,0.21784,1.41704,0.08003,0.07438,0.75916,0.64861,0.05453,0.0022,0.15266596489793888,0.9850395116007875,0.0799391252583052,0.9845602467812392,-0.1586026758515115,0.07406964068230054,0.08564008185333552,0.06739697172738636,-0.994043975175209
3.0,0.01596488058567047,Empty,0.60827,0.01094,0.20907,1.43824,0.08488,0.07568,0.75222,0.65645,0.0568,0.00051,0.13168430086717625,0.9876587379072465,0.08479069725263341,0.9875436910371451,-0.13813668676028973,0.07533733512423588,0.08612028331267163,0.0738137738254476,-0.9935465885381475
3.067,0.01596488058567047,Empty,0.61033,0.0186,0.19989,1.45732,0.08991,0.07478,0.74591,0.66348,0.05837,-0.00204,0.11278108970613676,0.9895549482492391,0.08978546764450049,0.9900305647444241,-0.11958762574047549,0.0744196253792819,0.08437953944252717,0.08049723079212921,-0.9931768670072142
3.133,0.015964550897479057,Empty,0.61259,0.02591,0.19002,1.4785,0.09232,0.07343,0.73883,0.67131,0.05878,-0.00397,0.09178210064242465,0.9915025426695588,0.09218868629860975,0.9924352467952186,-0.09866171291036213,0.07306262604168809,0.08153727319562563,0.08478546034192966,-0.9930574498962431
3.2,0.015964550897479057,Empty,0.61515,0.03402,0.17979,1.5012,0.09844,0.06981,0.73112,0.67958,0.05973,-0.00805,0.06920434949114046,0.9927496832806808,0.09827931805632324,0.9946722321968258,-0.07621070601797175,0.06941958502343903,0.07640620726153251,0.0929515714463729,-0.9927346558157208
3.267,0.015964550897479057,Empty,0.61646,0.04154,0.1691,1.52145,0.1029,0.06327,0.72414,0.68701,0.05901,-0.01256,0.04908431864079493,0.9934988336665863,0.10271707339435544,0.9964635653035203,-0.05573222579576831,0.0628830822276236,0.06819891997799862,0.09926724792690689,-0.9927209682498161
3.333,0.015964550897479057,Empty,0.61708,0.04817,0.15897,1.53674,0.10808,0.05533,0.71876,0.69261,0.05802,-0.01766,0.0338448482104281,0.993588862817703,0.10786889233804565,0.9976874453989728,-0.03995398976020503,0.05498581631214466,0.058943087320605686,0.10575845302795059,-0.9926433710402998
3.4,0.015964550897479057,Empty,0.61568,0.05352,0.14983,1.54794,0.11271,0.04813,0.71474,0.6967,0.05706,-0.02218,0.022699690015261287,0.9933956711771245,0.11247117212762184,0.9984573490135371,-0.028228666260708246,0.04781280792844081,0.050671947604877775,0.11121233244425566,-0.9925039903386974
3.467,0.015964550897479057,Empty,0.6128,0.05788,0.1423,1.55545,0.1176,0.04357,0.71201,0.69937,0.05712,-0.02573,0.015246874920904596,0.9929761496423046,0.11732816817239347,0.9988544005937507,-0.02044905571254757,0.04326340873028945,0.04535878326901234,0.11653412531103613,-0.9921503809495547
3.533,0.015964550897479057,Empty,0.60828,0.06058,0.13671,1.55866,0.11745,0.04376,0.71089,0.70051,0.05709,-0.0257,0.012045418946805275,0.9930369729735011,0.11718565692960069,0.99890707501441,-0.017243258168771036,0.04344336006665853,0.04516152531250665,0.11653428832472974,-0.9921593603227745
3.6,0.015964550897479057,Empty,0.60372,0.06355,0.13245,1.56166,0.12113,0.04745,0.70984,0.70136,0.05965,-0.02577,0.009060155967130279,0.9926312428805633,0.12083513243771235,0.9987802572923608,-0.014848706140958345,0.04709048278522418,0.04853772982801416,0.1202610975474932,-0.9915550197542318
3.667,0.015964550897479057,Empty,0.59993,0.06618,0.1297,1.56721,0.12041,0.04636,0.70789,0.70338,0.05894,-0.02607,0.0035768198063297896,0.9927535300805004,0.12011509011268426,0.9988987755757193,-0.00916618648337758,0.04601322830101288,0.04678079214167113,0.11981823541538729,-0.9916930714432469
3.733,0.015964550897479057,Empty,0.59828,0.06868,0.13107,1.57551,0.11194,0.04768,0.70508,0.70652,0.05632,-0.02285,-0.004689577934735234,0.9937302173944591,0.11170614529181006,0.9988773559721378,-0.000610726900906633,0.04736723275391869,0.04713847244985187,0.11180287138447496,-0.9926117480491963
3.8,0.015964550897479057,Empty,0.59607,0.07241,0.13584,1.58072,0.10604,0.05553,0.70337,0.7083,0.05697,-0.01814,-0.009882029724430363,0.9943346583328321,0.10583445907007347,0.9984676964652226,0.004048889591163507,0.05518936137074712,0.05444818274247391,0.10621767146387714,-0.992851047068408
3.867,0.01596488058567047,Empty,0.59363,0.07648,0.14119,1.58432,0.10328,0.06291,0.70218,0.70943,0.05859,-0.01467,-0.013455245293772511,0.994579820794334,0.1031015831245804,0.9980179253914099,0.007018890479022488,0.06253763485989648,0.06147501095169211,0.10373868731169603,-0.9927029302784068
3.933,0.01596488058567047,Empty,0.59349,0.08078,0.1441,1.58903,0.10784,0.07057,0.70053,0.71071,0.06287,-0.01375,-0.018131992525694696,0.9940248293886956,0.10763767651627641,0.9974839108724443,0.010604814776649596,0.07009554518060537,0.0685352347166147,0.10863782242997767,-0.9917160607452171
4.0,0.01596488058567047,Empty,0.59488,0.0843,0.14211,1.59354,0.11755,0.07284,0.69887,0.7119,0.06703,-0.01657,-0.02260119410615602,0.9928419281791467,0.1172778396564733,0.9972842086805539,0.01416504753722686,0.07227419003122716,0.07009560001439244,0.1185928205153318,-0.9904657236779276
4.067,0.01596488058567047,Empty,0.59554,0.08608,0.13455,1.59758,0.12709,0.0659,0.69728,0.71322,0.06783,-0.02254,-0.02657258352306585,0.9915795085789532,0.12674374134935218,0.9976949777098701,0.018387324992594656,0.06531950498984256,0.062439004295480854,0.12818730220243532,-0.9897824944383742
4.133,0.01596488058567047,Empty,0.59801,0.08665,0.12587,1.60192,0.13471,0.05907,0.69556,0.7147,0.06798,-0.0278,-0.030842308826684317,0.9904596778849003,0.13430703060666266,0.9980191662915086,0.02314531078682841,0.05849819059922733,0.054831521053512876,0.13584520997341315,-0.9892115967912212
4.2,0.015964550897479057,Empty,0.59813,0.08631,0.1161,1.60245,0.1411,0.04856,0.69512,0.71502,0.06643,-0.03376,-0.03134115122591796,0.989566489492731,0.14062679372319775,0.9985367025022871,0.024795669592322378,0.04805859470820343,0.04407023934236273,0.1419272265722861,-0.9888955841552767
4.267,0.015964550897479057,Empty,0.59634,0.08567,0.10688,1.60133,0.14735,0.0373,0.6952,0.71479,0.06459,-0.03988,-0.030206775529146246,0.9887012115431212,0.14682460626644367,0.9990056852099056,0.025044235774491497,0.036883969048334075,0.03279011482777323,0.1477927621625502,-0.9884746369138389
4.333,0.015964550897479057,Empty,0.59421,0.08504,0.10011,1.5985,0.15262,0.02935,0.69594,0.71389,0.06364,-0.04444,-0.02738296715721228,0.9879966466270251,0.15202894251891663,0.9993089491023903,0.023231668009982942,0.02901575167646133,0.025135579435197886,0.15271842015692458,-0.987950042659663
4.4,0.015964550897479057,Empty,0.59189,0.08452,0.09494,1.59501,0.15729,0.02506,0.69699,0.71266,0.06381,-0.04749,-0.02390962214146769,0.987365894593498,0.1566426511606381,0.9994881320775995,0.020277507954655216,0.024744625824207375,0.02125567700835189,0.15715410546571812,-0.9873453212175498
4.467,0.015964550897479057,Empty,0.58954,0.08408,0.09168,1.59031,0.1609,0.02267,0.69852,0.71098,0.06433,-0.04946,-0.01925351340222503,0.9868960147764696,0.1602047385066763,0.9996234962234467,0.015868082522442428,0.022384587444803525,0.01954911813058187,0.16057540277197868,-0.986829961039354
4.533,0.015964550897479057,Empty,0.58733,0.08363,0.08967,1.58673,0.16207,0.02262,0.69976,0.70969,0.06481,-0.04978,-0.0157269982662393,0.9867712968882527,0.1613538631796878,0.9996753014752596,0.012282002946689907,0.022325859982672808,0.020048769186214926,0.16165259057959205,-0.9866440527429458
4.6,0.015964550897479057,Empty,0.58464,0.0834,0.08781,1.58232,0.1631,0.02115,0.70126,0.70816,0.06476,-0.05052,-0.011361617901651466,0.9866643623469679,0.16237102485698623,0.9997496821188154,0.008078802529875195,0.020863989383874584,0.01927399133506135,0.16256742916136196,-0.9865091708817925
4.667,0.015964550897479057,Empty,0.58181,0.08316,0.0864,1.57889,0.16341,0.01955,0.70242,0.707,0.06439,-0.05108,-0.007996322462913763,0.9866447618570051,0.16269041989989116,0.9998017690581686,0.004921771447372825,0.019292453290760722,0.018234072919275604,0.1628124383023411,-0.9864885344081912
4.733,0.01596488058567047,Empty,0.57939,0.08303,0.08494,1.5746,0.16456,0.01781,0.70386,0.70551,0.06429,-0.05196,-0.003753479268088944,0.9864824276955748,0.16382408626703424,0.9998452222989248,0.0008862984861310874,0.017571167320556136,0.017188450756177035,0.16386468296383483,-0.9863330689162584
4.8,0.01596488058567047,Empty,0.5773,0.08297,0.08399,1.56908,0.1667,0.01674,0.70573,0.70353,0.06481,-0.05291,0.0016982661549002631,0.9861358266417546,0.16593145363568235,0.9998535767627307,-0.004499911878809604,0.016509870619030642,0.017027651829929536,0.16587911926058205,-0.9859990754896741
4.867,0.01596488058567047,Empty,0.57538,0.0832,0.08366,1.56115,0.17074,0.01749,0.70841,0.70057,0.06671,-0.05381,0.009490732715627614,0.9854148901137159,0.1699041504339845,0.9997721182358327,-0.012600161169362467,0.01723216575893427,0.019121652406573434,0.1697018864971147,-0.9853099167919516
4.933,0.01596488058567047,Empty,0.5739,0.08347,0.08404,1.55581,0.17411,0.01929,0.71024,0.6985,0.06868,-0.05417,0.0147505134919938,0.9847697461978613,0.17323674357688146,0.9996516358839922,-0.018316371297998235,0.019003089668064257,0.021886736307205,0.17289608878130688,-0.9846968636377115
5.0,0.01596488058567047,Empty,0.57423,0.08357,0.08467,1.55604,0.17445,0.02049,0.71019,0.69853,0.06921,-0.05387,0.014533547365075561,0.984716192189448,0.1735592026972389,0.9996286991278687,-0.01831027701203569,0.020179138625518858,0.02304864162835862,0.1732014855469106,-0.9846166794867081
5.067,0.015964550897479057,Empty,0.57435,0.08362,0.0848,1.55614,0.17452,0.02082,0.71016,0.69855,0.06935,-0.05378,0.014437805061103981,0.9847050695670427,0.17363028466826644,0.9996228090949213,-0.018271800122914128,0.02050319139662228,0.02336213436730071,0.17326877182352848,-0.9845974524589073
5.133,0.015964550897479057,Empty,0.57437,0.08362,0.08484,1.55614,0.17453,0.02089,0.71016,0.69855,0.06938,-0.05376,0.014420206569303484,0.984701466819961,0.17365217788762624,0.9996212333803538,-0.018268477249371362,0.02058282084967203,0.02344029474300844,0.17328959571078226,-0.9845919299896555
5.2,0.015964550897479057,Empty,0.57436,0.08363,0.08481,1.55614,0.17453,0.02086,0.71016,0.69855,0.06937,-0.05377,0.014427548519327704,0.9847027557177499,0.17364425912074394,0.9996221339123024,-0.018268093799793217,0.020539380261762843,0.023397333957905955,0.17328231193861532,-0.9845942337495537
5.267,0.015964550897479057,Empty,0.57437,0.08362,0.08483,1.55614,0.17453,0.02089,0.71016,0.69855,0.06938,-0.05376,0.014430898660377278,0.9847008455225569,0.17365481274935987,0.9996210357744462,-0.018279380385999355,0.02058273766842522,0.023442141563372487,0.17329197638628643,-0.9845914670151562
5.333,0.015964550897479057,Empty,0.57437,0.08363,0.08483,1.55615,0.17455,0.02091,0.71015,0.69855,0.06939,-0.05376,0.014416470194032471,0.9847012174454746,0.17365390219786292,0.9996211316712103,-0.0182659844764817,0.020589971526782075,0.023446929511416522,0.17329127552333753,-0.9845914763616337
5.4,0.015964550897479057,Empty,0.57437,0.08362,0.08482,1.55614,0.17453,0.02089,0.71016,0.69855,0.06938,-0.05376,0.01443594588107755,0.9847023424280656,0.1736459048846213,0.9996209987617186,-0.018283898800803722,0.0205805218414509,0.023440612217753117,0.17328299357214,-0.9845930843945304
5.467,0.015964550897479057,Empty,0.57437,0.08363,0.08483,1.55615,0.17455,0.02094,0.71015,0.69855,0.0694,-0.05375,0.014412041867651326,0.9846998985014838,0.17366174863904982,0.9996207937063795,-0.01826475704224001,0.020607460785248707,0.023464054190030458,0.17329889942338184,-0.98458972654584
5.533,0.015964550897479057,Empty,0.57437,0.08362,0.08482,1.55614,0.17452,0.02091,0.71016,0.69855,0.06938,-0.05375,0.014432291636633454,0.9847021025225391,0.17364756907542855,0.999620838319468,-0.018281911283187124,0.02059007812801096,0.023449702676133888,0.17328456655895305,-0.9845925910938375
5.6,0.015964550897479057,Empty,0.57438,0.08362,0.08484,1.55615,0.17455,0.02094,0.71016,0.69855,0.0694,-0.05375,0.014423161444650612,0.9847005424143547,0.17365717429123678,0.9996202670463128,-0.018278314400480167,0.020620982831457663,0.023479653408847778,0.17329381117498874,-0.9845902502484207
5.667,0.015964550897479057,Empty,0.57437,0.08362,0.08482,1.55615,0.17453,0.02092,0.71016,0.69855,0.06939,-0.05375,0.014421365079645865,0.9847011667982541,0.17365378295734327,0.9996207496814189,-0.018273102419784137,0.020602197317631188,0.023460201098841765,0.1732908128958734,-0.9845912416481722
5.733,0.015964550897479057,Empty,0.57437,0.08362,0.08483,1.55615,0.17453,0.02092,0.71016,0.69855,0.06939,-0.05375,0.014427991756818526,0.9847005031182929,0.17365699586381664,0.9996204974052569,-0.018280851533059916,0.020607562555852263,0.02346687497585299,0.17329376684060702,-0.9845905626975414
5.8,0.01596488058567047,Empty,0.57438,0.08363,0.08483,1.55615,0.17455,0.02094,0.71015,0.69855,0.0694,-0.05375,0.014414007963311715,0.9847005591178926,0.17365783957928022,0.999620575339565,-0.01826801428630853,0.020615164608405248,0.023472148010567684,0.1732948023656355,-0.9845902547460161
5.867,0.01596488058567047,Empty,0.57437,0.08362,0.08482,1.55615,0.17453,0.02092,0.71015,0.69855,0.06939,-0.05375,0.014417775088375773,0.9847011195269009,0.17365434910755612,0.9996206694745271,-0.018270554265323313,0.020608347972033494,0.023465824528440177,0.1732913501860547,-0.9845910130759342
5.933,0.015964550897479057,Empty,0.57438,0.08363,0.08483,1.55615,0.17455,0.02094,0.71015,0.69855,0.0694,-0.05375,0.014416780047444788,0.9847000532132691,0.1736604781026732,0.9996203502341559,-0.01827216563704903,0.020622399488794574,0.02348003089450244,0.17329723934534466,-0.9845896378616199
6.0,0.015964550897479057,Empty,0.57438,0.08363,0.08483,1.55615,0.17455,0.02094,0.71015,0.69855,0.0694,-0.05375,0.014415821514321858,0.9847009412454297,0.17365552222843786,0.9996204912749671,-0.018270179011161347,0.02061732237932848,0.02347461423027546,0.1732924028030785,-0.9845906182863389
6.067,0.015964550897479057,Empty,0.57438,0.08363,0.08483,1.55618,0.17453,0.02095,0.71015,0.69856,0.0694,-0.05374,0.014407334701844299,0.9847006168874328,0.173658065773803,0.9996204258640968,-0.018263261684658527,0.02062662037075426,0.02348260850226303,0.17329497504009492,-0.9845899749254927
6.133,0.015964550897479057,Empty,0.57438,0.08362,0.08483,1.55615,0.17455,0.02094,0.71015,0.69855,0.0694,-0.05375,0.014416334263085973,0.9847008948182673,0.17365574292409186,0.9996204398016963,-0.018271013887564747,0.020619078111874592,0.02347649115771228,0.17329257859361358,-0.984590542594889
6.2,0.015964550897479057,Empty,0.57438,0.08363,0.08483,1.55615,0.17453,0.02095,0.71015,0.69855,0.0694,-0.05374,0.014409844163150332,0.9847011469565516,0.17365485185748636,0.9996203688589274,-0.0182658190260801,0.020627118500862143,0.023483495343237126,0.17329169350479062,-0.9845905313421949
6.267,0.015964550897479057,Empty,0.57438,0.08362,0.08483,1.55615,0.17453,0.02095,0.71015,0.69855,0.0694,-0.05374,0.014409227543694725,0.9847009226189203,0.17365617511347115,0.9996204053843419,-0.018265035648141414,0.020626042083147375,0.02348231889821941,0.17329305083072036,-0.9845903205054087
6.333,0.015964550897479057,Empty,0.57438,0.08363,0.08483,1.55618,0.17455,0.02094,0.71015,0.69856,0.0694,-0.05375,0.014409215082231974,0.9847011302697914,0.17365499867872952,0.9996205554117691,-0.018263892757225897,0.020619782239859094,0.02347593915013074,0.17329199135201867,-0.9845906591138632
6.4,0.015964550897479057,Empty,0.57438,0.08362,0.08483,1.55615,0.17454,0.02095,0.71016,0.69855,0.0694,-0.05374,0.014417809333887921,0.9847012502277328,0.1736536051279995,0.9996202644151602,-0.018273558953528612,0.020625324572911205,0.023483052284097757,0.17329029067755483,-0.9845907888114286
6.467,0.015964550897479057,Empty,0.57438,0.08363,0.08483,1.55618,0.17455,0.02094,0.71015,0.69856,0.0694,-0.05375,0.014404194205732357,0.9847014739591599,0.1736534663401263,0.9996206532733416,-0.018258728663270052,0.020619611465277993,0.023474853325665117,0.17329058257810467,-0.9845909329518933
6.533,0.015964550897479057,Empty,0.57438,0.08362,0.08483,1.55615,0.17455,0.02094,0.71015,0.69855,0.0694,-0.05375,0.014416868671635996,0.9847007641658008,0.1736564394112487,0.999620322501327,-0.018272363561124993,0.020623568368078646,0.023481157127525524,0.17329317869200148,-0.9845903257085025
6.6,0.015964550897479057,Empty,0.57438,0.08363,0.08483,1.55618,0.17453,0.02095,0.71015,0.69856,0.0694,-0.05374,0.014401078086828611,0.9847007212465808,0.1736579929816095,0.9996205274459204,-0.018257015310388758,0.020627227169344522,0.023482122107607396,0.17329504023029604,-0.9845899750520029
6.667,0.015964550897479057,Empty,0.57438,0.08362,0.08483,1.55615,0.17455,0.02097,0.71015,0.69855,0.06941,-0.05374,0.014410187446255274,0.9847006509358205,0.17365763600928869,0.9996200603322137,-0.01826845496992574,0.020639731937049585,0.02349641417717321,0.17329423417870135,-0.9845897759581054
6.733,0.015964550897479057,Empty,0.57438,0.08363,0.08483,1.55618,0.17455,0.02094,0.71015,0.69856,0.0694,-0.05375,0.014406645964644638,0.9847010482322843,0.1736556770229234,0.9996205806181062,-0.018261464574514774,0.020620710858598804,0.023476442591874692,0.17329271341240596,-0.9845905200241346
6.8,0.015964550897479057,Empty,0.57438,0.08363,0.08483,1.55618,0.17453,0.02095,0.71015,0.69856,0.0694,-0.05374,0.01439850114773411,0.9847010870173984,0.17365613260536672,0.9996204484755056,-0.01825529561960998,0.020632575492874047,0.023487063552670932,0.17329314299358384,-0.984590191113581
6.867,0.015964550897479057,Empty,0.57438,0.08362,0.08483,1.55615,0.17453,0.02095,0.71015,0.69855,0.0694,-0.05374,0.014411153082834971,0.9847007286431417,0.17365711524866656,0.9996202358639439,-0.018267997347087894,0.02063163406614961,0.02348835281870156,0.17329384086744778,-0.9845900375279408
6.933,0.015964550897479057,Empty,0.57438,0.08363,0.08483,1.55618,0.17455,0.02097,0.71015,0.69856,0.06941,-0.05374,0.01440295940718267,0.9847004144373198,0.17365957666447762,0.9996202483385227,-0.018260760247415297,0.020637435567847667,0.023492847250720813,0.1732963890049557,-0.9845894818074676
7.0,0.01596488058567047,Empty,0.57438,0.08361,0.08483,1.55615,0.17454,0.02095,0.71016,0.69855,0.0694,-0.05374,0.01443506617365159,0.9847007542244139,0.1736549840759898,0.999619654097021,-0.01829324474226174,0.02063744993334274,0.023498425639046895,0.17329103215882147,-0.9845902915252702
7.067,0.01443845871835947,Grasping,0.57438,0.08363,0.08483,1.55618,0.17453,0.02095,0.71015,0.69856,0.0694,-0.05374,0.01440327217278875,0.9847005181827078,0.17365896245637014,0.9996203830882263,-0.018260027978923177,0.020631555752208347,0.023486921153359135,0.17329587666449353,-0.9845897133658368
7.133,0.01443845871835947,Grasping,0.57439,0.08361,0.08484,1.55615,0.17454,0.02098,0.71016,0.69855,0.06941,-0.05373,0.014420155175480454,0.9847004955929696,0.17365768944586052,0.9996195288933045,-0.01828112913448049,0.020654243454954535,0.023512902412146878,0.17329378031691833,-0.9845894622245501
7.2,0.01280401460826397,Grasping,0.57439,0.08363,0.08484,1.55618,0.17455,0.021,0.71015,0.69856,0.06942,-0.05373,0.014391329136606679,0.9847002083206874,0.17366170959332483,0.9996197022237711,-0.018254614037809425,0.020669300723292358,0.02352319220984129,0.17329820772161794,-0.9845884371800908
7.267,0.01280401460826397,Grasping,0.5744,0.08362,0.08485,1.55616,0.17455,0.02102,0.71015,0.69855,0.06943,-0.05372,0.01440238647575337,0.9846999869314796,0.173662048245857,0.9996188729757614,-0.018270441610953758,0.02069540417602747,0.023551646534190347,0.17329779773697068,-0.9845878291168566
7.333,0.01280401460826397,Grasping,0.5744,0.08363,0.08485,1.55619,0.17455,0.02102,0.71015,0.69856,0.06943,-0.05372,0.014398011291882895,0.9846998608173747,0.17366312612953255,0.9996190297308729,-0.018265466553727516,0.02069222393758796,0.023547668053279614,0.17329903876772595,-0.9845877058400817
7.4,0.011190913617610931,Grasping,0.5744,0.08362,0.08485,1.55616,0.17455,0.02102,0.71015,0.69855,0.06943,-0.05372,0.014411933840478008,0.98469987720945,0.17366187833451519,0.9996186835310006,-0.0182802202051654,0.02069591952535796,0.02355384679255394,0.1732973899773016,-0.9845878482534343
7.467,0.011190913617610931,Grasping,0.5744,0.08362,0.08485,1.55616,0.17455,0.02102,0.71015,0.69855,0.06943,-0.05372,0.0144075784251399,0.9847005422339907,0.17365846886348002,0.9996185167648702,-0.018277548561689005,0.020706331383805163,0.02356358683911052,0.1732938929756612,-0.9845882306998268
7.533,0.009375558234751225,Grasping,0.57441,0.08362,0.08485,1.55616,0.17455,0.02102,0.71015,0.69855,0.06943,-0.05372,0.014411084057340262,0.9846994993655729,0.17366409129547394,0.9996183811617065,-0.018281744178698545,0.02070917365404655,0.023567195419504198,0.17329937616441402,-0.9845871792386308
7.6,0.009375558234751225,Grasping,0.5744,0.08362,0.08485,1.55619,0.17455,0.02102,0.71015,0.69856,0.06943,-0.05372,0.014395675261747232,0.9847008139907317,0.1736579150506789,0.9996189402327239,-0.01826396303681732,0.02069787385688432,0.023552894976287906,0.17329378113533175,-0.9845885062085864
7.667,0.009375558234751225,Grasping,0.57441,0.08362,0.08485,1.55616,0.17453,0.02104,0.71015,0.69855,0.06943,-0.05371,0.0144078678625148,0.9846999647828261,0.17366171915640352,0.9996183387639725,-0.018279180117460603,0.020713483072368977,0.023570959895858924,0.17329700208294055,-0.9845875069889182
7.733,0.007760158274322748,Grasping,0.57441,0.08362,0.08485,1.55619,0.17454,0.02104,0.71015,0.69856,0.06943,-0.05371,0.014397517251859338,0.9847003571869998,0.17366035256435852,0.9996184826686785,-0.018268998185745955,0.020715521052047645,0.023571181645200258,0.17329584605836373,-0.984587705151128
7.8,0.007760158274322748,Grasping,0.5744,0.08362,0.08485,1.55616,0.17453,0.02104,0.71015,0.69855,0.06943,-0.05371,0.014406951149752878,0.9847009676350607,0.17365610872394893,0.999618461894251,-0.018277351281979715,0.020709154262961632,0.023566297943051477,0.17329149652735543,-0.9845885876002063
7.867,0.006162160076200962,Grasping,0.57441,0.08362,0.08485,1.55619,0.17454,0.02104,0.71015,0.69856,0.06943,-0.05371,0.014397772447596435,0.9847004862127263,0.17365959979502407,0.9996183688890916,-0.01827004302834817,0.020720089460568414,0.0235758505267336,0.17329500275588736,-0.9845877417943908
7.934,0.006162160076200962,Grasping,0.57441,0.08362,0.08486,1.55616,0.17455,0.02105,0.71015,0.69855,0.06944,-0.05371,0.014401269879238343,0.9847001087084771,0.17366145034341685,0.9996180841709172,-0.018275247838127562,0.020729233341350684,0.023585784369625905,0.17329659900289077,-0.9845872229262885
8.0,0.006162160076200962,Grasping,0.57441,0.08362,0.08486,1.55616,0.17455,0.02105,0.71015,0.69855,0.06944,-0.05371,0.014400882020948302,0.9847003362589279,0.1736601922392496,0.9996181366414497,-0.01827449496888872,0.020727366719106036,0.023583797287438334,0.17329538541226777,-0.9845874841273976
8.067,0.004148163367062807,Grasping,0.57441,0.08362,0.08486,1.55616,0.17455,0.02105,0.71015,0.69855,0.06944,-0.05371,0.014402247795624656,0.9846998908587585,0.17366260449844184,0.9996180749646806,-0.018276199152560513,0.02072883856953199,0.0235855774222128,0.17329773653249123,-0.9845870276671209
8.133,0.004148163367062807,Grasping,0.57441,0.08362,0.08486,1.55616,0.17455,0.02105,0.71015,0.69855,0.06944,-0.05371,0.014398357992812805,0.9847002124179327,0.17366110373710358,0.9996179295040983,-0.018273817741929377,0.020737950696098142,0.023594115814114493,0.17329616051492028,-0.9845871004892034
8.2,0.004148163367062807,Grasping,0.57441,0.08362,0.08486,1.55619,0.17455,0.02105,0.71015,0.69856,0.06944,-0.05371,0.014396268344627372,0.9847003915869432,0.17366026104515192,0.9996179366383972,-0.01827191109678855,0.020739286768457432,0.02359508865299589,0.17329534348444534,-0.9845872209804802
8.267,0.0025147050619125366,Grasping,0.57442,0.08362,0.08487,1.55616,0.17455,0.02108,0.71015,0.69855,0.06945,-0.0537,0.014398090046493561,0.9847001561075792,0.1736614452454018,0.9996174056693752,-0.018277435127134534,0.020760001156104782,0.023616462178767134,0.1732960989949919,-0.9845865755672666
8.334,0.0025147050619125366,Grasping,0.57442,0.08362,0.08487,1.55616,0.17455,0.02108,0.71015,0.69855,0.06945,-0.0537,0.01439709984319032,0.9847001676464682,0.17366146191116372,0.9996172101465668,-0.01827799958344406,0.02076891691982348,0.023625340101258177,0.17329597389508206,-0.9845863845985555
8.4,0.0009721950045786798,Grasping,0.57443,0.08361,0.08487,1.55616,0.17453,0.02109,0.71015,0.69855,0.06945,-0.05369,0.01439550921611793,0.9847009452065876,0.17365718477408726,0.9996172163199933,-0.018276465922464735,0.020769969428299354,0.02362604814767327,0.1732917173515163,-0.9845871167887004
8.467,0.0009721950045786798,Grasping,0.57442,0.08362,0.08486,1.55616,0.17453,0.02107,0.71015,0.69855,0.06944,-0.0537,0.014399896841152227,0.9847009788452981,0.1736566302565954,0.9996177286122707,-0.018276551214019332,0.0207452240230296,0.02360168669838097,0.17329151720968067,-0.9845877362877106
8.533,0.00041566998697817326,Grasping,0.57442,0.08362,0.08486,1.55616,0.17455,0.02108,0.71015,0.69855,0.06945,-0.0537,0.014397165266531509,0.9847005515468044,0.17365927967058759,0.9996176062649251,-0.018275104463983116,0.020752392681604767,0.02360853399661196,0.17329409782289099,-0.9845871179241993
8.6,0.00041566998697817326,Grasping,0.57442,0.08362,0.08486,1.55616,0.17453,0.02107,0.71015,0.69855,0.06944,-0.0537,0.014397672359354907,0.9847011566697533,0.17365580636386008,0.9996175939560703,-0.01827556730770047,0.02075257798585403,0.023608745924125443,0.1732906105154908,-0.9845877266262556
8.667,0.00041566998697817326,Grasping,0.57441,0.08361,0.08486,1.55616,0.17453,0.02107,0.71015,0.69855,0.06944,-0.0537,0.014397951163199307,0.9847010964719097,0.17365612459490404,0.9996177951542857,-0.018274341964074514,0.020743963860955977,0.02360005536406033,0.17329108180399472,-0.9845878520243961
8.733,0.00041566998697817326,Grasping,0.57442,0.08362,0.08486,1.55616,0.17453,0.02107,0.71015,0.69855,0.06944,-0.0537,0.014400649697856649,0.9847007384428776,0.1736579309974961,0.9996176667709676,-0.01827769432433407,0.020747196667335474,0.023603846458713367,0.1732927626885719,-0.9845874653031673
8.8,0.0004022083303425461,Grasping,0.57441,0.08362,0.08486,1.55619,0.17454,0.02107,0.71015,0.69856,0.06944,-0.0537,0.014396834546417159,0.9847009172546729,0.17365723340203537,0.9996177973871381,-0.01827336755173481,0.02074471463304023,0.02360064198131393,0.1732922029294022,-0.9845876406404585
8.867,0.0004022083303425461,Grasping,0.57442,0.08362,0.08486,1.55616,0.17453,0.02107,0.71015,0.69855,0.06944,-0.0537,0.014404596068981257,0.9847005956915834,0.17365841314698965,0.9996175439928003,-0.018282074164010398,0.020749253144708865,0.023606637920107854,0.17329311183339832,-0.9845873369271038
8.934,0.00039465667214244604,Grasping,0.57442,0.08362,0.08486,1.55616,0.17453,0.02107,0.71015,0.69855,0.06944,-0.0537,0.014400989199694236,0.9847005189121356,0.17365914765494256,0.9996177126632602,-0.01827768138976954,0.020744996815764152,0.023601695700569667,0.17329401148679358,-0.9845872970655637
9.0,0.00039465667214244604,Grasping,0.57442,0.08362,0.08486,1.55616,0.17453,0.02107,0.71015,0.69855,0.06944,-0.0537,0.01440712489497259,0.9847004228844229,0.17365918323975643,0.9996176233473564,-0.018283730221528904,0.020743970270145975,0.02360173395416135,0.17329391905206884,-0.9845873124177112
