time,gr,gr_state,tx,ty,tz,rx,ry,rz,qw,qx,qy,qz,xx,xy,xz,yx,yy,yz,zx,zy,zz
0.0,0.015853246673941612,Empty,0.3071,0.00102,0.48496,0.0041,-0.00077,-0.00252,1.0,0.00205,-0.00039,-0.00126,0.9999912423294656,0.004110877664657231,-0.0007848243102602293,0.0041088923349413276,-0.9999883965256278,-0.0025147202396298947,-0.0007951529108372299,0.0025114734579458472,-0.9999965301104392
0.067,0.015853246673941612,Empty,0.3071,0.00102,0.48497,0.00412,-0.00075,-0.00252,1.0,0.00206,-0.00038,-0.00126,0.9999912548323449,0.004113118143139638,-0.0007566491738294921,0.00411120128864928,-0.9999883795520126,-0.002517694362795006,-0.0007669959555895772,0.0025145616080771965,-0.9999965443425909
0.133,0.015853246673941612,Empty,0.3071,0.00102,0.48497,0.00412,-0.00077,-0.00252,1.0,0.00206,-0.00039,-0.00126,0.999991236936912,0.004114994687083262,-0.0007699792916312852,0.00411304771603066,-0.9999883829451757,-0.0025133271133011502,-0.0007803126744576969,0.0025101381272902615,-0.9999965451533878
0.2,0.015853246673941612,Empty,0.30712,0.00107,0.48494,0.00416,-0.00087,-0.00248,1.0,0.00208,-0.00044,-0.00124,0.9999909790416405,0.004157578159437458,-0.0008697006320427548,0.004155413117838347,-0.9999882994827619,-0.0024765781622139464,-0.0008799870233728286,0.002472941855690489,-0.9999965550847747
0.267,0.015853246673941612,Empty,0.30716,0.00123,0.48497,0.00358,-0.00092,-0.0024,1.0,0.00179,-0.00046,-0.0012,0.9999931958321615,0.003575947802592072,-0.0009060279760118978,0.0035737593812708024,-0.9999907205855615,-0.0024056156498224826,-0.0009146219245996799,0.00240236135563088,-0.9999966960578679
0.333,0.015853246673941612,Empty,0.30768,0.00121,0.48605,0.00376,-0.00204,-0.00248,1.0,0.00188,-0.00102,-0.00124,0.9999908643417423,0.00375501615245466,-0.002042323860204351,0.003749944998133359,-0.9999898906823621,-0.0024812185692350383,-0.002051620229509129,0.002473537299525985,-0.9999948362204986
0.4,0.015853246673941612,Empty,0.30844,0.00077,0.48711,0.00371,-0.00387,-0.00343,0.99999,0.00185,-0.00194,-0.00171,0.9999856737881782,0.0037035433151882957,-0.0038647102499410886,0.003690332709728461,-0.9999873430709544,-0.003419816133193108,-0.0038773267717570285,0.0034055050735338106,-0.9999866843474962
0.467,0.015852918848395348,Empty,0.30941,0.00018,0.48846,0.00334,-0.00707,-0.00469,0.99999,0.00166,-0.00354,-0.00234,0.9999693602261187,0.0033373725020746647,-0.007080999488022854,0.003304163461967047,-0.9999835129965798,-0.004696407013373419,-0.007096556403184767,0.004672866336741942,-0.999963900952137
0.533,0.015852918848395348,Empty,0.31041,3e-05,0.48912,0.00274,-0.00787,-0.00583,0.99999,0.00136,-0.00394,-0.00291,0.999965287705843,0.002733301529120269,-0.007870987620436361,0.0026873934240733144,-0.9999793519784379,-0.005837253923496208,-0.007886780075189384,0.005815898858648824,-0.9999519858575767
0.6,0.015853246673941612,Empty,0.31077,-0.00059,0.48841,0.0016,-0.00995,-0.00811,0.99998,0.00078,-0.00498,-0.00405,0.9999491055778531,0.001607783731340795,-0.00995998421311507,0.001527142542529225,-0.9999660377451027,-0.008098838930059785,-0.00997266713106707,0.008083216428717612,-0.9999176003663799
0.667,0.015853246673941612,Empty,0.31092,-0.00199,0.48708,-0.00052,-0.011,-0.01522,0.99996,-0.0003,-0.0055,-0.00761,0.99993920650516,-0.0005240159089621166,-0.01101402293256013,-0.0006916245239268481,-0.9998839382419134,-0.015219451414538397,-0.011004769391028006,0.015226143739264604,-0.9998235142251266
0.734,0.015853246673941612,Empty,0.31119,-0.0034,0.485,-0.00471,-0.01143,-0.02249,0.99992,-0.00242,-0.00569,-0.01126,0.9999236259275264,-0.004713785471638365,-0.011424646098489928,-0.004969818533425707,-0.9997347873530623,-0.022486793009937122,-0.011315618219663896,0.022541854019896182,-0.9996818601943582
0.8,0.015853246673941612,Empty,0.31192,-0.00395,0.48252,-0.00819,-0.0088,-0.03001,0.99987,-0.00416,-0.00434,-0.01502,0.999927587581763,-0.008196222184405522,-0.008811443401571053,-0.008457216962758807,-0.9995140445277018,-0.03000250444745258,-0.008561254239891217,0.030074852182154544,-0.9995109845279645
0.867,0.015853246673941612,Empty,0.31277,-0.00389,0.47912,-0.00972,-0.00693,-0.03447,0.99983,-0.00492,-0.00338,-0.01725,0.9999287028871283,-0.00972403676107031,-0.006930530393451753,-0.00995733849831032,-0.9993563504277342,-0.03446354987214073,-0.006590944734654669,0.03453010235763597,-0.9993819247308185
0.933,0.015853246673941612,Empty,0.31392,-0.00296,0.47709,-0.01191,-0.00466,-0.0404,0.99978,-0.006,-0.00221,-0.02021,0.9999181139374922,-0.011917103606889523,-0.004663481672647546,-0.012095865693263097,-0.9991106713029777,-0.040392530517949624,-0.004177972333441047,0.04044563178064612,-0.9991730057487769
1.0,0.015853246673941612,Empty,0.31569,-0.00182,0.4758,-0.01243,-0.00319,-0.04711,0.9997,-0.00625,-0.00145,-0.02356,0.9999175551892893,-0.012437610607723082,-0.0031919690859261787,-0.012574166330747705,-0.9988116629286787,-0.04708664713837632,-0.0026025305688005306,0.04712290143887504,-0.9988857086747315
1.067,0.015853246673941612,Empty,0.31806,-0.00188,0.47485,-0.01231,-0.00055,-0.05302,0.99963,-0.00616,-0.00011,-0.02651,0.9999240174288935,-0.012315105399174797,-0.0005454794859000231,-0.012326705841968488,-0.9985179984192627,-0.05300810462442879,0.00010812931102057744,0.053010800897515455,-0.9985939331361152
1.133,0.015853246673941612,Empty,0.32073,-0.00222,0.47363,-0.01438,-0.00028,-0.05835,0.99955,-0.00719,7e-05,-0.02917,0.9998965166123523,-0.014383188774104994,-0.0002827493097747706,-0.014375203412256121,-0.9981951562811016,-0.05830766247933092,0.0005564111249580398,0.05830569318373442,-0.9982986209291407
1.2,0.015853246673941612,Empty,0.32437,-0.00251,0.47384,-0.01446,-0.00291,-0.06217,0.99949,-0.00727,-0.00123,-0.03109,0.9998912118161492,-0.014458475229303547,-0.002918394571785596,-0.014611896175831751,-0.9979613803512837,-0.06212548444484613,-0.002014205297314635,0.06216136920470555,-0.9980640796840734
1.267,0.015853246673941612,Empty,0.32955,-0.0032,0.4755,-0.01276,-0.00525,-0.06338,0.99947,-0.00646,-0.00242,-0.0317,0.9999048955706505,-0.012755484973925924,-0.005243797948613287,-0.013062176791252766,-0.9979063670586203,-0.0633424196044017,-0.004424856079014017,0.06340489087559402,-0.9979780761428249
1.333,0.015853246673941612,Empty,0.33613,-0.00381,0.47878,-0.01236,-0.00759,-0.06539,0.99944,-0.0063,-0.00359,-0.03271,0.9998946953107488,-0.012367798382383444,-0.00759182801424494,-0.012837724983451093,-0.9977807137834063,-0.06533636062045192,-0.006766912639781693,0.06542694219546853,-0.9978344171896839
1.4,0.015853246673941612,Empty,0.34258,-0.00396,0.48167,-0.0116,-0.00846,-0.06783,0.9994,-0.00594,-0.00403,-0.03393,0.9998969460538859,-0.011604201829826966,-0.008452205156341833,-0.01215069652258094,-0.9976272122553724,-0.06776655474192556,-0.0076457730889943586,0.06786227131084616,-0.9976654019692195
1.467,0.015853246673941612,Empty,0.34804,-0.00382,0.48291,-0.01132,-0.00948,-0.06984,0.99936,-0.00582,-0.00454,-0.03494,0.9998908455072906,-0.011324196045138235,-0.009489976535605831,-0.011959387251482045,-0.9974899831617823,-0.06979044740131626,-0.008675835826256742,0.06989632376483103,-0.9975165330945034
1.533,0.015853246673941612,Empty,0.35215,-0.00311,0.4815,-0.01055,-0.01056,-0.07124,0.99934,-0.00546,-0.00509,-0.03564,0.9998884427243317,-0.010557975641448114,-0.010565569396163328,-0.011283878704570705,-0.9973993591147885,-0.07118421537665066,-0.009786530932413615,0.07129549486302371,-0.9974072268760364
1.6,0.015853246673941612,Empty,0.35556,-0.00242,0.47914,-0.00967,-0.0111,-0.07234,0.99932,-0.00503,-0.00537,-0.03619,0.9998916838850069,-0.009672104767674217,-0.011093731877457748,-0.010449175302541192,-0.997330258093826,-0.0722715090889827,-0.010365096868942247,0.07237960126904043,-0.997323296673166
1.667,0.015853246673941612,Empty,0.35932,-0.00198,0.47744,-0.00818,-0.01253,-0.07429,0.99928,-0.00432,-0.00611,-0.03716,0.9998878625245583,-0.00818702217785472,-0.012539339852203447,-0.009095728779858425,-0.9972008030570977,-0.07421472967169603,-0.011896642132677366,0.07432046185364417,-0.9971634464097789
1.733,0.015853246673941612,Empty,0.3636,-0.00151,0.47673,-0.0078,-0.0144,-0.07544,0.99925,-0.00417,-0.00705,-0.03774,0.9998657814589076,-0.007792688760756561,-0.014411560271044007,-0.008857630855028498,-0.9971161540181475,-0.07537186326271852,-0.013782650079139614,0.07548939924211788,-0.9970513473030667
1.8,0.015853246673941612,Empty,0.3689,-0.00088,0.47686,-0.00704,-0.0149,-0.07615,0.99924,-0.0038,-0.00731,-0.03809,0.9998642099709736,-0.007045924337486131,-0.014896864413394328,-0.00815943597966895,-0.9970698904437594,-0.07605956333665698,-0.014317305040206547,0.07617078521782268,-0.9969919890629443
1.867,0.015853246673941612,Empty,0.37542,0.00011,0.4783,-0.00613,-0.01633,-0.07827,0.9992,-0.00338,-0.00804,-0.03915,0.9998480547683599,-0.006118512134803744,-0.016322719907617245,-0.007376867276036203,-0.9969118767086632,-0.07818114802433573,-0.015793961033192732,0.07828967931003174,-0.9968055361545772
1.933,0.015853246673941612,Empty,0.38175,0.00089,0.47935,-0.00566,-0.01668,-0.07918,0.99918,-0.00316,-0.00822,-0.0396,0.9998448508800047,-0.005654985797850731,-0.016682185239567132,-0.0069575336100388685,-0.9968435613391946,-0.07908544077550933,-0.01618230190072786,0.07918923760346176,-0.9967282466916327
2.0,0.015853246673941612,Empty,0.3881,0.0017,0.47981,-0.00526,-0.01893,-0.08104,0.99913,-0.00301,-0.00935,-0.04053,0.9998068737310687,-0.00526104783593212,-0.018935063131006645,-0.0067775400937518104,-0.9966960981630114,-0.08093795683674204,-0.01844668507848409,0.08105065874067137,-0.9965392669269577
2.067,0.015853246673941612,Empty,0.39419,0.0028,0.48008,-0.00549,-0.01809,-0.08406,0.99907,-0.00312,-0.00892,-0.04204,0.9998214193966859,-0.0054891649564767775,-0.018083096628522012,-0.006989005581456653,-0.9964453242550979,-0.08395159064088428,-0.017557992954157425,0.08406298137844527,-0.9963057422524418
2.133,0.015853246673941612,Empty,0.39952,0.00356,0.47816,-0.00561,-0.0172,-0.08596,0.99903,-0.00317,-0.00847,-0.04299,0.9998362192911572,-0.005610839342112484,-0.017206192938640466,-0.007068087384868915,-0.9962840619501965,-0.0858376959426149,-0.016660634270176406,0.0859452522591792,-0.9961605477430944
2.2,0.015853246673941612,Empty,0.40414,0.00444,0.47527,-0.00648,-0.01326,-0.08887,0.99898,-0.00353,-0.00648,-0.04444,0.9998912125007784,-0.006469218755458084,-0.013255654356433298,-0.007620679128232111,-0.9960254226181848,-0.08874278983608372,-0.012628872212027763,0.08883415281838865,-0.9959663673436425
2.267,0.015853246673941612,Empty,0.40845,0.00564,0.47158,-0.00776,-0.00923,-0.09248,0.99891,-0.00409,-0.00443,-0.04624,0.9999272418302492,-0.0077581087510388835,-0.009237033850595676,-0.008578245541411345,-0.995690606720073,-0.09233974979847087,-0.008480846018013181,0.09241226887172503,-0.9956847130556933
2.333,0.015853246673941612,Empty,0.41213,0.00714,0.4678,-0.00928,-0.00186,-0.09425,0.99888,-0.00468,-0.00071,-0.04711,0.999955117900858,-0.009290347233493812,-0.0018578568735214268,-0.009423955130845152,-0.9955182831922176,-0.09409854887144257,-0.0009753222919615033,0.09411183389085859,-0.9955611540574123
2.4,0.015853246673941612,Empty,0.41572,0.00907,0.46412,-0.01014,0.00392,-0.0963,0.99883,-0.00497,0.0022,-0.04812,0.9999409361914992,-0.01013561061392726,0.003923458417109213,-0.009711507598676006,-0.9953195544212099,-0.09614921324131917,0.0048796258697568875,0.09610543160636996,-0.9953591991171449
2.467,0.015853246673941612,Empty,0.41955,0.01147,0.46065,-0.01146,0.01045,-0.09734,0.99879,-0.00547,0.0055,-0.04862,0.9998796018288926,-0.011457365327907754,0.010464732497214718,-0.010386756418962029,-0.995212234068418,-0.09718397219522136,0.011528102080939354,0.09706357679526993,-0.9952114171984363
2.534,0.015853246673941612,Empty,0.4238,0.014,0.45724,-0.01319,0.01554,-0.09683,0.99878,-0.00621,0.00808,-0.04834,0.9997921254277363,-0.013188437104013129,0.015548989016742405,-0.011625306632438714,-0.9952499632644187,-0.09665589929163745,0.016749870996251526,0.09645504522277143,-0.9951963957293464
2.6,0.015853246673941612,Empty,0.42811,0.01705,0.45393,-0.01515,0.01973,-0.09669,0.99876,-0.00709,0.01022,-0.04825,0.9996904882412987,-0.015151712276259666,0.01973203828729376,-0.013179044526000994,-0.9952431236368195,-0.09652687521622193,0.02110072286097041,0.09623694960213482,-0.995134769278021
2.667,0.015853246673941612,Empty,0.43268,0.02025,0.45032,-0.01732,0.02425,-0.0976,0.9987,-0.00806,0.01253,-0.04867,0.9995563065571393,-0.017310452010467936,0.024239188786826293,-0.014871389250350309,-0.9951321836794803,-0.09742062813938968,0.02580759197629016,0.09701693283392322,-0.9949480805247495
2.733,0.015853246673941612,Empty,0.43677,0.02306,0.44624,-0.01802,0.02824,-0.09745,0.99868,-0.00831,0.01454,-0.04857,0.9994391440998425,-0.01800142139348998,0.028237316954492907,-0.015176444761652252,-0.9951442698254516,-0.09724997561935571,0.029850841954139385,0.09676689031576229,-0.9948593348676213
2.8,0.015853246673941612,Empty,0.44099,0.02602,0.44147,-0.02138,0.03481,-0.09841,0.99859,-0.00982,0.01791,-0.04899,0.9991660339024793,-0.021362367450356745,0.03479778660353558,-0.01785334636881275,-0.9950062864962406,-0.09820258579281853,0.03672185614895394,0.09749943122847748,-0.9945578747318321
2.867,0.015853246673941612,Empty,0.44485,0.02869,0.43603,-0.02259,0.04212,-0.10073,0.99846,-0.01022,0.0216,-0.05009,0.998857855420668,-0.022573514447165988,0.042112006719311146,-0.018245797231217553,-0.9947737595975579,-0.10046023143282719,0.04415965973398133,0.09957712418845753,-0.9940494559077709
2.933,0.015853246673941612,Empty,0.44821,0.03031,0.43026,-0.02282,0.04721,-0.1019,0.99837,-0.01019,0.02415,-0.05064,0.9986259497885864,-0.02278948047281637,0.047189532617125815,-0.017897238139341687,-0.9946627198674627,-0.101615759470885,0.049253439228416726,0.10063157201216812,-0.9937038721060377
3.0,0.015853246673941612,Empty,0.45158,0.03103,0.42512,-0.02432,0.05052,-0.10376,0.99828,-0.01083,0.02585,-0.05153,0.9984287975326196,-0.02429316376896895,0.05049533098872828,-0.018964485619337335,-0.9944538439362476,-0.10344999065062865,0.05272840356734801,0.10232983179168847,-0.9933520629579039
3.067,0.015853246673941612,Empty,0.45541,0.03116,0.42104,-0.02542,0.05429,-0.10523,0.99819,-0.01126,0.02777,-0.05222,0.9982041976876624,-0.025383490992913538,0.054259175295454834,-0.01958369581187236,-0.9942932025969453,-0.10486899507412997,0.0566114703666868,0.1036180759062941,-0.9930047511308289
3.133,0.015853246673941612,Empty,0.45934,0.03117,0.4174,-0.02772,0.05856,-0.10638,0.99808,-0.01228,0.02997,-0.05273,0.9979020966465664,-0.027670663721875266,0.05852982041300454,-0.021349152366789748,-0.994137086334532,-0.10599843049548922,0.06111971205435501,0.10452649397869594,-0.9926422280232261
3.2,0.015853246673941612,Empty,0.46294,0.03154,0.41346,-0.03009,0.06429,-0.10791,0.99794,-0.01328,0.0329,-0.05341,0.9974827695715907,-0.03001607958685021,0.06424297139785248,-0.02298783207150429,-0.9939423732563057,-0.10747147631941639,0.06707968384273831,0.10572413921077076,-0.9921303958672468
3.267,0.015853246673941612,Empty,0.46607,0.0325,0.40867,-0.03205,0.07025,-0.10826,0.99782,-0.01409,0.03593,-0.0535,0.9970209238778416,-0.031960098146178895,0.07019850052716081,-0.024270080260809623,-0.9938774775088679,-0.10778925226915577,0.07321366371046477,0.10576441663951275,-0.9916923149944213
3.333,0.015853246673941612,Empty,0.46901,0.03416,0.40421,-0.03345,0.07533,-0.1083,0.99772,-0.01465,0.0385,-0.05345,0.9966056255489935,-0.03335348318372422,0.07526468151538294,-0.02512173497185316,-0.9938571625750638,-0.1077814401010062,0.07839722926292088,0.10552481015266427,-0.991321536579399
3.4,0.015853246673941612,Empty,0.47177,0.03648,0.39956,-0.03426,0.07938,-0.10809,0.99764,-0.01495,0.04054,-0.05329,0.9962659476105358,-0.03415167534659275,0.07929580507632412,-0.025510058072940878,-0.9938732042204099,-0.10754204233587168,0.0824827167884077,0.10511763412328193,-0.991033240828746
3.467,0.015853246673941612,Empty,0.47484,0.03898,0.3953,-0.03644,0.08449,-0.10834,0.99752,-0.01589,0.04315,-0.05332,0.995770678401973,-0.03630785795312691,0.08439487831456352,-0.027104260232146016,-0.9938086263857004,-0.10774865752590712,0.0877844810438756,0.10500549305737618,-0.9905895877282552
3.533,0.015853246673941612,Empty,0.47795,0.04155,0.39082,-0.03993,0.09198,-0.10852,0.99732,-0.01742,0.04698,-0.05325,0.9949793141865366,-0.03974125419888919,0.09185203892994542,-0.02973411806034676,-0.9937216350218083,-0.10785728678563028,0.0955617421569022,0.1045846298663605,-0.9899141420505386
3.6,0.015853246673941612,Empty,0.48035,0.04414,0.38494,-0.04195,0.10073,-0.10909,0.99709,-0.01817,0.0514,-0.05338,0.9940552631997466,-0.04171523696917301,0.10056824901273956,-0.03074032733006382,-0.9936419084847001,-0.10830877147545723,0.1044469529499218,0.10457340344221384,-0.9890173089041407
3.667,0.015853246673941612,Empty,0.48206,0.04676,0.37803,-0.04395,0.10976,-0.11082,0.99679,-0.01887,0.05597,-0.05408,0.9930220650105884,-0.043681969989494085,0.10954023872506169,-0.03157504505850167,-0.9934387962263729,-0.1099198557215592,0.11362303873625344,0.10569410414082579,-0.9878859050610088
3.733,0.015853246673941612,Empty,0.48342,0.0495,0.37006,-0.04734,0.11997,-0.11174,0.99644,-0.02024,0.06116,-0.05431,0.991699402707696,-0.04698660157145479,0.1196852285871755,-0.03370134244471856,-0.9932821192439393,-0.11070163100737163,0.12408269092271883,0.10574918847458739,-0.9866207959243222
3.8,0.015853246673941612,Empty,0.48442,0.05352,0.36161,-0.05418,0.12865,-0.11207,0.9961,-0.02339,0.06567,-0.05413,0.9902799314342938,-0.053710756513729974,0.1282996961540189,-0.039490181577852,-0.9930445894279981,-0.11091874939218571,0.13336484903241544,0.10477403324536581,-0.9855131754573656
3.867,0.015853246673941612,Empty,0.48517,0.05869,0.3533,-0.06068,0.13561,-0.11139,0.99581,-0.02645,0.0693,-0.05346,0.9889954520481745,-0.060086998403418246,0.1351944838034997,-0.04526639340469757,-0.9928840600644622,-0.11014625231046585,0.14085080566385935,0.1028143759052072,-0.9846777415231163
3.933,0.015853246673941612,Empty,0.4857,0.06529,0.34576,-0.06855,0.14149,-0.11074,0.99552,-0.03022,0.07243,-0.05275,0.9876827615395265,-0.0678009451639654,0.1410170003670768,-0.0525199384929918,-0.9926096684813721,-0.10939699309392578,0.14739205751446532,0.10064332005738401,-0.9839443599662938
4.0,0.015853246673941612,Empty,0.48614,0.07228,0.33923,-0.0755,0.14671,-0.10971,0.99525,-0.03357,0.07519,-0.05188,0.9864400175506829,-0.07462954193583415,0.14617292240718202,-0.05902720143340118,-0.9923626202769719,-0.10831536995257371,0.15314007073770483,0.09821843690198787,-0.983311373567387
4.067,0.015853246673941612,Empty,0.4864,0.07951,0.3337,-0.08271,0.1508,-0.10809,0.99502,-0.0371,0.07738,-0.05071,0.9852728098270278,-0.081682029559554,0.15021829536572726,-0.0659879829197616,-0.9921044018571474,-0.10665102871446218,0.15774370455182662,0.0951677564236119,-0.9828835240309821
4.133,0.015853246673941612,Empty,0.48694,0.08627,0.32944,-0.09004,0.15454,-0.10378,0.99485,-0.04081,0.07934,-0.04819,0.9840813404191738,-0.08883623187156403,0.1539221860085917,-0.07354438488770765,-0.9920258913601024,-0.1023516210066209,0.1617873261114434,0.08940220790369761,-0.9827675749289114
4.2,0.015853246673941612,Empty,0.48756,0.09318,0.32548,-0.09508,0.16242,-0.09606,0.99461,-0.04342,0.08321,-0.04395,0.9823808884162508,-0.09368206225473241,0.1617141344663419,-0.07905153404662046,-0.9923658520275145,-0.09466187561305403,0.1693477045589152,0.08021026705731485,-0.9822869580826272
4.267,0.015853246673941612,Empty,0.4875,0.10073,0.32103,-0.10232,0.16648,-0.08637,0.99449,-0.04733,0.08516,-0.03872,0.9810158175358188,-0.10074115007137546,0.1657081362722578,-0.08755122294129147,-0.9925200969341216,-0.08508020065424361,0.17303973273792597,0.06895707261897598,-0.9824979252038187
4.333,0.015853246673941612,Empty,0.48748,0.10867,0.31713,-0.10438,0.17487,-0.0741,0.99431,-0.0487,0.08907,-0.0323,0.9793902864340007,-0.10259314882037868,0.17398078242681178,-0.0910838584948594,-0.9931702408778472,-0.07291504204433895,0.18027311935065196,0.055565442945763655,-0.9820458665407776
4.4,0.015853246673941612,Empty,0.48629,0.11679,0.31155,-0.10372,0.18034,-0.06139,0.99427,-0.04884,0.09147,-0.02586,0.9784958823749371,-0.10185895240921694,0.17936153988352702,-0.09239892511604414,-0.9938913996002863,-0.0603516730338386,0.18441325010067175,0.042481050065653274,-0.9819302997528015
4.467,0.015853246673941612,Empty,0.48538,0.12488,0.30682,-0.10641,0.18568,-0.05154,0.99408,-0.05055,0.09391,-0.02069,0.9772512742473989,-0.10439440873670747,0.18461244380146347,-0.0966241240802046,-0.9940328011893882,-0.05062182143415439,0.18879545976418088,0.03163222382462927,-0.981506839909096
4.533,0.015853246673941612,Empty,0.48479,0.13393,0.30208,-0.1122,0.19218,-0.04484,0.99369,-0.05365,0.09702,-0.0169,0.9754177568288436,-0.10990731970849305,0.19099890245098916,-0.10334705677235256,-0.9936713787829363,-0.04400655455850515,0.194626785205633,0.023185600318163864,-0.9806033053270862
4.6,0.015853246673941612,Empty,0.48355,0.14308,0.29663,-0.11442,0.19948,-0.03933,0.99332,-0.05493,0.10051,-0.01384,0.973760746595582,-0.11190503808044189,0.1981597104404137,-0.10634064469351823,-0.993582676698453,-0.03853740846118263,0.20120058567454693,0.016453784274505664,-0.9794118629602498
4.667,0.015853246673941612,Empty,0.48236,0.15149,0.29048,-0.11713,0.2089,-0.03449,0.9928,-0.05641,0.10507,-0.01102,0.9715562506264392,-0.11433130156995736,0.2073808220400699,-0.10970136833165123,-0.993392147173394,-0.03372909308589893,0.20986677120225355,0.010019751272027876,-0.9776786501348936
4.733,0.015853246673941612,Empty,0.48097,0.15978,0.28352,-0.12187,0.21548,-0.0294,0.99235,-0.05896,0.10821,-0.00804,0.9696289301798773,-0.1187616938775164,0.21381159422624746,-0.11528304988303723,-0.9929176608549752,-0.028711272558865075,0.2157071073652686,0.003190427812599038,-0.9764528995309918
4.8,0.015853246673941612,Empty,0.47981,0.16822,0.27722,-0.12642,0.22014,-0.02429,0.99198,-0.06145,0.11038,-0.00511,0.9680826993214656,-0.1230338017812237,0.21835423259859998,-0.12077875227041529,-0.9923965490483813,-0.02369773062690901,0.21960960879357408,-0.003431188733131968,-0.9755817990662858
4.867,0.015853246673941612,Empty,0.47852,0.1757,0.27189,-0.12919,0.22165,-0.02049,0.99181,-0.06302,0.11102,-0.00302,0.9674047862045211,-0.12567322350556814,0.21985045035729417,-0.12433210757155205,-0.9920394139496549,-0.019983197873250966,0.22061166482169872,-0.008002628577222351,-0.9753288939021819
4.933,0.015853246673941612,Empty,0.47723,0.18163,0.26788,-0.1307,0.22176,-0.01814,0.99176,-0.0639,0.111,-0.00177,0.9671931921654923,-0.12714566145156508,0.2199347853404925,-0.12635777164313283,-0.9918267105570908,-0.017705642345945807,0.22038839028884064,-0.010665692642519651,-0.9753538847138247
5.0,0.015853246673941612,Empty,0.47692,0.18639,0.26506,-0.13267,0.22488,-0.01637,0.99153,-0.06495,0.11249,-0.00068,0.9662565398072773,-0.12894524233631943,0.22298301226437606,-0.12863893783151092,-0.9915630375124735,-0.01596140070977148,0.22315985963709434,-0.013261490031858997,-0.9746916486401671
5.067,0.015853246673941612,Empty,0.4771,0.19044,0.26252,-0.13614,0.22807,-0.01574,0.99124,-0.06668,0.11405,-6e-05,0.96509511265435,-0.13219484454456493,0.22608836017479084,-0.13216802305998582,-0.9911088552524427,-0.015324839986367036,0.22610404067840692,-0.015091723428123437,-0.9739862435747574
5.133,0.015853246673941612,Empty,0.47803,0.19518,0.25939,-0.14248,0.23291,-0.01567,0.99074,-0.06979,0.11645,0.00051,0.963138257492463,-0.13816282215026304,0.23081536242169098,-0.13840148117111273,-0.9902589696775186,-0.015238207993757372,0.2306723367983769,-0.017268686941794044,-0.9728782377498646
5.2,0.015853246673941612,Empty,0.47924,0.20047,0.25569,-0.14907,0.23753,-0.01505,0.99024,-0.07305,0.11871,0.00137,0.9611421995362838,-0.1443426585565078,0.23531015530867766,-0.1449937496761604,-0.9893244338182419,-0.014627959702646853,0.23490952476517762,-0.020058952391754672,-0.9718102456773874
5.267,0.015853246673941612,Empty,0.48098,0.20741,0.25185,-0.15887,0.24079,-0.01494,0.98967,-0.07788,0.12031,0.00214,0.9589204016835859,-0.15362677003731567,0.23847532107723846,-0.15465784579244768,-0.9878617088040902,-0.014498103789884365,0.23780793504387057,-0.022979551922621726,-0.971040331924275
5.333,0.015853246673941612,Empty,0.48239,0.21494,0.24799,-0.16675,0.24252,-0.01531,0.98926,-0.08174,0.12117,0.0025,0.9572730399664517,-0.16110837552120622,0.24015082404669472,-0.16232193907417858,-0.9866260356540006,-0.014854422401074194,0.2393322273505748,-0.024762009340699248,-0.9706219283762466
5.4,0.015853246673941612,Empty,0.48409,0.22227,0.24449,-0.17231,0.24653,-0.01867,0.98879,-0.08425,0.12329,0.00135,0.9554025156838115,-0.16628236753665177,0.24404140483010162,-0.16694837998926987,-0.9857994110523381,-0.018104131788662284,0.24358627104991362,-0.023445584131531846,-0.9695958091600485
5.467,0.015853246673941612,Empty,0.48667,0.22884,0.24052,-0.17745,0.2564,-0.02443,0.98796,-0.08632,0.12841,-0.00074,0.9521184949240241,-0.17075229166883543,0.25360210273862516,-0.17037194298256553,-0.9850964001071605,-0.02363225635141114,0.2538577803967347,-0.02070597463907958,-0.967019901525449
5.533,0.015853246673941612,Empty,0.48898,0.23361,0.23409,-0.18027,0.26902,-0.03011,0.98701,-0.08718,0.13489,-0.00279,0.9484107006972882,-0.17284660945836666,0.2657841086325994,-0.17134162365240518,-0.9847840393293201,-0.029024883916829114,0.2667568008637006,-0.01801237022089941,-0.9635955394832363
5.6,0.015853246673941612,Empty,0.49035,0.23645,0.22587,-0.18155,0.27784,-0.03241,0.98636,-0.08753,0.13934,-0.00343,0.9458441628675729,-0.17363572293526008,0.2742798849534717,-0.17172525187120796,-0.9846520931395915,-0.031155952009072202,0.27548004907635365,-0.01763210698047783,-0.9611450730063172
5.667,0.015853246673941612,Empty,0.49123,0.23836,0.21759,-0.18273,0.28392,-0.03288,0.98589,-0.08799,0.14236,-0.0033,0.9439842454386886,-0.1744381544889484,0.2801161805787725,-0.1725596036829829,-0.9844934376805952,-0.031557159894653436,0.2812773143008901,-0.018547275334521413,-0.9594472737140607
5.733,0.015853246673941612,Empty,0.4916,0.23929,0.21065,-0.18295,0.28623,-0.03202,0.98572,-0.08813,0.14346,-0.00275,0.943305516630532,-0.17454080186769833,0.28232996790597087,-0.1729622908040347,-0.9844495650826429,-0.03070992947591955,0.28329974983085693,-0.019863592121676807,-0.958825682516795
5.8,0.015853246673941612,Empty,0.49193,0.24012,0.20528,-0.18354,0.28715,-0.03058,0.98563,-0.08851,0.14385,-0.00196,0.9429447450214141,-0.17503328396901174,0.28322880739699446,-0.17390547399079287,-0.9843255386714468,-0.029327803109062328,0.2839226900980939,-0.021600542173508264,-0.9586038402934094
5.867,0.015853246673941612,Empty,0.49268,0.24128,0.20144,-0.18445,0.28853,-0.02902,0.9855,-0.08905,0.14446,-0.00106,0.9424056477478457,-0.17582367988761094,0.28453054086291374,-0.17520989391743197,-0.9841379364898386,-0.027821125695496107,0.2849089120515637,-0.023633779898722482,-0.9582631978122157
5.933,0.015853246673941612,Empty,0.49408,0.24334,0.19891,-0.18808,0.2922,-0.02875,0.98507,-0.09081,0.14626,-0.00049,0.9407244333254255,-0.17905840657805056,0.2880549037567083,-0.17877461290874608,-0.9835051086782968,-0.027519792568612422,0.28823111963125214,-0.025608362646230332,-0.9572183833580996
6.0,0.015853246673941612,Empty,0.49518,0.24622,0.19661,-0.1912,0.29678,-0.02873,0.9846,-0.09228,0.14851,-3e-05,0.9388578634716103,-0.18172024487546196,0.292444293498651,-0.18169948446998002,-0.9829701391118444,-0.02747731715041879,0.2924571926639287,-0.027339682091118464,-0.9558877194745676
6.067,0.015853246673941612,Empty,0.49585,0.24882,0.19411,-0.19134,0.30198,-0.03026,0.98421,-0.09216,0.15114,-0.00052,0.9373290374512027,-0.1815642889925408,0.2974032355463454,-0.1812480175477385,-0.9830130754432458,-0.028886842032774196,0.29759608815610566,-0.02682727101747287,-0.9543148672445264
6.133,0.015853246673941612,Empty,0.49671,0.2507,0.19117,-0.18983,0.31057,-0.03302,0.98363,-0.09108,0.15549,-0.00158,0.9350560421910745,-0.17967465009098244,0.3055932232178039,-0.17869148216915615,-0.9834028966027517,-0.03143401268543081,0.3061691561247699,-0.02521434250581626,-0.9516431499095895
6.2,0.015853246673941612,Empty,0.49789,0.25128,0.18696,-0.18996,0.31961,-0.03468,0.98292,-0.09087,0.16001,-0.00195,0.9322770430766609,-0.17926273862421432,0.3142043689912416,-0.17801184078803473,-0.9834774373989867,-0.032922859328708476,0.3149147495616761,-0.02523887216317667,-0.9487843273581398
6.267,0.015853246673941612,Empty,0.49822,0.25107,0.18151,-0.19141,0.32379,-0.03447,0.98253,-0.09153,0.16205,-0.00153,0.9307207826770687,-0.1803616047165144,0.3181642912664283,-0.17937226018859298,-0.9832388054847575,-0.03266563429267472,0.3187231039128171,-0.026667263320239994,-0.9474726592884821
6.333,0.015853246673941612,Empty,0.49829,0.25012,0.17689,-0.19124,0.32441,-0.03281,0.98249,-0.09157,0.16228,-0.0007,0.9305598809826905,-0.18015260170839742,0.3187528007769912,-0.17969800747819514,-0.98323024028569,-0.031095348464211275,0.3190093008265544,-0.028343159411747608,-0.9473276789478459
6.4,0.015853246673941612,Empty,0.4987,0.24862,0.1741,-0.19009,0.32496,-0.03129,0.9825,-0.09112,0.16248,-2e-05,0.9305973526124409,-0.1790487702687703,0.31926494510978976,-0.17903676187204987,-0.9833956503833878,-0.029645112673158863,0.31927167930946665,-0.029572498580175393,-0.9472017008634637
6.467,0.015852918848395348,Empty,0.49957,0.24719,0.17332,-0.18976,0.32611,-0.03314,0.98242,-0.09079,0.16313,-0.0009,0.9302921631713166,-0.17867138829703028,0.32036389644597046,-0.17808421520056633,-0.983514520002849,-0.03138791550842235,0.32069066627894083,-0.0278518212614075,-0.9467744042875216
6.533,0.015852918848395348,Empty,0.50101,0.24589,0.17352,-0.1913,0.32807,-0.0353,0.98219,-0.09134,0.16419,-0.00174,0.9293927988534112,-0.1800069209776588,0.3222212498262113,-0.1788643132770868,-0.9833061879191819,-0.03341404249357613,0.3228569077398515,-0.026579112099338234,-0.9460745044258786
6.6,0.015852918848395348,Empty,0.50277,0.24499,0.17338,-0.18976,0.33188,-0.03748,0.98195,-0.09034,0.16616,-0.00275,0.9284608022904903,-0.1783353398198011,0.32581750287769207,-0.17650466301577927,-0.9836619096685728,-0.03543093846996251,0.3268128555362916,-0.024612070992343364,-0.9447685448921777
6.667,0.015853246673941612,Empty,0.50471,0.24391,0.17191,-0.18861,0.33452,-0.0363,0.98179,-0.08983,0.1674,-0.00214,0.9278137380027777,-0.17709883232038737,0.3283255566721366,-0.17566749426534228,-0.9838528048717617,-0.03427228916344943,0.3290936022347577,-0.025877827125215844,-0.943942656643627
6.733,0.015853246673941612,Empty,0.50687,0.24328,0.17003,-0.18899,0.33577,-0.03491,0.98167,-0.09011,0.16795,-0.00137,0.9273487861146867,-0.17736955065003895,0.32949092763507226,-0.17644667940721254,-0.9837580944509283,-0.032963327023326605,0.32998605761120525,-0.027569078774627248,-0.9435831429597143
6.8,0.015853246673941612,Empty,0.50888,0.24301,0.16861,-0.18946,0.33496,-0.03463,0.98171,-0.09038,0.16754,-0.00123,0.9275268033268881,-0.1778621212392394,0.3287234322929874,-0.17703598917448576,-0.9836608884872005,-0.03270344014904911,0.3291690867126123,-0.02786256070158143,-0.9438598360264808
6.867,0.015853246673941612,Empty,0.51122,0.24271,0.16913,-0.18681,0.33545,-0.03484,0.98179,-0.08905,0.16779,-0.00153,0.9278347066562547,-0.17536865025038556,0.32919385418543234,-0.17434329323120878,-0.9841357331827758,-0.03288274286152146,0.3297380372801997,-0.02688299057318979,-0.9436896373217434
6.933,0.015853246673941612,Empty,0.51357,0.24157,0.17069,-0.18064,0.33488,-0.03524,0.98211,-0.086,0.16752,-0.00227,0.9290822109804602,-0.16968371840255353,0.32865434874460764,-0.16816594656967687,-0.9851973414377657,-0.033262784584019184,0.3294335436077873,-0.024364608206190384,-0.943864347357699
7.0,0.015853246673941612,Empty,0.51656,0.23884,0.17272,-0.17513,0.33256,-0.03339,0.98253,-0.08348,0.1663,-0.00193,0.930751458286795,-0.16468807710856165,0.3264652510686069,-0.1634057069167395,-0.9860542187030343,-0.03155396528154081,0.3271089999435123,-0.02397738593409146,-0.9446823736683788
7.067,0.015853246673941612,Empty,0.52021,0.23606,0.17586,-0.17112,0.32874,-0.03047,0.98301,-0.08181,0.1643,-0.00099,0.9326275211962891,-0.16116774439110992,0.32284805230192615,-0.16051592655020264,-0.9866120478621025,-0.028832348795719887,0.32317262265079844,-0.024932412262552994,-0.9460115384009724
7.133,0.015853246673941612,Empty,0.52492,0.23327,0.1803,-0.17006,0.32421,-0.02582,0.98342,-0.08173,0.16188,0.00101,0.9342290283254421,-0.16042531314639463,0.31855900793413694,-0.16108153889392463,-0.9866377434199742,-0.024468369105969,0.3182276865102492,-0.02845491453197497,-0.9475871766636106
7.2,0.015853246673941612,Empty,0.52996,0.23194,0.18535,-0.16975,0.32026,-0.02293,0.98374,-0.08186,0.15982,0.00224,0.9355101780817333,-0.16034688289215615,0.3148167464609418,-0.16177737065043712,-0.9865872445817827,-0.021764447476479043,0.31408404774982573,-0.0305693633446052,-0.948902905978157
7.267,0.015853246673941612,Empty,0.53555,0.23177,0.19065,-0.17127,0.32014,-0.02194,0.98369,-0.08269,0.15972,0.00284,0.9353038108755152,-0.1617800135620832,0.31469669298165504,-0.1635969417691745,-0.9863075411401352,-0.020820060851829164,0.3137559911866408,-0.03201033429929563,-0.9489639173817599
7.333,0.015853246673941612,Empty,0.54051,0.23227,0.19527,-0.17222,0.32183,-0.02249,0.98352,-0.08309,0.16057,0.00272,0.9346235731344922,-0.16257626393712538,0.31630323258790816,-0.1643245750273583,-0.9861756503939356,-0.0213312121590766,0.31539849489715743,-0.032039740547381554,-0.9484182855904161
7.4,0.015853246673941612,Empty,0.54522,0.23276,0.19848,-0.17129,0.32331,-0.0217,0.98344,-0.08268,0.16127,0.0031,0.9343096741801699,-0.16162386507028148,0.31771553152637644,-0.1636221949151544,-0.9863084820652992,-0.020575605390669882,0.31669103249775105,-0.03276132545836426,-0.947962808073038
7.467,0.015853246673941612,Empty,0.54968,0.23324,0.20042,-0.17144,0.32398,-0.02005,0.98337,-0.08288,0.16153,0.00395,0.9340756586314729,-0.1617255523524101,0.3183512363231644,-0.16427731506117038,-0.9862310318237965,-0.01900830408170745,0.31704199675827244,-0.0345426921949854,-0.9477822401308488
7.533,0.015853246673941612,Empty,0.55434,0.23393,0.20122,-0.17401,0.32353,-0.01805,0.9833,-0.08431,0.16122,0.00512,0.9338018351555685,-0.16414496852619997,0.3179159668334154,-0.1674467807086334,-0.9857325571856534,-0.01711436047729825,0.31618935511874424,-0.03725258396091318,-0.947964417421787
7.6,0.015853246673941612,Empty,0.55906,0.2354,0.20084,-0.17725,0.32519,-0.01646,0.98302,-0.08601,0.16196,0.00624,0.9327432385711341,-0.1670833057245592,0.3194889980077338,-0.17112896136755856,-0.9851253960085813,-0.015583090842200581,0.31734040001407454,-0.040138797778323146,-0.9474618448422174
7.667,0.015853246673941612,Empty,0.56308,0.23767,0.19855,-0.18043,0.32682,-0.01491,0.98275,-0.08768,0.16268,0.00733,0.9316934099566341,-0.16995282492787034,0.32103493134301797,-0.17472530074183146,-0.9845160653366765,-0.014113340308576972,0.31846264949606895,-0.042943618769565525,-0.9469621885180624
7.733,0.015853246673941612,Empty,0.5669,0.2404,0.19493,-0.18528,0.32922,-0.01244,0.98233,-0.09024,0.16373,0.00905,0.9301021115413076,-0.17431626984821968,0.32330156227986817,-0.18024609062892527,-0.9835512552748362,-0.011759041639653411,0.3200334496882943,-0.047336733236426516,-0.9462229255133875
7.8,0.015853246673941612,Empty,0.57007,0.24336,0.1902,-0.18967,0.33223,-0.00932,0.98187,-0.09262,0.16504,0.01108,0.9283694936365272,-0.17822300161693633,0.3261389964105906,-0.18553908297166571,-0.9825974087467931,-0.00880800852183175,0.32203312248135446,-0.05233444390396108,-0.9452807910912885
7.867,0.015853246673941612,Empty,0.57235,0.2465,0.18441,-0.19345,0.33626,-0.00449,0.98132,-0.09484,0.16677,0.01396,0.9263864495761498,-0.1814738607572804,0.32996270077622813,-0.19078574267206827,-0.9816225660292477,-0.004235357744320517,0.3246674397514521,-0.05902860089822815,-0.94398446906781
7.933,0.015853246673941612,Empty,0.5732,0.24928,0.17752,-0.19886,0.33831,0.00014,0.98086,-0.09786,0.16751,0.01678,0.9247313257936204,-0.18634427653011248,0.3318851995802803,-0.1975898252762846,-0.9802847753867203,0.0001417472915496154,0.325315594528238,-0.06570821675769473,-0.9433197730394836
8.0,0.015853246673941612,Empty,0.5732,0.25214,0.17073,-0.20322,0.3434,0.0041,0.98018,-0.10029,0.16977,0.01934,0.9222384753576545,-0.19004338522510972,0.33668933202905205,-0.20317687198543083,-0.97913444519463,0.003859653303097954,0.3289306207397005,-0.07196700609018512,-0.9416078784580186
8.067,0.015853246673941612,Empty,0.57162,0.25461,0.16336,-0.20638,0.34822,0.00497,0.97959,-0.10188,0.17206,0.02028,0.9200308988628486,-0.19262710966301066,0.3412300422889121,-0.20658694174627407,-0.9784170581076088,0.004679305928593419,0.33296393293799853,-0.07479877690795628,-0.9399681709161932
8.133,0.015853246673941612,Empty,0.56976,0.25659,0.15655,-0.21003,0.35716,0.00468,0.97863,-0.10357,0.17641,0.02091,0.916301810392435,-0.1953423821834681,0.34961742804733564,-0.21010011393466493,-0.9776700222762928,0.004389722874361568,0.3409529797438159,-0.07747697248318822,-0.9368822681311948
8.2,0.015853246673941612,Empty,0.56717,0.2583,0.14977,-0.21189,0.3678,0.00326,0.97759,-0.10426,0.18167,0.02093,0.9122507697076028,-0.19624625615976504,0.359563541131692,-0.21145852551321687,-0.977382221854816,0.003047029687987618,0.3508330445606032,-0.07881243141420706,-0.933115628150616
8.267,0.015853246673941612,Empty,0.56358,0.25907,0.14247,-0.21228,0.37687,0.00228,0.97675,-0.10428,0.18615,0.02096,0.9089465400301755,-0.19591519781540268,0.3680128022666115,-0.21152113405227718,-0.9773711285100393,0.002118255001367003,0.35927008950984385,-0.07976786583558433,-0.9298183104045783
8.334,0.015853246673941612,Empty,0.55965,0.25928,0.13576,-0.21195,0.38642,0.00106,0.97587,-0.10391,0.19088,0.02083,0.9055300745668542,-0.19486389710019808,0.3768863829615904,-0.21076554245345508,-0.9775361540859018,0.000976508701614337,0.3682297790364706,-0.0803189209456082,-0.9262589814781206
8.4,0.015853246673941612,Empty,0.55492,0.25908,0.12904,-0.21024,0.39316,0.00096,0.97532,-0.103,0.19419,0.02096,0.9033618645415087,-0.1927669014565654,0.38311651412451986,-0.20905088830866037,-0.9779043582282179,0.0008900874211200671,0.3744797294773758,-0.0808949186357962,-0.9236995963783133
8.467,0.015853246673941612,Empty,0.54984,0.25839,0.12341,-0.20837,0.39603,0.00212,0.97512,-0.10217,0.19555,0.02149,0.9026409435549101,-0.19085730069736379,0.38576264436673713,-0.2076661594546268,-0.9781978165506215,0.001948823481538492,0.3769802292371139,-0.08186893468289909,-0.9225960027543042
8.533,0.015853246673941612,Empty,0.5453,0.25828,0.11957,-0.20613,0.39805,0.00108,0.97505,-0.10096,0.19661,0.02087,0.9023003988801968,-0.18868023542846302,0.3876257975667997,-0.2050905990867371,-0.9787424916504952,0.0009905574306345588,0.3791989403293225,-0.08039218740922453,-0.9218162831370896
8.6,0.015853246673941612,Empty,0.54092,0.25743,0.11636,-0.2019,0.39798,0.0009,0.97527,-0.09888,0.19663,0.02036,0.9031185928214394,-0.18485748554382642,0.3875622754327833,-0.2008702805210582,-0.9796175010804878,0.0008258209316240606,0.3795101285916013,-0.0785955572232538,-0.9218431540566713
8.667,0.015853246673941612,Empty,0.5371,0.25614,0.11441,-0.19804,0.39871,-0.0009,0.9754,-0.09681,0.19711,0.01914,0.9035528036021333,-0.18131391566423016,0.38822364055944497,-0.19640666279928803,-0.9805221821248371,-0.0008204688869413723,0.38081065362036737,-0.07550837269900677,-0.9215648277476612
8.733,0.015853246673941612,Empty,0.53418,0.25454,0.11216,-0.19608,0.40451,-0.00349,0.97495,-0.09554,0.20008,0.01796,0.9016835504577076,-0.17910817989231242,0.39355690151443856,-0.1934791906555518,-0.9810991066031427,-0.0032164896684814537,0.3866944240834807,-0.07324481495763349,-0.9192946314781604
8.8,0.015853246673941612,Empty,0.53123,0.25268,0.10939,-0.19481,0.41064,-0.00619,0.97441,-0.09458,0.20321,0.01681,0.8995209964876805,-0.1774866595164627,0.3991997777698497,-0.1911467696887833,-0.9815449863565232,-0.005687899077451458,0.39284206663155796,-0.07118936333511636,-0.9168463258543316
