time,gr,gr_state,tx,ty,tz,rx,ry,rz,qw,qx,qy,qz,xx,xy,xz,yx,yy,yz,zx,zy,zz
0.0,0.040081948041915894,Empty,0.3074,-0.00233,0.48236,0.01207,-0.00066,0.02292,0.99992,0.00604,-0.00026,0.01146,0.9999267937703632,0.012082436060567248,-0.0006494913114854055,0.012094148806868765,-0.9996642095381084,0.022917236595756188,-0.0003723771726447676,-0.02292341395584119,-0.9997371546700914
0.067,0.04008227586746216,Empty,0.30863,-0.00128,0.48359,0.01436,-0.00026,0.02522,0.99989,0.00718,-4e-05,0.01261,0.9998967916675272,0.014364328760113343,-0.0002684627666492724,0.01436653099413765,-0.9995788805435097,0.025212385023586387,9.380927555041191e-05,-0.025213639774028282,-0.9996820812484161
0.133,0.04008227586746216,Empty,0.30981,-8e-05,0.48427,0.01624,0.00014,0.02754,0.99987,0.00812,0.00018,0.01377,0.9998679354532782,0.016250976878761314,0.00013191999272650287,0.01624118114730827,-0.9994887879934873,0.027538821874763968,0.0005793853111973853,-0.027533042436237016,-0.9996207260190564
0.2,0.04008227586746216,Empty,0.31082,0.00097,0.48315,0.01751,-0.0005,0.0294,0.99985,0.00876,-0.00012,0.0147,0.9998466325134779,0.017505842735937083,-0.000506874306647611,0.01751317757039539,-0.9994145728050496,0.02939047934770248,7.927540750632686e-06,-0.02939484878349544,-0.9995678780363791
0.267,0.040081948041915894,Empty,0.3118,0.0025,0.48166,0.01832,0.00093,0.03135,0.99984,0.00915,0.00061,0.01567,0.9998317199920554,0.01832143415141685,0.000925607024500244,0.018283417499625587,-0.999341104718789,0.031353995980809485,0.001499447319145722,-0.03133179647044722,-0.9995079140195298
0.333,0.040081948041915894,Empty,0.31321,0.00432,0.48056,0.01851,0.00285,0.03307,0.99982,0.00923,0.00158,0.01652,0.9998244935520668,0.018515438596400646,0.0028566811051193106,0.018410944381172356,-0.9992835661227862,0.03306647250494698,0.003466874723264364,-0.03300807492887087,-0.9994490721238093
0.4,0.040081948041915894,Empty,0.31498,0.00692,0.47911,0.01848,0.00552,0.03447,0.99981,0.00919,0.00292,0.01721,0.9998140668043248,0.018476785349765712,0.0055172659294553585,0.018276007352644008,-0.9992390170686367,0.034458298317692246,0.006149745965789411,-0.0343510577834753,-0.999390907229855
0.467,0.040081948041915894,Empty,0.31709,0.01003,0.47761,0.01707,0.00695,0.03696,0.99979,0.00847,0.00363,0.01845,0.9998302192789491,0.01707059754223672,0.006937385397938575,0.01680295533750109,-0.999175401041682,0.03696185391887494,0.007562625769830017,-0.03683900993166463,-0.9992925968097234
0.533,0.040081948041915894,Empty,0.31914,0.01368,0.47595,0.0147,0.00597,0.03915,0.99978,0.00729,0.00313,0.01955,0.9998742490665249,0.014690540979978628,0.005972776520907688,0.014445769092667815,-0.9991291728823227,0.03914352629499494,0.006542614842282961,-0.039052322609560694,-0.9992157476190136
0.6,0.040081948041915894,Empty,0.32155,0.01744,0.47414,0.01137,0.00552,0.03957,0.99978,0.00563,0.00287,0.01977,0.9999199890611496,0.01137970010074385,0.0055243010026170235,0.01115238249102124,-0.9991546120295633,0.03956874555538381,0.005969911282787321,-0.03950397050512607,-0.9992015794991549
0.667,0.040081948041915894,Empty,0.32395,0.02125,0.47229,0.00798,0.0058,0.03979,0.99979,0.00393,0.00298,0.01988,0.9999513791946641,0.007967383120345894,0.0058103401709746205,0.007730113222873758,-0.9991787839939079,0.039774400888218,0.006122466516884042,-0.03972755243743004,-0.9991917918903664
0.733,0.040081948041915894,Empty,0.32618,0.0253,0.47016,0.00453,0.00783,0.03934,0.9998,0.00219,0.00396,0.01966,0.9999590565163299,0.004532323755248813,0.00783219843654491,0.004220952893636554,-0.9992175765394676,0.03932452531516571,0.00800430182099023,-0.039289855891451377,-0.9991957958160091
0.8,0.040081948041915894,Empty,0.32822,0.02932,0.4677,0.00122,0.01014,0.03885,0.9998,0.00051,0.00508,0.01942,0.9999479070178918,0.0012107198349808335,0.010134959694969194,0.0008161638976000307,-0.9992449463547497,0.03884418953956791,0.01017433668745628,-0.03883389424169056,-0.999193880851457
0.867,0.040081948041915894,Empty,0.33048,0.03345,0.46569,-0.00315,0.01368,0.03714,0.9998,-0.0017,0.00681,0.01858,0.9999014711628305,-0.003144270259495374,0.013680699212489579,-0.0036504542133343754,-0.9993036419553538,0.037133614943906955,0.013554414426441027,-0.03717989697808822,-0.9992166597441494
0.933,0.04008227586746216,Empty,0.33286,0.03781,0.46287,-0.00842,0.01803,0.03533,0.99979,-0.00437,0.00894,0.0177,0.9998019918635035,-0.00842132888466568,0.01802937285619159,-0.009054201334853074,-0.9993352735007901,0.03531334840097612,0.017720002933386502,-0.0354695976424469,-0.9992136453927778
1.0,0.04008227586746216,Empty,0.33518,0.04339,0.45923,-0.01463,0.02129,0.03347,0.99978,-0.00749,0.01052,0.01681,0.9996664007810676,-0.01461832420488135,0.02129299760172624,-0.01532592806056865,-0.9993226541744742,0.03345667022831782,0.02078949442647427,-0.033771844058699464,-0.9992133203027103
1.067,0.04008227586746216,Empty,0.33761,0.04987,0.45558,-0.0222,0.02581,0.03294,0.99972,-0.01131,0.01272,0.01661,0.9994208666147676,-0.022184874780483255,0.025802377912922336,-0.023029634090900974,-0.9991927349913083,0.03291677830876193,0.025051293951135374,-0.03349193442551878,-0.9991249786687404
1.133,0.040081948041915894,Empty,0.33969,0.0572,0.45152,-0.02703,0.02876,0.03206,0.99967,-0.01374,0.01416,0.01622,0.9992216564879188,-0.027011061181681617,0.028748630913125066,-0.027929509532080066,-0.9990962661739486,0.03204049647823272,0.02785720199225133,-0.03281849312679741,-0.9990730317679729
1.2,0.040081948041915894,Empty,0.34202,0.06438,0.44817,-0.0322,0.0322,0.03197,0.99961,-0.01635,0.01584,0.01624,0.9989633182408085,-0.032170050526544536,0.032208332127461575,-0.033199492493842686,-0.9989377928633959,0.03195433753590576,0.031146147554145336,-0.032990511337760084,-0.9989702416259498
1.267,0.040081948041915894,Empty,0.34446,0.07174,0.44419,-0.03875,0.03769,0.03102,0.99951,-0.01966,0.01854,0.01587,0.9985396633548063,-0.038713089290398406,0.037680730153001524,-0.03989017727930261,-0.9987229302538999,0.03100455356377429,0.03643232718198877,-0.03246236748385405,-0.9988087305552789
1.333,0.04008162021636963,Empty,0.3463,0.07898,0.43859,-0.04468,0.04363,0.02922,0.9994,-0.02265,0.02148,0.01509,0.9980508170530382,-0.04462815918931934,0.043622173113408734,-0.045924888927913965,-0.998518321826124,0.0291901619471338,0.04225483589747093,-0.031136608436274936,-0.9986215701948181
1.4,0.04008162021636963,Empty,0.3475,0.08582,0.43145,-0.04926,0.05265,0.02696,0.99925,-0.02497,0.02598,0.01412,0.9974036392992653,-0.04916595894520154,0.052618331345446245,-0.050632949838735064,-0.9983544819981693,0.026919001927913584,0.051208248390357286,-0.029513331820816877,-0.998251811188753
1.467,0.040081948041915894,Empty,0.34795,0.09246,0.42287,-0.05439,0.06024,0.02594,0.99908,-0.02757,0.02975,0.01378,0.9967097404753906,-0.054261811205559285,0.06021087182703677,-0.05590135488538195,-0.9981006483391583,0.02588695244578972,0.05869183728133066,-0.0291676469679033,-0.9978499469393671
1.533,0.040081948041915894,Empty,0.34851,0.09933,0.41448,-0.06105,0.06856,0.02576,0.99885,-0.03094,0.03386,0.01391,0.9957923671233923,-0.06086082799063697,0.06850927816789179,-0.06274432191230356,-0.9976991203277975,0.02568297811594202,0.06678855924899624,-0.029873481776197964,-0.9973198400914376
1.6,0.040081948041915894,Empty,0.34921,0.10719,0.40604,-0.06947,0.07694,0.02438,0.99857,-0.03517,0.03801,0.01351,0.9946356136422962,-0.06921982903919272,0.07686749210295267,-0.07127334056858903,-0.9971608369010527,0.02429765986646662,0.07496737289385601,-0.02964592077466186,-0.9967452093603538
1.667,0.040081948041915894,Empty,0.35033,0.11574,0.39784,-0.07755,0.08732,0.02232,0.99822,-0.03921,0.04318,0.01283,0.9931975441482914,-0.07716459986678043,0.08720242442273418,-0.07938076977323938,-0.9965963878538828,0.022233603099836283,0.08518997410500248,-0.02900455557309465,-0.9959424702602035
1.733,0.040081948041915894,Empty,0.35135,0.12453,0.38894,-0.08618,0.09715,0.02044,0.99782,-0.04352,0.04807,0.01229,0.9915905396886834,-0.0856677270436022,0.0970012481522195,-0.08803160416061839,-0.9959097917034005,0.02035002354292062,0.09486115258004088,-0.02871806630802424,-0.9950761952728616
1.8,0.040081948041915894,Empty,0.35246,0.13302,0.37959,-0.0937,0.10649,0.01828,0.99742,-0.04725,0.05273,0.01161,0.9899726801179585,-0.09303459081640753,0.10629514350002012,-0.09548436536383631,-0.9952648305487468,0.01818386768098349,0.10410008929454231,-0.028151056541410834,-0.9941683405864775
1.867,0.040081948041915894,Empty,0.35356,0.14054,0.3712,-0.09976,0.11445,0.01735,0.99706,-0.05027,0.05669,0.0115,0.9885182609649922,-0.0989460775008919,0.11419860544654245,-0.10155310625102626,-0.9946809490191003,0.017227195628705824,0.11188661380842356,-0.028626620576823827,-0.9933085634609394
1.933,0.040081948041915894,Empty,0.35513,0.14764,0.36256,-0.10758,0.12433,0.01585,0.99657,-0.05415,0.06161,0.01124,0.986543785254969,-0.10653402904697246,0.1240236285141495,-0.10930543265064374,-0.9938835768105388,0.015740334791387964,0.12158816623278991,-0.02908498583991815,-0.9921544141064126
2.0,0.040081948041915894,Empty,0.35676,0.15465,0.35367,-0.11505,0.13587,0.01453,0.99599,-0.05785,0.06735,0.01114,0.9842343698847964,-0.11373597707277366,0.13545048045975816,-0.11673789607628843,-0.9930583044271946,0.014403736593929982,0.1328720014042067,-0.029988856721907837,-0.9906794131884205
2.067,0.040081948041915894,Empty,0.35802,0.16069,0.34429,-0.12122,0.14482,0.01432,0.99549,-0.06093,0.07178,0.01151,0.982271463604734,-0.11965821519480108,0.1443075996758596,-0.12296314481949244,-0.992310040748593,0.014172086847957469,0.1415020734968715,-0.031665352767972714,-0.9894313865196342
2.133,0.040081948041915894,Empty,0.35912,0.16577,0.33536,-0.12569,0.1527,0.01389,0.99506,-0.06315,0.07569,0.0117,0.9805668853727381,-0.12390641997963464,0.1521045114328905,-0.12744887278500666,-0.9917501475391528,0.013726969144701492,0.14914881205104893,-0.032845759907463794,-0.9882690867976508
2.2,0.040081948041915894,Empty,0.36005,0.17051,0.32763,-0.13007,0.15727,0.01443,0.99474,-0.06535,0.07792,0.01228,0.979314383874026,-0.12809961885163063,0.1566327717545198,-0.13192828008897683,-0.9911567921894121,0.014252796552221614,0.1534218577980369,-0.03462226085716373,-0.9875540656606794
2.267,0.040081948041915894,Empty,0.36109,0.17561,0.32183,-0.13454,0.16105,0.01422,0.99444,-0.06757,0.07978,0.01248,0.9781385527964035,-0.13239732011738264,0.16036184446149465,-0.13637877453023844,-0.9905573852343263,0.014031978312571969,0.1569898130166023,-0.035595170788597155,-0.98695855152359
2.333,0.040081948041915894,Empty,0.36181,0.17981,0.31774,-0.13753,0.16188,0.01425,0.99431,-0.06906,0.08017,0.01264,0.9776089640215484,-0.1353038028161732,0.16116325390174221,-0.13935636845348298,-0.9901424707267177,0.014060235938584839,0.1576721790176452,-0.03620453848171191,-0.9868276016392903
2.4,0.040081948041915894,Empty,0.36276,0.18368,0.31519,-0.14246,0.16058,0.01372,0.99419,-0.07149,0.07951,0.01253,0.9771356927408106,-0.1401589823474868,0.1598790093766313,-0.14414476548175265,-0.9894638028349694,0.013552470755219134,0.15629499210194378,-0.0362883252118001,-0.9870435820657445
2.467,0.040081948041915894,Empty,0.36428,0.18736,0.31459,-0.14597,0.15807,0.01294,0.99417,-0.0732,0.07827,0.01219,0.977030912533652,-0.14363531472537933,0.15741503205666268,-0.14745115803281894,-0.9889868387811418,0.012774533747437034,0.15384652075506797,-0.03569214313297856,-0.9874499070687767
2.533,0.040081948041915894,Empty,0.36675,0.19148,0.31503,-0.15267,0.15725,0.01111,0.99396,-0.07646,0.07789,0.01151,0.9761719556744892,-0.15020862427576792,0.15660677554890345,-0.15379427088694592,-0.9880420474997287,0.010965154576973474,0.15308701838169053,-0.03478910124917653,-0.9876001636478592
2.6,0.040081948041915894,Empty,0.36966,0.19602,0.31536,-0.15983,0.15737,0.00808,0.99369,-0.0799,0.07803,0.01029,0.9750539351630565,-0.15718795492640186,0.15672195235222453,-0.1604011882301618,-0.9870195627240278,0.00799009476919861,0.15343168622351025,-0.03292916072608048,-0.9876104434626468
2.667,0.040081948041915894,Empty,0.37222,0.20046,0.31453,-0.16561,0.15798,0.00651,0.99344,-0.08271,0.07837,0.00976,0.9740345175405809,-0.16280938312739401,0.15732089309804081,-0.16586981938866852,-0.9861266664865065,0.006434334478463075,0.15409075785217746,-0.03236205200366048,-0.9875265747992071
2.733,0.040081948041915894,Empty,0.37449,0.20418,0.31305,-0.17083,0.15879,0.00528,0.99319,-0.08525,0.0788,0.00939,0.9730457105873531,-0.16786008251364742,0.15812981314750368,-0.17082001793860568,-0.9852884329698233,0.005217789505566173,0.15492761722497156,-0.032088885215623884,-0.9874045456987784
2.8,0.040081948041915894,Empty,0.37676,0.20775,0.31144,-0.17732,0.15814,0.00467,0.99294,-0.08845,0.07847,0.00931,0.9720400832937509,-0.17418574125078745,0.15747191500452315,-0.17710900360746068,-0.9841804181452206,0.0046157751972020905,0.15417677293110857,-0.032376412469763305,-0.9875126787055127
2.867,0.040081948041915894,Empty,0.37943,0.21178,0.31023,-0.18279,0.1572,0.00416,0.99273,-0.09115,0.078,0.00923,0.9712148119341875,-0.17954449957601237,0.15654252378072914,-0.1824237284520927,-0.9832114432062329,0.0041038087130913226,0.15317758444784899,-0.03254275065687991,-0.9876626939408037
2.933,0.040081948041915894,Empty,0.3823,0.21571,0.30952,-0.18795,0.15619,0.00407,0.99254,-0.09371,0.07748,0.00934,0.9704309040852805,-0.18456494739480034,0.15556233666726604,-0.18745963523667464,-0.9822640877255493,0.00401834812170794,0.1520616505012297,-0.03306118808888896,-0.9878179044181136
3.0,0.040081948041915894,Empty,0.3854,0.21947,0.30888,-0.19297,0.1557,0.00354,0.99232,-0.09618,0.07724,0.00925,0.9695668710273657,-0.18944613221994183,0.1550814160146457,-0.19230434856353829,-0.981329089141235,0.0035009039956716975,0.15152267199913172,-0.03321719121385826,-0.9878954894512403
3.067,0.040081948041915894,Empty,0.38845,0.22298,0.30865,-0.1963,0.15539,0.00317,0.99217,-0.09782,0.07709,0.00918,0.9689774181998151,-0.1926878040935971,0.15477135772619005,-0.19551928309481242,-0.9806948333989665,0.0031390576075862736,0.15117861276288858,-0.033302460842414935,-0.9879453290263221
3.133,0.040081948041915894,Empty,0.39181,0.22599,0.30853,-0.1994,0.15484,0.00321,0.99204,-0.09936,0.0768,0.00929,0.9684593305687599,-0.19570261129319838,0.1542303892471683,-0.19855690773473328,-0.9800842268025708,0.0031721859384050977,0.150537966723117,-0.03369564223798945,-0.988029819524208
3.2,0.040081948041915894,Empty,0.39533,0.22879,0.30878,-0.20302,0.15468,0.0025,0.99187,-0.10113,0.07674,0.00907,0.9677646760173212,-0.19923278453656673,0.15407085843499135,-0.20201629480852085,-0.9793790580589458,0.0024652114329891256,0.15040262127012927,-0.033510568502766035,-0.9880567257570263
3.267,0.040081948041915894,Empty,0.3987,0.23109,0.30878,-0.20576,0.15501,0.00266,0.99172,-0.10249,0.07688,0.00927,0.9671710688947186,-0.2018593715144789,0.15437913597642197,-0.20470910053058328,-0.978819343166478,0.0026225184658500295,0.15057990454574824,-0.03413923805423423,-0.9880082007615473
3.333,0.040081948041915894,Empty,0.40223,0.23318,0.30892,-0.20897,0.15528,0.0023,0.99154,-0.10407,0.07702,0.00923,0.9664745247840556,-0.20495566586054054,0.15466146247561513,-0.2077980350912771,-0.978169131341837,0.002264310526387689,0.15082098513018005,-0.03432674644673007,-0.9879649310186793
3.4,0.040081948041915894,Empty,0.4058,0.23535,0.30882,-0.21182,0.15586,0.00254,0.99137,-0.10549,0.07728,0.00949,0.9657976065954836,-0.20769508664102587,0.15523444875288683,-0.21062986048696353,-0.9775626436700691,0.0025178506762171676,0.1512284528971918,-0.03512874444044655,-0.9878744486767332
3.467,0.040081948041915894,Empty,0.40966,0.23782,0.30879,-0.21561,0.1562,0.00241,0.99115,-0.10736,0.07744,0.00959,0.9649543278353273,-0.21133991798909108,0.1555589414216883,-0.214309767736316,-0.9767628480210275,0.002379533285608304,0.15144130428875166,-0.03563394154756536,-0.9878237462043047
3.533,0.040081948041915894,Empty,0.41386,0.24117,0.30886,-0.21924,0.15654,0.00221,0.99094,-0.10915,0.0776,0.00965,0.9641271612996363,-0.21483157862350127,0.15590448893614145,-0.21782622974505633,-0.9759851353576237,0.0021792650171418293,0.15169228879332966,-0.03606117561998613,-0.987769730824723
3.6,0.040081948041915894,Empty,0.41862,0.24503,0.30931,-0.22343,0.15807,0.00165,0.99066,-0.1112,0.07837,0.00962,0.9629864551451784,-0.2188065661915179,0.1574191023935803,-0.2218228166777107,-0.9750856207868794,0.0016340550274663718,0.15313956121162975,-0.03649272155023295,-0.987530534244773
3.667,0.040081948041915894,Empty,0.42271,0.24828,0.30856,-0.22807,0.15973,0.00285,0.99032,-0.11354,0.0791,0.01049,0.9617026120731046,-0.22322182760660197,0.15906005661930267,-0.22654029624341343,-0.9739977424651287,0.0028092438091144867,0.15429705152631334,-0.038735169456206496,-0.9872649120360174
3.733,0.040081948041915894,Empty,0.42631,0.25118,0.30642,-0.23132,0.16201,0.00518,0.99003,-0.11523,0.08008,0.0119,0.9606194529777697,-0.22625964554744726,0.1612973631447034,-0.23007148562525315,-0.973160315131748,0.0051100445071912415,0.15581199588889091,-0.04201873212532795,-0.9868926223696782
3.8,0.040081948041915894,Empty,0.4297,0.25385,0.3038,-0.23358,0.16361,0.00858,0.98982,-0.11648,0.08066,0.01377,0.9598513089538672,-0.22836650375596512,0.16289323086557153,-0.23281102244776258,-0.9724850419811788,0.008477673601415173,0.15647521377641585,-0.046060645730835154,-0.9866072797159382
3.867,0.040081948041915894,Empty,0.43269,0.25561,0.30069,-0.23359,0.16642,0.01424,0.98966,-0.11671,0.08172,0.01673,0.9593978308814348,-0.22827833558553773,0.16566473252413796,-0.23374832961231506,-0.9721957180625571,0.014042940727698877,0.1578528444579003,-0.05219662137653908,-0.9860821427312352
3.933,0.040081948041915894,Empty,0.43541,0.25691,0.29639,-0.23349,0.16905,0.02279,0.98947,-0.11701,0.08252,0.02111,0.9589991408687488,-0.22807371489263034,0.16823503912109528,-0.23503987985501396,-0.9717262997842422,0.022455582498905752,0.1583568839385956,-0.061076827706583875,-0.9854911051991077
4.0,0.040081948041915894,Empty,0.43779,0.25831,0.2915,-0.23236,0.17268,0.03294,0.98926,-0.11688,0.08374,0.02629,0.9586563531610224,-0.22683962013224213,0.1718190422574561,-0.23564414995283872,-0.9712980122084849,0.03243464309731396,0.15953003208491334,-0.07158182882621937,-0.9845944396780232
4.067,0.040081948041915894,Empty,0.43974,0.26021,0.28702,-0.23155,0.17331,0.03999,0.98918,-0.11678,0.08365,0.02978,0.9587299407835419,-0.2260544021673097,0.17244218714098203,-0.2360191590237356,-0.9709500623977507,0.0393818854745762,0.15853030378736432,-0.0784562527182128,-0.9842320657195138
4.133,0.040081948041915894,Empty,0.44149,0.26148,0.28333,-0.22955,0.17331,0.04671,0.98919,-0.11607,0.08329,0.03302,0.9591810705907544,-0.22413285537362854,0.17244169148566885,-0.2351345567008178,-0.970873815500507,0.04599755015865206,0.15710956070680218,-0.08466698008994968,-0.9839451653506732
4.2,0.040081948041915894,Empty,0.44354,0.26231,0.28106,-0.22916,0.17341,0.05057,0.98914,-0.11604,0.08312,0.03492,0.9592510947934341,-0.223762579012255,0.17253302690030697,-0.23537089450239207,-0.9706298085953307,0.049782694657236906,0.15632619472993525,-0.08836335722445218,-0.983744904912489
4.267,0.040081948041915894,Empty,0.44576,0.26309,0.27985,-0.22892,0.17542,0.05354,0.98902,-0.11606,0.08395,0.03649,0.958964139407839,-0.22344445267967344,0.17452895432123608,-0.23569722844237628,-0.9703973241222861,0.05268633447953442,0.15758996108371054,-0.09166029621918165,-0.9832414730180206
4.333,0.040081948041915894,Empty,0.44798,0.26396,0.27924,-0.22885,0.17709,0.05469,0.98892,-0.11609,0.08471,0.03715,0.9586950317769143,-0.22331867179512604,0.17616074157973433,-0.23590647986592644,-0.9702846613761307,0.05381271834310733,0.15890868070539274,-0.09314744615859366,-0.9828894060221647
4.4,0.040081948041915894,Empty,0.45014,0.26439,0.27884,-0.2267,0.17845,0.05596,0.98896,-0.11509,0.08535,0.03776,0.9589403842762454,-0.22118633524152942,0.17751040675562801,-0.23407784417648542,-0.9706585874925039,0.05504061584636004,0.16012776857814434,-0.09433192264275812,-0.9825785394057336
4.467,0.040081948041915894,Empty,0.4526,0.26487,0.27886,-0.22575,0.18046,0.05628,0.98892,-0.11465,0.08634,0.03799,0.9588050368618344,-0.22018941267684844,0.17947011961159684,-0.23330904458528473,-0.9708265552671255,0.055341569392900296,0.16204873033466788,-0.09493377761993985,-0.9822055726087741
4.533,0.040081948041915894,Empty,0.455,0.26583,0.27837,-0.22612,0.18294,0.05705,0.98877,-0.11489,0.08752,0.03852,0.9582808519646051,-0.22045169883172183,0.18193091337152723,-0.23393849950681056,-0.9706332074205406,0.056070982700640606,0.16422724258323346,-0.09629239396090124,-0.9817113565905136
4.6,0.040081948041915894,Empty,0.45714,0.26699,0.27713,-0.22756,0.18399,0.05652,0.98864,-0.11559,0.08804,0.03838,0.9577758363969946,-0.22179545474023077,0.18295415674592252,-0.23531308055281513,-0.9703311464630381,0.05554475964904837,0.1652065414406518,-0.09625093485416299,-0.9815510970932269
4.667,0.040081948041915894,Empty,0.4585,0.26733,0.27584,-0.2287,0.1821,0.05364,0.98872,-0.11601,0.08725,0.0369,0.9578591078149633,-0.22295550309405704,0.18109879407660012,-0.23583430919532888,-0.9703618936849157,0.052725457708653695,0.16397593781492686,-0.09321286887710876,-0.9820505347961549
4.733,0.040081948041915894,Empty,0.46002,0.26733,0.27531,-0.23001,0.18175,0.0501,0.98872,-0.1165,0.08726,0.03519,0.957627450456875,-0.2242288854377355,0.18075141235081998,-0.23651158253565874,-0.9703794254892166,0.04925486690364965,0.164353087765164,-0.0899176151961826,-0.9822947037521312
4.8,0.040081948041915894,Empty,0.46188,0.26657,0.27547,-0.22976,0.18427,0.04482,0.98871,-0.11616,0.08882,0.03271,0.9572387856880278,-0.22388030778132795,0.18322531201296274,-0.23550257038545674,-0.9708745822077282,0.0440577457981256,0.16802513656102983,-0.08532381502667968,-0.9820831940690875
4.867,0.040081948041915894,Empty,0.46297,0.26434,0.2755,-0.22279,0.18403,0.04007,0.98919,-0.1125,0.08908,0.03004,0.9588176216273847,-0.21720845624344187,0.18300069670125785,-0.22791424214359812,-0.972883864073135,0.039396513224329785,0.16948116911596456,-0.0794825362105813,-0.9823230933621685
4.933,0.040081948041915894,Empty,0.46291,0.25821,0.27648,-0.20545,0.17765,0.0383,0.99045,-0.10381,0.08627,0.02807,0.9635611701150388,-0.2008012700337533,0.17671650007672846,-0.21048704593895184,-0.9768698321214386,0.03768997987430836,0.1650608219367342,-0.07351313517912197,-0.9835399046392096
5.0,0.040081948041915894,Empty,0.46372,0.24944,0.27942,-0.18983,0.17435,0.03374,0.99144,-0.09586,0.08507,0.02498,0.967145701233625,-0.18583190674923705,0.17348110853710486,-0.19433309368036406,-0.9803727664357132,0.03322480296112347,0.1639019258152224,-0.06584634587529947,-0.9842765960079166
5.067,0.040081948041915894,Empty,0.46549,0.24179,0.282,-0.18103,0.17778,0.02626,0.99178,-0.09119,0.08722,0.02105,0.968155379603118,-0.1772005776823954,0.17684772041100033,-0.18454453008847943,-0.9824842195238312,0.025847142996288777,0.1691699658921885,-0.05766032999969497,-0.9838987798469729
5.133,0.040081948041915894,Empty,0.46713,0.23703,0.28216,-0.17579,0.18352,0.01838,0.99183,-0.08825,0.09047,0.01716,0.9680542695659428,-0.17194741467607905,0.18249662397250221,-0.17815771990541052,-0.983835955526863,0.018073169358184746,0.17643910568027052,-0.05000899117915526,-0.9830403566425895
5.2,0.040081948041915894,Empty,0.46785,0.2344,0.2802,-0.16919,0.18703,0.01498,0.99198,-0.08482,0.09241,0.01532,0.9685308019711589,-0.1654453607357057,0.18594600894919905,-0.1711073070191027,-0.9851425680806879,0.014710881688647509,0.18074948165284996,-0.04606466288185609,-0.9824498316534066
5.267,0.040081948041915894,Empty,0.46802,0.23269,0.27758,-0.16086,0.19001,0.01229,0.99221,-0.08056,0.09406,0.01372,0.9693275156287569,-0.1572799606309886,0.18885756915966267,-0.1624433652146995,-0.9866439139059646,0.012080573249760862,0.18443513912133389,-0.042388691136125305,-0.981930179962435
5.333,0.040081948041915894,Empty,0.46769,0.23023,0.27485,-0.14901,0.19128,0.00704,0.99264,-0.07443,0.09497,0.0106,0.9708828691930562,-0.1457467144331102,0.19011667349133882,-0.14977192529621286,-0.9886964983324023,0.006899607112820047,0.1869620942879184,-0.03517285056970895,-0.9817372590883349
5.4,0.040081948041915894,Empty,0.46757,0.22691,0.27235,-0.13738,0.19185,0.00122,0.99305,-0.06838,0.09551,0.00718,0.9724030006089064,-0.1344350923604225,0.1906819612570626,-0.13718000185924784,-0.9905454002022451,0.001207157019834676,0.18871685535927096,-0.02733159490806228,-0.9816511256159642
5.467,0.040081948041915894,Empty,0.46809,0.22376,0.27033,-0.12807,0.19422,-0.00724,0.99326,-0.06334,0.09699,0.00261,0.9731605861310381,-0.12532611861584841,0.19300735113922612,-0.1263382370353744,-0.9919617775642442,-0.007105048513454018,0.19234636327180157,-0.017469855301954874,-0.9811715857544189
5.533,0.040081948041915894,Empty,0.46885,0.22065,0.26818,-0.11725,0.19528,-0.01744,0.99354,-0.05746,0.09782,-0.00295,0.9742573400203856,-0.1147562613151234,0.19404544804085871,-0.11360152177162747,-0.993379120068938,-0.017106082609192982,0.1947237265141899,-0.005378131649297359,-0.9808433850683755
5.6,0.040081948041915894,Empty,0.46994,0.21693,0.26624,-0.10756,0.19707,-0.02866,0.99368,-0.05208,0.09899,-0.00895,0.974975802753517,-0.10528202670966985,0.1958006100527762,-0.1017374941245831,-0.9944142844964348,-0.028101834080604113,0.19766554159586175,0.007478344826749039,-0.9802409948702749
5.667,0.040081948041915894,Empty,0.47172,0.21432,0.26435,-0.10201,0.20296,-0.03876,0.99347,-0.04875,0.10214,-0.01409,0.9743809396557142,-0.09974691552738957,0.2015746444333198,-0.09399183743038592,-0.9948494858773231,-0.037947792374334335,0.20432160662080617,0.018029234381899472,-0.9787377727335831
5.733,0.040081948041915894,Empty,0.47334,0.21314,0.26215,-0.0963,0.2077,-0.04614,0.99331,-0.04547,0.10462,-0.01793,0.9739739631471362,-0.09408757942184787,0.2062092299340602,-0.08658489087701488,-0.995221677806172,-0.04513168173781783,0.20947022648404257,0.026102479254003903,-0.9774665645399429
5.8,0.040081948041915894,Empty,0.47482,0.21358,0.26025,-0.09167,0.21114,-0.05148,0.99318,-0.04284,0.1064,-0.02074,0.9736896526000733,-0.08950460265373866,0.20956475496453314,-0.08067855093878779,-0.9954696651826928,-0.050310208899135206,0.2131183517155805,0.032079149066855384,-0.9764996141101033
5.867,0.040081948041915894,Empty,0.47612,0.21451,0.25846,-0.08884,0.21381,-0.05642,0.99305,-0.04113,0.1078,-0.02328,0.9733762192272502,-0.08670368067245043,0.21218201526216574,-0.07666403123960286,-0.9955327636568974,-0.0551102785308981,0.21601241204374644,0.037376305910425636,-0.9756749712888677
5.933,0.040081948041915894,Empty,0.47702,0.21528,0.2565,-0.0852,0.21471,-0.05981,0.99303,-0.03912,0.10827,-0.02514,0.9734948942828101,-0.08314239639363358,0.21306110092465036,-0.07225600077650207,-0.995675122284257,-0.05839624316696919,0.21699484131445693,0.041453501494488086,-0.9752921849665157
6.0,0.040081948041915894,Empty,0.4778,0.21573,0.2545,-0.08206,0.21471,-0.06249,0.99306,-0.03742,0.10828,-0.02664,0.9737499588893469,-0.08009825427747846,0.2130616981643944,-0.0685614303024002,-0.995779754134505,-0.06100829067195267,0.2170491829928972,0.04479900576491402,-0.9751321455293077
6.067,0.040081948041915894,Empty,0.4784,0.21627,0.25285,-0.07992,0.21414,-0.06408,0.99311,-0.03628,0.108,-0.02756,0.9740383333187499,-0.07800449211345906,0.21251970364122322,-0.06609759781784491,-0.9958489239789461,-0.06257817648897798,0.21651889706984564,0.04690650082980548,-0.9751509356974236
6.133,0.040081948041915894,Empty,0.47926,0.21701,0.2512,-0.07608,0.21418,-0.06445,0.99317,-0.03435,0.10797,-0.02795,0.9743273516404618,-0.07426473676870315,0.2125346106354436,-0.062193861587418686,-0.9960777426414755,-0.06293690646279826,0.21637498798643393,0.04810280123794494,-0.9751245997752972
6.2,0.040081948041915894,Empty,0.48004,0.21816,0.24954,-0.07279,0.21351,-0.06443,0.99326,-0.03273,0.10759,-0.02813,0.9747059836357813,-0.07107820349478983,0.211887079484704,-0.058973045090189524,-0.9962746586036003,-0.0629204623081392,0.21557000120006145,0.04883332481239285,-0.9752665691852527
6.267,0.040081948041915894,Empty,0.48074,0.21919,0.24807,-0.07054,0.21229,-0.06337,0.99337,-0.03169,0.10694,-0.02775,0.975119632710835,-0.06889785579621,0.21070070566699775,-0.0570282445843156,-0.9964513108927909,-0.061907708241137935,0.21421830272298786,0.048351530345202606,-0.9755883600636898
6.333,0.040081948041915894,Empty,0.48124,0.21996,0.24699,-0.0663,0.21228,-0.06105,0.99347,-0.02971,0.10684,-0.02682,0.9754047000681318,-0.06476403200163394,0.21069240907989345,-0.053303837305394786,-0.9967963088039031,-0.059630694138455675,0.2138793398473023,0.046933345435898485,-0.9757319760429486
6.4,0.040081948041915894,Empty,0.48169,0.22048,0.2461,-0.06213,0.21179,-0.05891,0.99358,-0.02776,0.10651,-0.02599,0.975768668086826,-0.0606964876969015,0.2102176081143574,-0.04962464852755483,-0.9971083037521642,-0.05755366927484536,0.21310302822479618,0.04572709229484727,-0.9759590833593795
6.467,0.040081948041915894,Empty,0.48255,0.22107,0.24593,-0.05871,0.21173,-0.05766,0.99365,-0.02613,0.10642,-0.02555,0.9759834957069583,-0.05737455931166707,0.2101532204164805,-0.04649728954281901,-0.9973281611870313,-0.05634306495449497,0.21282438340753415,0.045218346355071236,-0.9760435866190177
6.533,0.040081948041915894,Empty,0.48438,0.22187,0.24696,-0.05524,0.21321,-0.05679,0.99363,-0.02443,0.1071,-0.02528,0.9758651885810323,-0.053973449868455814,0.21159867774871313,-0.043141520660746835,-0.9975272834681057,-0.05548087897483002,0.2140699486401226,0.04501316969553112,-0.9757806472989595
6.6,0.040081948041915894,Empty,0.48707,0.2231,0.24822,-0.05116,0.2161,-0.05454,0.99355,-0.02248,0.10846,-0.02434,0.9754625699283677,-0.04995495033426339,0.2144231274975862,-0.039394917958749665,-0.9978040876596117,-0.053245122676099474,0.216612130564676,0.043491442685553244,-0.9752885108035269
6.667,0.04008227586746216,Empty,0.49015,0.22471,0.2487,-0.04962,0.21938,-0.05369,0.9934,-0.02171,0.11006,-0.02396,0.9748320308706936,-0.04839725577522863,0.21762402721654156,-0.037850218132801705,-0.997909821442977,-0.05237699165611372,0.21970405680327873,0.04282165224594187,-0.97462630455119
6.733,0.04008227586746216,Empty,0.494,0.22715,0.24866,-0.05092,0.22265,-0.0519,0.99323,-0.02241,0.11168,-0.02295,0.9740500002378306,-0.04963451849481765,0.22082348518776293,-0.03938354188455012,-0.997942812981207,-0.05058733683228972,0.22288008808619583,0.04057778447553838,-0.9740009803597459
6.8,0.04008227586746216,Empty,0.49767,0.23004,0.24736,-0.05434,0.22425,-0.04947,0.99313,-0.02422,0.11248,-0.02153,0.9735254400388068,-0.05295019189698308,0.22236118090917112,-0.043265152531648976,-0.9978999223202263,-0.048206551522586,0.2244467513101081,0.037309813874626126,-0.973771859120492
6.867,0.040081948041915894,Empty,0.50127,0.23331,0.24606,-0.05705,0.22362,-0.04865,0.99313,-0.02562,0.11219,-0.02098,0.9735145452426719,-0.055596100937720216,0.22176226857037046,-0.0461801107133627,-0.9978067115259996,-0.047425349847650414,0.2239125444798833,0.0359282617752837,-0.9739467811078544
6.933,0.040081948041915894,Empty,0.50474,0.23644,0.24493,-0.06108,0.22308,-0.04862,0.99311,-0.02763,0.11196,-0.02075,0.9734016404640176,-0.05953045706199922,0.22123600752126377,-0.050236420861699105,-0.9976116030758228,-0.04740666015965346,0.22352974826846986,0.03503161558472671,-0.9740673680750004
7.0,0.040081948041915894,Empty,0.50817,0.23988,0.24391,-0.06371,0.22274,-0.04798,0.9931,-0.02898,0.11181,-0.02029,0.9733190363357618,-0.06208911875995188,0.22089589140143903,-0.053014474279526824,-0.9974973691589758,-0.04678102219690171,0.22324766297385748,0.03382217989033545,-0.9741748000868101
7.067,0.040081948041915894,Empty,0.51125,0.24333,0.24312,-0.06572,0.2221,-0.04845,0.9931,-0.02996,0.11152,-0.02042,0.9733298815787061,-0.06405333707814093,0.22028643089199962,-0.05494419344586532,-0.9973713455451321,-0.04723912247360136,0.22273319741916578,0.03387578921068315,-0.9742906925927128
7.133,0.040081948041915894,Empty,0.51391,0.24603,0.24232,-0.06715,0.22159,-0.04819,0.99311,-0.03069,0.11128,-0.02022,0.9733514436268048,-0.06546458588468695,0.21977569288836696,-0.05646337197619483,-0.9972978933322509,-0.04699786782538447,0.22225853147785612,0.03333616579633788,-0.9744176954649919
7.2,0.040081948041915894,Empty,0.51669,0.24802,0.24163,-0.06724,0.22213,-0.04854,0.99308,-0.03071,0.11155,-0.02038,0.9732275604551586,-0.06554249113887717,0.2203004707798216,-0.056450645270782696,-0.9972832759591881,-0.047322216142339835,0.22280359112683307,0.033619181242562884,-0.9742834856619335
7.267,0.040081948041915894,Empty,0.51956,0.24981,0.24074,-0.06783,0.22407,-0.04789,0.99297,-0.03101,0.11251,-0.01999,0.9727604557085698,-0.06608511667306471,0.2221932788451598,-0.05709082786471176,-0.9972776215116148,-0.046668865487155195,0.22467250206328615,0.032712428623442154,-0.9738850875899985
7.333,0.040081948041915894,Empty,0.52202,0.25171,0.2395,-0.06805,0.22494,-0.04765,0.99292,-0.03112,0.11294,-0.01984,0.9725519258322675,-0.0662841001989532,0.22304521878032302,-0.05732298443541023,-0.9972758782585478,-0.046420879990146824,0.22551458271110703,0.03236109862870875,-0.9737021784304368
7.4,0.040081948041915894,Empty,0.52478,0.25346,0.23785,-0.06759,0.22721,-0.0454,0.99282,-0.03099,0.11403,-0.01871,0.9720732740111846,-0.06579365222416733,0.22526594345391332,-0.05725771106336508,-0.9973793876046777,-0.04422569055540301,0.22758537843402973,0.030092399510895703,-0.9732930406690042
7.467,0.040081948041915894,Empty,0.52672,0.25465,0.23514,-0.0676,0.22764,-0.0426,0.99282,-0.03115,0.1142,-0.01731,0.9719761254270197,-0.06580886885339687,0.22568031456047474,-0.05790218700449612,-0.9974599727361642,-0.04148420819139527,0.22783710922493455,0.027254276167366098,-0.9733177569995413
7.533,0.040081948041915894,Empty,0.52858,0.25565,0.23185,-0.06699,0.22818,-0.03858,0.99283,-0.03107,0.1144,-0.01534,0.9718926395430577,-0.06520679059778711,0.2262139952831491,-0.05818520231700186,-0.9975983461168457,-0.03757688193908018,0.22812097543487286,0.023358387891083233,-0.9733525601146648
7.6,0.040081948041915894,Empty,0.5304,0.25614,0.22876,-0.06629,0.22807,-0.03529,0.99287,-0.03091,0.11429,-0.01375,0.9719655655981108,-0.06452548598124352,0.22609599941270267,-0.05823976709147516,-0.9977108253087004,-0.03436915173469812,0.22779611239148737,0.020237853658833058,-0.9734985158995407
7.667,0.040081948041915894,Empty,0.53295,0.25696,0.22605,-0.0673,0.2292,-0.03218,0.99281,-0.03158,0.11481,-0.01213,0.9716418191632874,-0.06548063906251084,0.22721016958099072,-0.05991205248484277,-0.9977119720312294,-0.031326775011302876,0.22874160360570797,0.016825777055474896,-0.9733417549896689
7.733,0.040081948041915894,Empty,0.53558,0.2584,0.22386,-0.06926,0.23083,-0.0306,0.9927,-0.03263,0.1156,-0.0112,0.9711465630930056,-0.06736467256478457,0.2287714009287048,-0.062185880166404583,-0.9976202097177835,-0.029779749337008055,0.23023307603507454,0.014694150294753771,-0.9730245693951118
7.8,0.040081948041915894,Empty,0.53866,0.26041,0.22183,-0.07198,0.23442,-0.02829,0.99246,-0.03408,0.11736,-0.00983,0.9701317728794484,-0.06994994559132095,0.23227429552481643,-0.06533778486171221,-0.9974841783342747,-0.027500688030694345,0.23361360645121498,0.011503003284715884,-0.9722614688427638
7.867,0.040081948041915894,Empty,0.54064,0.26236,0.21928,-0.07326,0.23641,-0.02581,0.99233,-0.03484,0.11831,-0.00849,0.9695784197614833,-0.07116108355587897,0.23420885576762113,-0.06714464840848444,-0.9974277638954918,-0.0250888820105587,0.23539176732189698,0.008599767298709447,-0.9718625210797471
7.933,0.040081948041915894,Empty,0.54222,0.26393,0.21605,-0.07268,0.23905,-0.02198,0.9922,-0.03476,0.11955,-0.00657,0.968998547713436,-0.07055500717329172,0.23677796665236553,-0.06741493460841169,-0.9974967306313349,-0.021342421876191398,0.23769106234984008,0.004718404664134996,-0.9713293445255475
8.0,0.040081948041915894,Empty,0.54367,0.26445,0.2125,-0.0713,0.24112,-0.01834,0.99211,-0.03428,0.12051,-0.00481,0.9686025586845097,-0.06917460422008903,0.23879689579392527,-0.06685663335368186,-0.9976037481006241,-0.017803155680878563,0.23945620452690755,0.0012790256370658333,-0.9709063241152504
8.067,0.040081948041915894,Empty,0.5448,0.26455,0.20909,-0.07116,0.24204,-0.01561,0.99206,-0.03437,0.12092,-0.00345,0.9683955574187568,-0.06902011645780809,0.23967951079674138,-0.06735120463474065,-0.9976141931114888,-0.01515707546864084,0.24015382488285295,-0.0014646592311332403,-0.9707337406145274
8.133,0.040081948041915894,Empty,0.54574,0.26464,0.20618,-0.0712,0.2421,-0.01326,0.99206,-0.03453,0.12091,-0.00228,0.968377480900998,-0.06906510160536239,0.23973958001147494,-0.06796177193349967,-0.9976048270145108,-0.012876593998700656,0.24005468551873022,-0.003823723001126164,-0.9707518360028552
8.2,0.040081948041915894,Empty,0.54675,0.26465,0.2036,-0.07014,0.24402,-0.01157,0.99196,-0.0341,0.12183,-0.00147,0.9679888090322035,-0.06801449268930965,0.24160234761407515,-0.0673002588844317,-0.9976697096683744,-0.011217199486050586,0.24180227613177047,-0.005401776970334987,-0.9703105070352778
8.267,0.040081948041915894,Empty,0.5482,0.26465,0.20093,-0.06953,0.24961,-0.00844,0.99163,-0.03396,0.12455,0.00014,0.9666686533104054,-0.06732223626285566,0.24702111491047685,-0.06739070448792667,-0.9976930692043733,-0.00818734451320148,0.24700244463500304,-0.008732477662445351,-0.9689755085543735
8.333,0.040081948041915894,Empty,0.54932,0.2649,0.19723,-0.07033,0.25412,-0.00622,0.99133,-0.03448,0.12675,0.00137,0.9654925333251038,-0.0680142558170263,0.25139257964213935,-0.06870933273770868,-0.9976185447153718,-0.006022195174687592,0.2512034945780256,-0.01145863192703538,-0.9678664701631874
8.4,0.040081948041915894,Empty,0.55043,0.26541,0.19298,-0.0701,0.25892,-0.00461,0.99103,-0.03445,0.1291,0.00224,0.964290060492904,-0.06770782592808472,0.2560475142286759,-0.06886206466777789,-0.9976161957373766,-0.0044656524915350215,0.25573950669437584,-0.013325776171636178,-0.96665388242387
8.467,0.040081948041915894,Empty,0.55085,0.26603,0.18858,-0.07082,0.26166,-0.00309,0.99084,-0.0349,0.13043,0.00309,0.9635396007747371,-0.06835734547772293,0.2586865111637999,-0.06996702586573472,-0.997544823148955,-0.0029901672567376747,0.258255789926118,-0.015218381252907538,-0.9659567008110032
8.533,0.040081948041915894,Empty,0.55082,0.2667,0.18445,-0.07181,0.26281,-0.00195,0.99074,-0.03546,0.13098,0.00374,0.9631727122568166,-0.06927414607378274,0.2598065030933518,-0.07123332206674599,-0.9974579113781115,-0.0018785250998552827,0.2592761851601162,-0.016697536194413772,-0.9656588694222474
8.6,0.040081948041915894,Empty,0.55101,0.26707,0.18118,-0.07188,0.26521,-0.00059,0.99058,-0.03558,0.13214,0.00446,0.9625464087383748,-0.06930107473422409,0.26211022884568846,-0.07166022863057231,-0.9974289442360017,-0.0005593146421433992,0.2614750899368271,-0.01824451262534393,-0.965037779105871
8.667,0.040081948041915894,Empty,0.55084,0.26786,0.17848,-0.0732,0.26641,4e-05,0.99048,-0.03627,0.13272,0.00488,0.9621377470115496,-0.07054894657132338,0.2632751448830971,-0.07313906184261537,-0.9973217516088335,3.742552729890658e-05,0.2625673883183539,-0.019291705615744364,-0.9647207869047466
8.733,0.040081948041915894,Empty,0.55074,0.26869,0.17626,-0.07416,0.26879,0.00035,0.9903,-0.03676,0.13389,0.00514,0.9614455363048641,-0.07143094686392465,0.26555620977408,-0.07418126948801973,-0.9972447200362026,0.00032805039476624387,0.2648010951197103,-0.020014699349199208,-0.9640953230014983
8.8,0.040081948041915894,Empty,0.55079,0.26953,0.1744,-0.07397,0.2723,0.00025,0.99007,-0.03665,0.13563,0.00514,0.9605212433179631,-0.07117370374656723,0.26894840588839797,-0.07396167775852208,-0.9972610567713409,0.00023424442936606504,0.2681950994296114,-0.02011687208052087,-0.9631545567039782
8.867,0.040081948041915894,Empty,0.55116,0.27035,0.17275,-0.07503,0.27765,-0.00097,0.98969,-0.03708,0.1383,0.00471,0.95899854759951,-0.07208353765180892,0.27409076836265456,-0.07468942872438072,-0.9972064093892248,-0.0009307576889186486,0.2733921632725702,-0.019579087635793312,-0.9617033765088352
