time,gr,gr_state,tx,ty,tz,rx,ry,rz,qw,qx,qy,qz,xx,xy,xz,yx,yy,yz,zx,zy,zz
0.0,0.01555610541254282,Empty,0.30731,-0.00052,0.48545,-0.0042,0.00091,0.00488,0.99999,-0.0021,0.00045,0.00244,0.9999907906324108,-0.004195953928443574,0.0009014549327532005,-0.004200298965058136,-0.999979303264432,0.004873451691108874,0.0008809874968103119,-0.004877193189921914,-0.99998771834839
0.067,0.01555610541254282,Empty,0.30731,-0.00052,0.48545,-0.0042,0.00091,0.00488,0.99999,-0.0021,0.00045,0.00244,0.9999907898154805,-0.004195520661976093,0.0009043730350146327,-0.004199879729212486,-0.999979306163998,0.004873218036319759,0.0008839086331054908,-0.004876971411059846,-0.9999877168522541
0.133,0.01555610541254282,Empty,0.30731,-0.00052,0.48545,-0.0042,0.00089,0.00488,0.99999,-0.0021,0.00044,0.00244,0.9999907925767098,-0.00419576705155561,0.0009001670136357491,-0.00420011051365532,-0.9999792779771806,0.004878799843152926,0.0008796780527212291,-0.004882535722915638,-0.999987693429993
0.2,0.01555610541254282,Empty,0.30731,-0.00052,0.48545,-0.0042,0.00091,0.00488,0.99999,-0.0021,0.00045,0.00244,0.9999907556475973,-0.004203452210062575,0.0009053225194681348,-0.004207812646771392,-0.9999792902675222,0.004869635385952859,0.0008848344908555897,-0.004873399796874107,-0.9999877334459376
0.267,0.01555610541254282,Empty,0.30731,-0.00052,0.48545,-0.0042,0.00091,0.00488,0.99999,-0.0021,0.00045,0.00244,0.9999907758861877,-0.004198815517575949,0.0009044837145488912,-0.004203174957316924,-0.9999792930322751,0.004873071613472066,0.000884003856724771,-0.004876828367003181,-0.9999877174656997
0.333,0.01555610541254282,Empty,0.30731,-0.00052,0.48545,-0.0042,0.00089,0.00488,0.99999,-0.0021,0.00044,0.00244,0.9999907866354336,-0.00419733310002518,0.000899466004735461,-0.004201669677656561,-0.9999792905342249,0.0048748820076055695,0.0008789858736659292,-0.004878616352578596,-0.999987713167676
0.4,0.01555577665567398,Empty,0.30731,-0.00052,0.48545,-0.0042,0.00091,0.00488,0.99999,-0.0021,0.00045,0.00244,0.9999908117249056,-0.004190489221257476,0.000903474322250596,-0.0041948474146175085,-0.9999793082319537,0.004877126521945933,0.0008830180816485602,-0.004880871646490645,-0.9999876986098568
0.467,0.01555577665567398,Empty,0.30731,-0.00052,0.48545,-0.0042,0.00091,0.00488,0.99999,-0.0021,0.00045,0.00244,0.9999907974279394,-0.0041939773018584425,0.0009031134066905251,-0.004198329243380927,-0.9999793181967257,0.004872084807902198,0.0008826613155797089,-0.004875831539616067,-0.9999877235125436
0.533,0.01555577665567398,Empty,0.30731,-0.00052,0.48545,-0.0042,0.00091,0.00488,0.99999,-0.0021,0.00045,0.00244,0.9999907747155532,-0.00419906820975674,0.0009046048624920268,-0.004203430736787417,-0.9999792781770028,0.004875898547079838,0.0008841118868470658,-0.004879656009412454,-0.9999877035760996
0.6,0.01555610541254282,Empty,0.30731,-0.00052,0.48545,-0.0042,0.00091,0.00488,0.99999,-0.0021,0.00045,0.00244,0.9999907889187317,-0.004196232717470771,0.0009020580208918263,-0.004200582517105811,-0.999979291983303,0.00487552162220794,0.000881580517713394,-0.0048792658825340274,-0.999987707714569
0.667,0.01555610541254282,Empty,0.30731,-0.00052,0.48545,-0.0042,0.00091,0.00488,0.99999,-0.0021,0.00045,0.00244,0.9999907772619616,-0.004198927196839841,0.0009024419168238975,-0.004203279689859396,-0.9999792759435274,0.004876486779107346,0.0008819472016046903,-0.004880235020327499,-0.9999877026620276
0.733,0.01555610541254282,Empty,0.30731,-0.00052,0.48545,-0.0042,0.00091,0.00488,0.99999,-0.0021,0.00045,0.00244,0.9999907823429646,-0.004197838744935678,0.0009018752555265915,-0.004202185896764188,-0.9999792948564914,0.0048735502462702775,0.0008813982040207778,-0.00487729517103498,-0.9999877174890802
0.8,0.01555577665567398,Empty,0.30731,-0.00052,0.48545,-0.0042,0.00091,0.00488,0.99999,-0.0021,0.00045,0.00244,0.9999907695264462,-0.004200246848956535,0.0009048692245111735,-0.00420461064077321,-0.9999792732808506,0.004875885361763187,0.0008843705474143135,-0.004879644977802192,-0.9999877034012095
0.867,0.01555577665567398,Empty,0.30731,-0.00052,0.48545,-0.0042,0.00091,0.00488,0.99999,-0.0021,0.00045,0.00244,0.9999907691060483,-0.004200966637637138,0.0009019878068650786,-0.00420531315584155,-0.9999792880486501,0.004872249478057714,0.0008815009674299236,-0.004875997644030095,-0.9999877237261566
0.933,0.01555610541254282,Empty,0.30731,-0.00052,0.48545,-0.0042,0.00089,0.00488,0.99999,-0.0021,0.00044,0.00244,0.9999907990601651,-0.004194693091847668,0.0008979670805383797,-0.00419902119594695,-0.9999793082757711,0.004873524526099989,0.0008775055603886334,-0.004877250267898484,-0.9999877211315223
1.0,0.01555610541254282,Empty,0.30714,-0.00038,0.48553,-0.00466,-3e-05,0.00528,0.99999,-0.00233,-2e-05,0.00264,0.9999891288287648,-0.004662774850682505,-2.7476892291887316e-05,-0.004662564814743142,-0.9999751942354214,0.005279337380700633,-5.2092572273611266e-05,-0.00527915187532874,-0.999986063823812
1.067,0.01555610541254282,Empty,0.30788,0.00039,0.48644,-0.0037,-0.00043,0.00688,0.99999,-0.00185,-0.00022,0.00344,0.9999930378696238,-0.0037071847221835097,-0.00042543356450956216,-0.003704169415063352,-0.9999694575575226,0.00688208406359821,-0.0004509337276268812,-0.006880460271633901,-0.9999762276800503
1.133,0.01555610541254282,Empty,0.30949,0.00091,0.48601,-0.00114,-0.0008,0.00824,0.99999,-0.00057,-0.0004,0.00412,0.9999990360834824,-0.0011341134939492625,-0.0008010110416691923,-0.0011274725957674536,-0.999965390283389,0.008242999510815622,-0.000810331815879891,-0.008242088447253848,-0.9999657050821172
1.2,0.01555610541254282,Empty,0.31135,0.00155,0.48416,6e-05,-0.00036,0.0093,0.99999,3e-05,-0.00018,0.00465,0.9999999343123821,5.8435127103073636e-05,-0.00035771576298195603,6.175597352575668e-05,-0.9999568403078504,0.009290517086774308,-0.00035715743153295107,-0.009290538567587561,-0.9999567782317857
1.267,0.01555610541254282,Empty,0.31241,0.00302,0.48094,1e-05,0.00146,0.01228,0.99998,0.0,0.00073,0.00614,0.9999989320870613,1.0181236793527226e-05,0.001461410647142801,-7.752906316882413e-06,-0.9999247050713175,0.012271272465858366,0.0014614255470630567,-0.012271270691387557,-0.9999236371598528
1.333,0.01555610541254282,Empty,0.31391,0.00529,0.47964,0.00182,0.00506,0.01672,0.99996,0.00089,0.00254,0.00836,0.9999855106923132,0.0018311612812300648,0.005062139250883396,0.001746312333072375,-0.9998587631186933,0.016715388358986463,0.005092032862086631,-0.016706306088375884,-0.9998474736369606
1.4,0.01555610541254282,Empty,0.31603,0.00863,0.47966,0.0032,0.00856,0.02283,0.99992,0.00155,0.0043,0.01141,0.9999582026757977,0.003204275568541637,0.00856303214225557,0.0030079831091290865,-0.999734639370679,0.0228386269288173,0.008633941104944459,-0.02281191487927639,-0.9997024915446279
1.467,0.01555610541254282,Empty,0.31888,0.01317,0.47883,0.0063,0.01447,0.03043,0.99985,0.00304,0.00728,0.01519,0.9998753707127712,0.0063063913762377855,0.014473163780190756,0.005863821033696814,-0.9995200034404186,0.030420031646116785,0.014658057336608122,-0.030331372377056846,-0.9994324135252173
1.533,0.01555577665567398,Empty,0.32309,0.01865,0.47856,0.01216,0.01747,0.03885,0.99976,0.00591,0.00885,0.01937,0.9997735390648106,0.012164844218299498,0.01746101803927819,0.011479391473710299,-0.9991797511619314,0.03883359936155686,0.017919100346189123,-0.038624363206726284,-0.9990931209900598
1.6,0.01555577665567398,Empty,0.32859,0.02433,0.47729,0.01987,0.02089,0.04602,0.99963,0.00969,0.01067,0.0229,0.9995846290282705,0.01985368225822637,0.020890206107274156,0.01887618088915377,-0.9987634282225921,0.04599243677057407,0.021777493093902166,-0.04557900553812784,-0.9987233325845052
1.667,0.01555577665567398,Empty,0.33411,0.03025,0.47569,0.02309,0.0127,0.05398,0.99955,0.01137,0.00666,0.02691,0.9996529248199798,0.023081580633728505,0.01269923361106591,0.02236485115948289,-0.9982932600743862,0.053947940856606785,0.013922763068942561,-0.05364520039577126,-0.998462993376832
1.733,0.01555577665567398,Empty,0.34075,0.03749,0.4748,0.02306,0.0066,0.06275,0.99944,0.01142,0.00366,0.03133,0.9997123840187782,0.023057322427544547,0.006596144477140086,0.022598852515255508,-0.997775559132652,0.06271543241114848,0.008027521690085032,-0.06254832915430958,-0.9980096519651097
1.8,0.01555577665567398,Empty,0.34845,0.04558,0.47288,0.02774,0.00582,0.0707,0.99928,0.01376,0.0034,0.0353,0.9995982874234617,0.027737559229414344,0.005821648226810097,0.02725759355618318,-0.9971289286250362,0.07064646695067832,0.007764494420624176,-0.07045940325522276,-0.9974844285096935
1.867,0.01555577665567398,Empty,0.35624,0.05356,0.46984,0.03367,0.00062,0.07724,0.99911,0.01681,0.00096,0.0386,0.9994326728944867,0.03367418143782808,0.000617944555910778,0.03352611230313979,-0.9964541654067676,0.07716926873658356,0.0032143653835880357,-0.07710477124013809,-0.9970178143379317
1.933,0.01555610541254282,Empty,0.36551,0.06045,0.46562,0.04351,0.00332,0.07921,0.99898,0.02167,0.00252,0.03955,0.999048195453476,0.043493626014835585,0.0033177789610844416,0.04309522388957748,-0.9959327291185568,0.07912522194831578,0.006745727467085989,-0.0789069297751766,-0.9968591633698289
2.0,0.01555610541254282,Empty,0.37443,0.06598,0.45878,0.05194,0.00192,0.07962,0.99887,0.02591,0.00199,0.03976,0.9986498819656164,0.05191101817376492,0.0019129668641400532,0.05159471603545174,-0.9954959017050657,0.07953549500467699,0.00603311919999627,-0.07932941371635704,-0.9968301989768054
2.067,0.01555610541254282,Empty,0.38188,0.07067,0.4507,0.05445,-0.0015,0.07869,0.99885,0.02723,0.00032,0.03934,0.9985171102674548,0.05441829623437222,-0.0014931637817201873,0.054367157448202474,-0.995421794701998,0.07861083146269127,0.0027915397423832694,-0.07857543933826515,-0.99690426202252
2.133,0.01555577665567398,Empty,0.3892,0.07547,0.44243,0.05792,0.00165,0.07768,0.99883,0.0289,0.00195,0.03879,0.9983215488842188,0.05789062172102272,0.0016616107147525913,0.057587409905475895,-0.9953199991289884,0.07760019042663148,0.006146157644627684,-0.07737425444309129,-0.9969831741286225
2.2,0.01555577665567398,Empty,0.39608,0.08052,0.43397,0.06228,0.00728,0.07672,0.99878,0.03097,0.00483,0.03822,0.9980350937083515,0.062234075945994394,0.007271280335016735,0.06149645356701611,-0.9951604948006014,0.07664056228200342,0.012005745509631028,-0.0760428128054849,-0.9970322726448668
2.267,0.01555577665567398,Empty,0.40214,0.08594,0.42637,0.0655,0.00813,0.07446,0.99877,0.03257,0.00528,0.03707,0.9978227234126379,0.06544874637246101,0.008140899192333143,0.06466510464070502,-0.9951296962052458,0.07439967723224257,0.012970616145470033,-0.0737112564587559,-0.9971952736490874
2.333,0.01555610541254282,Empty,0.4091,0.09085,0.41788,0.07179,0.01978,0.07107,0.99869,0.03551,0.01115,0.03515,0.9972291022703432,0.07171408849055444,0.01977895591416139,0.07014586200008172,-0.9950062232386114,0.07100826543931398,0.02477247725502856,-0.06942409688576083,-0.9972796093083651
2.4,0.01555610541254282,Empty,0.41455,0.09559,0.40827,0.0739,0.02664,0.06979,0.99864,0.03645,0.01459,0.03437,0.9969172547252514,0.07379818857507103,0.026642345882197986,0.07179199176311651,-0.9949809376767381,0.06970540566271148,0.03165275895957595,-0.06757781457665546,-0.9972117838389649
2.467,0.01555610541254282,Empty,0.42074,0.10088,0.39903,0.08088,0.0362,0.06618,0.9985,0.0398,0.01941,0.03232,0.9960777154943277,0.08074372535079838,0.03618888658242881,0.07823453686334941,-0.994742285943117,0.06608435365833372,0.041334512666514854,-0.06299393124053562,-0.9971575716452664
2.533,0.01555577665567398,Empty,0.42629,0.10667,0.38944,0.08573,0.04013,0.0638,0.9984,0.04218,0.0214,0.031,0.9955263135532489,0.08554512394058361,0.040117213176742154,0.08289166508995255,-0.9945205024207036,0.06370197896051982,0.045346784689690264,-0.06009161368162419,-0.9971623072917696
2.6,0.01555577665567398,Empty,0.43245,0.11249,0.38058,0.09191,0.04308,0.05936,0.9983,0.04527,0.02287,0.02865,0.9948557355004854,0.09169254810131294,0.04306439555453113,0.08907145122855425,-0.9942594863196372,0.05928195711555562,0.04825289750707186,-0.05514118683978173,-0.9973119408670851
2.667,0.01555577665567398,Empty,0.43743,0.11819,0.37204,0.09472,0.04147,0.05703,0.99829,0.04672,0.02205,0.02749,0.9946626147647606,0.09449069435457969,0.04144624795706819,0.09206660210463136,-0.9941231977483098,0.056945662482605346,0.046583511742212896,-0.052825906325066556,-0.9975166164303721
2.733,0.01555610541254282,Empty,0.44247,0.12418,0.36359,0.09942,0.04467,0.05278,0.9982,0.04907,0.02361,0.02524,0.9940694616644878,0.09915074581909067,0.044665814551997945,0.0967664378475922,-0.9939103477234112,0.05271126250258116,0.049620176262922346,-0.04807650457183842,-0.9976103887870207
2.8,0.01555610541254282,Empty,0.44688,0.13041,0.3553,0.10634,0.04601,0.04683,0.99808,0.05258,0.02421,0.02215,0.9932974963733225,0.10603572759738666,0.0460055232703881,0.1038903617657293,-0.9934888867807561,0.046761357714676016,0.050664350688381314,-0.04166840908922273,-0.9978461140142292
2.867,0.01555610541254282,Empty,0.45077,0.13629,0.34638,0.10877,0.04343,0.03759,0.99813,0.05393,0.0227,0.01758,0.9931532621192398,0.10844955810314572,0.04341994114626457,0.10685286801486632,-0.9935654905295813,0.03755104027466747,0.04721294884785507,-0.03265439290424186,-0.9983509543668224
2.933,0.01555577665567398,Empty,0.45396,0.14109,0.33738,0.11084,0.03998,0.02869,0.99818,0.05509,0.02075,0.01321,0.9930681750539321,0.11053645350015318,0.03996613744985637,0.10944035893315956,-0.9935803302338396,0.028651966930659335,0.042876654855918045,-0.024079448083851217,-0.9987901544610577
3.0,0.01555577665567398,Empty,0.45655,0.14522,0.32817,0.11025,0.03757,0.01872,0.99827,0.05491,0.01927,0.00831,0.9932266991111158,0.10995729547387761,0.037551529195318345,0.10931704724951846,-0.993830948438415,0.018703719059233848,0.039376482238552765,-0.01447201085096819,-0.999119639256704
3.067,0.01555577665567398,Empty,0.45869,0.14893,0.318,0.10864,0.04036,0.00626,0.99832,0.05422,0.02032,0.00203,0.9932954968127181,0.10833487159934524,0.040343668736605165,0.10816950510916651,-0.9941127179836937,0.006265948253110155,0.04078497488062907,-0.001859983501549149,-0.9991662155444212
3.133,0.01555577665567398,Empty,0.46061,0.15222,0.30686,0.10711,0.0464,-0.00759,0.99829,0.0536,0.02296,-0.00503,0.9931989401542747,0.10678898181784069,0.04638942378101157,0.10725112568786721,-0.9942030443118957,-0.00758305476994869,0.04531071964900474,0.012506799881169895,-0.998894648419753
3.2,0.01555577665567398,Empty,0.4618,0.15489,0.29366,0.10575,0.05003,-0.02258,0.99821,0.05311,0.02438,-0.01259,0.9931706357265064,0.10541095309809362,0.05000619259210171,0.10663893235053284,-0.9940420242410689,-0.022551987714086466,0.04733103038964306,0.02773057896383244,-0.998494260650799
3.267,0.01555577665567398,Empty,0.46277,0.15731,0.27998,0.10495,0.04615,-0.03847,0.99815,0.05287,0.02203,-0.02041,0.9934388905180238,0.10464390221289538,0.04613918655520655,0.1064421298543165,-0.9935769291451988,-0.03840519317063189,0.04182396201216445,0.04306436578024469,-0.9981964819621187
3.333,0.01555577665567398,Empty,0.46326,0.15864,0.26784,0.10433,0.035,-0.04831,0.99817,0.05254,0.01621,-0.02503,0.9939530009791556,0.10408094719507621,0.03499411772721067,0.10570375057786174,-0.9932261415981274,-0.048255038699286046,0.029734642394071392,0.051662250019450115,-0.9982218505746228
3.4,0.01555577665567398,Empty,0.46496,0.16001,0.2582,0.10511,0.0238,-0.05598,0.99814,0.05284,0.01041,-0.02857,0.994199294247564,0.10488529184718143,0.023808378184530157,0.10607538531479649,-0.9927837529532332,-0.05593239224645322,0.017770085761287302,0.05813342778664612,-0.9981506542730969
3.467,0.01555610541254282,Empty,0.46881,0.16207,0.25015,0.10852,0.02218,-0.06451,0.99793,0.05456,0.00932,-0.0328,0.9938720434298389,0.10828930532547043,0.022176285548373253,0.10951183623748867,-0.9918938317555215,-0.0644498584113467,0.015017290450990907,0.0664834782293782,-0.9976745101033876
3.533,0.01555610541254282,Empty,0.47269,0.16391,0.24178,0.11392,0.01864,-0.07304,0.99765,0.05723,0.00722,-0.03698,0.993344267246727,0.11366388031080649,0.018646421660831435,0.11473235402705956,-0.9907139908351629,-0.07295392589075833,0.01018104451774698,0.07460771190805568,-0.9971609878331443
3.6,0.01555610541254282,Empty,0.47651,0.16568,0.23425,0.11706,0.01899,-0.08035,0.99741,0.05883,0.00712,-0.04065,0.9929771343167829,0.11677292851735999,0.018986676631507812,0.11793069626528635,-0.9897737536837543,-0.08025127660763783,0.00942133761281656,0.08192679466603327,-0.9965938183198484
3.667,0.01555577665567398,Empty,0.47967,0.16716,0.22686,0.11906,0.02007,-0.08637,0.99722,0.05987,0.00744,-0.04369,0.9927199987283231,0.11876252778454799,0.020061558241138665,0.12006206298284056,-0.9890121345982242,-0.08625600645617837,0.009597143176099264,0.08803669468856916,-0.9960709990915153
3.733,0.01555577665567398,Empty,0.48246,0.16867,0.22003,0.1193,0.02985,-0.09235,0.99701,0.06023,0.01213,-0.04696,0.9924504388424391,0.11895928714996518,0.029846514741625363,0.12123797865814306,-0.9883344558010548,-0.09217568012941517,0.018533185703963923,0.09509832531230351,-0.9952953478995357
3.8,0.01555610541254282,Empty,0.4836,0.16966,0.21361,0.12088,0.03664,-0.09588,0.99681,0.0612,0.01537,-0.04893,0.9920352584758785,0.120513601532166,0.03664038463831207,0.12352272670743542,-0.9877196497918364,-0.0956662396138379,0.02466134480228883,0.09943020296086254,-0.9947388867495349
3.867,0.01555610541254282,Empty,0.48487,0.17053,0.20834,0.12318,0.04636,-0.0984,0.99656,0.0626,0.02008,-0.0505,0.9913555635494308,0.12274302058570696,0.046349730496377396,0.12679981656112393,-0.9870613698300541,-0.09814101440927706,0.03370390392306812,0.1031697779716199,-0.9940925730401727
3.933,0.01555610541254282,Empty,0.48695,0.17113,0.2041,0.12921,0.05636,-0.1002,0.99618,0.06586,0.02485,-0.05177,0.9900910710854374,0.12863325457899022,0.05633077998136034,0.1337797777213574,-0.9859650814579244,-0.09987907297573803,0.0426924118517086,0.10642529756634607,-0.9934037517586686
4.0,0.01555610541254282,Empty,0.48893,0.1714,0.20146,0.1339,0.06585,-0.10121,0.99583,0.06844,0.02942,-0.05264,0.9889015131410399,0.13320911286911863,0.06579612113175415,0.13940308891690345,-0.9850910565742723,-0.10080867550865633,0.05138653625014964,0.10886203427277165,-0.992727798233839
4.067,0.01555610541254282,Empty,0.49017,0.17097,0.19999,0.13754,0.07913,-0.10109,0.99545,0.07057,0.03594,-0.05308,0.9874572646281643,0.13667313909410156,0.07904810929572037,0.14430393203526898,-0.9844067268737877,-0.10059707393754583,0.06406657265863566,0.11074226445129237,-0.9917820451752369
4.133,0.01555610541254282,Empty,0.49117,0.17031,0.19886,0.14359,0.09658,-0.10022,0.99484,0.07397,0.0445,-0.05336,0.9850972627852608,0.14242297187804476,0.0964317371740915,0.1519214287211359,-0.9833620267570667,-0.09959419575237605,0.08064280717036218,0.11276001691051409,-0.9903443422557755
4.2,0.01555610541254282,Empty,0.49206,0.16977,0.19776,0.15119,0.11447,-0.09897,0.99408,0.07813,0.05324,-0.05356,0.9821245837840227,0.14962315297810308,0.11421126923360425,0.1610293505347769,-0.982054500943259,-0.09817589033685667,0.09747230475067073,0.11481232194315112,-0.9885935871411542
4.267,0.01555610541254282,Empty,0.4919,0.16936,0.19641,0.15507,0.1206,-0.09811,0.99376,0.08017,0.05622,-0.05346,0.9808231939395671,0.15332837218913298,0.12031738241840738,0.16535131141875598,-0.9814294209705428,-0.09723803507641582,0.10317366932645225,0.11526795710541349,-0.9879617867217639
4.333,0.01555610541254282,Empty,0.49216,0.1695,0.19687,0.15518,0.12162,-0.09817,0.99372,0.08025,0.05672,-0.05353,0.9806868806034743,0.15341930384596175,0.12130852987175986,0.16556208054824778,-0.9813901604295449,-0.09727564184628615,0.10412703633909241,0.11548103835475303,-0.987836874227595
4.4,0.01555610541254282,Empty,0.49237,0.16957,0.19708,0.15518,0.12209,-0.09823,0.9937,0.08026,0.05695,-0.05358,0.9806280204791467,0.15341392744801874,0.12179019794763814,0.1656207001417105,-0.9813731257380407,-0.09734768494277377,0.10458713656908512,0.11563284543814516,-0.9877705077193577
4.467,0.01555610541254282,Empty,0.49237,0.16959,0.19709,0.15522,0.12213,-0.09823,0.9937,0.08028,0.05697,-0.05358,0.9806176580302302,0.15345040717658587,0.12182767048846951,0.1656613627193203,-0.9813664827411663,-0.09734546447683246,0.10461989132705543,0.11564081930517656,-0.9877661055377142
4.533,0.01555610541254282,Empty,0.49236,0.16958,0.19708,0.15522,0.12211,-0.09823,0.9937,0.08028,0.05696,-0.05358,0.980622051572235,0.1534461799431685,0.12179762654136445,0.1656537333382636,-0.9813676572478645,-0.09734660722867172,0.10459078640758128,0.1156364612424932,-0.9877696979711197
4.6,0.01555610541254282,Empty,0.49237,0.16959,0.1971,0.15524,0.12213,-0.09822,0.9937,0.08029,0.05697,-0.05358,0.9806153402093554,0.15346151327565055,0.12183233761706155,0.16567292943396367,-0.9813646188030353,-0.09734457054372578,0.10462330045864178,0.11564189943407549,-0.9877656179967087
4.667,0.01555610541254282,Empty,0.49237,0.1696,0.19709,0.15524,0.12213,-0.09822,0.9937,0.08029,0.05697,-0.05358,0.980614771730417,0.15346924190539613,0.1218271778097407,0.16568006603471697,-0.9813634077926897,-0.09734463295041434,0.10461732735467394,0.11564191988419274,-0.9877662482503962
4.733,0.01555610541254282,Empty,0.49186,0.1695,0.19725,0.15459,0.12146,-0.09803,0.99375,0.07995,0.05666,-0.05344,0.980793875880877,0.15285359414306743,0.12115754946396509,0.16496590960684665,-0.9815022113722123,-0.09715790106338662,0.10406546834638482,0.1152787397094693,-0.9878669902718908
4.8,0.01555610541254282,Empty,0.49014,0.16932,0.19818,0.15011,0.1137,-0.09583,0.99423,0.07749,0.05301,-0.05194,0.982370816446085,0.14857277219440163,0.1134623741930458,0.1595866796504551,-0.9825959208670894,-0.09506496711985804,0.09736360035041522,0.11149613292768082,-0.9889837924197633
4.867,0.01555610541254282,Empty,0.48896,0.16973,0.20069,0.14359,0.11142,-0.0897,0.9947,0.07404,0.05227,-0.04864,0.9835729625972812,0.14220751920604557,0.11118115275922318,0.1523771268053774,-0.9843041673068633,-0.08903099150790302,0.09677519555209087,0.10450994069276177,-0.9898041391215991
4.934,0.01555577665567398,Empty,0.48604,0.17065,0.20272,0.13765,0.08768,-0.08199,0.99571,0.07044,0.04087,-0.04386,0.9867344012976973,0.13669509598653562,0.08757666372331331,0.1438654977369308,-0.9862290207211646,-0.08157841165576601,0.07521927849015604,0.09309548550066368,-0.9928118103260134
5.0,0.01555577665567398,Empty,0.48674,0.17234,0.20628,0.13884,0.08012,-0.07201,0.99604,0.0707,0.03743,-0.03866,0.9871999847360688,0.13795116491546172,0.08003540613736577,0.14374005858936334,-0.9870127488645337,-0.07172607012518877,0.06910127128955285,0.08231226930017299,-0.9942080791407921
5.067,0.01555577665567398,Empty,0.48688,0.1737,0.20916,0.13817,0.06589,-0.05966,0.99656,0.06994,0.03079,-0.03201,0.9883199197118843,0.13743307827622697,0.06584743955701886,0.1413753174156086,-0.9881670220375738,-0.05948912659494254,0.05689249446395133,0.06810349148842235,-0.9960547969468124
5.133,0.01555577665567398,Empty,0.48769,0.17532,0.21315,0.1353,0.05477,-0.04587,0.99703,0.06818,0.02576,-0.02472,0.9893752072656468,0.13468583295236963,0.05473961682351005,0.13723299313401643,-0.9894803541954666,-0.04577919021446888,0.047997967077130055,0.05280487726659306,-0.9974506705062275
5.2,0.01555577665567398,Empty,0.48869,0.17785,0.21743,0.13042,0.04526,-0.02998,0.99748,0.06548,0.0216,-0.01643,0.9904924119694913,0.1299120539133402,0.045250857217043236,0.1313321926670603,-0.9908857059054054,-0.029956184697130968,0.04094675811492304,0.035614267932443225,-0.9985264077226571
5.267,0.01555610541254282,Empty,0.49119,0.18094,0.22146,0.12882,0.04484,-0.01341,0.99764,0.0645,0.02194,-0.00813,0.9907176759863559,0.1283332321827706,0.044822628277653986,0.12904632469931232,-0.9915482480326391,-0.013383493751759332,0.04272625152986481,0.019043459268915642,-0.9989053078692094
5.333,0.01555610541254282,Empty,0.49448,0.18535,0.22453,0.12818,0.04175,-0.00067,0.99773,0.06404,0.02081,-0.00167,0.990931599127852,0.1277174872038503,0.0417469677012858,0.1278568864366506,-0.9917923978437176,-0.0006754036819888315,0.0413180643380506,0.00600691615910782,-0.9991279870555193
5.4,0.01555610541254282,Empty,0.49868,0.19014,0.22592,0.12794,0.0443,0.00991,0.9977,0.0638,0.02242,0.00353,0.9908547824962607,0.12746119601617956,0.04427689594374482,0.12714483275555488,-0.9918347469734625,0.009900818130300866,0.04517733400556129,-0.004180694465331639,-0.9989702349349241
5.467,0.01555610541254282,Empty,0.50233,0.19487,0.22476,0.12757,0.04823,0.019,0.99765,0.06349,0.02467,0.00794,0.9907195165384901,0.12708236072628343,0.048217353120801505,0.12629862713374612,-0.9918106900771159,0.018979247426780595,0.05023441384023742,-0.012713325331744303,-0.9986565350635509
5.533,0.01555610541254282,Empty,0.50476,0.19926,0.22201,0.12201,0.05386,0.02973,0.99769,0.06054,0.02778,0.01319,0.9911252574372824,0.12154318884869969,0.05383286463091116,0.12007717857136757,-0.9923205128471368,0.02968957677595232,0.05702802167549374,-0.022961990925975524,-0.9981084869474333
5.6,0.01555577665567398,Empty,0.50588,0.20466,0.21725,0.11249,0.05881,0.03808,0.99784,0.05562,0.03042,0.01735,0.9919623899737047,0.1120513131891358,0.05878026956595203,0.10994014344973174,-0.9932112255135833,0.03800824084403635,0.06264009687020133,-0.031240434158251756,-0.9975471184549107
5.667,0.01555577665567398,Empty,0.50741,0.21117,0.21179,0.10755,0.06974,0.04723,0.99771,0.05288,0.03607,0.02169,0.9918064514719451,0.10707511532416697,0.06967698685322214,0.1039451842613045,-0.9934669524775126,0.04710427797904418,0.07426547978375406,-0.039475739554313174,-0.9964568753835404
5.733,0.01555577665567398,Empty,0.5088,0.21778,0.20541,0.10168,0.08093,0.05243,0.9976,0.0497,0.04172,0.0241,0.9915777667195087,0.10118127545050842,0.08084480221856977,0.0971588087292033,-0.9938970029507395,0.05223900278393135,0.08563701555912256,-0.0439442490406406,-0.9953568227235803
5.8,0.01555610541254282,Empty,0.51078,0.22523,0.19893,0.09656,0.09078,0.05627,0.99747,0.04692,0.04666,0.02588,0.9912435984086605,0.09601536387672888,0.09064865422867176,0.09118552062937746,-0.9942577249392921,0.05600693908876173,0.09550565135843703,-0.04725067510800495,-0.994306815957951
5.867,0.01555610541254282,Empty,0.51345,0.23243,0.192,0.093,0.10403,0.05886,0.99721,0.04487,0.05328,0.02694,0.9902949753630288,0.0923598714602813,0.1038533384854714,0.08661708094497483,-0.9945214840070924,0.05851922023490829,0.10868920396851389,-0.04895581673479013,-0.9928695709651497
5.933,0.01555610541254282,Empty,0.51574,0.23856,0.1856,0.0878,0.11135,0.0608,0.9971,0.04211,0.0569,0.02788,0.9899788489635468,0.08714251438986281,0.11112182859646878,0.08079764891092461,-0.9948996864520145,0.06038504639519378,0.11581717720302717,-0.0508015362316469,-0.9919705567108468
6.0,0.01555610541254282,Empty,0.51851,0.24414,0.18011,0.08139,0.12204,0.06198,0.99691,0.0387,0.06216,0.02842,0.9892771705004857,0.08068494860179026,0.12173996466107262,0.07361734317394669,-0.9953895071332439,0.0614834601583803,0.12613947324514274,-0.051862010741623416,-0.990655926712839
6.067,0.01555610541254282,Empty,0.52086,0.24937,0.17477,0.07234,0.1299,0.05866,0.99688,0.03417,0.06589,0.0269,0.9889815319020117,0.07166503250712397,0.12953629866760588,0.06457431265081176,-0.9962178239166315,0.058139534367642146,0.13321294119726332,-0.04913420831318943,-0.9898687498204045
6.133,0.01555610541254282,Empty,0.52306,0.25396,0.16963,0.06611,0.13447,0.05253,0.99691,0.0312,0.06799,0.02397,0.9888080507311172,0.06547099981468113,0.13406038562004408,0.058953383009116844,-0.9969040655582705,0.05202674990014217,0.137051586788002,-0.04354115589482656,-0.9896065027586639
6.2,0.01555577665567398,Empty,0.52615,0.25739,0.16431,0.06006,0.13802,0.04627,0.99695,0.02835,0.0696,0.021,0.9887037536348766,0.059460820555640226,0.13758378671614904,0.05361318658412284,-0.9975096121512692,0.0458279378776798,0.13996611651610844,-0.03793394897284494,-0.9894293818877246
6.267,0.01555577665567398,Empty,0.53013,0.25979,0.15966,0.05737,0.13585,0.04121,0.99711,0.02721,0.06842,0.0186,0.9891559751468303,0.05680617976437491,0.13543823231237145,0.05171493084133716,-0.9978272761124583,0.040820252008871315,0.13746280500338304,-0.03337341736426724,-0.9899445399889997
6.333,0.01555577665567398,Empty,0.53424,0.26169,0.15531,0.05202,0.13198,0.03484,0.99736,0.0248,0.06636,0.01566,0.9899615343712684,0.051549470409503806,0.13160095959294402,0.04739128622699246,-0.9982791219434253,0.03453781524090068,0.13315489647412626,-0.027954369825897305,-0.9907009269969429
6.4,0.01555610541254282,Empty,0.53783,0.26313,0.15079,0.04725,0.12775,0.02828,0.9976,0.02267,0.06414,0.0126,0.9907435142113326,0.04684352277917464,0.12740868660266624,0.043609944919832166,-0.998654687726586,0.028053295453543,0.128551397317449,-0.022237334717801562,-0.9914534982501095
6.467,0.01555610541254282,Empty,0.54044,0.26411,0.14614,0.03901,0.12018,0.02191,0.99796,0.01881,0.06025,0.00976,0.9920309340434992,0.03872615009229352,0.11989541775986001,0.036373787504222654,-0.999101591494206,0.02174758506920206,0.12062990294027384,-0.01721322668106376,-0.9925483017686577
6.533,0.01555577665567398,Empty,0.54248,0.26465,0.14174,0.03242,0.11333,0.0156,0.99824,0.01574,0.05675,0.00687,0.9930634191294994,0.03219972807284899,0.11308502597100525,0.030639825113475405,-0.9994102152999416,0.015505569036321692,0.11351760525946615,-0.011933107984053611,-0.9934643195555627
6.6,0.01555577665567398,Empty,0.54353,0.26476,0.13721,0.02461,0.10495,0.00876,0.99854,0.01206,0.0525,0.00373,0.9941959316513578,0.024474897023928244,0.10476368122377525,0.023690785528841185,-0.9996812804975045,0.00872262024254633,0.10494377622763121,-0.006190059655394937,-0.9944588915548733
6.667,0.01555577665567398,Empty,0.54372,0.26449,0.13299,0.01702,0.09918,0.00038,0.99873,0.00849,0.04957,-0.00023,0.9949419035693345,0.016930604100901248,0.0990149643569481,0.01697523931454964,-0.9998558335099843,0.00039172218283174687,0.09900732181027266,0.0012910619014237907,-0.9950858673436801
6.733,0.01555577665567398,Empty,0.54357,0.26384,0.1292,0.00771,0.09453,-0.008,0.99887,0.00404,0.04723,-0.00418,0.9955058136763413,0.007677242561518971,0.09438874341391325,0.008466407967650635,-0.9999324515837422,-0.007963178125098024,0.09432123235375615,0.008726523728171428,-0.9955035675028444
6.8,0.01555577665567398,Empty,0.54345,0.26349,0.12618,0.00286,0.09122,-0.01543,0.99893,0.00178,0.04558,-0.00777,0.9958387548837918,0.002851840587108967,0.09108809624075452,0.004269199119733669,-0.999872771875574,-0.015369255048062809,0.09103267660777285,0.015694173030843694,-0.9957242312621014
6.867,0.01555577665567398,Empty,0.54401,0.26325,0.12342,0.00088,0.0874,-0.02439,0.99897,0.00097,0.04368,-0.0122,0.9961817414628072,0.0008684658079760044,0.08729939142553572,0.0030001396136955516,-0.9997004592295653,-0.024289729897516828,0.08725214689866861,0.02445889579143687,-0.9958859499351506
6.933,0.01555577665567398,Empty,0.54559,0.26253,0.12079,0.00179,0.08531,-0.03209,0.99896,0.00158,0.04262,-0.01607,0.9963612629414378,0.0017776322026081814,0.0852119342198929,0.004516853945724819,-0.999478815184806,-0.03196398015280956,0.08511070285326106,0.032232561494992394,-0.9958500038857736
7.0,0.01555577665567398,Empty,0.54797,0.26108,0.11792,0.00151,0.08916,-0.03986,0.99881,0.00164,0.04454,-0.01994,0.9960270890730087,0.0015069608521317557,0.08903800818605155,0.005059904502481838,-0.9991991723003859,-0.03969145299241872,0.08890689061695385,0.03998428620362951,-0.9952370680685138
7.067,0.01555610541254282,Empty,0.54997,0.2596,0.11567,-0.00108,0.09417,-0.04406,0.99865,0.0005,0.04707,-0.02198,0.9955686530266468,-0.0010633830279331291,0.09403151773338696,0.0030742379593107216,-0.9990335416548122,-0.04384668413474183,0.0939872660081028,0.04394145952489736,-0.994603208301252
7.133,0.01555610541254282,Empty,0.5527,0.25853,0.11422,-0.00227,0.10723,-0.04934,0.99826,0.00019,0.0536,-0.02457,0.9942546765587039,-0.0022487724175039303,0.10701673310170252,0.00301865201160606,-0.998792590701864,-0.0490331367453864,0.1069977844685563,0.04907447179209583,-0.9930474159561301
7.2,0.01555610541254282,Empty,0.55555,0.25727,0.11302,-0.00256,0.12225,-0.0536,0.99778,0.00036,0.0611,-0.02667,0.9925340698711325,-0.002549242368109883,0.12194105751712282,0.003968383397521036,-0.9985772557701769,-0.05317627470698546,0.12190312579362314,0.05326317322363683,-0.9911118313792309
7.267,0.01555577665567398,Empty,0.55849,0.25613,0.11199,-0.00195,0.13839,-0.05794,0.99719,0.00103,0.06914,-0.02883,0.9904383814278284,-0.001928908372102911,0.1379423499405293,0.006045040192773854,-0.9983350235796807,-0.05736408443639752,0.13782332924324217,0.05764945799095102,-0.9887776645483345
7.333,0.01555577665567398,Empty,0.56141,0.25453,0.11026,-0.00085,0.1547,-0.0619,0.99653,0.00197,0.07725,-0.03082,0.9880581798986143,-0.000831988498376568,0.1540790087279117,0.008690845964558824,-0.9980925271084437,-0.06112099906497577,0.15383595916383666,0.061730180020951,-0.9861662550212937
7.4,0.01555577665567398,Empty,0.56198,0.25292,0.10803,-0.00187,0.15722,-0.06215,0.99643,0.00151,0.07852,-0.0309,0.987663398160939,-0.0018481962507764793,0.1565809570280029,0.00785620173920093,-0.998086298511273,-0.06133531460993174,0.1563946675159343,0.06180877684184462,-0.9857587854429172
7.467,0.01555577665567398,Empty,0.56185,0.25287,0.10776,-0.00186,0.15678,-0.06199,0.99645,0.0015,0.0783,-0.03082,0.9877338801860309,-0.0018317647888975164,0.1561359233821799,0.007821990463520612,-0.9980953437692799,-0.061192329676776916,0.1559506280777233,0.061663030932974046,-0.9858382586501311
7.533,0.01555577665567398,Empty,0.5617,0.25345,0.10801,-0.00099,0.15711,-0.06228,0.99643,0.00195,0.07845,-0.031,0.9876832628514256,-0.0009765950473705765,0.15646347351786222,0.0087505985656805,-0.9980706815721592,-0.061468216265219235,0.1562216352106954,0.06208027744943563,-0.9857691615403159
7.6,0.01555577665567398,Empty,0.56158,0.25373,0.10801,-0.00056,0.15708,-0.06239,0.99643,0.00217,0.07843,-0.03107,0.9876886246729892,-0.0005416910750806747,0.15643173355287582,0.009204187257487673,-0.9980603240731043,-0.06157006129621161,0.15616165863779713,0.062251876131321056,-0.9857678429983515
7.667,0.01555577665567398,Empty,0.56159,0.25373,0.10803,-0.00056,0.15712,-0.06239,0.99643,0.00217,0.07845,-0.03107,0.9876821096148374,-0.0005471186225525781,0.15647284431490746,0.009202364183154454,-0.9980599367415532,-0.0615766121582473,0.15620296680993304,0.06225803829755206,-0.9857609090581323
7.733,0.01555577665567398,Empty,0.56158,0.25373,0.10802,-0.00053,0.15708,-0.06236,0.99643,0.00218,0.07843,-0.03106,0.9876864414414924,-0.0005364001932260387,0.15644553578633835,0.009209717632197856,-0.9980605443881765,-0.06156566280575542,0.15617514044743794,0.06224838962101353,-0.9857659273355993
7.8,0.01555577665567398,Empty,0.56158,0.25373,0.10802,-0.00056,0.1571,-0.06237,0.99643,0.00217,0.07844,-0.03106,0.9876849204988389,-0.000548776166748477,0.15645509472024532,0.009197879066981829,-0.9980606311901561,-0.06156602544404283,0.15618545655684868,0.062246889986778686,-0.9857643875932537
7.867,0.01555577665567398,Empty,0.56159,0.25375,0.10803,-0.0006,0.1571,-0.06243,0.99643,0.00215,0.07844,-0.03109,0.9876852396886509,-0.0006015670946587504,0.15645288561801185,0.009152279149657272,-0.9980579787041541,-0.061615800987610735,0.1561861168207304,0.06228891765000201,-0.9857616282096054
7.933,0.01555577665567398,Empty,0.56159,0.25384,0.10808,-0.00106,0.15666,-0.06289,0.99644,0.00193,0.07823,-0.0313,0.987753587761848,-0.0010457869569773792,0.15601844824647468,0.008747190535372207,-0.9980335731875536,-0.062068296643468,0.15577655960167827,0.06267290578969732,-0.9858020949250113
8.0,0.01555577665567398,Empty,0.56182,0.25405,0.10848,-0.00091,0.15478,-0.06425,0.99649,0.00203,0.07729,-0.03199,0.9880440024618666,-0.0008920121071392395,0.15416956091763323,0.008997137681837797,-0.997945414981875,-0.06343500792297406,0.15390939124260491,0.06406366389033995,-0.9860059565014181
8.067,0.01555610541254282,Empty,0.56222,0.25363,0.10898,-0.00023,0.15059,-0.06373,0.99666,0.00228,0.07519,-0.03176,0.9886837283012071,-0.0002295659133376704,0.15001477491206006,0.009322992425799703,-0.9979718061549868,-0.06297107218383449,0.14972497188062206,0.06365706103210111,-0.9866763458075309
8.133,0.01555610541254282,Empty,0.56267,0.25298,0.10937,-0.00169,0.14645,-0.06377,0.99682,0.00149,0.07315,-0.03173,0.9892940195470001,-0.0016634119311372264,0.14592661151855368,0.0076193134231253845,-0.9979825289464616,-0.06303029414959661,0.14573705414718555,0.06346735364241868,-0.9872854734422707
8.2,0.01555577665567398,Empty,0.56291,0.25183,0.10949,-0.00251,0.1389,-0.06055,0.99713,0.00085,0.0694,-0.03011,0.9903659813010841,-0.002481059166077937,0.13845240130440262,0.005878596684361748,-0.9981848099760353,-0.05993769460138694,0.138349792853345,0.06017415955807718,-0.9885536937055648
8.267,0.01555577665567398,Empty,0.5634,0.25056,0.10977,-0.00347,0.13347,-0.05765,0.99736,0.00019,0.06671,-0.02864,0.9910988444146844,-0.003439420489975864,0.13308362403605745,0.004202614321612674,-0.9983596573003009,-0.05709932318416732,0.1330617098670437,0.057150372369034884,-0.9894586481027589
8.333,0.01555577665567398,Empty,0.56275,0.2491,0.10941,-0.00739,0.12389,-0.05411,0.99772,-0.00201,0.06198,-0.02677,0.992309026303672,-0.0073260076354665915,0.1235683047078972,-0.0006902958006658189,-0.9985591171822115,-0.05365829837024262,0.12378335836438674,0.053160315127052,-0.9908842823900407
8.4,0.01555577665567398,Empty,0.5617,0.24814,0.10908,-0.01108,0.11358,-0.0507,0.99806,-0.00409,0.05688,-0.02499,0.9934959261197247,-0.011011027775785387,0.11333402865349512,-0.005325292874036103,-0.9987174898716443,-0.050348949147798396,0.11374307029140779,0.049417938967572655,-0.9922803944797464
8.467,0.01555577665567398,Empty,0.56019,0.24786,0.10857,-0.01471,0.10422,-0.04884,0.99833,-0.00607,0.05225,-0.024,0.9944660691190357,-0.014629594224620235,0.10403466895105758,-0.009614125779595029,-0.9987745469045783,-0.048548666727812294,0.10461742663833433,0.0472797993690436,-0.9933880483553221
8.533,0.01555577665567398,Empty,0.55844,0.24814,0.108,-0.01845,0.096,-0.04843,0.99852,-0.00805,0.04819,-0.02374,0.9952259668788329,-0.01837042711132214,0.09585302424983688,-0.013795009868361352,-0.9987434070493106,-0.04817991882794233,0.09661766170232047,0.046627612884243864,-0.9942287931677967
8.6,0.01555577665567398,Empty,0.55669,0.24883,0.10743,-0.02251,0.09062,-0.0498,0.99861,-0.01011,0.04556,-0.02436,0.9956437659052895,-0.02241499337431624,0.09050447218763308,-0.0179747409750185,-0.9986083165246364,-0.04958163828185347,0.09148989070281857,0.04773885461404493,-0.9946610486287906
8.667,0.01555577665567398,Empty,0.5549,0.24934,0.10668,-0.02731,0.08522,-0.05026,0.9987,-0.01257,0.04292,-0.02452,0.9960000559578923,-0.027210652791419876,0.08510857128715067,-0.023000985302556898,-0.998481432009385,-0.05005781265296652,0.08634143389466474,0.04790000320618703,-0.9951134339791925
8.733,0.01555577665567398,Empty,0.55334,0.24981,0.10598,-0.03304,0.08174,-0.05098,0.99872,-0.01546,0.04126,-0.02479,0.99611725824608,-0.03292348214047014,0.0816483444293798,-0.028831999696190935,-0.9982928980803416,-0.050793753906079875,0.08318126963344159,0.04824244983516795,-0.995366034389395
8.8,0.01555577665567398,Empty,0.55202,0.25036,0.10516,-0.03598,0.07948,-0.05092,0.99874,-0.01696,0.04017,-0.02472,0.9961968877773044,-0.03586953731838877,0.07940489327099143,-0.03189713974699848,-0.9982022575134575,-0.05074273909632356,0.08108226229437143,0.048016969787792955,-0.9955501179516903
8.867,0.01555577665567398,Empty,0.5511,0.25127,0.10464,-0.03912,0.07907,-0.052,0.99871,-0.01851,0.04001,-0.0252,0.9961122922633286,-0.03899846225446241,0.0789900066064316,-0.0349655186664562,-0.998044559328402,-0.05181187218545071,0.08085612967662101,0.048848516218643334,-0.9955280552334799
8.933,0.01555577665567398,Empty,0.55055,0.25246,0.10392,-0.0441,0.08305,-0.0559,0.99853,-0.02086,0.0421,-0.027,0.9955845492713795,-0.04392496162324816,0.08295783868026038,-0.03937754595755333,-0.9976719091943475,-0.05567917455266869,0.0852104109042123,0.05216664979564983,-0.9949963952309744
