time,gr,gr_state,tx,ty,tz,rx,ry,rz,qw,qx,qy,qz,xx,xy,xz,yx,yy,yz,zx,zy,zz
0.0,0.015831904485821724,Empty,0.30732,-0.00026,0.48536,-0.00392,0.00085,0.00428,1.0,-0.00196,0.00042,0.00214,0.9999919927605817,-0.003910159838373228,0.0008515073454586847,-0.003913770582899712,-0.9999831781859253,0.004280857974775768,0.000834754182633635,-0.004284156301320828,-0.9999904745497532
0.067,0.015831904485821724,Empty,0.30698,-0.00077,0.4848,-0.0004,0.00088,0.0051,1.0,-0.0002,0.00044,0.00255,0.999999534262008,-0.00039278343504228763,0.0008815877384317958,-0.00039727504052766704,-0.9999869133207425,0.005100525443168642,0.0008795727994715857,-0.005100873300464678,-0.9999866036319004
0.133,0.015831904485821724,Empty,0.30635,-0.00047,0.48361,0.00036,-0.0005,0.0056,1.0,0.00018,-0.00025,0.0028,0.9999998111526642,0.0003594752473743412,-0.0004984698409680665,0.00036225685544988284,-0.9999843019534356,0.005591477145618128,-0.0004964520183352054,-0.005591656663799691,-0.9999842433314376
0.2,0.015831904485821724,Empty,0.30622,0.00015,0.48202,0.00292,-0.00051,0.00628,0.99999,0.00146,-0.00025,0.00314,0.9999956033923302,0.002919545933780132,-0.0005190833749295618,0.0029227477019833636,-0.9999760203648967,0.00627823550482734,-0.0005007413305602133,-0.006279725051630179,-0.9999801569588248
0.267,0.015831904485821724,Empty,0.3072,0.00151,0.48007,0.00474,0.00064,0.00694,0.99999,0.00237,0.00033,0.00347,0.9999885348779914,0.004745825308540841,0.0006381651109209911,0.004741282693289883,-0.9999646727800191,0.00694070820386348,0.0006710819549749453,-0.006937602906601229,-0.9999757093624425
0.333,0.015831904485821724,Empty,0.30974,0.00454,0.47744,0.0067,0.00481,0.00978,0.99998,0.00334,0.00242,0.00488,0.9999659026757993,0.0067110530852567685,0.00481199046763052,0.006663745502239471,-0.9999299634548833,0.009780730085092075,0.004877292451256526,-0.009748330708531958,-0.9999405892685534
0.4,0.015831904485821724,Empty,0.31304,0.00818,0.47416,0.0117,0.00748,0.01074,0.99996,0.00583,0.00377,0.00535,0.9999036400284087,0.011701156690898606,0.007469510695679912,0.01162048950628286,-0.9998746598009024,0.010753088470929246,0.007594398038831586,-0.010665252932973462,-0.9999142850756275
0.467,0.015831904485821724,Empty,0.31829,0.01325,0.46917,0.01507,0.01359,0.00948,0.99994,0.0075,0.00683,0.00469,0.9997941957957792,0.015066576638870843,0.013585445206396951,0.014938387408297171,-0.9998433951773147,0.009488398281037952,0.013726275340040776,-0.009283500885173048,-0.9998626935617734
0.533,0.015831904485821724,Empty,0.32421,0.0176,0.46199,0.02192,0.01917,0.00803,0.99989,0.01092,0.00963,0.00391,0.9995757813350475,0.021917305919922248,0.01918043455299625,0.021766723546720546,-0.9997308705858273,0.008024720789163328,0.019351152794339466,-0.0076038213364025015,-0.9997838340294437
0.6,0.015831904485821724,Empty,0.33052,0.02128,0.45343,0.02713,0.02141,0.00215,0.99985,0.01355,0.01072,0.00093,0.9994028987403669,0.02712527760290495,0.02140246023981783,0.027085457782846212,-0.9996308133043171,0.002148271221894874,0.02145283118950265,-0.001567293053167629,-0.999768633047887
0.666,0.015831904485821724,Empty,0.33645,0.02482,0.4449,0.02885,0.02375,-0.00304,0.99982,0.01444,0.01185,-0.00169,0.999302250883499,0.028835203826836908,0.02373904798926956,0.028915378742668474,-0.9995772373289668,-0.0030409679311043675,0.023641325075809558,0.003725269662017241,-0.9997135640345213
0.733,0.015831904485821724,Empty,0.34193,0.02914,0.43625,0.03152,0.02437,-0.0053,0.9998,0.01579,0.01214,-0.00284,0.9992065134218499,0.03151102520533117,0.02435977885489768,0.03164898393756471,-0.9994850004694351,-0.005298646273609826,0.024180267803940957,0.006065404118610639,-0.9996892144670799
0.8,0.015831904485821724,Empty,0.34768,0.03474,0.42871,0.03076,0.02919,-0.00687,0.99977,0.01543,0.01454,-0.00366,0.9991007351773488,0.030754368678191923,0.029187150859365775,0.030966994548299154,-0.9994968596086515,-0.006860967941135951,0.028961460887309144,0.007758636455559505,-0.9995504176096489
0.867,0.015831904485821724,Empty,0.35317,0.04112,0.42116,0.02952,0.03324,-0.00759,0.99974,0.01482,0.01656,-0.00404,0.9990127562135611,0.029493005925243454,0.03322161230400401,0.029760605847056365,-0.9995282423053478,-0.0075894119402231605,0.032982105181448645,0.00857061464982562,-0.9994191939833478
0.933,0.015831904485821724,Empty,0.3584,0.04816,0.41337,0.03197,0.03927,-0.00485,0.99968,0.01603,0.01959,-0.00274,0.9987181939053973,0.0319495252186805,0.03925808197864937,0.032164036498730786,-0.9994708624073032,-0.0048445799518358305,0.03908252702231234,0.006101068521359237,-0.9992173602597424
1.0,0.01583157666027546,Empty,0.3643,0.05511,0.40472,0.0324,0.04914,-0.00437,0.99956,0.01625,0.02453,-0.00258,0.9982684256220573,0.03236275533662275,0.04912028575935859,0.03261636149697095,-0.9994583912896553,-0.004370016406483785,0.04895225601295661,0.005964574395204876,-0.9987833100745759
1.067,0.01583157666027546,Empty,0.37019,0.06247,0.3944,0.03189,0.06041,0.00034,0.99942,0.01593,0.0302,-0.00031,0.9976682210393617,0.031830323858577536,0.06037343133542471,0.031868088184802135,-0.9994920265059652,0.00033750028851003977,0.06035350597604797,0.0015872725213783097,-0.9981758035949089
1.133,0.01583157666027546,Empty,0.37559,0.0703,0.3837,0.03212,0.06946,0.0062,0.99927,0.01594,0.03477,0.00254,0.9970743198643153,0.03202386594891765,0.0694065751697791,0.031670845379744295,-0.9994792407503865,0.006181008167173735,0.06956837083075014,-0.003964759603820879,-0.9975693070966241
1.2,0.015831904485821724,Empty,0.38102,0.07876,0.37241,0.02986,0.07978,0.01284,0.99908,0.01466,0.03997,0.00582,0.9963753924561634,0.029756667438897155,0.07969076515354327,0.028826329388119354,-0.9995024814764599,0.01279969751230399,0.08003199386391638,-0.01045611138663479,-0.9967374527391035
1.266,0.015831904485821724,Empty,0.38639,0.08731,0.36144,0.02794,0.09043,0.01844,0.99884,0.01354,0.04532,0.00858,0.9955253639647872,0.027825602206077327,0.0903049586935677,0.026270337640071084,-0.9994861526081356,0.018365731808534486,0.09076959327359832,-0.01591121008771828,-0.9957448038179713
1.333,0.015831904485821724,Empty,0.39138,0.09656,0.3497,0.02369,0.0991,0.02332,0.99864,0.01125,0.04966,0.01106,0.9948143421495217,0.02356907513119466,0.09893898802329967,0.02137304323656858,-0.9995024106430601,0.023197502915591417,0.09943650072494674,-0.020962581333681365,-0.9948230759825623
1.4,0.015831904485821724,Empty,0.39634,0.10661,0.33827,0.01747,0.10883,0.02765,0.99839,0.00797,0.0545,0.01333,0.9939316748348992,0.017366202824402988,0.10861970704874094,0.014460448853227448,-0.9995176906084928,0.0274823867163769,0.1090445834457439,-0.025744924939238027,-0.9937034153413268
1.467,0.015831904485821724,Empty,0.40094,0.1165,0.32691,0.01367,0.118,0.03028,0.99813,0.00593,0.05906,0.01471,0.9929537826313566,0.013565952008467386,0.11772319441887502,0.01009009203623551,-0.9994968163348311,0.030071650756769583,0.11807190860141399,-0.028671921502417375,-0.9925910262119936
1.533,0.015831904485821724,Empty,0.40497,0.12458,0.3178,0.00843,0.12653,0.03242,0.99786,0.00318,0.06328,0.01591,0.9919701101576054,0.008366180323641725,0.1261955133144634,0.004337702814051492,-0.9994732049528007,0.03216359612471534,0.12639812058810684,-0.031357927357673815,-0.9914838352205374
1.6,0.015831904485821724,Empty,0.40938,0.13555,0.3054,0.00197,0.13557,0.03407,0.99756,-0.00017,0.06774,0.01693,0.9908227217821465,0.0019476300075154107,0.13515376701214557,-0.0026406084457432644,-0.9994264561799897,0.0337607149590085,0.13514200378585392,-0.03380777166364233,-0.9902492986050953
1.667,0.015831904485821724,Empty,0.4136,0.14452,0.29492,-0.00247,0.14849,0.03686,0.99707,-0.0026,0.07414,0.01847,0.9889936512233195,-0.0024384562584655045,0.14793786456158803,-0.007915152806175996,-0.9993043929758301,0.03644283928650209,0.14774609367432393,-0.037212687490726606,-0.9883250010465664
1.733,0.015831904485821724,Empty,0.41745,0.15333,0.28477,-0.00942,0.15928,0.03856,0.99663,-0.00623,0.07945,0.01959,0.9872971241951727,-0.009297363751442467,0.15861257069732837,-0.015522461080337502,-0.9991551331083603,0.03805355680122505,0.15812476642813125,-0.04003222465074876,-0.9866073075097107
1.8,0.015831904485821724,Empty,0.42059,0.16217,0.27403,-0.01502,0.16826,0.04085,0.99621,-0.0092,0.08386,0.02098,0.9857643660965276,-0.014820476294525431,0.16747826132580454,-0.02185927238633323,-0.9989499802381119,0.04026300029823815,0.16670568900025917,-0.04335078389924733,-0.9850532588597786
1.867,0.015831904485821724,Empty,0.42374,0.17093,0.26376,-0.0215,0.17659,0.04388,0.99579,-0.01264,0.08792,0.0228,0.9842224711471889,-0.021159398641911686,0.17566561171166534,-0.0291769288077241,-0.9986410005125328,0.04318401232719882,0.17451313450359504,-0.047628058373602886,-0.9835022795811359
1.933,0.015831904485821724,Empty,0.42646,0.17943,0.25402,-0.02689,0.18404,0.04607,0.99539,-0.0155,0.09155,0.02417,0.9827583172659912,-0.026433667763488045,0.1829954946251059,-0.0352827949398824,-0.9983514766274635,0.04527089017231577,0.18149714660497526,-0.05094693635865851,-0.9820708708896314
2.0,0.015831904485821724,Empty,0.42911,0.1872,0.24473,-0.03218,0.1913,0.04796,0.99498,-0.0183,0.09508,0.0254,0.9812489833928297,-0.0315829391231649,0.1901392924854835,-0.041245156838266905,-0.9980394835575604,0.04707468850183606,0.18827976425501647,-0.05403431517564165,-0.9806278719043097
2.067,0.015831904485821724,Empty,0.43229,0.19461,0.23638,-0.03722,0.2008,0.04813,0.99446,-0.02092,0.09974,0.0258,0.9792276383518778,-0.036458131665171145,0.19945936158347927,-0.04675086601802714,-0.9977937659655949,0.0471376402332566,0.19730075725746357,-0.055483378012522816,-0.9787716822374617
2.133,0.015831904485821724,Empty,0.43533,0.20183,0.22864,-0.04222,0.20776,0.04772,0.99405,-0.02346,0.10314,0.02591,0.9776236641263718,-0.04129360059895193,0.2062687806957244,-0.05198209277417387,-0.9975569837737008,0.046668256396970184,0.20383776237719994,-0.05634627471173588,-0.977381841429012
2.2,0.015831904485821724,Empty,0.4377,0.20798,0.22117,-0.04811,0.21049,0.04697,0.99385,-0.02638,0.10443,0.02587,0.9767970900574838,-0.0470312926206225,0.20893899198011057,-0.05783966545594421,-0.9972691730828431,0.04592134055759467,0.20620867575147245,-0.05694079322502893,-0.9768499005024921
2.267,0.015831904485821724,Empty,0.44077,0.21431,0.2156,-0.05395,0.21536,0.04448,0.99354,-0.0292,0.10681,0.025,0.9754801580288306,-0.052677748961396875,0.21369023388168207,-0.06335935813904159,-0.9970447043541499,0.0434447839855875,0.21077014263945584,-0.055918800807114366,-0.9759349541275983
2.333,0.015831904485821724,Empty,0.44359,0.21993,0.21078,-0.05985,0.22111,0.04204,0.99316,-0.03205,0.10963,0.02418,0.9739071152418177,-0.058362424478364094,0.21931429112205225,-0.06896636488621083,-0.9967759953171145,0.041003117856548005,0.2162141794511708,-0.05505853765387492,-0.9747922784038011
2.4,0.015831904485821724,Empty,0.44651,0.22542,0.20636,-0.06485,0.22721,0.03981,0.99276,-0.03446,0.11264,0.02344,0.9722484238197899,-0.06313097313806998,0.2252720191470175,-0.07369151124935819,-0.9965270319061206,0.03877416472553595,0.22204180586033687,-0.05429875607246937,-0.9735240528817265
2.467,0.015831904485821724,Empty,0.44948,0.23012,0.20202,-0.06883,0.23283,0.03654,0.9924,-0.03629,0.11544,0.02213,0.9707132965221493,-0.06691761891525716,0.23073302371748655,-0.07713652060304982,-0.9963866938468329,0.03554593527020232,0.22752066531275142,-0.052302854641889024,-0.9723676044850282
2.533,0.01583157666027546,Empty,0.45275,0.23392,0.19771,-0.07233,0.24016,0.03324,0.99194,-0.03788,0.1191,0.02082,0.9687622271422971,-0.07019056326923495,0.23785086102480923,-0.08010923429529626,-0.9962631790704077,0.03228294610387812,0.23469609677818867,-0.05032854911948218,-0.9707650484543675
2.6,0.01583157666027546,Empty,0.45536,0.23714,0.19304,-0.07691,0.24448,0.0305,0.99162,-0.04001,0.12125,0.01981,0.9673963733109572,-0.07453946235096692,0.24204984085356399,-0.08414894398041628,-0.9960136494690223,0.029593331991859956,0.23887907428610747,-0.048996720541567666,-0.969812409306245
2.667,0.01583157666027546,Empty,0.4582,0.24082,0.18784,-0.08154,0.2524,0.02847,0.99105,-0.04222,0.12517,0.01924,0.9650990341719943,-0.07887856817437394,0.2497238989825458,-0.08850943828948143,-0.9956940964080405,0.027556228186320447,0.24647501612529535,-0.0486974112344454,-0.9679249085363486
2.733,0.015831904485821724,Empty,0.46076,0.2446,0.18212,-0.08355,0.26118,0.02498,0.99048,-0.04303,0.12958,0.01781,0.9627162357963733,-0.08062438992435322,0.25821920355269323,-0.08985302664037853,-0.9956629240610779,0.024120017697069868,0.2551546255462065,-0.046422509620542396,-0.9657852078298288
2.8,0.015831904485821724,Empty,0.46289,0.24762,0.1755,-0.08437,0.26913,0.01883,0.98998,-0.04305,0.13364,0.01498,0.9605730603064879,-0.08122589057550206,0.2658980077278588,-0.0892321260460503,-0.9958455075431341,0.018148079442715168,0.2633192425454884,-0.041159200749940034,-0.9638303256792121
2.867,0.015831904485821724,Empty,0.46447,0.24957,0.16896,-0.08457,0.27407,0.00977,0.9897,-0.04254,0.13628,0.01061,0.9592381303310213,-0.08131580349660117,0.2706472786132329,-0.08709914972723282,-0.9961552431884155,0.009405827184363363,0.2688418632502012,-0.03259557592574753,-0.9626326303394399
2.933,0.015831904485821724,Empty,0.46719,0.2511,0.16274,-0.08225,0.28268,-0.00302,0.9892,-0.04049,0.14081,0.0043,0.9570672375016973,-0.0789050755771254,0.2789198665370356,-0.08132434921317222,-0.9966834532468389,-0.0029058990021080533,0.278224105939661,-0.019901835898342674,-0.9603099831835301
3.0,0.015831904485821724,Empty,0.4705,0.25163,0.15622,-0.07993,0.29154,-0.01706,0.98862,-0.03829,0.14547,-0.00263,0.9547463408946861,-0.07647110362106874,0.28742232839357407,-0.0749386011579598,-0.9970541527609037,-0.01634694218270283,0.28782569483056253,-0.005931843997625634,-0.9576644415566925
3.067,0.015831904485821724,Empty,0.4738,0.25087,0.14918,-0.07833,0.29876,-0.02821,0.98809,-0.03662,0.14924,-0.00811,0.9527703397526601,-0.0747944512263366,0.2943373400595846,-0.06995188775157857,-0.9971859354670609,-0.026961889894304064,0.29552565554887283,0.005099036422023747,-0.9553211955881517
3.133,0.015831904485821724,Empty,0.47768,0.25005,0.14228,-0.07989,0.30648,-0.03736,0.98744,-0.03661,0.15323,-0.01235,0.9503619888479911,-0.07607972390091977,0.30170178283207216,-0.06850852364645488,-0.9970146686953273,-0.035613657410184074,0.3035105802779767,0.013176722563164978,-0.9527369530157941
3.2,0.015831904485821724,Empty,0.48141,0.25063,0.13538,-0.0822,0.31421,-0.04544,0.98674,-0.03702,0.15721,-0.01599,0.9478306110265309,-0.07808789139522498,0.3090621523553485,-0.06803344841869802,-0.996747561016597,-0.0431943225867199,0.3114299001337757,0.01991433716980839,-0.9500604383289274
3.267,0.015831904485821724,Empty,0.48455,0.25135,0.12882,-0.08209,0.32127,-0.05259,0.98613,-0.03629,0.16082,-0.01937,0.9456386616604251,-0.07780705350034478,0.31577457782201884,-0.06534795915016589,-0.996615510238672,-0.04987152480744331,0.3185861983953291,0.026525217761701213,-0.9475226894458549
3.333,0.015831904485821724,Empty,0.48748,0.252,0.12223,-0.08269,0.32717,-0.05673,0.9856,-0.03615,0.16381,-0.02123,0.9437171857905141,-0.07821063812618301,0.3213735666285066,-0.06429820772146372,-0.9964850735718943,-0.05369579715605011,0.32444354474613823,0.030009902237618544,-0.9454288931697873
3.4,0.015831904485821724,Empty,0.49087,0.25413,0.116,-0.08412,0.33579,-0.05999,0.98483,-0.03643,0.16813,-0.02252,0.9408091807149193,-0.07932492792243939,0.32952335469981775,-0.06417809535281382,-0.9963314656855968,-0.05661079898460378,0.33280513451478966,0.0321117781334181,-0.9424487127402227
3.467,0.015831904485821724,Empty,0.49317,0.25687,0.10986,-0.08967,0.33994,-0.05936,0.98439,-0.03914,0.17022,-0.02164,0.9389863918320251,-0.08442583308299567,0.333431904086152,-0.06969482331950322,-0.9959997736025921,-0.055920323550998186,0.33681922088375227,0.029269945196861203,-0.9411142772009329
3.533,0.015831904485821724,Empty,0.49439,0.26025,0.1048,-0.08783,0.34449,-0.05993,0.98404,-0.0381,0.17245,-0.02197,0.9376194542674092,-0.08256014463727751,0.33771819834998146,-0.06740373315054565,-0.9961313419062807,-0.05638338788475361,0.3410667027674436,0.030102694056585163,-0.9395569871348304
3.6,0.015831904485821724,Empty,0.49619,0.26245,0.10071,-0.08424,0.35006,-0.06075,0.98362,-0.03616,0.17516,-0.02255,0.936025256084056,-0.07904210842446113,0.342941780873362,-0.06324154798221715,-0.9963672264049779,-0.057033821149070685,0.34620402450230164,0.031696927956301586,-0.9376236335420215
3.667,0.015831904485821724,Empty,0.49847,0.26337,0.0963,-0.0859,0.3551,-0.0582,0.98318,-0.03711,0.17761,-0.02103,0.9341533287706978,-0.08044675344660285,0.3476864653772504,-0.06550567782030492,-0.9963607600975557,-0.05453661074107449,0.3508084441970102,0.028170118880163773,-0.936023439814597
3.733,0.015831904485821724,Empty,0.50074,0.26508,0.09262,-0.0886,0.35971,-0.05647,0.98274,-0.03851,0.17987,-0.01983,0.9323288056659231,-0.08281724541446578,0.35200042895927514,-0.06854998278392299,-0.9962480252433187,-0.052827758414605935,0.3550547816687974,0.025123217563605745,-0.934507852269511
3.8,0.015831904485821724,Empty,0.5022,0.26711,0.08909,-0.08885,0.36312,-0.05449,0.98245,-0.03875,0.18151,-0.01875,0.9311074578696352,-0.08295366311295943,0.3551866997449191,-0.06934053412671765,-0.996293143173069,-0.05091034465948727,0.3580932730819823,0.022774166120143317,-0.9334080271408453
3.867,0.015831904485821724,Empty,0.50374,0.26843,0.08636,-0.08691,0.36685,-0.05268,0.98216,-0.0379,0.18329,-0.01795,0.9299348921563095,-0.08103482665354617,0.35868433645681147,-0.0678758395848601,-0.9964823421614254,-0.049150912108836486,0.3614055433317035,0.02136114766837074,-0.9321640062882746
3.933,0.015831904485821724,Empty,0.50519,0.26887,0.08349,-0.08529,0.37011,-0.0505,0.98192,-0.03725,0.18483,-0.01695,0.9288974137920925,-0.07941362002063768,0.3617223681300067,-0.06688026441299011,-0.9966505747870341,-0.04706019558738406,0.36424802660057165,0.019522006349043206,-0.9310973452790514
4.0,0.015831904485821724,Empty,0.50701,0.26919,0.08135,-0.085,0.3729,-0.04882,0.98168,-0.03722,0.18617,-0.01609,0.927908126859851,-0.079062573275193,0.3643289963954933,-0.06707760167528887,-0.9967117914485251,-0.04545547426837834,0.3667248334390978,0.017740188684922546,-0.9301602992197042
4.066,0.015831904485821724,Empty,0.50853,0.26924,0.07959,-0.08334,0.37471,-0.04759,0.98155,-0.03649,0.18702,-0.0156,0.9273837654831737,-0.07746613844775868,0.36600320888243937,-0.06579804320166538,-0.9968505340519027,-0.04426771138502794,0.36827974289808774,0.016970861923574755,-0.929560122217218
4.133,0.015831904485821724,Empty,0.51,0.26927,0.07862,-0.08072,0.37664,-0.04846,0.98142,-0.03509,0.18796,-0.01623,0.92688306850799,-0.07497338175941548,0.36778630934384904,-0.06276936190434901,-0.9970107069594557,-0.04505171932708807,0.370064568040948,0.018671963896783213,-0.9288183747347507
4.2,0.015831904485821724,Empty,0.51125,0.2695,0.07827,-0.07761,0.37829,-0.05664,0.98124,-0.03277,0.18888,-0.0205,0.9265016217558245,-0.07205319724269504,0.36932787824767876,-0.056566203009651206,-0.9970119217828834,-0.05260696246574634,0.37201479750259636,0.027848960302079746,-0.9278089382244574
4.266,0.015831904485821724,Empty,0.5124,0.268,0.07794,-0.0764,0.37825,-0.06106,0.98121,-0.03176,0.18892,-0.02278,0.9265971495872902,-0.07094105146674312,0.3693035196061655,-0.053725994455915194,-0.9969442746571013,-0.05670653179439952,0.3721978504726103,0.032702911876760936,-0.9275771017324377
4.333,0.015831904485821724,Empty,0.51454,0.2651,0.0775,-0.06858,0.38357,-0.0607,0.98084,-0.02786,0.19143,-0.02324,0.9251553263105841,-0.0635445461437884,0.3742321643773241,-0.04575074223200459,-0.9973679111661637,-0.05625050543118407,0.3768215649141878,0.03491905541997015,-0.9256274454575122
4.4,0.015831904485821724,Empty,0.5166,0.26217,0.07647,-0.05819,0.38859,-0.06062,0.98049,-0.02268,0.19377,-0.02411,0.9238796810372529,-0.0538135229003045,0.378880508497814,-0.0351257138024747,-0.9978087922159316,-0.05606958539574411,0.38106760449606597,0.038493102364480745,-0.9237455070927204
4.466,0.015831904485821724,Empty,0.51844,0.25858,0.0747,-0.05029,0.39149,-0.0594,0.98031,-0.01888,0.19508,-0.02423,0.9231747721080381,-0.046476942173486246,0.38156026259225984,-0.02756950612917697,-0.9981126004747363,-0.05487402942515676,0.3833904830262027,0.040138891611031215,-0.9227137188235434
4.533,0.015831904485821724,Empty,0.51901,0.25638,0.07368,-0.05341,0.39017,-0.05804,0.98042,-0.02056,0.19446,-0.02328,0.9235220182676624,-0.04936755766471285,0.3803550000000594,-0.03125529858155024,-0.9980703477021868,-0.053653400155204395,0.38226978442639453,0.03766198730626942,-0.9232829396380832
4.6,0.015831904485821724,Empty,0.51892,0.25689,0.07393,-0.05274,0.39051,-0.05845,0.98039,-0.02019,0.19462,-0.02354,0.9234266872445535,-0.04875949375970057,0.3806647672859246,-0.030432038254516458,-0.9980759559764627,-0.054021080601420995,0.38256639205793413,0.03830010274094942,-0.9231338244251521
4.667,0.015831904485821724,Empty,0.51842,0.25795,0.07396,-0.05108,0.39037,-0.05891,0.98041,-0.01933,0.19454,-0.02393,0.9235639362628348,-0.04721708488609749,0.38052621792664615,-0.02859667209463268,-0.9981073219287697,-0.05444266945412787,0.3823766284434892,0.03939950262425167,-0.9231661785470431
4.733,0.015831904485821724,Empty,0.51837,0.25806,0.07398,-0.05092,0.39035,-0.05896,0.98041,-0.01925,0.19453,-0.02397,0.9235719327604223,-0.04707211795860672,0.38052477018989006,-0.028417188717508035,-0.9981094331322581,-0.05449791627021999,0.38237069501018384,0.0395193016549302,-0.9231635155237318
4.8,0.015831904485821724,Empty,0.51839,0.25802,0.07398,-0.05098,0.39037,-0.05895,0.98041,-0.01928,0.19454,-0.02396,0.9235640904851528,-0.04712883559262082,0.3805367835334925,-0.028482139407081275,-0.9981081368469111,-0.05448774995155761,0.3823848042236093,0.039484427508469484,-0.9231591636782904
4.867,0.015831904485821724,Empty,0.51837,0.25806,0.07398,-0.05095,0.39037,-0.05898,0.98041,-0.01926,0.19454,-0.02398,0.9235699633442322,-0.047086650746889724,0.3805277521151034,-0.02842839399670266,-0.9981085389160768,-0.054508448497300216,0.3823746189577721,0.03952457291679474,-0.9231616645597043
4.933,0.015831904485821724,Empty,0.51838,0.25804,0.07398,-0.05097,0.39037,-0.05897,0.98041,-0.01927,0.19454,-0.02397,0.9235653717543085,-0.047110252993816326,0.3805359748554449,-0.028458099099275214,-0.998108295976087,-0.054497395344802885,0.382383499502765,0.03950257670798881,-0.9231589276725045
5.0,0.015831904485821724,Empty,0.51838,0.25805,0.07398,-0.05097,0.39037,-0.05897,0.98041,-0.01927,0.19454,-0.02397,0.923565002920586,-0.04710936817790734,0.38053697955675303,-0.02845389214353261,-0.9981079935074455,-0.05450513112016106,0.38238470341029923,0.03951127340924484,-0.9231580568198477
5.066,0.015831904485821724,Empty,0.51839,0.25804,0.07398,-0.05097,0.39037,-0.05899,0.98041,-0.01927,0.19454,-0.02398,0.9235626473893244,-0.04711465474392906,0.3805420419028399,-0.02845771028949412,-0.998107665672614,-0.05450914098244797,0.38239010849170996,0.03951325137122402,-0.9231557332832705
5.133,0.015831904485821724,Empty,0.51839,0.25804,0.07398,-0.05097,0.39037,-0.05897,0.98041,-0.01927,0.19454,-0.02397,0.9235643366984219,-0.04711576968518277,0.3805378039377648,-0.028460897921634032,-0.9981078103375906,-0.054504827608151785,0.38238579114331417,0.03950826736358903,-0.9231577349194605
5.2,0.015831904485821724,Empty,0.51839,0.25805,0.07399,-0.05097,0.39039,-0.05899,0.98041,-0.01927,0.19455,-0.02398,0.9235595467456197,-0.04711498118852209,0.3805495265568345,-0.028455646052547745,-0.998107451494948,-0.05451414016557776,0.38239775080766075,0.03951827194938235,-0.9231523527345729
5.266,0.015831904485821724,Empty,0.51838,0.25805,0.07398,-0.05097,0.39037,-0.05899,0.98041,-0.01927,0.19454,-0.02398,0.9235639540334563,-0.04710924993244914,0.380539539839016,-0.028449952631226738,-0.998107618859646,-0.054514047452089015,0.38238752987691554,0.03952087733248988,-0.9231564749540033
5.333,0.015831904485821724,Empty,0.51839,0.25804,0.07398,-0.05099,0.39037,-0.05897,0.98041,-0.01928,0.19454,-0.02397,0.9235612174855,-0.04713091724045865,0.3805434984292513,-0.028474873260379008,-0.9981071307218744,-0.054509973353072255,0.38239228437496736,0.03950736946723145,-0.9231550837255209
5.4,0.015831904485821724,Empty,0.51838,0.25805,0.07399,-0.05095,0.3904,-0.05898,0.98041,-0.01926,0.19455,-0.02398,0.9235621757980081,-0.04710652117813324,0.3805441933570176,-0.02844356447552837,-0.9981073758156648,-0.05452183032780239,0.3823922999684691,0.03953026694649679,-0.9231540970607036
5.467,0.015831904485821724,Empty,0.51839,0.25804,0.07399,-0.05099,0.39039,-0.05897,0.98041,-0.01928,0.19455,-0.02397,0.9235596821331871,-0.04713274044751248,0.3805469988266284,-0.02847576196921231,-0.9981069840994394,-0.054512193793632674,0.3823959263882386,0.039508898615744956,-0.9231535096677321
5.533,0.015831904485821724,Empty,0.51838,0.25805,0.07398,-0.05097,0.39037,-0.05899,0.98041,-0.01927,0.19454,-0.02398,0.9235627409799948,-0.04711309275063924,0.3805420081475743,-0.02845062606453236,-0.9981071558893013,-0.054522171995494334,0.3823904095947688,0.03952798823668861,-0.9231549776694622
5.6,0.015831904485821724,Empty,0.51839,0.25804,0.07398,-0.05097,0.39039,-0.05899,0.98041,-0.01927,0.19455,-0.02398,0.9235614515549356,-0.0471244935034279,0.3805437258893981,-0.028464102184632134,-0.9981069344807181,-0.05451919137630437,0.3823925209631628,0.039519988025664525,-0.9231544456145396
5.667,0.015831904485821724,Empty,0.51839,0.25805,0.07399,-0.05097,0.39039,-0.05899,0.98041,-0.01927,0.19455,-0.02398,0.9235601680258588,-0.04712399215013818,0.38054690302232286,-0.028460407977472846,-0.9981066434896257,-0.054526446790789884,0.3823958959165271,0.03952793424537582,-0.9231527074111248
5.733,0.014345868490636349,Grasping,0.51839,0.25805,0.07398,-0.05097,0.39037,-0.05899,0.98041,-0.01927,0.19454,-0.02398,0.9235623120094298,-0.04712509294574474,0.38054156336811784,-0.028463159062349197,-0.9981067383791928,-0.05452327373004254,0.3823905129733055,0.03952422569645932,-0.9231550959460213
5.8,0.014345868490636349,Grasping,0.51839,0.25805,0.07399,-0.05097,0.39039,-0.05899,0.98041,-0.01927,0.19455,-0.02398,0.9235591443823374,-0.04711508437269896,0.38055049027996035,-0.028453234134786176,-0.998107193394806,-0.05452012436535594,0.38239890205783245,0.03952466721044341,-0.9231516020605002
5.867,0.012667756527662277,Grasping,0.51839,0.25805,0.07399,-0.05097,0.39039,-0.05899,0.98041,-0.01927,0.19455,-0.02398,0.9235598498895371,-0.04711888743352993,0.3805483072082202,-0.028454347496165766,-0.9981067531426437,-0.05452760254785943,0.3823971152879988,0.039531250651557034,-0.9231520603028195
5.933,0.012667756527662277,Grasping,0.51839,0.25804,0.07399,-0.05099,0.39039,-0.05899,0.98041,-0.01928,0.19455,-0.02398,0.9235592646899229,-0.0471261767689799,0.38054882481561836,-0.028464728455813215,-0.9981067904278386,-0.05452150159135302,0.38239775605950704,0.03952161895694499,-0.9231522072744427
6.0,0.012667756527662277,Grasping,0.51838,0.25805,0.07399,-0.05098,0.39039,-0.05901,0.98041,-0.01927,0.19455,-0.02399,0.9235601676620968,-0.047119211368183256,0.3805474958898033,-0.028454063169635613,-0.9981066726254679,-0.0545292247300081,0.38239636896432183,0.03953289744703529,-0.9231522989314085
6.067,0.010636686347424984,Grasping,0.51839,0.25805,0.07399,-0.05099,0.39039,-0.05899,0.98041,-0.01928,0.19455,-0.02398,0.9235591533759169,-0.047129289260688434,0.3805487095094946,-0.02846478638013572,-0.9981063521018685,-0.054529495048405124,0.3823980205909709,0.039528976557497215,-0.9231517826773796
6.133,0.010636686347424984,Grasping,0.51839,0.25805,0.07399,-0.05099,0.39039,-0.05899,0.98041,-0.01928,0.19455,-0.02398,0.9235596538157179,-0.047127795967691344,0.38054767991806127,-0.028465076814747636,-0.998106588679039,-0.05452501295205836,0.3823967903182792,0.03952478314575885,-0.9231524718439303
6.2,0.010636686347424984,Grasping,0.51839,0.25805,0.07399,-0.05099,0.39039,-0.05899,0.98041,-0.01928,0.19455,-0.02398,0.9235600156434755,-0.047128181527867685,0.3805467540401565,-0.02846521749412545,-0.9981065426176298,-0.05452578268024619,0.38239590596348594,0.039525486584704415,-0.9231528080510871
6.267,0.009020630270242691,Grasping,0.51839,0.25805,0.07399,-0.05098,0.39039,-0.05901,0.98041,-0.01927,0.19455,-0.02399,0.9235594714571198,-0.0471254313687981,0.38054841531682926,-0.028460458181056136,-0.9981064527732489,-0.05452991153969222,0.38239757452417183,0.039531034020209896,-0.9231518793499386
6.333,0.009020630270242691,Grasping,0.51839,0.25805,0.07399,-0.05098,0.39039,-0.05901,0.98041,-0.01927,0.19455,-0.02399,0.9235584153085512,-0.047125389818039376,0.38055098363721984,-0.028460047667082877,-0.9981064319344091,-0.05453050722256769,0.3824001558571139,0.03953160970237569,-0.9231507854271662
6.4,0.007384216878563166,Grasping,0.51838,0.25805,0.07399,-0.05097,0.39039,-0.05899,0.98041,-0.01927,0.19455,-0.02398,0.9235613426151323,-0.04712181809786331,0.3805443215790848,-0.028458431506513393,-0.9981067332919655,-0.05452583455051771,0.3823932061414312,0.03952825845383576,-0.9231538077051317
6.466,0.007384216878563166,Grasping,0.51839,0.25805,0.07399,-0.05099,0.39039,-0.05899,0.98041,-0.01928,0.19455,-0.02398,0.9235601933312826,-0.047129035535851516,0.3805462170398546,-0.028465009368243144,-0.9981063961048711,-0.05452857320902682,0.382395492305479,0.039528167981918924,-0.9231528645898488
6.533,0.007384216878563166,Grasping,0.51839,0.25805,0.07399,-0.051,0.39039,-0.05901,0.98041,-0.01928,0.19455,-0.02399,0.9235575654766841,-0.047131283060114215,0.38055231625610725,-0.028465736085906912,-0.9981061880968474,-0.05453200117241236,0.3824017849329006,0.03953074044193782,-0.923150147830917
6.6,0.005432603415101767,Grasping,0.51839,0.25805,0.07399,-0.05097,0.39039,-0.05899,0.98041,-0.01927,0.19455,-0.02398,0.9235595828484149,-0.047118778439339815,0.3805489687901491,-0.028453881942091752,-0.9981067245875492,-0.054528368172355596,0.3823977948828772,0.039532101531525865,-0.9231517423572432
6.667,0.005432603415101767,Grasping,0.51839,0.25806,0.07399,-0.05098,0.39039,-0.05901,0.98041,-0.01927,0.19455,-0.02399,0.923555776946408,-0.04712254561259677,0.38055773880438326,-0.02844995605345818,-0.9981058351642411,-0.054546693865429374,0.382407278787254,0.03955006328795629,-0.9231470444216596
6.733,0.005432603415101767,Grasping,0.51839,0.25806,0.07399,-0.051,0.39039,-0.05901,0.98041,-0.01928,0.19455,-0.02399,0.9235539728852897,-0.047135070021022296,0.380560565931247,-0.02846243588035091,-0.9981053573693318,-0.05454892606087919,0.3824107071089336,0.03954719667374279,-0.9231457470647275
6.8,0.0035735799465328455,Grasping,0.51839,0.25806,0.074,-0.05098,0.39041,-0.05903,0.98041,-0.01927,0.19456,-0.024,0.923551416392439,-0.04712499319398472,0.380568017962606,-0.028449090837211588,-0.9981054594839398,-0.05455401890685349,0.38241787420314927,0.03955662731856883,-0.9231423740274975
6.867,0.0035735799465328455,Grasping,0.5184,0.25806,0.074,-0.051,0.39041,-0.05904,0.98041,-0.01928,0.19456,-0.024,0.9235484009917354,-0.047139246466816886,0.38057357037522943,-0.028461961800804958,-0.9981047922538251,-0.05455951255645694,0.3824241987061733,0.03955648015798858,-0.9231397603404654
6.933,0.0019637616351246834,Grasping,0.5184,0.25807,0.07401,-0.05098,0.39044,-0.05903,0.98041,-0.01927,0.19457,-0.024,0.9235455367189155,-0.047121911686566154,0.3805826678207689,-0.028440828056914724,-0.9981051336488791,-0.0545642876173662,0.3824326880720414,0.039568518076333346,-0.9231357275456497
7.0,0.0019637616351246834,Grasping,0.51841,0.25807,0.07402,-0.05099,0.39045,-0.05905,0.9804,-0.01927,0.19458,-0.02401,0.9235356492575095,-0.04713133159668631,0.380605494091235,-0.02844139126002937,-0.9981039879014564,-0.054584948460203925,0.38245652277573183,0.03958619604271652,-0.9231250951356288
7.067,0.0019637616351246834,Grasping,0.51843,0.25809,0.07403,-0.051,0.39049,-0.0591,0.9804,-0.01927,0.1946,-0.02403,0.923521996671592,-0.04712611645240089,0.3806392659879311,-0.028424822718943532,-0.9981032233073523,-0.054607555126284096,0.38249072030196074,0.039611674688004285,-0.9231098331787496
7.133,0.0005302583449520171,Grasping,0.51844,0.25809,0.07404,-0.051,0.39052,-0.0591,0.9804,-0.01927,0.19461,-0.02403,0.9235133806901623,-0.047135653699370283,0.3806589889081301,-0.028428000880492965,-0.9981023121330825,-0.05462255285624415,0.3825112866990536,0.03962328437834918,-0.9231008129575592
7.2,0.0005302583449520171,Grasping,0.51845,0.25809,0.07404,-0.051,0.39052,-0.05912,0.9804,-0.01927,0.19461,-0.02404,0.9235091293032751,-0.04713891274407117,0.3806688994373112,-0.02842818969779448,-0.9981019272145625,-0.054629487651650877,0.3825215368106914,0.039629102890205596,-0.9230963157114777
7.266,0.0005302583449520171,Grasping,0.51845,0.25809,0.07404,-0.051,0.39052,-0.05912,0.9804,-0.01927,0.19461,-0.02404,0.923510648468588,-0.04714881257125858,0.38066398783999555,-0.02843878933075694,-0.998101581975229,-0.0546302784172453,0.3825170812219093,0.03962602089114229,-0.9230982943553768
7.333,0.0001500483340350911,Grasping,0.51845,0.25809,0.07405,-0.051,0.39054,-0.05912,0.9804,-0.01927,0.19462,-0.02404,0.9235066388196382,-0.04714228668636211,0.380674523526378,-0.02843192660063132,-0.9981018671821811,-0.05462863971599355,0.3825272717151424,0.039626601335773885,-0.9230940465958739
7.4,0.0001500483340350911,Grasping,0.51845,0.25809,0.07405,-0.051,0.39054,-0.05912,0.9804,-0.01927,0.19462,-0.02404,0.923506134903029,-0.047145604391486795,0.3806753351387898,-0.028431433371884363,-0.9981013474259528,-0.05463839184051403,0.38252852494015216,0.03963574463863214,-0.9230931347128808
7.466,0.0001500483340350911,Grasping,0.51845,0.25809,0.07405,-0.051,0.39054,-0.05912,0.9804,-0.01927,0.19462,-0.02404,0.9235067581590745,-0.047143772988196386,0.3806740499468727,-0.028431069969503675,-0.9981015633581256,-0.05463463628921317,0.3825270472723543,0.03963248529303745,-0.9230938869988204
7.533,7.912833098089322e-05,Grasping,0.51845,0.2581,0.07405,-0.051,0.39054,-0.05912,0.9804,-0.01927,0.19462,-0.02404,0.9235059631842376,-0.04713962729739385,0.38067649192118014,-0.028424737313749615,-0.9981015140376229,-0.054638832202466237,0.38252943713105,0.03963865807602124,-0.9230926315999572
7.6,7.912833098089322e-05,Grasping,0.51845,0.2581,0.07405,-0.051,0.39054,-0.05912,0.9804,-0.01927,0.19462,-0.02404,0.9235051357876998,-0.047144771354938,0.3806778621191843,-0.0284297767739613,-0.9981013102001016,-0.054639933834356835,0.3825310601328013,0.039637672872291405,-0.9230920013319065
7.667,2.3311666154768318e-05,Grasping,0.51846,0.2581,0.07405,-0.051,0.39053,-0.05912,0.98039,-0.01927,0.19462,-0.02404,0.9235017989347696,-0.04714397961601363,0.3806860551034262,-0.028428034881827213,-0.9981012929746826,-0.05464115477388912,0.38253924530301653,0.03963904827605444,-0.9230885502782314
7.733,2.3311666154768318e-05,Grasping,0.51846,0.2581,0.07405,-0.051,0.39053,-0.05912,0.98039,-0.01927,0.19462,-0.02404,0.9235025622266533,-0.047140238782563126,0.38068466668402756,-0.02842408182150047,-0.9981014089288087,-0.0546410932076917,0.3825376963560727,0.03964057746615122,-0.9230891265120281
7.8,2.3311666154768318e-05,Grasping,0.51846,0.2581,0.07405,-0.051,0.39053,-0.05912,0.98039,-0.01927,0.19462,-0.02404,0.9235012186717368,-0.04714576866241216,0.3806872411955084,-0.028428406651519855,-0.9981010833341134,-0.05464479062568703,0.3825406185061565,0.03964219903713272,-0.9230878459000679
7.867,2.3311666154768318e-05,Grasping,0.51846,0.2581,0.07405,-0.051,0.39053,-0.05912,0.98039,-0.01927,0.19462,-0.02404,0.9235002985660179,-0.0471446037763143,0.3806896175143866,-0.02842716190843969,-0.9981011352394664,-0.05464449011126374,0.382542932249842,0.039642277538796414,-0.9230868836773871
7.933,8.865000381774735e-06,Grasping,0.51846,0.2581,0.07405,-0.051,0.39055,-0.05912,0.98039,-0.01927,0.19463,-0.02404,0.9234992315919446,-0.04714904180290064,0.3806916562076932,-0.028430562975196083,-0.998100866509142,-0.05464762906671361,0.3825452552809949,0.039643765345487164,-0.9230858570746441
8.0,8.865000381774735e-06,Grasping,0.51846,0.2581,0.07405,-0.051,0.39053,-0.05912,0.98039,-0.01927,0.19462,-0.02404,0.9234999426549433,-0.04714529856022398,0.3806903948617355,-0.028428886961154864,-0.9981012195632473,-0.05464205241852188,0.38254366326272704,0.0396393280723317,-0.9230867073940061
8.067,8.865000381774735e-06,Done,0.51846,0.25809,0.07405,-0.051,0.39055,-0.05912,0.98039,-0.01927,0.19463,-0.02404,0.9234982797979366,-0.04714847393745225,0.38069403543478486,-0.02843112862128422,-0.9981010207968677,-0.05464451673837553,0.38254751095200157,0.0396405561214773,-0.9230850600972847
8.133,-3.250499867135659e-05,Done,0.51847,0.2581,0.07406,-0.05101,0.39055,-0.05914,0.98039,-0.01927,0.19463,-0.02405,0.9234946884371757,-0.047147979757522995,0.38070280854376104,-0.028426991039070704,-0.9981007163743811,-0.05465222917146939,0.38255648812794685,0.03964880802408085,-0.9230809852951594
8.2,-3.250499867135659e-05,Done,0.51847,0.25809,0.07406,-0.05102,0.39055,-0.05913,0.98039,-0.01928,0.19463,-0.02404,0.9234922992798836,-0.04716635729453078,0.38070632764680723,-0.028447592504706354,-0.9981002486596839,-0.05465005129149386,0.3825607241359723,0.03963872305008563,-0.9230796628588017
8.267,-3.250499867135659e-05,Done,0.51847,0.2581,0.07406,-0.05101,0.39055,-0.05914,0.98039,-0.01927,0.19463,-0.02405,0.9234933057361308,-0.047151022134176934,0.3807057858402671,-0.02842912349172988,-0.9981005212011487,-0.05465468429592171,0.382559667500437,0.039650103274736406,-0.923079612012018
8.333,-3.250499867135659e-05,Done,0.51847,0.2581,0.07406,-0.05101,0.39055,-0.05914,0.98039,-0.01927,0.19463,-0.02405,0.9234936751781146,-0.04715515050934044,0.3807043783389682,-0.028433004410055807,-0.9981003252543641,-0.054656243809380056,0.3825584872489912,0.03965012619871597,-0.9230801001680133
8.4,-3.250499867135659e-05,Done,0.51847,0.2581,0.07406,-0.05101,0.39055,-0.05914,0.98039,-0.01927,0.19463,-0.02405,0.9234923076177874,-0.04714528727509104,0.38070891723011,-0.028422190849115292,-0.9981006408052235,-0.05465610571142718,0.3825625920527387,0.03965391168537337,-0.9230782363645772
8.467,-3.250499867135659e-05,Done,0.51847,0.2581,0.07406,-0.05103,0.39055,-0.05915,0.98039,-0.01928,0.19463,-0.02405,0.9234937277844828,-0.0471591070841863,0.3807037606351449,-0.028438411457085977,-0.998100316834903,-0.05465358440087728,0.38255795834947287,0.0396456322069479,-0.9230805123879469
8.533,-3.250499867135659e-05,Done,0.51847,0.25811,0.07406,-0.05101,0.39057,-0.05914,0.98039,-0.01927,0.19464,-0.02405,0.9234912798321931,-0.04714092184948876,0.38071195090393267,-0.028416731848524,-0.9981007169590352,-0.05465755352107124,0.38256547861110946,0.039657184633305115,-0.9230768994412181
8.6,-3.250499867135659e-05,Done,0.51847,0.2581,0.07406,-0.05101,0.39057,-0.05914,0.98039,-0.01927,0.19464,-0.02405,0.9234904602523737,-0.047153471429048854,0.380712384819628,-0.028431791372255433,-0.9981004884197942,-0.054653895154256255,0.38256633811957785,0.03964801569256358,-0.9230769370910633
8.667,-2.0356666937004775e-05,Done,0.51847,0.2581,0.07406,-0.05101,0.39057,-0.05914,0.98039,-0.01927,0.19464,-0.02405,0.9234909720484619,-0.047151212998292724,0.3807114230723534,-0.02842726524677891,-0.9981003359203208,-0.05465903426087779,0.3825654390239348,0.03965454007465176,-0.9230770294595634
8.733,-2.0356666937004775e-05,Done,0.51847,0.2581,0.07406,-0.05103,0.39057,-0.05915,0.98039,-0.01928,0.19464,-0.02405,0.9234892352662529,-0.047158031589638105,0.3807147914173306,-0.028434263967673512,-0.9981001082370472,-0.054659551496614,0.38256911137723565,0.039652162536046316,-0.923075609593411
8.8,-2.0356666937004775e-05,Done,0.51847,0.2581,0.07407,-0.05103,0.39057,-0.05915,0.98039,-0.01928,0.19464,-0.02405,0.92348826625011,-0.04715623570067501,0.3807173643700904,-0.02843268444623065,-0.9981002167790564,-0.05465839112873591,0.38257156788442453,0.039651566175161336,-0.923074617106499
8.867,-2.0356666937004775e-05,Done,0.51847,0.2581,0.07406,-0.05101,0.39057,-0.05914,0.98039,-0.01927,0.19464,-0.02405,0.9234913858130809,-0.04714838419474071,0.38071076974109974,-0.02842451628542192,-0.998100450950604,-0.05465836336866278,0.38256464447590455,0.03965500825905989,-0.9230773386434089
