time,gr,gr_state,tx,ty,tz,rx,ry,rz,qw,qx,qy,qz,xx,xy,xz,yx,yy,yz,zx,zy,zz
0.0,0.01593073271214962,Empty,0.30827,0.00107,0.48619,0.01047,0.00468,-0.00446,0.99998,0.00524,0.00233,-0.00224,0.9999342820199013,0.010463917354346763,0.0046838098751198565,0.010484827680373732,-0.999935075950387,-0.004462316954967917,0.004636812467389566,0.004511132639939342,-0.9999790746072876
0.067,0.01593073271214962,Empty,0.30827,0.00107,0.48617,0.01045,0.00464,-0.00448,0.99998,0.00523,0.00231,-0.00225,0.9999345777348243,0.01045644829279746,0.004637126198199302,0.010477186498794255,-0.9999351186036668,-0.004470698618786981,0.004590077706036836,0.004518990171553405,-0.999979254742058
0.133,0.01593073271214962,Empty,0.30827,0.00107,0.48618,0.01047,0.00466,-0.00446,0.99998,0.00524,0.00232,-0.00224,0.9999342667248952,0.010472021282633026,0.004668939879950219,0.010492862306409223,-0.999934993821348,-0.00446183506182632,0.004621911938283208,0.004510532314071948,-0.9999791462967007
0.2,0.01593073271214962,Empty,0.30827,0.00107,0.48618,0.01047,0.00466,-0.00448,0.99998,0.00524,0.00232,-0.00225,0.9999343874498545,0.010465400281909565,0.004657917155122939,0.01048621657780735,-0.9999350393333857,-0.0044672558940762955,0.004610862952626348,0.004515806714115034,-0.9999791734994049
0.267,0.01593073271214962,Empty,0.30827,0.00107,0.48618,0.01047,0.00466,-0.00446,0.99998,0.00524,0.00232,-0.00224,0.9999343860087454,0.010464095913063853,0.004661155869091359,0.010484901105304312,-0.9999350780228501,-0.004461679980456643,0.004614165810387671,0.004510258990149253,-0.9999791833021905
0.334,0.015930404886603355,Empty,0.30827,0.00107,0.48618,0.01047,0.00466,-0.00448,0.99998,0.00524,0.00232,-0.00225,0.9999343736273012,0.010462751620256172,0.004666826235261719,0.010483610251764142,-0.9999350646270708,-0.00446771142136368,0.00461977863824684,0.004516343409032022,-0.9999791299259927
0.4,0.015930404886603355,Empty,0.30827,0.00107,0.48618,0.01047,0.00466,-0.00448,0.99998,0.00524,0.00232,-0.00225,0.9999344489717279,0.010460906657813462,0.0046548030573995225,0.010481701771311636,-0.9999350935682056,-0.00446571144626871,0.004607785540142197,0.004514208971743291,-0.9999791948984618
0.467,0.015930404886603355,Empty,0.30827,0.00107,0.48618,0.01047,0.00466,-0.00448,0.99998,0.00524,0.00232,-0.00225,0.9999343499356745,0.010463608372398792,0.004669980572646366,0.010484475292901696,-0.9999350613147637,-0.004466422648158308,0.004622942412831946,0.004515091723156393,-0.9999791209571222
0.533,0.01593073271214962,Empty,0.30827,0.00107,0.48618,0.01047,0.00466,-0.00448,0.99998,0.00524,0.00232,-0.00225,0.9999343432939372,0.010468704880433888,0.004659969897838167,0.010489534194997707,-0.9999350009076943,-0.004468068050190565,0.004612892118221424,0.004516655605150957,-0.9999791603070787
0.6,0.01593073271214962,Empty,0.30827,0.00107,0.48618,0.01047,0.00466,-0.00448,0.99998,0.00524,0.00232,-0.00225,0.9999343241938179,0.010466315951959682,0.0046694249588822645,0.010487187051159808,-0.9999350264166164,-0.0044678689500048845,0.004622359441547544,0.004516544652074828,-0.9999791170907515
0.667,0.01593073271214962,Empty,0.30827,0.00107,0.48618,0.01047,0.00466,-0.00446,0.99998,0.00524,0.00232,-0.00224,0.9999343687902564,0.010467375080684072,0.004657485475190147,0.010488170300882504,-0.9999350373687023,-0.004463107235049445,0.004610465895223779,0.004511662816760075,-0.9999791940349845
0.734,0.01593073271214962,Empty,0.30827,0.00107,0.48618,0.01045,0.00466,-0.00448,0.99998,0.00523,0.00232,-0.00225,0.9999345030435397,0.010452018834134935,0.004663145436324769,0.010472858126830353,-0.9999351799180808,-0.004467124897600973,0.004616152697291157,0.004515668775095457,-0.9999791497175272
0.8,0.01593073271214962,Empty,0.30826,0.00107,0.48618,0.01019,0.00466,-0.00444,0.99998,0.0051,0.00232,-0.00223,0.9999372750128458,0.010186803185735893,0.004655650409909695,0.010207453055242843,-0.9999380744492219,-0.004433415038911126,0.004610199779751732,0.004480659286010536,-0.9999793346616487
0.867,0.01593073271214962,Empty,0.30826,0.00103,0.48618,0.00993,0.00462,-0.00448,0.99998,0.00497,0.0023,-0.00225,0.9999400292884644,0.009929742553635545,0.0046193115724978496,0.00995043834687881,-0.9999404615430818,-0.004479078667897632,0.004574560447765028,0.004524774229370058,-0.9999792996931902
0.933,0.01593073271214962,Empty,0.30828,0.00061,0.48641,0.00929,0.00474,-0.00474,0.99998,0.00465,0.00236,-0.00238,0.9999456258391537,0.009289922101115067,0.004737374008682268,0.009312334911940667,-0.9999454468027535,-0.0047311559823769635,0.004693163499258892,0.00477501474311256,-0.999977586474103
1.0,0.01593073271214962,Empty,0.30809,0.00035,0.48589,0.00875,0.00374,-0.00522,0.99999,0.00438,0.00186,-0.00262,0.9999547398095161,0.008745760884482201,0.003745664031178644,0.008765251942372099,-0.999947963705968,-0.005219218205256556,0.0036998230862766105,0.005251813671371171,-0.9999793646682371
1.067,0.015930404886603355,Empty,0.30801,0.00026,0.48507,0.00863,0.00272,-0.00511,0.99999,0.00432,0.00135,-0.00256,0.9999589429685898,0.008641746181146104,0.0027262795310777008,0.008655609120099161,-0.9999494584269855,-0.005114784681533276,0.0026819410696326397,0.005138172293631084,-0.9999832030477211
1.133,0.015930404886603355,Empty,0.30812,0.00066,0.48346,0.00746,0.00198,-0.00481,0.99999,0.00373,0.00098,-0.00241,0.9999702108585171,0.0074606339315024806,0.0019789737020213787,0.007470084700034407,-0.9999605205600339,-0.004811980453064567,0.0019429951486021318,0.004826620209471276,-0.9999864641619934
1.2,0.015930404886603355,Empty,0.30881,0.00078,0.48149,0.00715,0.0031,-0.00481,0.99999,0.00358,0.00154,-0.00241,0.999969672562479,0.0071442657264739196,0.0031005519698557374,0.007159108106080947,-0.9999628403658944,-0.0048026095508941,0.0030661256356668935,0.004824661086793726,-0.9999836606260044
1.267,0.015930404886603355,Empty,0.30973,0.0017,0.4785,0.00435,0.00451,-0.00505,0.99999,0.00218,0.00225,-0.00253,0.9999803593653607,0.004353931949230783,0.0045082324813101385,0.004376692860073916,-0.9999776644807239,-0.005051247299926129,0.004486139000594079,0.00507087923913594,-0.9999770801076441
1.333,0.015930404886603355,Empty,0.3109,0.00321,0.47501,0.0007,0.0061,-0.00514,0.99999,0.00036,0.00305,-0.00257,0.9999811710560378,0.0007034947808281511,0.006096115852627154,0.000734787932810177,-0.9999865582890557,-0.005132575172627585,0.00609242317055383,0.0051369578840228,-0.9999682465176626
1.4,0.01593073271214962,Empty,0.3128,0.00531,0.47087,-0.00228,0.01142,-0.00379,0.99998,-0.00113,0.00571,-0.00189,0.9999321179479849,-0.0022848603773042986,0.011425362537517173,-0.0022415752088927876,-0.9999902680495318,-0.0037998877362482994,0.011433933559381713,0.003774018982654623,-0.9999275083445193
1.467,0.01593073271214962,Empty,0.31508,0.0091,0.46472,-0.00859,0.01875,-0.00268,0.99995,-0.00428,0.00938,-0.0013,0.9997876043929361,-0.008574464089668554,0.018740988976264153,-0.008525811117483628,-0.99996007818109,-0.0026744324365076903,0.01876317262678301,0.002514082266640317,-0.9998207953145075
1.534,0.01593073271214962,Empty,0.31756,0.01465,0.45566,-0.01524,0.02789,-0.00141,0.99987,-0.00761,0.01395,-0.0006,0.9994947213347846,-0.015244507474865276,0.027890984488719142,-0.0152110918776025,-0.9998833106718988,-0.0014098665518480612,0.027909222629667302,0.0009849018487439235,-0.9996099765711405
1.6,0.015930404886603355,Empty,0.32005,0.02154,0.44506,-0.02201,0.03703,0.00059,0.99977,-0.01101,0.01851,0.0005,0.9990719128917028,-0.02200452293310634,0.03702855440602966,-0.022041711081131787,-0.9997568741240427,0.000596334083075082,0.03700642975929717,-0.0014119533310700265,-0.9993140299947064
1.667,0.015930404886603355,Empty,0.32216,0.02908,0.4341,-0.02836,0.04399,0.00288,0.99966,-0.01421,0.02197,0.00175,0.9986303017085562,-0.028341901168403905,0.04398019040021013,-0.02849588659809449,-0.9995897662115594,0.002878147339518456,0.043880576072641134,-0.004127459664232004,-0.999028257418304
1.733,0.01593073271214962,Empty,0.32471,0.03828,0.42376,-0.03785,0.05528,0.00532,0.99943,-0.01899,0.02758,0.00318,0.9977581658720046,-0.03777587957322054,0.05524151842774702,-0.03812683332905248,-0.9992587853789234,0.005312666311479929,0.05499988196380268,-0.007406940360770715,-0.9984588875955084
1.8,0.01593073271214962,Empty,0.3272,0.04718,0.41422,-0.04621,0.06479,0.01051,0.99919,-0.02326,0.03226,0.006,0.9968360956714115,-0.04609459156531415,0.06475405002780621,-0.04686881252746222,-0.9988459946260353,0.010487775349989653,0.06419589378490166,-0.013489538463309692,-0.9978461402306492
1.867,0.01593073271214962,Empty,0.33029,0.05696,0.40516,-0.05577,0.07674,0.01316,0.99885,-0.02811,0.03816,0.00764,0.9955072614319491,-0.0555822347002255,0.07665446902816836,-0.05674769528033047,-0.9983024864766304,0.01310895018481615,0.0757957222845201,-0.01740001954902016,-0.9969715381108236
1.933,0.01593073271214962,Empty,0.33321,0.06654,0.39557,-0.06507,0.0866,0.01543,0.99849,-0.03283,0.04301,0.00911,0.9941448373473112,-0.06477221282524265,0.08649047821239846,-0.06634037476754145,-0.9976785334316225,0.01537851115774714,0.08529359326110042,-0.021026278211996787,-0.9961339762166341
2.0,0.01593073271214962,Empty,0.33635,0.07523,0.38695,-0.07433,0.09517,0.01804,0.99812,-0.03754,0.0472,0.01077,0.9927253980860409,-0.07391685473067511,0.09503989994542072,-0.07594975539523247,-0.9969500896521604,0.01794863220286498,0.09342333033196608,-0.025036320202331208,-0.9953116416582349
2.067,0.01593073271214962,Empty,0.33966,0.08404,0.3783,-0.08485,0.10491,0.01982,0.99765,-0.04287,0.05196,0.01211,0.990923643162595,-0.08428601577725159,0.1047196302789829,-0.08680313612793411,-0.996030522809862,0.01970820107134206,0.10264282234879027,-0.028619314728168702,-0.9943064848650865
2.134,0.01593073271214962,Empty,0.34234,0.09397,0.36946,-0.09578,0.11022,0.0215,0.99725,-0.04839,0.0545,0.01336,0.9893747517838143,-0.09506580892471783,0.11000042048194407,-0.09797799623010345,-0.9949591812650607,0.02136679365495603,0.1074146767785919,-0.03191738695207782,-0.9937018504675845
2.2,0.01593073271214962,Empty,0.34496,0.10377,0.3619,-0.1057,0.11411,0.02054,0.9969,-0.05332,0.0564,0.01325,0.9879515147650147,-0.10481861543148646,0.11386334938222728,-0.10780703360461175,-0.993962601551917,0.020395838338224892,0.11103804743819631,-0.032425369314335116,-0.9932870418192024
2.267,0.01593073271214962,Empty,0.34753,0.11402,0.35433,-0.11762,0.11799,0.0142,0.99648,-0.05909,0.05844,0.01054,0.9861842696685761,-0.11654203310414613,0.11772230365656824,-0.11900582506190033,-0.992793480647377,0.014096750881043653,0.11523107158919237,-0.02791163384715945,-0.9929464944479075
2.333,0.01593073271214962,Empty,0.3506,0.12294,0.34571,-0.12581,0.12533,0.01149,0.99602,-0.0631,0.06214,0.00966,0.9843127647283053,-0.12450046403560883,0.12501206200938286,-0.12690231050984152,-0.9918496451219544,0.011405483712504362,0.12257318132521278,-0.027090882716709116,-0.992089662930446
2.4,0.01593073271214962,Empty,0.35338,0.13041,0.33631,-0.13113,0.12861,0.0096,0.99576,-0.06569,0.06381,0.00899,0.9832254618925973,-0.12967785754701866,0.12826279409128663,-0.1319737571016411,-0.9912074012186157,0.009529701250033475,0.1258992395630952,-0.026297167745843907,-0.9916944289679062
2.467,0.01593073271214962,Empty,0.35654,0.13736,0.32726,-0.13878,0.13156,0.00561,0.99542,-0.06937,0.06538,0.00735,0.9818276469074596,-0.13713847164870013,0.13117740415947748,-0.13906090537282206,-0.9902681948374483,0.00556479022718373,0.12913766439366664,-0.023705313481162914,-0.9913432915734633
2.533,0.01593073271214962,Empty,0.35924,0.14374,0.319,-0.14313,0.13077,0.0009,0.99531,-0.07138,0.06514,0.00512,0.9813234253657658,-0.14142500386824808,0.1303967143346275,-0.1427588554634891,-0.9897570989780546,0.0008911842121403085,0.1289350379654616,-0.019489825638300404,-0.9914614983353783
2.6,0.01593073271214962,Empty,0.3617,0.14947,0.31125,-0.14729,0.129,-0.00356,0.99522,-0.07331,0.06441,0.00297,0.9809531898165629,-0.14554182261832693,0.12864065165275645,-0.14630817782307115,-0.9892327844672522,-0.003523526253578421,0.1277683704631272,-0.015364765019437154,-0.9916850142586077
2.667,0.01593073271214962,Empty,0.36453,0.15494,0.30433,-0.15246,0.12785,-0.01124,0.99507,-0.07564,0.06412,-0.00073,0.9803354284701613,-0.15061861378230157,0.12750090536354097,-0.15043216180711155,-0.9885574952759131,-0.011146444628314704,0.12772083769011106,-0.00825298225558373,-0.9917758193783641
2.734,0.01593073271214962,Empty,0.36742,0.16038,0.29719,-0.15702,0.12679,-0.01702,0.99492,-0.07773,0.06382,-0.0035,0.9797702036959066,-0.15511152874200895,0.12645458315537017,-0.15421715251002927,-0.9878925589115919,-0.01689265872517722,0.12754378785883688,-0.002950542055931529,-0.9918285519585511
2.8,0.01593073271214962,Empty,0.37109,0.16717,0.28951,-0.16334,0.13116,-0.02209,0.99452,-0.08068,0.06621,-0.00564,0.9782123706895778,-0.16122987001431655,0.13078794609994823,-0.15973630564945224,-0.9869167368171565,-0.0219013069847364,0.1326079578582718,0.0005325460932537782,-0.9911684245915614
2.867,0.01593073271214962,Empty,0.37435,0.17424,0.28022,-0.17074,0.1346,-0.025,0.9941,-0.08423,0.06806,-0.00669,0.9765480844405242,-0.16836837565269597,0.1341861723711333,-0.16654657848367593,-0.9857224267983398,-0.02476962862402897,0.136440741609402,0.0018404854968655808,-0.9906465245697945
2.933,0.01593073271214962,Empty,0.37705,0.1821,0.27121,-0.18135,0.13292,-0.02432,0.99369,-0.08954,0.06723,-0.00607,0.9749251134583906,-0.1787674365577709,0.13252632483664428,-0.1771346184840209,-0.9838913572621005,-0.024106514461082806,0.13470096541103446,2.704635702903049e-05,-0.9908862947815102
3.0,0.01593073271214962,Empty,0.37981,0.18852,0.26347,-0.18632,0.13133,-0.02288,0.99352,-0.09207,0.06639,-0.00526,0.974228938940656,-0.18365331324310863,0.13095585158896952,-0.182256020319642,-0.9829894828800708,-0.02268082018836587,0.13289363260822504,-0.0017711809617597211,-0.9911287228862812
3.067,0.015930404886603355,Empty,0.38363,0.19428,0.25731,-0.19174,0.13123,-0.02337,0.99327,-0.09475,0.06638,-0.00533,0.973233470547451,-0.1889271156616758,0.13085548048868098,-0.18751258848352714,-0.9819890853762615,-0.023161721915708276,0.13287453091684365,-0.0019952868598085874,-0.9911308580929037
3.134,0.015930404886603355,Empty,0.38863,0.19925,0.2516,-0.19728,0.13343,-0.02364,0.99293,-0.09747,0.0675,-0.00517,0.9718878567063867,-0.19425447861251405,0.1330383084891209,-0.19285959884982828,-0.9809468874676823,-0.02341749557380387,0.13505246801946855,-0.00289853522421609,-0.990834208823759
3.2,0.015930404886603355,Empty,0.39382,0.20357,0.24545,-0.19934,0.13869,-0.02578,0.99265,-0.09837,0.07022,-0.0059,0.9707848618609427,-0.19612048715471092,0.13825160577667578,-0.19446342436955216,-0.9805775495140445,-0.02552735731522939,0.1405728585613096,-0.002103308638981885,-0.9900681024700632
3.267,0.01593073271214962,Empty,0.39921,0.20759,0.23853,-0.20266,0.14502,-0.02701,0.99226,-0.09991,0.07343,-0.00607,0.9692517154972287,-0.19916374301532203,0.1445161426063076,-0.19738122795123086,-0.9799626967910947,-0.026716357356295857,0.14694135856913842,-0.002629898486981438,-0.9891417091477864
3.333,0.01593073271214962,Empty,0.40458,0.21059,0.23041,-0.20584,0.15116,-0.02708,0.99188,-0.10142,0.07649,-0.00567,0.9677271791062814,-0.20205174767360728,0.1505961423179235,-0.20031718072581023,-0.9793655412182816,-0.02676123652385659,0.1528958270361306,-0.004269418726681527,-0.9882330889717635
3.4,0.01593073271214962,Empty,0.41025,0.21349,0.22208,-0.20778,0.15965,-0.02778,0.99146,-0.10226,0.08074,-0.0055,0.9660469426716811,-0.20367172324304728,0.1589689708902482,-0.2018948063258511,-0.9790232068894176,-0.0274234853840251,0.1612197002023761,-0.005602635377067556,-0.9869026389383542
3.467,0.01593073271214962,Empty,0.41563,0.21547,0.2132,-0.20944,0.16301,-0.02825,0.99124,-0.10303,0.08243,-0.00549,0.9651811865542383,-0.2051618921133222,0.16227715534305337,-0.20335055166339755,-0.9787090820082651,-0.027876261096690558,0.16454127220835457,-0.00609350629937724,-0.9863513770056974
3.533,0.01593073271214962,Empty,0.422,0.21736,0.20515,-0.21186,0.17008,-0.03092,0.99082,-0.10403,0.08608,-0.00634,0.9635362295132415,-0.2072467501368584,0.16925341642967262,-0.2050654283562819,-0.9782740468564799,-0.030464066374998003,0.17188980338711277,-0.005354792690308344,-0.9851016301310153
3.6,0.01593073271214962,Empty,0.42826,0.21928,0.19706,-0.21582,0.17532,-0.03366,0.99038,-0.10581,0.08883,-0.00724,0.9618256810350732,-0.21087774062709796,0.17441885737909235,-0.20830686954777478,-0.9775022376626739,-0.03313040089814061,0.1774812874660996,-0.0044669757639193815,-0.9841140374605477
3.667,0.015930404886603355,Empty,0.43496,0.22243,0.18904,-0.22003,0.18491,-0.03675,0.98973,-0.10762,0.09376,-0.00805,0.9592559188294156,-0.2145295314140212,0.18386180229186655,-0.2115092562260476,-0.9767083030590973,-0.03612098096844528,0.1873283660352516,-0.0042392082632274055,-0.9822882023071762
3.734,0.015930404886603355,Empty,0.44125,0.22605,0.18017,-0.2233,0.19491,-0.04071,0.98907,-0.1089,0.09893,-0.00929,0.9567071445555902,-0.21725957047165445,0.19367425898854213,-0.21358414353516308,-0.9761087054872305,-0.03992002883759127,0.1977201385459756,-0.00317397393108625,-0.9802533716865478
3.8,0.015930404886603355,Empty,0.44767,0.23025,0.17096,-0.23211,0.20339,-0.04848,0.98814,-0.11272,0.1036,-0.0122,0.9531228376297618,-0.2252935617267654,0.20198927553971396,-0.2202367269149324,-0.9742906302679186,-0.04747159034558618,0.20749130224273923,0.0007607999801977568,-0.9782365668267581
3.867,0.01593073271214962,Empty,0.45435,0.23443,0.16136,-0.24189,0.21473,-0.05837,0.98694,-0.1168,0.10983,-0.01588,0.9485911001897145,-0.23403756499952444,0.21307590856302944,-0.22705942634718473,-0.9722108594042507,-0.057009312952671004,0.22049703296814346,0.00569763332810733,-0.9753710039911501
3.933,0.01593073271214962,Empty,0.45906,0.23747,0.15116,-0.24918,0.2209,-0.06539,0.98612,-0.11987,0.11335,-0.01855,0.9455672935822124,-0.2406121980590396,0.2191078808550897,-0.23220233235654958,-0.9705757344947556,-0.06375594449260742,0.2280012503382145,0.009408174911399794,-0.9736153840655187
4.0,0.01593073271214962,Empty,0.46278,0.23969,0.14192,-0.25584,0.22586,-0.07037,0.98541,-0.12275,0.11616,-0.0203,0.9428783808555494,-0.2466349376833975,0.2239454541381094,-0.23720224202096457,-0.9690403156179439,-0.06852709746737662,0.23391334997268795,0.011492354892807817,-0.9721895239528003
4.067,0.01593073271214962,Empty,0.46549,0.24126,0.13455,-0.26008,0.22892,-0.07297,0.98495,-0.12461,0.11787,-0.02113,0.9411598674695112,-0.2504466206794179,0.22692420332576121,-0.24048238877048828,-0.9680528097277012,-0.07100688888792885,0.23745804799166417,0.012257559649566308,-0.9713204557072941
4.133,0.01593073271214962,Empty,0.46774,0.2429,0.12864,-0.26469,0.23027,-0.07527,0.98456,-0.12671,0.11873,-0.0219,0.9396934079387596,-0.25471747587469856,0.22824396281273684,-0.24431566991357195,-0.9669276074595226,-0.07321786235124492,0.23934525796665027,0.013038765916510146,-0.9708469694407311
4.2,0.015930404886603355,Empty,0.47009,0.24491,0.12514,-0.26861,0.23197,-0.07797,0.98419,-0.12843,0.11978,-0.02288,0.9383175854475791,-0.2582812800882661,0.22989321259182746,-0.24732091780907917,-0.9659644609450266,-0.07579593528190381,0.24164534436628252,0.01426325864416846,-0.9702598038664438
4.267,0.015930404886603355,Empty,0.47238,0.24666,0.12297,-0.27022,0.23446,-0.07923,0.98394,-0.12908,0.1211,-0.02323,0.9373451871445022,-0.2596385083897398,0.23231841317077945,-0.24838625856254892,-0.965597802604474,-0.07697499699713951,0.24431182266590495,0.014447441523052986,-0.9695890906662995
4.333,0.015930404886603355,Empty,0.47593,0.24957,0.12151,-0.27373,0.24116,-0.0844,0.98327,-0.1303,0.12477,-0.02509,0.934907646158422,-0.2625022519551364,0.2388310299626087,-0.24998268473942847,-0.9647848541961002,-0.08184645651631801,0.2519054395700615,0.016815255938942692,-0.9676057547796632
4.4,0.015930404886603355,Empty,0.47933,0.25356,0.1196,-0.28106,0.24455,-0.0882,0.98255,-0.13356,0.12678,-0.02626,0.9321780889138283,-0.2691192384494665,0.24211329175685886,-0.2558037092898662,-0.9629435736736777,-0.08546423950466944,0.256141509448407,0.01773441335215246,-0.9664765996756189
4.467,0.015930404886603355,Empty,0.48332,0.25831,0.11743,-0.28685,0.2509,-0.09131,0.98175,-0.13601,0.13018,-0.02695,0.9291043914484847,-0.2740806606786119,0.24828375144804843,-0.26004788725488237,-0.9615474992344086,-0.08832611760021276,0.26294510097245155,0.017498518738171754,-0.9646521008718931
4.533,0.015930404886603355,Empty,0.48555,0.26359,0.11519,-0.2906,0.25314,-0.09482,0.98131,-0.13755,0.13157,-0.02826,0.9275401150958837,-0.2773910342658204,0.2504466989138673,-0.2625205799666137,-0.960564000326062,-0.09165013023223616,0.26599300739287834,0.019261759694568857,-0.9637824986124001
4.6,0.01593073271214962,Empty,0.48768,0.26779,0.11324,-0.29287,0.25583,-0.09613,0.98098,-0.13849,0.13301,-0.02855,0.9262547084252625,-0.2793120665807805,0.2530552994552888,-0.26412416801165084,-0.9600091277979361,-0.09284879329748602,0.2688691856501697,0.019163611533833114,-0.962986041955331
4.667,0.01593073271214962,Empty,0.48858,0.27151,0.11278,-0.29417,0.255,-0.0974,0.98092,-0.13907,0.13271,-0.02915,0.9260968794702372,-0.28056272072870736,0.25224815078171364,-0.26508907510807084,-0.9596215325341475,-0.09409727177321046,0.2684629436138932,0.02027496076738746,-0.9630766189000977
4.733,0.01593073271214962,Empty,0.48838,0.27327,0.11374,-0.29087,0.25293,-0.09727,0.98127,-0.13753,0.13164,-0.02946,0.9275133899837067,-0.27766451629329003,0.25024253793579043,-0.26215250480400293,-0.9604350914829491,-0.09402392925806828,0.26644882365272254,0.02160674523736107,-0.9636068560021396
4.8,0.01593073271214962,Empty,0.48905,0.27322,0.11628,-0.28811,0.2531,-0.09784,0.98144,-0.13613,0.13172,-0.02991,0.9282365825525847,-0.2750878032299165,0.250406763736999,-0.2593300800181348,-0.961147698093149,-0.09456749995653099,0.26669225037275907,0.02284300690319401,-0.9635109966298955
4.867,0.01593073271214962,Empty,0.48951,0.27219,0.11912,-0.28374,0.25251,-0.09959,0.98174,-0.13389,0.13148,-0.0311,0.9295747089868069,-0.2710594746286419,0.24983518892689593,-0.2547043690055377,-0.9622153488437332,-0.09626685233777958,0.26648929588556464,0.02585311709596296,-0.963491085332313
4.934,0.01593073271214962,Empty,0.49046,0.27015,0.12178,-0.28018,0.25325,-0.10065,0.98192,-0.13205,0.13186,-0.0318,0.9303502421647964,-0.26771125234379406,0.2505576027032937,-0.25093586672396284,-0.9631028172251173,-0.09728388481416488,0.26735672367718294,0.027634196596961157,-0.9632012943736336
5.0,0.01593073271214962,Empty,0.49138,0.26788,0.12384,-0.2792,0.25279,-0.10175,0.98199,-0.13151,0.13169,-0.03244,0.9307255497276627,-0.26683130522412957,0.2501019904689431,-0.249741872798103,-0.9633044206046957,-0.09835441126226839,0.2671683889524284,0.02908002399996824,-0.9632109863102294
5.067,0.01593073271214962,Empty,0.49253,0.26549,0.12482,-0.27836,0.25451,-0.10222,0.98194,-0.13101,0.13255,-0.0326,0.9305366346828399,-0.26592698630208644,0.25176260538337425,-0.24864170881000436,-0.9635478612229704,-0.09875636573244452,0.26884730267044854,0.02929773180519569,-0.9627371244311165
5.133,0.01593073271214962,Empty,0.49257,0.26342,0.12426,-0.27681,0.25468,-0.10271,0.98202,-0.13021,0.13264,-0.03293,0.9309056618539862,-0.2644691033817333,0.2519340034307667,-0.2469987614407777,-0.9639233288828426,-0.0992140508302137,0.26908411431170237,0.030131534841099265,-0.962645225424822
5.2,0.01593073271214962,Empty,0.49267,0.26167,0.12314,-0.27588,0.25528,-0.10411,0.98202,-0.12964,0.13301,-0.03364,0.9310024542162202,-0.2635746237494148,0.25251306492680586,-0.245677839011395,-0.964121945530658,-0.10055482865019603,0.2699570885568036,0.031579928143262284,-0.9623543414337571
5.267,0.01593073271214962,Empty,0.49278,0.26042,0.12194,-0.27361,0.25603,-0.10725,0.98207,-0.12829,0.13354,-0.03528,0.9314183178575434,-0.26139418255977637,0.2532449377249831,-0.24255015179150408,-0.9645964083173839,-0.10355285088842796,0.2713472701637934,0.03502642409822798,-0.9618439627036958
5.333,0.01593073271214962,Empty,0.49313,0.25951,0.12094,-0.27506,0.25505,-0.10884,0.98201,-0.12893,0.13319,-0.03603,0.9312749550835995,-0.26282871902555105,0.25228559707091514,-0.24363174718030645,-0.964154602137163,-0.10511648273986594,0.27086994997583513,0.036427566939300805,-0.9619264538242889
5.4,0.01593073271214962,Empty,0.49312,0.25904,0.12087,-0.27062,0.25403,-0.10937,0.98234,-0.12675,0.13264,-0.03666,0.9326799126581281,-0.2587504345870159,0.25130935741642463,-0.239298985669959,-0.9651805470068019,-0.10565276682121842,0.2698966023894238,0.03840213901178399,-0.9621232248199629
5.467,0.01593073271214962,Empty,0.49335,0.25937,0.12147,-0.2647,0.25423,-0.11353,0.98262,-0.12356,0.13289,-0.03908,0.9341498586460542,-0.25320403423044646,0.25149902314121214,-0.23242845738281948,-0.9664129928688119,-0.10964916512672772,0.2708155346175692,0.04397322212179262,-0.9616263837614
5.533,0.01593073271214962,Empty,0.49315,0.25845,0.12116,-0.25384,0.25396,-0.11839,0.98319,-0.11791,0.13283,-0.04221,0.9369046258891705,-0.24307681129740194,0.2512436781233723,-0.22064817817833776,-0.968629304010661,-0.11433132938264526,0.271153284055447,0.051681091525911986,-0.9611477312695671
5.6,0.01593073271214962,Empty,0.49408,0.25759,0.12011,-0.25173,0.25503,-0.12561,0.9831,-0.11635,0.13373,-0.04583,0.9371531547784129,-0.241032550223995,0.2522841140884333,-0.21651849637425719,-0.9687231539459384,-0.12122372596511422,0.27361232650723044,0.05898102018066147,-0.9600299651790818
5.667,0.015930404886603355,Empty,0.49541,0.25734,0.11785,-0.24772,0.25837,-0.13092,0.983,-0.11389,0.13558,-0.04849,0.9372950320069637,-0.2370540577664092,0.2555061577957465,-0.21075862639660148,-0.9693566658679159,-0.126207986026462,0.2775947124397056,0.06444399144930227,-0.9585343747574209
5.733,0.015930404886603355,Empty,0.4969,0.25595,0.1141,-0.24081,0.26254,-0.13098,0.98314,-0.11032,0.13746,-0.04872,0.937869870855957,-0.2303112850102072,0.2595319196892325,-0.20352115479698663,-0.9709117253161234,-0.1261331090307769,0.28103246234328916,0.06547620667552358,-0.9574620731228218
5.8,0.015930404886603355,Empty,0.49802,0.25561,0.11,-0.23566,0.26396,-0.13302,0.98328,-0.10759,0.13814,-0.04999,0.9386817511893728,-0.2253921412713017,0.2609117717489752,-0.19776931922786062,-0.9718513083018394,-0.12803253853669952,0.28242497473877953,0.06858146400552027,-0.9568347383109891
5.867,0.015930404886603355,Empty,0.49931,0.25482,0.10574,-0.23107,0.26708,-0.13329,0.98333,-0.10519,0.13957,-0.05025,0.9389077139419794,-0.22090531869441915,0.2639188225056388,-0.1928523353466196,-0.9728189359246603,-0.1281846116262257,0.28506189056343656,0.06945615940237759,-0.9559893098092002
5.934,0.015930404886603355,Empty,0.50144,0.2546,0.10137,-0.23087,0.26959,-0.13128,0.98323,-0.10513,0.14069,-0.04912,0.9383079975927393,-0.22055165889762363,0.26633638018680617,-0.19290808278625882,-0.97307051212339,-0.1261754731778468,0.28699228778703195,0.06701301510475287,-0.9555860414203085
6.0,0.01593073271214962,Empty,0.50411,0.25625,0.09749,-0.22764,0.27566,-0.12835,0.98308,-0.10351,0.14344,-0.04754,0.9374215676392337,-0.21715574374700047,0.27218410585941427,-0.1898811638325263,-0.9740517083228347,-0.12316011178532002,0.2918663189653906,0.06377031026311686,-0.9543308647332637
6.067,0.01593073271214962,Empty,0.50395,0.25847,0.09475,-0.22786,0.27254,-0.12755,0.98329,-0.1038,0.14187,-0.04732,0.9381942902144196,-0.21755860321191772,0.26918344670046224,-0.19070364469288698,-0.9739723831517317,-0.12251496544743193,0.288831427843146,0.06360857667182596,-0.9552645472662921
6.133,0.01593073271214962,Empty,0.50483,0.26091,0.09455,-0.22598,0.27319,-0.12864,0.98332,-0.10277,0.1422,-0.04795,0.938438610775127,-0.2157410237456247,0.26979396672208905,-0.18846589988149143,-0.9742793743597098,-0.12353260816121367,0.28950574845468874,0.06508080646736177,-0.9549612087625592
6.2,0.01593073271214962,Empty,0.50587,0.26319,0.09585,-0.22495,0.27458,-0.13002,0.98325,-0.10211,0.14293,-0.04862,0.9382869723626519,-0.21470225453965264,0.271146638168572,-0.18690749871965673,-0.9744190067637856,-0.12479257261487507,0.29100368454177655,0.0664119052058259,-0.9544141210344922
6.267,0.01593073271214962,Empty,0.50668,0.26483,0.09719,-0.22295,0.27538,-0.13068,0.98328,-0.10105,0.14331,-0.04904,0.9385046430350732,-0.21276679727016296,0.27191786440211535,-0.18465770439529927,-0.9747707419913708,-0.12539351165451595,0.2917371543171491,0.06747066426966887,-0.9541158956090929
6.333,0.01593073271214962,Empty,0.50668,0.26604,0.09891,-0.21907,0.27301,-0.13049,0.98364,-0.09925,0.14204,-0.04936,0.9399492550559293,-0.20927623700865594,0.269627251114015,-0.18123128089193086,-0.9754252261534228,-0.1253030367142552,0.2892241704043307,0.06891360393304671,-0.9547776151789935
6.4,0.01593073271214962,Empty,0.50685,0.26667,0.10104,-0.21776,0.27086,-0.12905,0.98387,-0.09879,0.14088,-0.04887,0.940786866129977,-0.2081574824178713,0.2675640764953142,-0.1806191222047448,-0.9757059816214829,-0.1239942342290384,0.28687419753495447,0.06832495840841643,-0.9555285944686135
6.467,0.01593073271214962,Empty,0.50742,0.2667,0.10357,-0.21545,0.27015,-0.1288,0.98404,-0.0977,0.14046,-0.04895,0.9414533969737252,-0.20602269984333865,0.266871033414822,-0.17852308683129858,-0.9761196431751,-0.12377378428383054,0.2859982671186281,0.06888460899923261,-0.9557509622533291
6.534,0.01593073271214962,Empty,0.50825,0.26649,0.10542,-0.21413,0.2707,-0.12922,0.98406,-0.097,0.14072,-0.04922,0.9415773736241959,-0.20475284473463218,0.2674104000446454,-0.1770485368068675,-0.9763384242713831,-0.12416560274818582,0.28650630899425045,0.06956690207525844,-0.9555493608611448
6.6,0.01593073271214962,Empty,0.50892,0.26569,0.10611,-0.21262,0.27015,-0.12789,0.9842,-0.09637,0.14035,-0.0487,0.9420325394589888,-0.2033556356630143,0.26687296611785205,-0.17601424463946574,-0.9766834963069381,-0.12291596204583517,0.2856460752127486,0.06881739232015538,-0.9558611228781128
6.667,0.01593073271214962,Empty,0.50984,0.26441,0.1059,-0.21359,0.27081,-0.12692,0.98413,-0.09689,0.14065,-0.04812,0.9416615608053482,-0.20423908972461152,0.2675068207169631,-0.17716792287732147,-0.9765941148119863,-0.12196500325063947,0.28615560802642104,0.06745612754268611,-0.9558057537240369
6.733,0.01593073271214962,Empty,0.51045,0.2633,0.10525,-0.2143,0.27088,-0.12565,0.98412,-0.09733,0.14064,-0.04744,0.9414941611984493,-0.20490451657521203,0.26758715125414,-0.17821606250195782,-0.9765544411179701,-0.12074956976762798,0.2860555531632371,0.06599668643081791,-0.9559375805378854
6.8,0.015930404886603355,Empty,0.51132,0.26161,0.10417,-0.21546,0.27078,-0.12381,0.98412,-0.09803,0.14053,-0.04646,0.9412836692201141,-0.20599481190931673,0.2674905447412368,-0.17987796865606576,-0.9764648933347118,-0.11899675826255662,0.28570784107490954,0.06389404941992013,-0.9561843859826611
6.867,0.015930404886603355,Empty,0.51189,0.26024,0.10309,-0.2152,0.27137,-0.12197,0.98413,-0.09801,0.14072,-0.04554,0.941185212375417,-0.20572247946219774,0.2680459987572421,-0.18009110244440274,-0.976641537061669,-0.11721135997069879,0.28589786782381155,0.06204489930483084,-0.9562493605979834
6.933,0.015930404886603355,Empty,0.51219,0.25894,0.10187,-0.21509,0.2713,-0.12041,0.98418,-0.09807,0.14061,-0.04478,0.9412216650596996,-0.20563525969806223,0.2679849197084736,-0.18045098032525436,-0.9767532500849812,-0.11571746691006086,0.2855507326586665,0.06055764540779956,-0.9564484045994126
7.0,0.01593073271214962,Empty,0.51271,0.25773,0.10066,-0.21388,0.27231,-0.11897,0.9842,-0.09754,0.14101,-0.0441,0.9412033189224811,-0.2044379504522591,0.2689636348359863,-0.17956172567413858,-0.9770814158115473,-0.1143218856939803,0.2861711011304804,0.059304563825912364,-0.956341502595797
7.067,0.01593073271214962,Empty,0.51292,0.25652,0.09932,-0.21386,0.27276,-0.11802,0.9842,-0.09758,0.14118,-0.04361,0.9410903702045477,-0.20439195323407722,0.26939347535051,-0.17976436573196197,-0.9771522992025394,-0.11339381365919596,0.2864152368873774,0.05828647884672486,-0.9563310088365836
7.133,0.01593073271214962,Empty,0.51331,0.25532,0.09852,-0.21313,0.27385,-0.11757,0.98417,-0.09721,0.14168,-0.04338,0.9409557350217952,-0.20362825783880711,0.2704400808665852,-0.17904457087471704,-0.9773382074179762,-0.11292949110531653,0.2873070593805196,0.05784082408255875,-0.9560905253685811
7.2,0.01593073271214962,Empty,0.51367,0.25451,0.09805,-0.21153,0.27549,-0.11782,0.98414,-0.09635,0.14246,-0.04352,0.9408409738705291,-0.20204559425049923,0.2720217633394737,-0.1772437528631014,-0.9776445867644705,-0.11311814196286607,0.2887956266243618,0.058212024652041026,-0.9556194044851496
7.267,0.01593073271214962,Empty,0.51385,0.25416,0.09776,-0.21172,0.27585,-0.11904,0.98408,-0.09634,0.1427,-0.04409,0.9407136823450477,-0.2021929678429581,0.27235229318600773,-0.17702579471418906,-0.9775495360407467,-0.11427498673082913,0.28934345656093613,0.059286662424004835,-0.9553875945416035
7.333,0.01593073271214962,Empty,0.5139,0.25444,0.09775,-0.21113,0.27658,-0.12186,0.984,-0.09582,0.14318,-0.04548,0.9406387674852734,-0.20159623641334629,0.2730524978236957,-0.17554834473242237,-0.9774999371013379,-0.11694721727594398,0.29048491830986983,0.06207117230127329,-0.9548642216585841
7.4,0.01593073271214962,Empty,0.51388,0.2551,0.09774,-0.20826,0.27824,-0.12603,0.98393,-0.09405,0.14413,-0.04764,0.940762362857666,-0.19881777895946484,0.2746591840810826,-0.17135502306434497,-0.9777688531428494,-0.120853323886167,0.29258098485902745,0.06663002771530516,-0.9539165617104984
7.467,0.01593073271214962,Empty,0.51355,0.25599,0.09782,-0.20795,0.27809,-0.12968,0.98386,-0.09364,0.14422,-0.04947,0.9408630560129679,-0.1985202667659562,0.27452944015735814,-0.1699818720170967,-0.9775700391060445,-0.12435023855131822,0.29305779808000704,0.07033151729758157,-0.9535043810382401
7.533,0.01593073271214962,Empty,0.51318,0.25723,0.09823,-0.20648,0.27861,-0.13514,0.98376,-0.0925,0.14469,-0.05223,0.941019858289905,-0.19710154607066604,0.27501383027149867,-0.16687052083758974,-0.9774323207269862,-0.12953874969926887,0.2943396941960754,0.07600683479011201,-0.9526736615891873
7.6,0.01593073271214962,Empty,0.51267,0.25753,0.09829,-0.20577,0.27866,-0.14242,0.98359,-0.09162,0.14503,-0.05586,0.9411465531972603,-0.1964360729644079,0.2750564208362317,-0.1640326499634649,-0.9769711089839246,-0.13645783948415705,0.2955274186109979,0.08330859168802635,-0.9516949213902938
7.667,0.01593073271214962,Empty,0.51265,0.2567,0.09818,-0.20644,0.27803,-0.14503,0.98353,-0.09179,0.14486,-0.05713,0.9411771823933929,-0.1971139838845753,0.274466006454689,-0.16400974184471867,-0.9766203805246689,-0.13897279202735918,0.2954425763529398,0.08578292196586841,-0.9515014316210644
7.734,0.01593073271214962,Empty,0.51306,0.2566,0.09851,-0.20817,0.27842,-0.14822,0.98333,-0.09239,0.14525,-0.05855,0.9407318616337615,-0.1987007348727337,0.27484828991302235,-0.16468408295729253,-0.9760741292200069,-0.14198044614636568,0.2964839242313027,0.0883023908421565,-0.950946880979146
7.8,0.01593073271214962,Empty,0.51333,0.25688,0.0986,-0.20872,0.27894,-0.14988,0.98322,-0.09252,0.1456,-0.0593,0.9404818003402837,-0.19919817866738893,0.2753435469450728,-0.16466300613132506,-0.975848554369608,-0.14354683328635726,0.2972878699854633,0.08966428804346262,-0.9505683761882493
7.867,0.01593073271214962,Empty,0.5134,0.25779,0.09831,-0.20793,0.27915,-0.15164,0.98319,-0.09199,0.14576,-0.06021,0.9405852647696056,-0.1984379223851251,0.2755390183944305,-0.16333647876015395,-0.97582646251791,-0.14520299499671419,0.29769204625674023,0.09157022446874853,-0.9502601431114629
7.934,0.01593073271214962,Empty,0.51329,0.25855,0.09758,-0.20716,0.27903,-0.15259,0.98321,-0.09155,0.14572,-0.06074,0.9407670639591927,-0.19773043829343384,0.2754269506455147,-0.1623262836252906,-0.9758580234587693,-0.146120825673637,0.2976701345684547,0.09275662684374775,-0.9501519347781004
8.0,0.01593073271214962,Empty,0.51334,0.25857,0.09688,-0.20674,0.27904,-0.15275,0.98322,-0.09133,0.14572,-0.06085,0.9408460573753685,-0.19733109176212305,0.2754435269618678,-0.16186129957373757,-0.9759117941502636,-0.14627744097677553,0.29767367371254944,0.09304090639273568,-0.9501230308313197
8.067,0.01593073271214962,Empty,0.51362,0.25898,0.09609,-0.20599,0.27964,-0.1519,0.98324,-0.091,0.14595,-0.06045,0.9408345843668606,-0.1965975147224595,0.2760067065565419,-0.1613083936030147,-0.9761296984790699,-0.14543181873433056,0.29800987737397505,0.09230508627433608,-0.9500894084429296
8.133,0.01593073271214962,Empty,0.51365,0.25935,0.09511,-0.20495,0.28089,-0.1503,0.98325,-0.09055,0.14646,-0.05967,0.9407007932989502,-0.19554011035187924,0.27721126010734276,-0.16058192583364955,-0.9764812221494934,-0.14386753589669946,0.2988234639085128,0.09082118713718051,-0.9499768678155859
8.2,0.01593073271214962,Empty,0.51367,0.2591,0.0938,-0.20612,0.28206,-0.14855,0.98318,-0.0912,0.14699,-0.05866,0.9401523786742039,-0.19657264170826882,0.2783391840993098,-0.16208130626808653,-0.9764835181670364,-0.14216043368869358,0.2997384777296163,0.08853889134137204,-0.949904052885539
8.267,0.01593073271214962,Empty,0.51392,0.25949,0.09219,-0.20418,0.28483,-0.14646,0.98314,-0.09028,0.1482,-0.05762,0.939770349637183,-0.1945981341553324,0.28100401443052375,-0.16044329103217897,-0.9770591201131082,-0.14004794238603518,0.3018106033683546,0.0865276949136051,-0.9494331559974972
8.333,0.01593073271214962,Empty,0.5163,0.26078,0.08958,-0.21345,0.29281,-0.14234,0.98229,-0.0948,0.15218,-0.05445,0.9357088636248254,-0.2028179534328537,0.28864130040457925,-0.16967319053090701,-0.9760954488299431,-0.1358259297355783,0.30928939676135064,0.07811883600502846,-0.9477539324699313
8.4,0.01593073271214962,Empty,0.51684,0.26519,0.08577,-0.21632,0.29949,-0.1388,0.98178,-0.0962,0.15536,-0.0521,0.9332207422717077,-0.2050802880685389,0.29502732354744315,-0.1727031936258699,-0.9760626072993668,-0.13219452917344093,0.3150756307702453,0.07241451565596133,-0.9462998915867233
8.467,0.01593073271214962,Empty,0.51568,0.27004,0.08129,-0.21607,0.30397,-0.1347,0.98158,-0.09621,0.15735,-0.04985,0.9319664215965302,-0.2045651742972694,0.29931869049774673,-0.17318726261360895,-0.9765166161270915,-0.12814628553375723,0.31850394202421267,0.06758985051338814,-0.9455087789241381
8.534,0.01593073271214962,Empty,0.51232,0.27323,0.07931,-0.21045,0.29882,-0.13459,0.98222,-0.09367,0.15468,-0.05053,0.9346035955866372,-0.19963709124735518,0.2943826606898311,-0.16837394622990232,-0.9773457774665119,-0.1282397968625523,0.31331507041235496,0.0702870049630362,-0.9470445626187963
8.6,0.01593073271214962,Empty,0.51318,0.27238,0.08011,-0.21235,0.30024,-0.13518,0.98201,-0.0945,0.15545,-0.05059,0.9338103480963708,-0.20132972343012107,0.2957441060303406,-0.16987421511277534,-0.9770208235896978,-0.1287364024350794,0.3148666143432058,0.0699760868844425,-0.9465528841202628
8.667,0.01593073271214962,Empty,0.51455,0.27102,0.08082,-0.21526,0.30193,-0.13556,0.98174,-0.09583,0.15637,-0.05045,0.9327277314058449,-0.2039431159111761,0.2973654057535057,-0.17238789206145655,-0.9765421269053747,-0.1290266989802294,0.3167039528283694,0.0690845847607677,-0.9460052465030616
8.733,0.01593073271214962,Empty,0.51517,0.26987,0.08077,-0.21719,0.30217,-0.13516,0.98164,-0.0968,0.15652,-0.05009,0.9322599740981454,-0.2057309268659378,0.297600615633448,-0.1743675254778178,-0.9762400506520873,-0.12865197068662504,0.31699732925257845,0.06804519993130892,-0.9459823169663587
8.8,0.01593073271214962,Empty,0.51511,0.26996,0.08077,-0.21703,0.30214,-0.13521,0.98165,-0.09672,0.1565,-0.05013,0.9323056546651126,-0.2055855232938708,0.2975579924845585,-0.1742046410934281,-0.9762636872384306,-0.12869326323134989,0.3169525347760533,0.06814547374263984,-0.9459901083560155
8.867,0.015930404886603355,Empty,0.5151,0.26999,0.08077,-0.21701,0.30211,-0.13523,0.98165,-0.09671,0.15649,-0.05014,0.932314608089578,-0.2055601990149819,0.2975474350816969,-0.17417085214310374,-0.9762665416010905,-0.12871734154336387,0.31694476775381675,0.06818096751415974,-0.9459901531529344
8.933,0.015930404886603355,Empty,0.51511,0.26997,0.08078,-0.21706,0.30215,-0.13524,0.98165,-0.09673,0.15651,-0.05014,0.932298495682119,-0.20559649700618093,0.29757284044019416,-0.1742047799297809,-0.976259636400416,-0.1287238011594754,0.31697351561049125,0.0681703949974994,-0.945981282926576
