time,gr,gr_state,tx,ty,tz,rx,ry,rz,qw,qx,qy,qz,xx,xy,xz,yx,yy,yz,zx,zy,zz
0.0,0.015813518315553665,Empty,0.30737,0.00138,0.48553,0.00574,0.00139,-0.00442,0.99999,0.00287,0.00069,-0.00221,0.9999826186107781,0.005731194085573765,0.0013841570303208175,0.0057372450088790106,-0.9999738269426464,-0.004407884910731621,0.001358858358769194,0.004415749543582056,-0.999989327273011
0.067,0.015813518315553665,Empty,0.30737,0.00138,0.48553,0.00574,0.00139,-0.00442,0.99999,0.00287,0.00069,-0.00221,0.9999825629892383,0.0057396858947014184,0.001389144810186857,0.005745758166298909,-0.9999737800086985,-0.004407443500404809,0.0013638110455310515,0.0044153483379023644,-0.999989322302237
0.133,0.015813518315553665,Empty,0.30737,0.00138,0.48553,0.00574,0.00137,-0.00442,0.99999,0.00287,0.00068,-0.00221,0.9999826196528322,0.00573185950202193,0.0013806443815572843,0.005737893347237066,-0.9999738282996595,-0.004406732991618075,0.0013553494733751855,0.004414578391280643,-0.9999893372058687
0.2,0.015813518315553665,Empty,0.30737,0.00138,0.48553,0.00574,0.00139,-0.00442,0.99999,0.00287,0.00069,-0.00221,0.9999825946828853,0.005734645493741308,0.0013871453944205574,0.005740709543073208,-0.9999738071872926,-0.004407855861257279,0.0013618315704291373,0.004415742339931598,-0.9999893232601843
0.267,0.015813518315553665,Empty,0.30737,0.00138,0.48553,0.00574,0.00137,-0.00442,0.99999,0.00287,0.00068,-0.00221,0.9999825939329466,0.005736200165936012,0.001381245377033249,0.0057422359279074575,-0.9999738056414501,-0.004406218049901345,0.0013559342474876203,0.004414072791803774,-0.9999893386450206
0.333,0.015813518315553665,Empty,0.30737,0.00138,0.48553,0.00574,0.00139,-0.00442,0.99999,0.00287,0.00069,-0.00221,0.9999826009560624,0.005733705793395716,0.0013865074913363086,0.005739768285200342,-0.9999738085388648,-0.004408774921651995,0.0013611925583691628,0.0044166564449093886,-0.9999893200933032
0.4,0.015813518315553665,Empty,0.30737,0.00138,0.48553,0.00574,0.00139,-0.00442,0.99999,0.00287,0.00069,-0.00221,0.9999825977224636,0.005733151403086334,0.001391124445455542,0.005739233846922209,-0.9999738130409522,-0.004408449522076214,0.001365813707573632,0.004416356793516763,-0.9999893151157109
0.467,0.015813518315553665,Empty,0.30737,0.00139,0.48552,0.00574,0.00139,-0.00444,0.99999,0.00287,0.00069,-0.00222,0.9999825496395269,0.005741570200739843,0.0013909665924796114,0.005747681915091396,-0.9999736672911321,-0.004430448840407965,0.0013654922315232611,0.004438366361006734,-0.9999892181093812
0.533,0.01581384614109993,Empty,0.30753,0.0007,0.48521,0.0073,0.00092,-0.00626,0.99999,0.00365,0.00045,-0.00313,0.9999729005417579,0.007304316869536143,0.0009193134246904115,0.00730993312910877,-0.9999536765073471,-0.006261766291345543,0.0008735329137268689,0.006268316720530587,-0.9999799723723168
0.6,0.01581384614109993,Empty,0.30783,-0.00029,0.48483,0.0055,0.00055,-0.00942,0.99999,0.00275,0.00026,-0.00471,0.999984767413328,0.005492072063022546,0.0005496232957914234,0.0054970033057288314,-0.999940583586731,-0.009413408037726455,0.0004978915238447154,0.00941628592824651,-0.9999555418434102
0.667,0.01581384614109993,Empty,0.30837,-0.0007,0.48303,0.00257,0.0012,-0.0128,0.99998,0.00129,0.00059,-0.0064,0.9999959701188885,0.0025787534061140205,0.001187340243570506,0.002593743922058578,-0.9999146899460185,-0.01280177029259403,0.0011542263427638422,0.012804798359521911,-0.99991734903467
0.734,0.015813518315553665,Empty,0.30864,-0.00056,0.47983,0.00187,-0.00067,-0.01522,0.99997,0.00093,-0.00034,-0.00761,0.9999980370560793,0.0018635210528861745,-0.0006731814570153797,0.0018530633425874465,-0.9998825284894765,-0.015214972157052226,-0.0007014557983065577,0.015213694843034219,-0.9998840189986967
0.8,0.015813518315553665,Empty,0.30913,-0.00051,0.47799,-0.00075,-0.00109,-0.01636,0.99997,-0.00038,-0.00054,-0.00818,0.9999991339255554,-0.0007513918474929548,-0.0010805361775156402,-0.0007689787379177582,-0.9998657259650063,-0.01636883356172031,-0.0010680916814717856,0.016369650294437935,-0.9998654378112075
0.867,0.015813518315553665,Empty,0.30976,-0.00015,0.47678,-0.00126,1e-05,-0.01588,0.99997,-0.00063,1e-05,-0.00794,0.9999991997167281,-0.0012649860667637847,1.9394685095843606e-05,-0.001264518641004575,-0.9998731333857452,-0.01587822804906412,3.947796180492079e-05,0.015878190817042986,-0.999873932802465
0.933,0.015813518315553665,Empty,0.31031,0.00101,0.47826,-0.00202,-0.00247,-0.01328,0.99998,-0.00102,-0.00123,-0.00664,0.9999948606747919,-0.0020310347502753845,-0.002480629324691279,-0.0020637921072087506,-0.999909755174037,-0.013274873631614129,-0.002453443731078339,0.01327992491094265,-0.9999088079461137
1.0,0.015813518315553665,Empty,0.31173,0.00206,0.48086,-0.00252,-0.00051,-0.01174,0.99998,-0.00126,-0.00025,-0.00587,0.9999966994661812,-0.0025188091216272745,-0.000506613612748493,-0.0025245825894907314,-0.9999279188511323,-0.01173812526738473,-0.00047701099846302205,0.011739365513211662,-0.9999309774968744
1.067,0.015813518315553665,Empty,0.31219,0.00281,0.4807,-0.0018,-0.00063,-0.01232,0.99998,-0.0009,-0.00031,-0.00616,0.9999981749679836,-0.00180130979517934,-0.0006366661007902001,-0.001809016081272985,-0.9999224912864869,-0.012318233649488544,-0.0006144277986876709,0.01231936290753248,-0.999923924994313
1.133,0.015813518315553665,Empty,0.31244,0.00255,0.47941,-0.00186,-0.00075,-0.01336,0.99998,-0.00093,-0.00037,-0.00668,0.999997984825472,-0.001859990638138631,-0.0007554997162039119,-0.001869923888082603,-0.9999089065450748,-0.013367198527954486,-0.0007305680310042103,0.013368584317683271,-0.9999103695950418
1.2,0.015813518315553665,Empty,0.3136,0.00187,0.47706,0.00028,0.0003,-0.01514,0.99997,0.00014,0.00015,-0.00757,0.999999913435851,0.0002838591108511035,0.0003042240879367712,0.00028843476525441947,-0.9998852297507341,-0.015147413366901952,0.00029988944077227796,0.015147499804482389,-0.9998852250713562
1.266,0.015813518315553665,Empty,0.31562,0.0008,0.47462,0.00366,0.00201,-0.01724,0.99996,0.00184,0.00099,-0.00862,0.9999912526533741,0.0036634598817866237,0.0020183355593443256,0.003697722912094581,-0.9998445064478756,-0.017242093007223364,0.0019548560051687995,0.01724940543030136,-0.9998493069209483
1.333,0.015813518315553665,Empty,0.31835,-0.00094,0.47118,0.01026,0.0047,-0.0185,0.99994,0.00515,0.0023,-0.00926,0.9999363130467414,0.010260152382441434,0.0047009704931851425,0.010345474589030346,-0.9997753333949235,-0.018500105150972116,0.004510100444163632,0.01854756070642112,-0.9998178068957491
1.4,0.015813518315553665,Empty,0.32139,-0.00252,0.46805,0.01654,0.00404,-0.01943,0.99992,0.00829,0.00194,-0.00973,0.9998548675144069,0.016547962635302227,0.004050782685859422,0.016623633021681516,-0.9996732092773228,-0.019419821789557944,0.003728100442300483,0.01948434206737216,-0.9998032114777855
1.467,0.015813518315553665,Empty,0.32546,-0.00442,0.46554,0.02572,0.00566,-0.02033,0.99986,0.01289,0.0027,-0.0102,0.9996528569244996,0.025730439601623578,0.005666579267299921,0.025840718621817582,-0.9994592537960136,-0.020333648532002147,0.005140321370638277,0.020473018327109127,-0.9997771914865754
1.533,0.015813518315553665,Empty,0.32937,-0.00393,0.46189,0.02454,0.00855,-0.02014,0.99986,0.01231,0.00415,-0.01012,0.9996626479653034,0.024522732419872573,0.008557210857601994,0.0246908490960267,-0.9994925007232834,-0.020127169916152772,0.008059294877057862,0.0203316647763968,-0.999760806980102
1.6,0.015813518315553665,Empty,0.33281,-0.00052,0.45761,0.02736,0.01146,-0.01873,0.99985,0.01373,0.0056,-0.00944,0.9995599422729129,0.027358962463971848,0.011463375430747682,0.02757050407604067,-0.9994445416077584,-0.01872099237354674,0.010944821075025132,0.01902880509523263,-0.9997590287005582
1.667,0.015813518315553665,Empty,0.337,0.00399,0.45299,0.0294,0.01658,-0.0203,0.9998,0.01478,0.00814,-0.01027,0.9994305518577412,0.029389392368549982,0.01657816725511075,0.029723715744090717,-0.999352116232325,-0.020294050959285655,0.01597099670325859,0.020775259280716888,-0.9996565989709284
1.733,0.015813518315553665,Empty,0.34177,0.00912,0.44536,0.02203,0.03015,-0.02069,0.99977,0.01117,0.01496,-0.01051,0.9993032456783977,0.022011480169861652,0.03014163096701128,0.022640005467784052,-0.9995299320312292,-0.02067232754347656,0.02967243382397896,0.021340330699824127,-0.9993318452629156
1.8,0.015813518315553665,Empty,0.34633,0.01557,0.43487,0.01649,0.04086,-0.01919,0.99971,0.00844,0.02035,-0.00976,0.9990290924908443,0.016478842648413983,0.040857313933836806,0.017273024525937264,-0.9996671804333765,-0.019161706294295228,0.04052795307742123,0.01984883143540894,-0.998981235514463
1.867,0.015813518315553665,Empty,0.35152,0.02061,0.42488,0.01984,0.05207,-0.01963,0.99956,0.01017,0.02593,-0.01007,0.9984481887319545,0.019806501016799705,0.05204725675144398,0.020851199799904796,-0.9995903256610604,-0.019606333459368224,0.05163760146234203,0.020661155879742238,-0.9984521394403086
1.933,0.015813518315553665,Empty,0.35863,0.02399,0.41471,0.01922,0.06587,-0.02356,0.99934,0.00999,0.03281,-0.01209,0.9976470623320206,0.019167676515404908,0.06582506511420916,0.020754484866725875,-0.9995081969137782,-0.02350777871437971,0.06534210264604233,0.024818631694116206,-0.9975542316799754
2.0,0.015813518315553665,Empty,0.36533,0.02714,0.40353,0.01616,0.0737,-0.02919,0.99918,0.00861,0.03672,-0.01488,0.9971551875703459,0.016122564524536587,0.07363147978073141,0.018307709941436212,-0.9994088665890095,-0.029098885545171867,0.07311880509313831,0.03036412844826823,-0.9968609030578583
2.067,0.015813518315553665,Empty,0.37161,0.03156,0.39401,0.01096,0.07915,-0.03628,0.99903,0.00619,0.03946,-0.01834,0.9968097398578133,0.010920612014469755,0.0790637891694275,0.013815689713741697,-0.9992503991351247,-0.03616305498747935,0.07860960019190953,0.037140006213290576,-0.9962134062017762
2.133,0.015813518315553665,Empty,0.37663,0.03581,0.38556,0.00857,0.08376,-0.03732,0.99894,0.00506,0.04178,-0.01882,0.9964572084714463,0.008531130096318229,0.08366750566720696,0.011677088136363478,-0.9992402191065834,-0.037183734783948846,0.08328671741609252,0.03802899340118198,-0.9957997380813799
2.2,0.015813518315553665,Empty,0.3809,0.04033,0.37857,0.00678,0.08956,-0.0381,0.99881,0.00424,0.04469,-0.01918,0.9959701942932557,0.006753793006850195,0.08943018707056023,0.010182705274149606,-0.9992280898806304,-0.03794122964278801,0.08910490779275074,0.0386989750966042,-0.9952701667053614
2.267,0.015813518315553665,Empty,0.38499,0.0434,0.37309,0.01068,0.09336,-0.0359,0.99873,0.00617,0.04656,-0.01818,0.9955886607667962,0.010632421848640883,0.0932210821553253,0.01401758298407968,-0.9992630233060114,-0.035733984113368145,0.09277244159696256,0.03688308364226813,-0.9950039759825967
2.333,0.015813518315553665,Empty,0.38892,0.04522,0.36962,0.01477,0.09751,-0.035,0.99863,0.00823,0.0486,-0.01784,0.9951405320185971,0.014697136155957802,0.09736177752361205,0.01816547976809335,-0.9992280365062913,-0.034833122234111176,0.0967746706454692,0.03643247519171296,-0.9946393003862589
2.4,0.015813518315553665,Empty,0.39316,0.04552,0.36638,0.01726,0.10185,-0.03553,0.9985,0.00952,0.05074,-0.01818,0.994668975500765,0.017157068582294044,0.10168217235052157,0.020846338073312765,-0.9991582046520229,-0.03533146282677388,0.10099039244003295,0.03726281087369835,-0.9941893298364248
2.467,0.015813518315553665,Empty,0.39677,0.04517,0.36353,0.02256,0.10352,-0.03625,0.99842,0.0122,0.05152,-0.01868,0.9943930617739305,0.022438186566393736,0.10333908495569313,0.026287811422428642,-0.9990044595389216,-0.03604220847792273,0.10242748491731643,0.03855668041933751,-0.9939929540638374
2.533,0.015813518315553665,Empty,0.40133,0.04362,0.36067,0.03475,0.10734,-0.0379,0.99821,0.01836,0.0533,-0.01985,0.993643668237342,0.0345418466583578,0.10714066175486116,0.038773380272653424,-0.9985378722199194,-0.037666201358088194,0.1056829482654193,0.04158098810690208,-0.9935301383823152
2.6,0.015813518315553665,Empty,0.40677,0.04053,0.35724,0.04626,0.11259,-0.04066,0.99792,0.02423,0.05577,-0.02159,0.9926040895662422,0.04595131135853486,0.11236368791029569,0.0507681403554916,-0.9978934821821153,-0.0403880445589685,0.11027110818893796,0.04579383367750629,-0.9928460139900347
2.667,0.015813518315553665,Empty,0.41233,0.03678,0.35259,0.06432,0.11567,-0.04346,0.99754,0.03335,0.05706,-0.02354,0.991264326356578,0.06384287225484309,0.11540850469134398,0.06921463980748116,-0.9966681670305207,-0.04314972148626512,0.11226918067377523,0.05076073768448791,-0.9923804605999486
2.733,0.015813518315553665,Empty,0.41905,0.0309,0.34807,0.08241,0.12081,-0.0482,0.99698,0.04256,0.05931,-0.02652,0.9893413950976644,0.08172065983995902,0.12052110894581589,0.08801213835726013,-0.9949704755462979,-0.04782903190486513,0.11600632503441358,0.05792656166643954,-0.9915578883784417
2.8,0.015813518315553665,Empty,0.42476,0.02505,0.34237,0.09567,0.12397,-0.05168,0.99653,0.04931,0.06062,-0.02872,0.987787011515348,0.09479908725117997,0.12365254925766947,0.10176350764337827,-0.9934868429685141,-0.05126481601031073,0.11798732302113356,0.06322203654421506,-0.9910004872357574
2.866,0.015813518315553665,Empty,0.42949,0.02052,0.3357,0.1102,0.12389,-0.05386,0.99611,0.05661,0.06031,-0.03024,0.9863163475044532,0.10914011882002828,0.12356576026321066,0.11643394119345563,-0.9917612688914987,-0.053410887138143924,0.1167184646216443,0.067067279583078,-0.9908979665059825
2.933,0.015813518315553665,Empty,0.43458,0.01628,0.32994,0.12333,0.12674,-0.0551,0.99561,0.06322,0.06149,-0.03134,0.9844443925799193,0.12202851145754717,0.1264052226350196,0.12973599708283656,-0.9900429770063792,-0.054621193151266234,0.11848126003244477,0.07017083490882094,-0.9904737477335394
3.0,0.015813518315553665,Empty,0.43954,0.01276,0.32402,0.13546,0.12912,-0.05685,0.9951,0.06934,0.06242,-0.03266,0.9825919562843843,0.1339236412661618,0.12875366307503294,0.14207679074948765,-0.988251275786501,-0.05633472673830659,0.1196964200615584,0.07364695659948035,-0.9900751955321785
3.067,0.015813518315553665,Empty,0.44428,0.0096,0.31895,0.15115,0.12975,-0.05914,0.99447,0.07722,0.06239,-0.03431,0.980289107277089,0.14930200426934315,0.12939156724858314,0.1578654606425247,-0.9857196093491778,-0.05861184249473424,0.11879293956296846,0.07788301012198416,-0.9898598255532587
3.133,0.015813518315553665,Empty,0.44863,0.00636,0.314,0.16102,0.13204,-0.05952,0.99399,0.08217,0.06334,-0.0349,0.9784721779084412,0.15892829539812126,0.13165862668643918,0.1677720587418829,-0.9840598542361386,-0.05898084084056213,0.12018624449004939,0.07979975064244887,-0.9895389160779788
3.2,0.015813518315553665,Empty,0.45143,0.00466,0.30877,0.16964,0.13169,-0.05995,0.99363,0.08646,0.063,-0.03537,0.9771096503990302,0.16736850503041362,0.13131837122417148,0.17628165509174148,-0.9825464051734923,-0.0593914114899103,0.11908614182683555,0.08118094114095988,-0.9895595715368868
3.267,0.015813518315553665,Empty,0.45448,0.00457,0.30482,0.17899,0.13597,-0.05971,0.99307,0.09115,0.06497,-0.03573,0.9749430486798039,0.17638486846907164,0.13555231464670212,0.18567033320623977,-0.9808318588707343,-0.05912184022223845,0.12252583073790631,0.08280847057715965,-0.9890046400309037
3.333,0.015813518315553665,Empty,0.45755,0.00434,0.30094,0.19121,0.13843,-0.05926,0.99242,0.09723,0.06599,-0.03602,0.9723827958030852,0.1882363416756826,0.1379810787707177,0.19774296834900063,-0.9784975723721097,-0.0586533829409172,0.12397345237873102,0.08431832857951704,-0.9886966180638301
3.4,0.015813518315553665,Empty,0.46105,0.00346,0.29684,0.20508,0.14092,-0.0596,0.99162,0.10415,0.06696,-0.03677,0.9693379138592928,0.20163783401031682,0.14044996493606582,0.21148564144401966,-0.9756001643173462,-0.05897578186831268,0.12513125995500005,0.08687061228974484,-0.988329734705214
3.467,0.015813518315553665,Empty,0.46558,0.00201,0.29297,0.21936,0.14604,-0.06128,0.99063,0.11134,0.06914,-0.03835,0.9656481743675148,0.21528671450643172,0.14551712578838108,0.22589183458467033,-0.9722666914008133,-0.060583494951077926,0.12843863285109086,0.09137347180413759,-0.9874990664511036
3.533,0.015813518315553665,Empty,0.46912,0.00012,0.2884,0.23287,0.14654,-0.05917,0.98988,0.11796,0.06925,-0.0378,0.96258041235113,0.22829473830199631,0.14601528078098805,0.23876522770455855,-0.9693137977168407,-0.05849724433634294,0.12818001325135694,0.0911716733386995,-0.9875513202783457
3.6,0.015813518315553665,Empty,0.47242,-0.00091,0.28395,0.25004,0.14742,-0.05705,0.98884,0.12639,0.06949,-0.0374,0.9583944264605613,0.24475967425030992,0.1468769048905041,0.25515393709310924,-0.9652545695428658,-0.05639223672192805,0.12797105811556642,0.0915222259208027,-0.9875459940920646
3.667,0.015813518315553665,Empty,0.47547,-0.00184,0.28015,0.266,0.14577,-0.05965,0.98781,0.13435,0.0682,-0.03913,0.9545949681739189,0.26009681984443594,0.14525181941664628,0.2707704038046313,-0.9608359793796701,-0.058971257007010495,0.12422493775611983,0.09562355900258591,-0.9876357120938705
3.733,0.015813518315553665,Empty,0.47748,-0.0025,0.27656,0.27764,0.14419,-0.06265,0.98701,0.14018,0.06698,-0.0409,0.9517264624124707,0.2712340858216366,0.14369694301670122,0.28219387663493456,-0.957354079641186,-0.06196597602011014,0.120761569771146,0.09952505655802765,-0.9876798096465929
3.8,0.015813518315553665,Empty,0.47922,-0.0021,0.27354,0.29056,0.14429,-0.06399,0.98605,0.1466,0.06667,-0.042,0.9481290629468841,0.28350044191318946,0.1438011802124373,0.2947023967445092,-0.9534910777268015,-0.06328713967643677,0.11917121023345115,0.10238292890130292,-0.987580861763271
3.866,0.015813518315553665,Empty,0.48243,-0.00179,0.27227,0.31117,0.14284,-0.06561,0.98451,0.15679,0.06539,-0.04337,0.9422838707120009,0.3030487643293719,0.14234659614634126,0.3143924156724293,-0.9470722363467148,-0.06489674960186065,0.1151456293728213,0.10590385063666473,-0.9876871257927096
3.933,0.015813518315553665,Empty,0.48525,-0.00146,0.27113,0.32388,0.14673,-0.06926,0.98326,0.16321,0.06673,-0.04589,0.9378173868093286,0.314835642577457,0.1462089845425447,0.32708410566886387,-0.9425126162918699,-0.0684540426085555,0.11625204005488228,0.11202002630554092,-0.9868824534307941
4.0,0.015813518315553665,Empty,0.48608,-0.00044,0.26742,0.33616,0.14551,-0.0781,0.98207,0.16952,0.0651,-0.05054,0.9340474570073569,0.32639142782539016,0.14499649616522658,0.3395507794224224,-0.9374150294292436,-0.07719022472953382,0.11072766705622754,0.12133300640087043,-0.9864165881137703
4.066,0.015813518315553665,Empty,0.48748,0.001,0.26466,0.34967,0.14649,-0.08827,0.9806,0.17649,0.06434,-0.05605,0.9294199631078616,0.3389267403516856,0.1459698491167347,0.3533521482663154,-0.9314160331199679,-0.08721486434457604,0.1063992081369076,0.13263799576910118,-0.985437146948599
4.133,0.015813518315553665,Empty,0.48663,0.00239,0.2614,0.35953,0.1441,-0.08871,0.9798,0.1813,0.06285,-0.05637,0.9263613207394588,0.34818903567550696,0.14359351960728023,0.3623603080853114,-0.9279047210046588,-0.08768030486708092,0.10271178394986681,0.1332562350234558,-0.9857449291095589
4.2,0.015813518315553665,Empty,0.48488,0.00435,0.25883,0.37276,0.14049,-0.08835,0.97873,0.18771,0.06074,-0.05628,0.9221510915319526,0.3605988916687118,0.1400207260148464,0.37427127951991457,-0.9231957337441961,-0.08735357189629647,0.09776693568356308,0.13295892795826875,-0.9862877621481644
4.267,0.015813518315553665,Empty,0.48305,0.00607,0.25794,0.38424,0.13763,-0.08452,0.97785,0.19317,0.05939,-0.05449,0.918320371556206,0.37130358704583144,0.13719089412847452,0.3842471891798509,-0.9194352423455214,-0.08362375703360796,0.09508834204178496,0.12950861507996558,-0.9870084730273666
4.333,0.015813518315553665,Empty,0.48118,0.00837,0.2563,0.39668,0.13698,-0.08801,0.97656,0.19934,0.05838,-0.0565,0.9137078678853139,0.3827400552292946,0.1365576152675123,0.3959355192290318,-0.9141401787782761,-0.08707926363984754,0.09150408065933727,0.13363301862300908,-0.9867974561967577
4.4,0.015813518315553665,Empty,0.47806,0.01112,0.25344,0.41087,0.13392,-0.09292,0.97509,0.20636,0.05598,-0.059,0.9085646112077224,0.3958326689086989,0.13351721044710527,0.40904362176338904,-0.9078693188158472,-0.09195985780512571,0.08481546295133838,0.13816583578246003,-0.9867707631800227
4.466,0.015813518315553665,Empty,0.47598,0.01277,0.25096,0.42608,0.13346,-0.09258,0.97352,0.21375,0.05534,-0.05921,0.9024932981993967,0.40963251416235363,0.13306784001479743,0.4227396067707948,-0.9016079734255635,-0.09162034229755901,0.08244435440009389,0.13893979126397624,-0.9868630415772366
4.533,0.015813518315553665,Empty,0.47416,0.0134,0.24841,0.44276,0.13207,-0.09167,0.97178,0.22182,0.05427,-0.05908,0.8956966209681656,0.4247180309699844,0.13168962508561366,0.43754292344177004,-0.8946070825952782,-0.09074336293302246,0.0792701288773988,0.1388983871013062,-0.9871289098838186
4.6,0.015813518315553665,Empty,0.47363,0.01347,0.24653,0.4624,0.13343,-0.08985,0.96956,0.23132,0.05456,-0.05888,0.8870336181026539,0.4421232075634002,0.1330354452375973,0.45497336764131124,-0.8860522537081863,-0.0889417699158725,0.07855313547427378,0.13942192450434107,-0.9871124210922819
4.667,0.015813518315553665,Empty,0.4751,0.0118,0.24424,0.48459,0.13801,-0.08465,0.96691,0.24198,0.05675,-0.05751,0.8764544735423045,0.4614139205989161,0.13756725513441959,0.47446723364864685,-0.8762802414865021,-0.08374832878426602,0.08190482282186942,0.13867275239892743,-0.9869455242011203
4.733,0.015813518315553665,Empty,0.47678,0.00949,0.24139,0.50602,0.13993,-0.0805,0.96431,0.25223,0.05758,-0.05635,0.8661287641934008,0.47996408605580726,0.13948275855253978,0.4929432237392697,-0.8664101681456202,-0.07962662057009873,0.08263136212328083,0.13772398712821154,-0.9870178120799845
4.8,0.015813518315553665,Empty,0.47968,0.00645,0.23858,0.5294,0.14304,-0.07484,0.96133,0.26335,0.05916,-0.0547,0.8542964104160307,0.49985754338144295,0.14254851621449433,0.5128011121239646,-0.8553111140004468,-0.0740129561072903,0.08492739578434105,0.13632804037315105,-0.987016718629075
4.867,0.015813518315553665,Empty,0.48287,0.00399,0.23475,0.55332,0.14933,-0.07367,0.95789,0.27484,0.06168,-0.05569,0.8413184983789324,0.5196617772097138,0.14877775906586263,0.5334025332220781,-0.8427233108543439,-0.0727953219304809,0.08754953933452662,0.1406024845083983,-0.9861876188192477
4.933,0.015813518315553665,Empty,0.48702,0.00068,0.23035,0.5816,0.14796,-0.07182,0.95402,0.28829,0.0605,-0.05548,0.8264526009339901,0.5433616698300014,0.1474252155127993,0.556787204695496,-0.8276181150776741,-0.07096664204154962,0.08345122585569861,0.14073503954179273,-0.9865239690693537
5.0,0.015813518315553665,Empty,0.49187,-0.00223,0.22736,0.60561,0.15119,-0.06938,0.95042,0.29967,0.06173,-0.05552,0.8127739222281128,0.5627714272158384,0.1506216188180779,0.5764808017209169,-0.8142318322263825,-0.06853034828802054,0.08407399474949964,0.142530151542461,-0.9862133234286301
5.066,0.015813518315553665,Empty,0.49486,-0.00376,0.22337,0.62443,0.15419,-0.07049,0.9474,0.30865,0.06246,-0.05708,0.8016607391943441,0.5777097284925015,0.15359534120375617,0.5919720104929094,-0.8029478513328386,-0.06959803756544196,0.08312158580874766,0.14671815717591985,-0.9856797574910123
5.133,0.015813518315553665,Empty,0.49706,-0.00416,0.21999,0.64174,0.15615,-0.07227,0.94457,0.3169,0.06261,-0.05876,0.7913136584706028,0.5912994067559351,0.15552397078248,0.6060158162488714,-0.792248589498139,-0.07132322829501926,0.0810402639068066,0.15068903081607588,-0.9852539224066185
5.2,0.015813518315553665,Empty,0.5002,-0.00415,0.21738,0.66062,0.15841,-0.07316,0.94141,0.32584,0.06297,-0.06013,0.7797202836488631,0.6059302783044638,0.15774909540283102,0.6210753982531907,-0.7804212498533927,-0.07216662983615804,0.07938280009660086,0.1542438673372256,-0.9848386672128993
5.266,0.015813518315553665,Empty,0.50481,-0.00377,0.21572,0.67763,0.16498,-0.07277,0.93832,0.33385,0.06561,-0.06156,0.7684830591482771,0.6184361313545919,0.16422709653790915,0.634591494029626,-0.7695127923757754,-0.07171957944162827,0.08202087238839352,0.15933240036226978,-0.9838118532968814
5.333,0.015813518315553665,Empty,0.50953,-0.00343,0.21473,0.69207,0.16804,-0.07118,0.9358,0.34057,0.06687,-0.0618,0.7590820387207913,0.629142122783454,0.16725623405725773,0.6456732411139077,-0.7603883216843782,-0.07011181038509952,0.08306939388817533,0.1612134907057828,-0.9834173509825358
5.4,0.015813518315553665,Empty,0.51441,-0.00192,0.21465,0.70461,0.17289,-0.06997,0.93346,0.3464,0.06896,-0.06248,0.7505072458319393,0.6380770781904237,0.17203638057611242,0.6553131303627671,-0.7522108262640859,-0.06887360906219571,0.08546095674580488,0.1644278417393867,-0.9826799630261214
5.467,0.015813518315553665,Empty,0.51805,0.00071,0.21514,0.71251,0.17463,-0.06954,0.93202,0.35007,0.0696,-0.06285,0.7452179970306125,0.643787364035951,0.1737468469046963,0.6612855897199552,-0.7470072267465856,-0.06842201412635077,0.08574092214580685,0.16588560243739423,-0.9824105359642522
5.533,0.015813518315553665,Empty,0.52186,0.00447,0.21593,0.72122,0.17775,-0.06898,0.93035,0.35411,0.07088,-0.06344,0.7391646067775232,0.6499028983946094,0.17681036945189352,0.6678878968420773,-0.7411636821279225,-0.0678391741285675,0.0869565485705111,0.16823382226195044,-0.9819042416182134
5.6,0.015813518315553665,Empty,0.52443,0.00927,0.2164,0.72918,0.17977,-0.06908,0.92884,0.35781,0.07155,-0.06412,0.7337105234011686,0.6555141603243262,0.1788017154970182,0.6738650153138402,-0.7357269829548674,-0.06790984971420617,0.08703337857661676,0.17031439212944405,-0.9815386894295695
5.667,0.015813518315553665,Empty,0.5286,0.01466,0.21692,0.73785,0.18368,-0.07178,0.927,0.36193,0.0726,-0.06638,0.7274782865872489,0.6613759156173403,0.1826396473534857,0.6806508085573935,-0.72920630195345,-0.07051699087128419,0.08654374243264217,0.17561340334011766,-0.9806478028390487
5.733,0.015813518315553665,Empty,0.53074,0.01999,0.21731,0.74662,0.18133,-0.07532,0.9254,0.36612,0.07057,-0.06791,0.7219579075245016,0.6680214611731548,0.1803444126523665,0.6871923994048647,-0.722695336987869,-0.07401389123790338,0.08089119830382621,0.17736622369570348,-0.9808148840269997
5.8,0.015813518315553665,Empty,0.53149,0.02514,0.21769,0.7526,0.18133,-0.0778,0.92421,0.36897,0.06991,-0.06927,0.7179399934184453,0.6723358907163922,0.1803513679042057,0.6917085782840906,-0.7181184941950177,-0.07645306418504284,0.07811151373853166,0.17963930068243877,-0.9806264900928384
5.867,0.01581384614109993,Empty,0.53278,0.02979,0.21766,0.76038,0.18216,-0.07767,0.92273,0.37256,0.07005,-0.06963,0.7125763213452049,0.6777997045619518,0.18116993888022975,0.6973124524586698,-0.7126937971423254,-0.07630789710724119,0.07739722155356199,0.1807072550026267,-0.9804868984770805
5.933,0.01581384614109993,Empty,0.53495,0.03368,0.21677,0.76986,0.18201,-0.07712,0.92099,0.37691,0.06975,-0.06968,0.7061463566892239,0.6845430650657116,0.18099203022502466,0.7039811791553977,-0.7061658497348867,-0.07576471515937502,0.07594618048006752,0.18091596043093178,-0.9805618761362501
6.0,0.015813518315553665,Empty,0.53791,0.03633,0.21506,0.77587,0.18213,-0.07553,0.9199,0.37962,0.0699,-0.06918,0.7020025130349458,0.6887569727279605,0.18112510651821895,0.7081001939846016,-0.7022009266400758,-0.07421572545484217,0.0760696192417892,0.18035434883704324,-0.9806557611537166
6.066,0.015813518315553665,Empty,0.53849,0.03838,0.21203,0.77863,0.18201,-0.07184,0.91951,0.38076,0.07045,-0.06756,0.700110851532437,0.6907077901055749,0.1810180771470037,0.7097482310856216,-0.7009092812280645,-0.07059481538462126,0.07811686141516985,0.17790145636230878,-0.9809428259520597
6.133,0.015813518315553665,Empty,0.53871,0.04067,0.20846,0.78252,0.18126,-0.06846,0.91892,0.38243,0.07062,-0.066,0.6975272695804549,0.6935124828210677,0.1802668698430011,0.7121562528595726,-0.698788934935026,-0.0672866697450859,0.07930434858598608,0.17531246556856758,-0.9813135888754533
6.2,0.015813518315553665,Empty,0.53947,0.04288,0.20534,0.78723,0.17997,-0.06061,0.91832,0.38432,0.07138,-0.06232,0.6943999801144286,0.6969691640548801,0.17900461439226206,0.7147638572920458,-0.6968216172750519,-0.059600855758762866,0.08319432628537274,0.16933286170977635,-0.9820412852925792
6.267,0.015813518315553665,Empty,0.53996,0.0444,0.20213,0.79169,0.17486,-0.05232,0.91795,0.38609,0.07049,-0.0577,0.6919238358788354,0.7006966241143526,0.17397024543716588,0.7169657396616121,-0.6952037916827521,-0.05149578799670526,0.08486184946249695,0.1603618688612534,-0.9834035476451826
6.333,0.015813518315553665,Empty,0.53934,0.04567,0.20052,0.79481,0.16207,-0.04385,0.91814,0.3873,0.06616,-0.05147,0.6912449847289281,0.7043757986570405,0.16135397532555568,0.7179965958045128,-0.6947005569236305,-0.04326689985575946,0.08161653937919047,0.14575963253333687,-0.985947701464693
6.4,0.015813518315553665,Empty,0.53892,0.04722,0.20035,0.79532,0.15289,-0.033,0.91866,0.38724,0.06403,-0.04474,0.6918843156878909,0.7057621250831055,0.15230205679267017,0.7172214847920382,-0.6960820271640181,-0.032606030300162646,0.08300262319832423,0.13179390827124696,-0.9877959962891057
6.467,0.015813518315553665,Empty,0.53785,0.04902,0.20038,0.79539,0.14229,-0.02068,0.91929,0.38697,0.06154,-0.03704,0.6929375820664694,0.7069143757162022,0.14180822531026688,0.7160318287519853,-0.6977672657542449,-0.02047591404388894,0.08447441964265251,0.11572773326915724,-0.9896823551920181
6.533,0.015813518315553665,Empty,0.53691,0.0507,0.20093,0.7962,0.13275,-0.00952,0.91964,0.3871,0.0593,-0.03009,0.6932714623394048,0.7084164597092715,0.13236615548834652,0.7155531307110745,-0.698494745391776,-0.009423788498147706,0.08578109719141398,0.10124826059276339,-0.991156089166372
6.6,0.015813518315553665,Empty,0.53631,0.05215,0.20208,0.7973,0.12561,0.00231,0.9198,0.38734,0.05829,-0.0233,0.693144944329766,0.7098284061437129,0.12527457835315609,0.7152612813860945,-0.6988534023714872,0.0022850259775382825,0.08917054166038975,0.08802020123398828,-0.9921194780240538
6.667,0.015813518315553665,Empty,0.53673,0.05296,0.20256,0.80044,0.12151,0.00993,0.91938,0.38862,0.05785,-0.01909,0.6912492329770064,0.7123781126965609,0.12121024073726594,0.7167955638466325,-0.6972136429126536,0.009861834832054543,0.09153478878813319,0.080065977089851,-0.9925778668468077
6.733,0.015813518315553665,Empty,0.53748,0.053,0.20258,0.80216,0.11936,0.01618,0.91916,0.38926,0.05806,-0.01585,0.6902175208908066,0.7137360125118305,0.11908265322481412,0.7174180379117279,-0.6964577720394386,0.01606021932440732,0.094398796254167,0.07434699865881382,-0.9927544465053736
6.8,0.015813518315553665,Empty,0.53814,0.05247,0.20187,0.80266,0.11742,0.02179,0.91915,0.38936,0.05826,-0.01291,0.6900038428376106,0.7142631334221907,0.1171446674127481,0.7172705042928593,-0.6964586280723114,0.02164262126224141,0.0970449408305082,0.06909092283033558,-0.9928790076548379
6.867,0.015813518315553665,Empty,0.53776,0.05237,0.20076,0.80082,0.11817,0.02273,0.9195,0.38847,0.0588,-0.01257,0.6912612654876819,0.7129229978693554,0.11789258647319598,0.7158785131446005,-0.6978598624908341,0.022573585053122028,0.09836573211360396,0.0687925245447878,-0.9927697473797789
6.933,0.015813518315553665,Empty,0.53793,0.05234,0.19915,0.79881,0.11932,0.02202,0.91985,0.38755,0.0592,-0.01306,0.6926034070034008,0.7114284787074641,0.11903797835676067,0.7145213970950957,-0.6992720141940956,0.021859168744598513,0.0987911620569047,0.06991544785607721,-0.992649049992257
7.0,0.015813518315553665,Empty,0.53781,0.05221,0.19701,0.79504,0.12179,0.02108,0.92052,0.3858,0.06018,-0.01386,0.6950801822430165,0.7085933211988955,0.12148681165185932,0.7119305591482513,-0.7019385331942972,0.02090871990095962,0.10009205364999633,0.07195693690921928,-0.9923728029459338
7.066,0.015813518315553665,Empty,0.53749,0.05165,0.19419,0.79004,0.12384,0.01961,0.92141,0.38351,0.06088,-0.01478,0.6984296506778058,0.7049391422146605,0.12351853637303631,0.7085372004951648,-0.7054049762089013,0.0194641992949664,0.10085166616646858,0.07392310405670477,-0.9921513574642071
7.133,0.01581384614109993,Empty,0.53659,0.05088,0.19152,0.78727,0.12234,0.01748,0.92197,0.38232,0.0598,-0.01539,0.7005125688362239,0.7031274529860301,0.12204067256391507,0.7068081638868028,-0.7071922927475246,0.01735743476052671,0.09851071193246543,0.07410024248190762,-0.9923733136772076
7.2,0.01581384614109993,Empty,0.53632,0.05069,0.19101,0.78687,0.12151,0.01685,0.92206,0.38217,0.0593,-0.01551,0.700857055829715,0.702927397228593,0.1212124643720254,0.7066057135924462,-0.7074096631814005,0.016731226974946493,0.09750770642474187,0.07392322140581424,-0.9924855689251976
7.267,0.01581384614109993,Empty,0.53643,0.05075,0.19125,0.78701,0.12194,0.01717,0.92202,0.38222,0.05956,-0.01545,0.7007253115842389,0.7029855116254382,0.121636376754211,0.7066662148114539,-0.7073419435629316,0.01703630595718888,0.09801478740079861,0.07401854714418261,-0.9924285143673778
7.333,0.015813518315553665,Empty,0.53644,0.05075,0.19126,0.78702,0.12195,0.01719,0.92202,0.38222,0.05957,-0.01544,0.7007229378032913,0.7029832047152711,0.12166338119817413,0.7066636171051366,-0.7073439770807234,0.017059611587318585,0.09805048034665541,0.07402102387749389,-0.9924248038657224
7.4,0.015813518315553665,Empty,0.53645,0.05075,0.19128,0.78702,0.12201,0.01722,0.92202,0.38222,0.0596,-0.01544,0.7007183696860917,0.7029816788975738,0.12169850253316172,0.7066622785198825,-0.7073447177603903,0.017084331229567297,0.09809276477678469,0.07402843636618216,-0.9924200724026215
7.467,0.015813518315553665,Empty,0.53644,0.05075,0.19127,0.78699,0.12199,0.01721,0.92202,0.38221,0.05959,-0.01544,0.7007253118698729,0.7029773081607302,0.12168377671638472,0.7066577357081876,-0.7073494951060263,0.017074435189094857,0.0980758985105237,0.07402429320394067,-0.992422048398266
7.533,0.015813518315553665,Empty,0.53645,0.05075,0.19128,0.78702,0.12199,0.01721,0.92202,0.38222,0.05959,-0.01544,0.7007163138208271,0.7029842290581554,0.12169560896295063,0.7066647422166829,-0.7073422826520245,0.01708324560652897,0.09808970207509861,0.07402748724720293,-0.9924204459193107
7.6,0.015813518315553665,Empty,0.53645,0.05075,0.19128,0.78702,0.12201,0.01722,0.92202,0.38222,0.0596,-0.01544,0.7007120901724361,0.7029878140152946,0.12169921952162824,0.7066683760506842,-0.7073385895038969,0.01708584468284899,0.09809369488435443,0.07402873188590402,-0.9924199584245069
7.667,0.015813518315553665,Empty,0.53645,0.05075,0.19128,0.78702,0.12201,0.01722,0.92202,0.38222,0.0596,-0.01544,0.7007126874772862,0.7029865475910356,0.12170309574696732,0.7066672192243721,-0.7073397036118027,0.017087567646108873,0.09809776186056512,0.07403011279475204,-0.9924194534155122
7.733,0.015813518315553665,Empty,0.53645,0.05075,0.19128,0.78702,0.12201,0.01722,0.92202,0.38222,0.0596,-0.01544,0.7007105965298662,0.7029884862367616,0.12170393637555667,0.7066692571087069,-0.7073376719610993,0.017087389563079328,0.09809801714707503,0.07403111537183643,-0.9924193533928154
7.8,0.015813518315553665,Empty,0.53645,0.05075,0.19128,0.78702,0.12201,0.01722,0.92202,0.38222,0.0596,-0.01544,0.7007144636640403,0.7029848009807168,0.12170295806642625,0.7066652052177643,-0.7073416569155094,0.017090000776975436,0.09809958280518727,0.07402803510916368,-0.9924194284027921
7.867,0.015813518315553665,Empty,0.53645,0.05075,0.19128,0.78702,0.12201,0.01722,0.92202,0.38222,0.0596,-0.01544,0.7007075013685586,0.7029910750927018,0.1217068028741168,0.706671781791735,-0.7073350752295195,0.017090470132345617,0.0981019385390851,0.07403134261957767,-0.9924189488138646
7.933,0.015813518315553665,Empty,0.53645,0.05075,0.19128,0.78702,0.12201,0.01722,0.92202,0.38222,0.0596,-0.01544,0.700712142855328,0.7029854524192346,0.12171255704330058,0.7066658135015272,-0.7073408604585653,0.017097811379282152,0.09811177749546375,0.07402945908664202,-0.9924181166746302
8.0,0.015813518315553665,Empty,0.53645,0.05075,0.19128,0.78702,0.12201,0.01722,0.92202,0.38222,0.0596,-0.01544,0.7007093669582032,0.7029884103668274,0.12171145363915034,0.7066689598716672,-0.7073377766177009,0.01709534800532926,0.09810894052495896,0.07403083586890255,-0.9924182944351749
8.067,0.015813518315553665,Empty,0.53645,0.05075,0.19128,0.78702,0.12201,0.01722,0.92202,0.38222,0.0596,-0.01544,0.7007105098310688,0.702987247116918,0.12171159272337867,0.7066678067199744,-0.707338931275626,0.017095240490750452,0.09810908397220319,0.07403084960226634,-0.9924182792297318
8.133,0.015813518315553665,Empty,0.53645,0.05075,0.19129,0.78702,0.12203,0.01723,0.92202,0.38222,0.05961,-0.01544,0.7007133511607158,0.7029830635512091,0.12171939806487915,0.7066638574045129,-0.707342800067701,0.017098416024857566,0.09811723672879387,0.07403361096516484,-0.9924172672339816
8.2,0.015813518315553665,Empty,0.53326,0.05121,0.19068,0.77855,0.1208,0.01423,0.92363,0.37842,0.05854,-0.01634,0.7067367830317048,0.6971367271313308,0.12051349797683875,0.7009632488839712,-0.7130575345996913,0.014123599563774562,0.09577913772855282,0.07449386575568677,-0.9926112132858206
8.267,0.015813518315553665,Empty,0.5284,0.05284,0.18933,0.76937,0.11852,0.00974,0.92538,0.37434,0.05672,-0.01772,0.7133015775474072,0.6908122699899975,0.11823395070641404,0.6948319052748132,-0.7191071609892917,0.009670285729684064,0.0917032326614122,0.07525489117118822,-0.9929386781036679
8.333,0.015813518315553665,Empty,0.5268,0.0536,0.18896,0.7715,0.11664,0.00818,0.92502,0.37539,0.05554,-0.01815,0.7120011910565812,0.6924681159603874,0.11637101147743151,0.6965003823134825,-0.7175105585083316,0.008112697839435606,0.08911521402758137,0.07527620345987743,-0.9931726797599124
8.4,0.015813518315553665,Empty,0.52641,0.05347,0.1891,0.77092,0.11524,0.00643,0.92515,0.37519,0.05457,-0.01868,0.7125017831552557,0.6921837100697821,0.11499095840375032,0.6962603729970547,-0.7177608050921394,0.006396848246303502,0.08696379703407232,0.0755058818074192,-0.9933459416627728
8.467,0.015813518315553665,Empty,0.52618,0.05305,0.18928,0.77115,0.11248,0.00456,0.92516,0.37538,0.05294,-0.01903,0.7125690881436019,0.6925639880836093,0.112251579195672,0.6965947021833189,-0.7174505521656264,0.0045305725213531794,0.08367266884908878,0.07496550944910729,-0.9936694907667776
8.533,0.015813518315553665,Empty,0.52625,0.05289,0.19015,0.77176,0.10998,0.00261,0.92509,0.37574,0.05141,-0.01948,0.7123486197103607,0.6931885962643654,0.10976800082803093,0.6971957571561185,-0.7168761300536508,0.0025865735651413035,0.08048304293607951,0.07468724233990477,-0.9939538699715443
8.6,0.015813518315553665,Empty,0.52674,0.05259,0.19097,0.77379,0.10739,0.00253,0.92477,0.37671,0.05018,-0.01908,0.7111421036509414,0.694829098032761,0.10718877246191982,0.6986583089801601,-0.7154510339557123,0.0025269160423470813,0.0784440928808327,0.07309133011980004,-0.9942354760082853
8.667,0.015813518315553665,Empty,0.52793,0.05178,0.19208,0.77989,0.10673,0.00514,0.92366,0.37947,0.05031,-0.0179,0.7069471169658248,0.6991970221286343,0.10653308434546535,0.7028000063173135,-0.7113691070691182,0.005113181795042505,0.07935946656884894,0.07125670322246849,-0.9942960109101177
8.733,0.015813518315553665,Empty,0.52978,0.04987,0.19287,0.79035,0.10538,0.00906,0.92173,0.38421,0.05035,-0.0161,0.6997014251035748,0.7066498667607549,0.10518498711809363,0.7098920671640084,-0.7042528502995539,0.009009762625330438,0.08044357454537537,0.06836584419109447,-0.9944118576638162
8.8,0.015813518315553665,Empty,0.53203,0.04682,0.19367,0.80155,0.10307,0.01252,0.91964,0.38931,0.04987,-0.01434,0.6918967274558501,0.7146288891185771,0.10288085037087003,0.7174882693742614,-0.696459116992549,0.012461206534123477,0.08055744438729655,0.06519393526323637,-0.9946156287524748
8.867,0.015813518315553665,Empty,0.53421,0.0445,0.19402,0.80947,0.10153,0.01453,0.91814,0.39292,0.0495,-0.01331,0.6863295328494692,0.7201944466984366,0.1013495499909208,0.7228289965726286,-0.6908755686838048,0.014463412793536877,0.08043639756003745,0.0633317261770275,-0.9947457355560776
8.933,0.015813518315553665,Empty,0.53722,0.04225,0.19429,0.8293,0.09904,0.01941,0.91428,0.40192,0.04921,-0.01107,0.6720724179225195,0.7338546578723364,0.09887368804112895,0.7360330192923921,-0.6766699757039129,0.019316793010009665,0.08108057461009843,0.059792015352740174,-0.9949124862624623
9.0,0.015813518315553665,Empty,0.53966,0.04066,0.19456,0.84434,0.09525,0.0183,0.91131,0.40886,0.04717,-0.01117,0.6612190618368641,0.7441382922883987,0.09511863231608736,0.7462469345516285,-0.6654201542658852,0.01820799190089386,0.07684311898846308,0.058942516461981405,-0.9952994096337313
