time,gr,gr_state,tx,ty,tz,rx,ry,rz,qw,qx,qy,qz,xx,xy,xz,yx,yy,yz,zx,zy,zz
0.0,0.015697617083787918,Empty,0.30821,0.00163,0.48582,-0.00989,0.00353,-0.00604,0.99998,-0.00494,0.00178,-0.00301,0.999944800294743,-0.009899017129628707,0.0035221901387870185,-0.009877659903240743,-0.9999330319480977,-0.006030211764112015,0.003581647434123303,0.005995087901894511,-0.9999756150640405
0.067,0.015697617083787918,Empty,0.30821,0.00163,0.48582,-0.00991,0.00353,-0.00602,0.99998,-0.00495,0.00178,-0.003,0.9999447432637321,-0.009902751999667947,0.0035278778412374,-0.009881376679315823,-0.999933022193848,-0.0060257382285456036,0.0035873129430114225,0.005990544976089609,-0.9999756219812255
0.133,0.015697617083787918,Empty,0.30821,0.00163,0.48582,-0.00989,0.00353,-0.00602,0.99998,-0.00494,0.00178,-0.003,0.9999448124252674,-0.009898031217361714,0.0035215169766336816,-0.009876697088150754,-0.9999330735252929,-0.006024892106046858,0.0035809158640638192,0.005989778650394509,-0.9999756495001735
0.2,0.015697617083787918,Empty,0.30821,0.00163,0.48582,-0.00989,0.00353,-0.00602,0.99998,-0.00494,0.00178,-0.003,0.9999448014741598,-0.009899313607029003,0.003521021856368847,-0.009877977990128017,-0.9999330534029593,-0.006026131683005415,0.003580440703304758,0.0059910184730200215,-0.9999756437744001
0.267,0.015697944909334183,Empty,0.30821,0.00163,0.48583,-0.00991,0.00353,-0.00604,0.99998,-0.00495,0.00178,-0.00301,0.9999447319097611,-0.009901263175227548,0.0035352670975898476,-0.009879833654918735,-0.9999330207549915,-0.006028506510671413,0.0035947201375842327,0.005993245475779679,-0.9999755791997121
0.333,0.015697944909334183,Empty,0.30821,0.00163,0.48582,-0.00991,0.00353,-0.00604,0.99998,-0.00495,0.00178,-0.00301,0.9999447331495925,-0.009904515248523316,0.003525794106536407,-0.009883145021985007,-0.9999329923307425,-0.006027793374165852,0.00358526022268037,0.005992614302538596,-0.9999756169442116
0.4,0.015697944909334183,Empty,0.30819,0.00161,0.48582,-0.00913,0.00351,-0.006,0.99998,-0.00456,0.00177,-0.00299,0.9999522127048592,-0.00912619475861931,0.0035049787280022207,-0.009105046556972085,-0.9999405289894895,-0.006003050175957098,0.003559555288426796,0.005970850311926935,-0.999975838964473
0.467,0.015697944909334183,Empty,0.30821,0.00174,0.48582,-0.00817,0.00358,-0.00561,0.99999,-0.00408,0.0018,-0.0028,0.9999601821806521,-0.008172454433453602,0.0035839980148597104,-0.008152285611454368,-0.9999510529297673,-0.005606423455183895,0.0036296408288791575,0.005576982444179543,-0.9999778612420732
0.533,0.015697944909334183,Empty,0.30864,0.0025,0.48602,-0.00723,0.00238,-0.00577,0.99999,-0.00361,0.0012,-0.00288,0.9999710323923154,-0.00722703936839536,0.0023883630826527953,-0.007213173733224221,-0.9999573723372757,-0.005763994537232722,0.0024299178877565998,0.005746599890247078,-0.9999805358549536
0.6,0.015697944909334183,Empty,0.30984,0.00285,0.48642,-0.00681,0.00162,-0.00715,0.99999,-0.0034,0.00082,-0.00357,0.9999755220166244,-0.0068068905010366665,0.0016191384395608742,-0.006795150685321105,-0.9999513584359923,-0.0071488942625879464,0.0016677214225838152,0.007137716982395819,-0.9999731354899172
0.667,0.015697944909334183,Empty,0.3114,0.00251,0.4863,-0.00518,-0.00088,-0.00896,0.99999,-0.00259,-0.00043,-0.00448,0.9999862663563327,-0.005166400064371857,-0.0008805731634609132,-0.005174083710013877,-0.9999464808189684,-0.008959037644856869,-0.0008342400632413052,0.008963470763886788,-0.9999594792967269
0.733,0.015697944909334183,Empty,0.31295,0.00262,0.48561,-0.00465,-0.00264,-0.00993,0.99998,-0.00233,-0.00131,-0.00497,0.9999857433848168,-0.0046393880388133635,-0.0026436916879030163,-0.004665434285006098,-0.9999397854261047,-0.00993273602424801,-0.0025974506824309245,0.009944928386892527,-0.9999471744293955
0.8,0.015697617083787918,Empty,0.31459,0.00292,0.48447,-0.00355,-0.00566,-0.00955,0.99998,-0.00179,-0.00282,-0.00478,0.999977705484044,-0.0035589320648642397,-0.00565000331185966,-0.003612794876091008,-0.999947853803716,-0.009551826345039482,-0.005615714384620639,0.00957202569470961,-0.9999384181418624
0.867,0.015697617083787918,Empty,0.31689,0.00315,0.48356,-0.00029,-0.00682,-0.00948,0.99998,-0.00016,-0.00341,-0.00474,0.9999766654823213,-0.00028871876829678067,-0.006825330199364108,-0.0003534194142639224,-0.9999549995829886,-0.009480184792626587,-0.0068222859493823305,0.009482375781288166,-0.9999317681541912
0.933,0.015697617083787918,Empty,0.32032,0.00314,0.48262,0.0042,-0.00884,-0.01014,0.99998,0.00208,-0.00443,-0.00506,0.9999520467656902,0.004198349088282871,-0.0088474874422043,0.004108611479973989,-0.9999401824757521,-0.010136606042730121,-0.008889515218147397,0.010099769071211484,-0.9999094814951471
1.0,0.015697617083787918,Empty,0.32429,0.00276,0.48236,0.01172,-0.01021,-0.01226,0.99995,0.00583,-0.00514,-0.0061,0.9998792870614459,0.011715917615270743,-0.010205321157455273,0.01159050578484605,-0.9998576351773512,-0.01226252637941938,-0.01034753502753503,0.012142761299914326,-0.999872732834968
1.067,0.015697617083787918,Empty,0.32878,0.00259,0.48151,0.01636,-0.01239,-0.01354,0.99992,0.00814,-0.00625,-0.00672,0.9997893890241991,0.016366003390010708,-0.01238271083633284,0.01619801315104008,-0.9997770224721299,-0.013547313634854109,-0.01260166515095579,0.013343885108937553,-0.9998315551959852
1.133,0.015697944909334183,Empty,0.33319,0.0031,0.48101,0.02096,-0.01377,-0.01431,0.9999,0.01043,-0.00696,-0.00708,0.9996853042218942,0.020965688548646222,-0.013774339420117342,0.020768542762854503,-0.999681995352557,-0.014302999665713044,-0.014069831352469007,0.014012425614827207,-0.9998028264483463
1.2,0.015697944909334183,Empty,0.33823,0.00391,0.48077,0.02505,-0.01506,-0.01443,0.99987,0.01247,-0.00762,-0.00712,0.999572655810541,0.025051346397801932,-0.015064388454856657,0.024834252229808118,-0.9995874394747161,-0.014429510059840724,-0.015419652137702307,0.014049230869984188,-0.9997824030457396
1.267,0.015697944909334183,Empty,0.34356,0.00444,0.48124,0.03172,-0.01652,-0.01642,0.99981,0.01579,-0.00839,-0.00808,0.9993605195503277,0.03171477750356372,-0.01651438318553567,0.03144379552538307,-0.9993706729003207,-0.016417852165185643,-0.017024678765167518,0.015888078381586592,-0.99972882787198
1.333,0.015697617083787918,Empty,0.34918,0.00469,0.48124,0.03933,-0.01878,-0.01735,0.99973,0.01958,-0.00956,-0.00849,0.9990502103040679,0.03931945506567924,-0.0187791838144236,0.03899469667446759,-0.9990886486253998,-0.01735758678904922,-0.019444560233241214,0.016608812155333212,-0.9996729747453036
1.4,0.015697617083787918,Empty,0.35479,0.00491,0.48093,0.04567,-0.02068,-0.01774,0.99965,0.02274,-0.01054,-0.00863,0.9987430829156613,0.04565441632651046,-0.020686435120774015,0.045290254060110446,-0.9988162828009838,-0.01774333956153099,-0.02147201004309989,0.016784143752685027,-0.9996285536654091
1.467,0.015697617083787918,Empty,0.3606,0.00521,0.48052,0.05274,-0.02147,-0.01751,0.99956,0.02627,-0.01096,-0.00847,0.9983794326549313,0.05270240233790369,-0.02147010105776628,0.052330965608486324,-0.998476276371125,-0.017509870431735023,-0.022360198793848048,0.016357943387432277,-0.9996161459270418
1.534,0.015697617083787918,Empty,0.36711,0.00577,0.48037,0.06073,-0.02319,-0.01655,0.99944,0.03026,-0.01184,-0.00792,0.9978877815511074,0.06068161880224626,-0.023188716448918602,0.06030647933186467,-0.9980427150620687,-0.01654894142021975,-0.02414754607832547,0.015115556591583139,-0.9995941256166532
1.6,0.015697617083787918,Empty,0.37442,0.00622,0.4804,0.06923,-0.02435,-0.01697,0.99929,0.0345,-0.01246,-0.00806,0.997308877300113,0.06915073811484423,-0.024355259730920134,0.06874897930142004,-0.9974897346361522,-0.016964879619717127,-0.025467255513723145,0.015244825799949914,-0.9995594100317037
1.667,0.015697617083787918,Empty,0.38219,0.00646,0.47957,0.07838,-0.02468,-0.01736,0.99912,0.03907,-0.01267,-0.00819,0.9966259173710912,0.07828089234222257,-0.024675548997669536,0.07786573688601822,-0.9968126935077912,-0.017360330669073727,-0.02595588263628151,0.01538037567316051,-0.999544764480673
1.733,0.015697617083787918,Empty,0.38913,0.00619,0.47824,0.0895,-0.02933,-0.01781,0.99886,0.0446,-0.01505,-0.00824,0.9955678971763364,0.08935472776203324,-0.02933078141577889,0.08885842613568917,-0.9958849921506681,-0.01781186440977778,-0.030801659315295757,0.015126633321296462,-0.9994110479416302
1.8,0.015697617083787918,Empty,0.39721,0.00504,0.47738,0.10209,-0.03101,-0.01983,0.99854,0.05086,-0.01599,-0.00911,0.9943144352635622,0.10186850313934065,-0.03100986769808995,0.10128595293774545,-0.994660015024252,-0.019814395005831546,-0.03286273823033783,0.01656087498003809,-0.9993226595328957
1.867,0.015697617083787918,Empty,0.40565,0.00337,0.47633,0.11559,-0.0326,-0.02206,0.99815,0.05757,-0.01691,-0.01007,0.992798974878,0.11527282280371975,-0.03259404553066424,0.1145915307084222,-0.9931678116999099,-0.022056266527062118,-0.03491384497722277,0.018162437228364393,-0.9992252745516561
1.933,0.015697617083787918,Empty,0.41425,0.00194,0.475,0.12466,-0.03618,-0.02366,0.99784,0.06206,-0.01879,-0.01068,0.9915908467551975,0.12425443748269133,-0.036172190936827595,0.12345143191433483,-0.9920686589472031,-0.023654172845376693,-0.038824432894901416,0.018989752514410783,-0.9990655897936984
2.0,0.015697617083787918,Empty,0.42279,0.00118,0.47309,0.13482,-0.03851,-0.02405,0.99749,0.06711,-0.02002,-0.0107,0.9901911257451128,0.13430718043510886,-0.03851124224427406,0.1334503727845433,-0.9907641647667151,-0.024028479306426747,-0.04138275606206631,0.01865344734047962,-0.9989692269549765
2.067,0.015697617083787918,Empty,0.43082,0.00087,0.47006,0.14553,-0.03917,-0.02476,0.9971,0.07244,-0.02043,-0.01092,0.9886690103146927,0.14491215990101713,-0.03916700085770587,0.14401946924503195,-0.9892655309231353,-0.02474069129483597,-0.04233179091114425,0.01881954410152031,-0.9989263457523111
2.133,0.015697617083787918,Empty,0.43854,0.00036,0.4664,0.15898,-0.03978,-0.02659,0.99658,0.07912,-0.02088,-0.01167,0.986609256994952,0.1581777992753024,-0.039773833462351894,0.15720294923231048,-0.9872089222428988,-0.026566456231080348,-0.04346730684701292,0.01995814772057861,-0.9988554778220077
2.2,0.015697944909334183,Empty,0.44589,0.00011,0.46181,0.16593,-0.03961,-0.02718,0.99629,0.08258,-0.02086,-0.0119,0.9854900261087345,0.16504703955027356,-0.03960912995631417,0.16405367048498215,-0.986077368245589,-0.02716278767463705,-0.043540804317451255,0.020270633180614075,-0.9988459840184802
2.267,0.015697944909334183,Empty,0.4526,0.00033,0.45561,0.1702,-0.03764,-0.02618,0.99614,0.08473,-0.01986,-0.01144,0.9848533841816759,0.16925544899133255,-0.03763515182170482,0.16834622886566014,-0.9853806318497544,-0.026164051713933646,-0.041513358002107204,0.019432018992401347,-0.9989489665369636
2.333,0.015697944909334183,Empty,0.45898,0.00107,0.44889,0.17515,-0.03634,-0.0254,0.99594,0.08721,-0.01921,-0.01106,0.9840513112485427,0.17413221997808137,-0.03634538203855767,0.1732825346006367,-0.9845452906841189,-0.0253719095478311,-0.040201741658824064,0.018669240938752885,-0.9990171567147225
2.4,0.015697617083787918,Empty,0.4649,0.0021,0.44227,0.17734,-0.03521,-0.02432,0.99586,0.08832,-0.01861,-0.01055,0.9837051821588692,0.17631048831969215,-0.035195543784093064,0.17552503545457032,-0.9841748712247673,-0.02430606464206413,-0.03892398389756776,0.017732302675741128,-0.999084825687668
2.467,0.015697617083787918,Empty,0.47111,0.00303,0.43574,0.18007,-0.02932,-0.02177,0.9958,0.08974,-0.01558,-0.00952,0.9834079517573155,0.17902210189487644,-0.029323837634630086,0.17842858154312208,-0.9837121876720194,-0.021761735087964675,-0.03274204802682784,0.016168452574992772,-0.9993330473032197
2.533,0.015697617083787918,Empty,0.47727,0.0038,0.42847,0.18568,-0.02099,-0.01899,0.9956,0.0926,-0.01133,-0.00848,0.9825955169119249,0.184568567655289,-0.020987948405266885,0.18418421774361532,-0.9827083451037475,-0.018986373998898208,-0.0241293198984069,0.014790277114663075,-0.9995994315845282
2.6,0.015697617083787918,Empty,0.4835,0.00441,0.42012,0.19301,-0.01035,-0.01641,0.9953,0.09631,-0.00594,-0.00767,0.981376846307557,0.19181306017793875,-0.010355456368898655,0.19163065842690596,-0.9813298291822687,-0.01641514873432967,-0.013310758141603377,0.01412502397428279,-0.9998116359672065
2.667,0.015697617083787918,Empty,0.48896,0.00508,0.41081,0.20004,-0.00303,-0.01508,0.99497,0.09984,-0.00226,-0.00735,0.9800554383845237,0.19870128146663707,-0.0030229846899721483,0.19863499433875276,-0.9799577153718808,-0.015067020513940165,-0.005956233454393343,0.014166044848159481,-0.9998819162563132
2.733,0.015697617083787918,Empty,0.49479,0.006,0.4012,0.20342,0.0064,-0.01149,0.99481,0.10155,0.0026,-0.00604,0.9793601140086984,0.2020215278246016,0.006408539949431099,0.20208441804621657,-0.9793008189116565,-0.011480159488474109,0.003956649060974111,0.012538276371676755,-0.9999135645413737
2.8,0.015697617083787918,Empty,0.50069,0.00797,0.39094,0.20436,0.01466,-0.00811,0.99475,0.10203,0.00688,-0.00478,0.9790838382309548,0.20292764808430264,0.014669947440769927,0.20305915139102232,-0.9791329969177727,-0.008096627889345943,0.01272079994730844,0.01090614458890226,-0.999859608774605
2.867,0.015697944909334183,Empty,0.50705,0.01058,0.38048,0.20786,0.02213,-0.00391,0.99454,0.10376,0.0108,-0.00309,0.9782343335807517,0.20632139874726985,0.022114904991718143,0.20645492755100786,-0.9784482981021834,-0.003910349197831373,0.020831502435751166,0.008390968949471191,-0.9997477882678003
2.933,0.015697944909334183,Empty,0.51318,0.01381,0.37066,0.20777,0.0266,-0.00191,0.99452,0.1037,0.01313,-0.00233,0.9781494396676619,0.20619562133305436,0.026590212878324113,0.20631815382914243,-0.9784830769828783,-0.001920275671064394,0.02562212087968629,0.007364360202638792,-0.999644573396181
3.0,0.015697944909334183,Empty,0.51822,0.01728,0.36106,0.20364,0.02388,-0.00391,0.99475,0.10166,0.01168,-0.00316,0.9790585607743133,0.2021735984654452,0.023878246544983286,0.20232119652925346,-0.9793114098914164,-0.00391099622310085,0.022593539109693337,0.008660169745384427,-0.9997072238663076
3.067,0.015697944909334183,Empty,0.52317,0.02088,0.35218,0.1926,0.02167,-0.00492,0.9953,0.09617,0.01055,-0.00349,0.9812793526185271,0.191366215590541,0.021674954558639267,0.19151358067778756,-0.9814776267272836,-0.004921041531181065,0.020331761865048915,0.008979964606479577,-0.999752959333019
3.133,0.015697944909334183,Empty,0.52769,0.02559,0.34445,0.17614,0.01883,-0.00546,0.99607,0.08798,0.00914,-0.00355,0.9843531876326598,0.17519668436730923,0.018839421013484528,0.17532661286175188,-0.9844951357985354,-0.005468675474788122,0.017589224537972483,0.008686160010306995,-0.9998075663868662
3.2,0.015697944909334183,Empty,0.53246,0.03137,0.33653,0.15776,0.02247,-0.0031,0.99682,0.07881,0.01108,-0.00243,0.9873316362827702,0.15707136183024356,0.022468361933627952,0.15717923113014076,-0.9875652049461476,-0.0031072948059513144,0.0217009054310087,0.00659949031865423,-0.9997427256204512
3.267,0.015697944909334183,Empty,0.53692,0.03686,0.32853,0.14535,0.02771,-0.00247,0.99726,0.07262,0.01373,-0.00224,0.9890759215497572,0.1447779845803261,0.027715638029049174,0.14490102130172344,-0.9894430649226583,-0.002472913701217147,0.027065022376046296,0.006461923654382484,-0.9996127890870888
3.333,0.015697944909334183,Empty,0.54117,0.04174,0.32053,0.13224,0.03297,-0.00327,0.99768,0.06609,0.01634,-0.00272,0.9907312558765593,0.13177631699982495,0.032963326701300234,0.13195437939884563,-0.9912503751840209,-0.003276500420119677,0.032243144801965384,0.007595786693896702,-0.9994511912233535
3.4,0.015697944909334183,Empty,0.54494,0.04497,0.31263,0.11962,0.03636,-0.00363,0.99804,0.0598,0.01804,-0.0029,0.9921965035663529,0.11926397602788819,0.03636210022432208,0.11947309198598027,-0.9928308192124202,-0.0036255638601456544,0.03566901459269387,0.007941564330396913,-0.9993321034340746
3.467,0.015697617083787918,Empty,0.54779,0.04731,0.30458,0.10446,0.03381,-0.00729,0.99848,0.05226,0.01669,-0.00452,0.9939803128508125,0.10421377858724024,0.033802751627198195,0.10451553125538532,-0.9944965985912674,-0.0072814227184064325,0.03285789694129794,0.010770503375851103,-0.9994019986299936
3.533,0.015697617083787918,Empty,0.55071,0.04818,0.29691,0.09112,0.0326,-0.00881,0.99882,0.04561,0.01608,-0.00514,0.9953218453527166,0.09095385351447915,0.03258559028971234,0.09128424658033646,-0.9957860281255756,-0.008796164854649185,0.03164823043904106,0.011729566094128063,-0.9994302410820481
3.6,0.015697944909334183,Empty,0.55307,0.04952,0.2897,0.0795,0.02073,-0.02238,0.99909,0.03985,0.00991,-0.01159,0.9966270923793239,0.0794053134413712,0.0207179857325104,0.07986443566238133,-0.9965548568968456,-0.022362672282992796,0.018870894304835083,0.023941875293819012,-0.9995352299721861
3.667,0.015697944909334183,Empty,0.55639,0.05015,0.28513,0.06977,0.00096,-0.04193,0.99917,0.03488,-0.00025,-0.02097,0.9975667238583976,0.06971157448254872,0.0009632411888142109,0.06969060691173368,-0.9966874340864207,-0.041921093049932606,-0.0019623350116543137,0.041886216317435165,-0.9991204602668845
3.733,0.015697944909334183,Empty,0.56113,0.04864,0.28005,0.05637,0.00202,-0.05179,0.99927,0.0282,0.00028,-0.02591,0.9984090527610109,0.056349263789412185,0.0020307228398288232,0.05637879130655421,-0.9970669577799549,-0.0517582224795016,-0.0008917710877660829,0.05179036757754101,-0.9986575802398489
3.8,0.015697944909334183,Empty,0.56362,0.04663,0.27198,0.04487,-0.00647,-0.05845,0.99932,0.02233,-0.00389,-0.02914,0.9989725210112141,0.04485515842475246,-0.006474336042383892,0.04440159893337603,-0.9973039837809445,-0.058423128526440625,-0.009077459813129286,0.05807562911710674,-0.9982709156466459
3.867,0.015697944909334183,Empty,0.56612,0.0454,0.26544,0.03821,-0.01163,-0.06078,0.99934,0.01892,-0.00639,-0.03027,0.9992025504193298,0.03819876919996562,-0.011623995316329211,0.037425200952151794,-0.9974516181219095,-0.060742273909323144,-0.013914653039057596,0.06025880464788472,-0.9980857973607334
3.933,0.015697617083787918,Empty,0.56834,0.04457,0.25787,0.03449,-0.01818,-0.06115,0.99935,0.01696,-0.00961,-0.03041,0.9992399482224985,0.03448744510347851,-0.018169810305363288,0.03331901650104768,-0.997575503024825,-0.06109794517141894,-0.020232869685272964,0.060446107360204414,-0.9979663817430412
4.0,0.015697617083787918,Empty,0.56984,0.04338,0.24994,0.0287,-0.0172,-0.05488,0.99949,0.01411,-0.00899,-0.02731,0.9994403437134218,0.02869327358526319,-0.017195796258349105,0.027711306115544787,-0.9981098293246404,-0.054853004647949455,-0.01873720553785929,0.05434578784504488,-0.9983463589717414
4.067,0.015697617083787918,Empty,0.57126,0.0428,0.24382,0.02433,-0.01513,-0.05075,0.99958,0.01197,-0.00787,-0.02528,0.9995895837979967,0.024321000551646932,-0.015137796891048924,0.02352459207465407,-0.9984350951918486,-0.05073415276680124,-0.016348013037337995,0.050357220151739934,-0.9985974628689582
4.133,0.015697617083787918,Empty,0.57294,0.04265,0.23865,0.0207,-0.01028,-0.04871,0.99964,0.01022,-0.00539,-0.0243,0.9997329348311423,0.020702571022360505,-0.010269496919272578,0.02017914490627909,-0.9986099971760108,-0.0486916384092648,-0.011263264391916643,0.04847140490218248,-0.9987610634090851
4.2,0.015697617083787918,Empty,0.57455,0.04212,0.23329,0.01935,-0.00032,-0.04713,0.99968,0.00967,-0.00039,-0.02356,0.9998127942302024,0.01934624854053313,-0.0003148984008383843,0.01930994333811753,-0.9987032735949566,-0.04710517380283602,-0.0012257984637020372,0.047090274772235347,-0.9988898855429471
4.267,0.015697944909334183,Empty,0.57603,0.0414,0.22805,0.01832,0.01002,-0.04579,0.99968,0.00927,0.0048,-0.02294,0.9997821902986211,0.018306106815070722,0.010022894540323245,0.01874661545225198,-0.9987756743452623,-0.04577899895422897,0.009172588008659456,0.04595692319380326,-0.9989013088587791
4.333,0.015697944909334183,Empty,0.57752,0.04045,0.22215,0.017,0.02265,-0.04486,0.99965,0.00875,0.01113,-0.02252,0.9995990977878755,0.016997483884052145,0.02264352541626731,0.01799976644676876,-0.9988328633661463,-0.04482097129299173,0.021855253591014336,0.045210580635475055,-0.9987383798017756
4.4,0.015697944909334183,Empty,0.57863,0.03935,0.21605,0.01727,0.03349,-0.04138,0.99961,0.00898,0.01656,-0.02083,0.9992906748243469,0.017256271656718003,0.033471903107097876,0.01863543555075886,-0.998971374088015,-0.04133901661308074,0.032724115739541725,0.04193345730097392,-0.9985843566809227
4.467,0.015697944909334183,Empty,0.58019,0.03831,0.21054,0.01827,0.04448,-0.03769,0.99953,0.00955,0.02206,-0.01904,0.9988440369372251,0.018252118816821428,0.044468528575202,0.01993204110760638,-0.9990928624671728,-0.03763197981020094,0.04374132613709378,0.03847482717111697,-0.9983017500044368
4.533,0.015697944909334183,Empty,0.5819,0.03744,0.20467,0.01908,0.0556,-0.03363,0.99942,0.01,0.02763,-0.01707,0.9982733331367916,0.019040262417869047,0.05556816314238926,0.020927314845447575,-0.9992170011483782,-0.03357725583488682,0.0548853335720939,0.03468217154534322,-0.9978901478296994
4.6,0.015697944909334183,Empty,0.58326,0.03693,0.19881,0.01991,0.0631,-0.03171,0.99932,0.01045,0.03138,-0.01616,0.997811572760579,0.019873984935874944,0.06306417356810448,0.021902954818281084,-0.9992591048241901,-0.03164651633570753,0.06238850723721287,0.032958551981640126,-0.9975075979740633
4.667,0.015697944909334183,Empty,0.58454,0.03589,0.19299,0.02173,0.07228,-0.02507,0.9992,0.01131,0.03599,-0.01292,0.9971530178543604,0.021676379149817737,0.07222183583165848,0.02353639384407008,-0.9994102605378166,-0.025003385701749134,0.07163726089653678,0.026632043081351406,-0.9970751411666798
4.733,0.015697944909334183,Empty,0.58482,0.03569,0.18722,0.02315,0.07788,-0.02296,0.9991,0.01201,0.03879,-0.01192,0.9967021752198815,0.023070625176851878,0.07779794448380166,0.024919487518753336,-0.999427636788592,-0.022878329593145213,0.07722559843574,0.024741565777433992,-0.9967066077182004
4.8,0.015697617083787918,Empty,0.58518,0.03542,0.18169,0.02366,0.08507,-0.02128,0.99896,0.01227,0.04239,-0.01113,0.9961056810112142,0.0235676527697819,0.08495903718915693,0.025453891184927413,-0.9994514513513446,-0.021187161566304964,0.08441310135714379,0.02326719008848782,-0.9961591570550636
4.867,0.015697617083787918,Empty,0.58547,0.03506,0.17662,0.02308,0.08925,-0.01853,0.99889,0.01194,0.0445,-0.00977,0.9957534716373169,0.022986679894075157,0.08914390764196145,0.02472509736111761,-0.9995240914546155,-0.01844614220664873,0.08867746772836095,0.020571901936184057,-0.9958479319494586
4.934,0.015697617083787918,Empty,0.58599,0.03512,0.1722,0.02222,0.09571,-0.01688,0.99875,0.0115,0.04774,-0.00896,0.9951780444706828,0.022120400888889336,0.09555808530952428,0.02383104461676322,-0.999574872542671,-0.016797484745540325,0.09514589384719302,0.0189937370155967,-0.9952821192195713
5.0,0.015697944909334183,Empty,0.58583,0.03535,0.16774,0.01957,0.09663,-0.01435,0.99876,0.01012,0.04822,-0.00764,0.9951449498481992,0.019474883140531585,0.09647412978766841,0.020948477826692513,-0.9996784958131282,-0.014285177126865611,0.09616491079582938,0.01623680804419377,-0.9952329757379255
5.067,0.015697944909334183,Empty,0.58609,0.03595,0.16396,0.01754,0.09972,-0.01246,0.9987,0.00907,0.04978,-0.00666,0.9948802224402555,0.01745182580091703,0.09954283888578656,0.018776983848622142,-0.999746911272881,-0.012391056366699967,0.0993013991581983,0.01419673119237662,-0.9949561221223152
5.133,0.015697617083787918,Empty,0.58636,0.03691,0.16028,0.01511,0.10318,-0.01224,0.99862,0.00786,0.05152,-0.0065,0.9945685685930226,0.015027372070511746,0.10299291458872664,0.016366059070358596,-0.9997920594214253,-0.012165115222242492,0.10278868846975282,0.0137846293573424,-0.9946076962884154
5.2,0.015697617083787918,Empty,0.58571,0.03825,0.15725,0.00995,0.10241,-0.01257,0.99866,0.00529,0.05115,-0.00653,0.9947104596057976,0.009895060845095838,0.10224083979357063,0.01123027900394985,-0.9998589031413979,-0.012492183250881785,0.10210280301889936,0.013574298499444406,-0.9946812333787803
5.267,0.015697617083787918,Empty,0.58505,0.04048,0.15543,-0.00069,0.0966,-0.00922,0.99882,-0.00012,0.04828,-0.00459,0.9953381927410133,-0.000677347943800255,0.09644388664304575,0.00020913050145510148,-0.9999578296128739,-0.009181245032336374,0.09644603846445397,0.009158613195974032,-0.995296077289989
5.333,0.015697944909334183,Empty,0.5851,0.04456,0.15543,-0.01003,0.08919,-0.0089,0.99898,-0.00481,0.0446,-0.00422,0.9959750617579117,-0.009990610531943611,0.0890722406674668,-0.009238415754405704,-0.9999181342448575,-0.008853049340843175,0.08915339606920689,0.007994529972529573,-0.9959858229211123
5.4,0.015697944909334183,Empty,0.58629,0.04847,0.15647,-0.01351,0.08518,-0.00976,0.99906,-0.00654,0.04261,-0.00459,0.9962826609565243,-0.013451983596241002,0.08508762315820981,-0.012668930456117833,-0.9998723440991555,-0.009736205973485068,0.08520773250406984,0.008622044014416805,-0.9963259018406219
5.466,0.015697944909334183,Empty,0.58732,0.05102,0.15762,-0.01567,0.08284,-0.00918,0.9991,-0.00764,0.04144,-0.00426,0.9964494826558512,-0.015619846550793015,0.08273118461992812,-0.014913494425801699,-0.9998469295616743,-0.0091490507760921,0.08286142769044336,0.007882755851959815,-0.9965299021912386
5.533,0.015697944909334183,Empty,0.58872,0.05303,0.15835,-0.01857,0.08437,-0.00801,0.99906,-0.00911,0.04221,-0.00361,0.9962709793372466,-0.018505705190220545,0.0842714341032354,-0.017896847400720062,-0.9998080347362372,-0.007974743254692086,0.08440283516279906,0.006436812275929738,-0.9964109236977512
5.6,0.015697944909334183,Empty,0.58942,0.05439,0.15759,-0.01832,0.08664,-0.0074,0.99901,-0.00899,0.04334,-0.0033,0.9960806804130624,-0.018254085992599034,0.08654517001211304,-0.017682784568486876,-0.9998165337395192,-0.007363286698013068,0.08666370196198231,0.0058040680274660675,-0.9962207162855917
5.667,0.015697944909334183,Empty,0.59031,0.05439,0.1554,-0.01517,0.09038,-0.00441,0.99895,-0.00748,0.04519,-0.00186,0.9958044408363838,-0.015110471820485194,0.09025070222385936,-0.014773854896276861,-0.9998811940127214,-0.0043967114072219,0.09030641628390068,0.0030449139654451876,-0.9959093732247438
5.733,0.015697944909334183,Empty,0.59061,0.05372,0.15243,-0.01361,0.09108,-0.00206,0.99894,-0.00675,0.04553,-0.00072,0.9957637713924112,-0.01354925589212902,0.09094464935954734,-0.013417402300256731,-0.9999078583844541,-0.0020610813976299075,0.0909641956919011,0.0008321092381378848,-0.9958538159269871
5.8,0.015697944909334183,Empty,0.59068,0.05315,0.14943,-0.01359,0.09018,-0.00159,0.99896,-0.00675,0.04508,-0.00049,0.9958446563237144,-0.013522971078682888,0.09005859051033657,-0.013433980997905881,-0.9999084890828001,-0.001594244241039565,0.09007190808488104,0.0003777742147000535,-0.9959351930023315
5.867,0.015697617083787918,Empty,0.59113,0.05286,0.14684,-0.01206,0.09154,-0.00151,0.99893,-0.00599,0.04576,-0.00048,0.995740898981048,-0.012008800431970501,0.09141034300668362,-0.011920359581796602,-0.9999278046603519,-0.0015134379966053602,0.0914219181807902,0.00041734795315686175,-0.9958121603479397
5.933,0.015697617083787918,Empty,0.59133,0.05273,0.14444,-0.01211,0.09189,-0.00128,0.99893,-0.00602,0.04593,-0.00036,0.9957083699185842,-0.012064095638067096,0.09175674182593468,-0.011998053952198218,-0.9999272125383882,-0.001271348327207919,0.09176540075342017,0.0001649898315774198,-0.9957806405041824
6.0,0.015697617083787918,Empty,0.59174,0.05312,0.14235,-0.01185,0.09394,-0.00242,0.99888,-0.00586,0.04696,-0.00093,0.9955202087538021,-0.011786519472737067,0.09381147009563914,-0.011611905572833148,-0.999929682532685,-0.0024069979333317115,0.09383324363866932,0.0013068851526611398,-0.9955870702452115
6.067,0.015697617083787918,Empty,0.59222,0.05336,0.14083,-0.01101,0.09612,-0.00279,0.99883,-0.00543,0.04805,-0.00113,0.9953240676601696,-0.010951214564538903,0.09596911605290315,-0.010734525608826928,-0.9999385358006041,-0.002773910758713742,0.09599359507991975,0.001730757205762906,-0.9953804469564024
6.133,0.015697617083787918,Empty,0.59286,0.05342,0.13943,-0.01077,0.09873,-0.00282,0.99877,-0.00531,0.04935,-0.00114,0.9950731570627127,-0.010728408209516482,0.09856121625941855,-0.01050324545088921,-0.999940910494939,-0.002803097135463818,0.09858546509625196,0.001754074069828587,-0.9951270417870841
6.2,0.015697944909334183,Empty,0.5938,0.05335,0.1376,-0.01067,0.10229,-0.00271,0.99868,-0.00526,0.05113,-0.00108,0.9947161000798335,-0.010624642897073211,0.1021126691712469,-0.010404395064512295,-0.9999422564865263,-0.002689285402390447,0.10213534552400746,0.0016126549363179382,-0.9947692046594266
6.267,0.015697944909334183,Empty,0.59477,0.05331,0.13554,-0.01033,0.10634,-0.00251,0.99857,-0.00509,0.05315,-0.00098,0.9942980547590924,-0.010267523026707026,0.10614120911870871,-0.010060208061493048,-0.9999462984908972,-0.002488442909258745,0.10616105932047247,0.0014064512964224046,-0.9943479528709788
6.333,0.015697944909334183,Empty,0.59523,0.05334,0.13304,-0.0102,0.10778,-0.00231,0.99853,-0.00503,0.05387,-0.00088,0.9941453400538844,-0.010145838737352364,0.10757371800520094,-0.009955792652855289,-0.9999477865045729,-0.0023035748867313577,0.10759147290468801,0.0012191066077526247,-0.9941944421174757
6.4,0.015697944909334183,Empty,0.59553,0.05348,0.13084,-0.01035,0.1087,-0.00217,0.99851,-0.00511,0.05433,-0.0008,0.9940446734496273,-0.01029471472829091,0.10848597160502846,-0.010121240632804951,-0.9999464684835049,-0.0021495709851479666,0.10850229340653007,0.0010387569640900416,-0.9940956560158046
6.467,0.015697944909334183,Empty,0.59601,0.05339,0.12951,-0.00828,0.11104,-0.00046,0.99845,-0.00412,0.05549,-0.0,0.9938084978886464,-0.00821876462871829,0.11080217250708735,-0.008218615754604919,-0.9999661216860435,-0.00045807777838216546,0.11080218354974206,-0.00045539889176107165,-0.9938423762008032
6.533,0.015697617083787918,Empty,0.59698,0.0527,0.12882,-0.00486,0.11599,0.0033,0.99831,-0.00252,0.05796,0.00179,0.993267684583837,-0.004818792919537018,0.11574146187197493,-0.0052339621665131175,-0.9999809123076857,0.0032833915891933227,0.11572343065042054,-0.003867073193914948,-0.9932739467757171
6.6,0.015697617083787918,Empty,0.59839,0.05197,0.12862,0.0002,0.12322,0.00911,0.99809,-0.00018,0.06157,0.00454,0.9924188967705805,0.00019186255725378576,0.12290116566340295,-0.0009257658902748211,-0.9999587410334694,0.009036547364724978,0.12289782866340851,-0.009081818073361654,-0.9923777729727232
6.667,0.015697617083787918,Empty,0.59994,0.05196,0.1284,0.00707,0.13145,0.01488,0.99781,0.00304,0.0657,0.00719,0.9913491094194021,0.007013638476598527,0.13106392382603851,0.005124854444438887,-0.9998781837511148,0.014742914416589835,0.13115135958228308,-0.01394369154460734,-0.9912642908658759
6.733,0.015697617083787918,Empty,0.60025,0.05239,0.12778,0.01082,0.13347,0.01732,0.99772,0.00482,0.06673,0.00828,0.9910472118106861,0.010723438480447989,0.1330805463973656,0.008512143591348442,-0.9998162808006208,0.01717405186595223,0.13324026183457308,-0.01588749549709459,-0.9909564168585238
6.8,0.015697617083787918,Empty,0.60024,0.0525,0.12774,0.01102,0.13343,0.01735,0.99773,0.00492,0.06671,0.00829,0.9910512057634615,0.010923739504085705,0.13303450480997664,0.008711993375905447,-0.999814179945507,0.01719612605533454,0.13319763033255141,-0.01588324573692841,-0.9909622161206013
6.867,0.015697617083787918,Empty,0.60024,0.05248,0.12774,0.011,0.13343,0.01737,0.99773,0.00491,0.06671,0.0083,0.991051792158649,0.010905628916935695,0.1330316222446967,0.008691672527961991,-0.9998140883811264,0.017211725749720887,0.1331945948144903,-0.01590144435398962,-0.9909623322708391
6.933,0.015697617083787918,Empty,0.60025,0.0525,0.12774,0.01102,0.13343,0.01735,0.99773,0.00492,0.06671,0.00829,0.9910508682106074,0.010924984677783633,0.13303691716509183,0.008711602783671502,-0.9998139775522353,0.017208087288189233,0.13320016740207496,-0.015895125069297387,-0.9909616846291741
7.0,0.015697617083787918,Empty,0.60025,0.05247,0.12774,0.01098,0.13345,0.01737,0.99773,0.0049,0.06672,0.0083,0.9910495935422012,0.01088925142991587,0.13304934176136998,0.008673688060067075,-0.9998140940159328,0.017220468708375895,0.13321212510606678,-0.015912310027006764,-0.9909598014623651
7.067,0.015697944909334183,Empty,0.60025,0.0525,0.12774,0.01102,0.13343,0.01737,0.99773,0.00492,0.06671,0.0083,0.9910507545414375,0.010928844407776084,0.13303744691912034,0.008714244019476902,-0.9998137951974719,0.01721734253584379,0.13320084036527752,-0.01590393953516499,-0.9909614527484133
7.133,0.015697944909334183,Empty,0.60025,0.05248,0.12773,0.01098,0.13343,0.01737,0.99773,0.0049,0.06671,0.0083,0.9910509667070662,0.010894299543256936,0.1330386997322636,0.008679067462139034,-0.9998140619736262,0.01721961868871906,0.13320155846301984,-0.015910867897730538,-0.9909612450069699
7.2,0.015697944909334183,Empty,0.60025,0.05249,0.12774,0.011,0.13345,0.01737,0.99773,0.00491,0.06672,0.0083,0.9910494608322549,0.010913782890795809,0.1330483202716571,0.008698790979172477,-0.9998139192247077,0.017217954583232296,0.13321147555521473,-0.015906485078173466,-0.9909599822963894
7.267,0.015697944909334183,Empty,0.60025,0.05249,0.12774,0.01102,0.13345,0.01737,0.99773,0.00492,0.06672,0.0083,0.9910492637275315,0.010915708082600728,0.133049630522495,0.008700325382019147,-0.9998138563436884,0.0172208304506309,0.1332128417359377,-0.015909116261371276,-0.9909597564060905
7.333,0.015697944909334183,Empty,0.60025,0.05248,0.12773,0.011,0.13343,0.01737,0.99773,0.00491,0.06671,0.0083,0.9910510502999184,0.010909636544118528,0.13303682020367036,0.008693891227282702,-0.9998138461319147,0.017224672369472754,0.1331999698001343,-0.015913921998763705,-0.9909614095068793
7.4,0.015697617083787918,Empty,0.60025,0.05249,0.12774,0.011,0.13345,0.01737,0.99773,0.00491,0.06672,0.0083,0.9910494599977336,0.010907065622225931,0.13304887732601575,0.008691449458778533,-0.9998139118578737,0.017222089355279517,0.1332119609663721,-0.015911554762756193,-0.9909598356545666
7.466,0.015697617083787918,Empty,0.60025,0.05248,0.12774,0.011,0.13345,0.01737,0.99773,0.00491,0.06672,0.0083,0.9910496948527373,0.010896164001768016,0.13304802118912923,0.00868041526235519,-0.99981400130633,0.01722246157489373,0.13321093319682684,-0.015913403214655144,-0.9909599441324348
7.533,0.015697617083787918,Empty,0.60025,0.05249,0.12774,0.011,0.13345,0.01737,0.99773,0.00491,0.06672,0.0083,0.991049606787284,0.010900176341950119,0.1330483485146809,0.00868454030202448,-0.9998139760580743,0.017221847714078836,0.13321131951344128,-0.015912241660394733,-0.9909599108535263
7.6,0.015697617083787918,Empty,0.60025,0.05249,0.12774,0.011,0.13345,0.01737,0.99773,0.00491,0.06672,0.0083,0.9910491817315399,0.010906153557560083,0.13305102481312922,0.008690573403355828,-0.9998139295780117,0.017221502713035616,0.1332140883058766,-0.0159110664744112,-0.9909595575201245
7.667,0.015697617083787918,Empty,0.60025,0.0525,0.12773,0.01108,0.13335,0.01738,0.99773,0.00495,0.06667,0.0083,0.9910625109862485,0.01098607854632494,0.1329451217450498,0.008771545120134894,-0.9998130461744169,0.01723173513139916,0.1331095763415902,-0.015911592554085856,-0.9909735929420901
7.733,0.015697617083787918,Empty,0.60058,0.05228,0.12822,0.01349,0.12795,0.01884,0.99789,0.00613,0.06399,0.00897,0.99173436596106,0.013384837867576493,0.12760796796075205,0.011087818602374788,-0.9997637691475991,0.018694014508045767,0.12782803937499182,-0.017124602624437164,-0.9916484963607318
7.8,0.015697617083787918,Empty,0.60124,0.05156,0.12988,0.01347,0.11832,0.02137,0.99818,0.00609,0.05919,0.01027,0.9929182459262555,0.013368821057410218,0.11804504026117825,0.010936065208206835,-0.9997147514555741,0.02123247983354238,0.11829522130876674,-0.019791168375183854,-0.9927812197407119
7.867,0.015697617083787918,Empty,0.60272,0.0506,0.13284,0.01263,0.11013,0.02493,0.99839,0.00562,0.05511,0.0121,0.9938633506430954,0.012560619744023505,0.1098993679696379,0.009892577480325904,-0.999643762356156,0.024788813872889746,0.11017158054269527,-0.02354950560149977,-0.993633556008778
7.933,0.015697944909334183,Empty,0.60522,0.04967,0.13652,0.01228,0.10173,0.02754,0.9986,0.00543,0.05092,0.01344,0.9947559618808157,0.012222817341559056,0.10154397588635089,0.009485810611267187,-0.9995797278610322,0.027393193430338768,0.10183612178210683,-0.02628631555581088,-0.9944538369954034
8.0,0.015697944909334183,Empty,0.60837,0.04898,0.1404,0.01053,0.10062,0.02859,0.99862,0.00454,0.05036,0.01401,0.9948871809730182,0.010469496784781762,0.10044842842292037,0.007646517040571066,-0.9995660340371118,0.0284477481792108,0.1007026708320556,-0.027534219371410908,-0.994535488985133
8.067,0.015697944909334183,Empty,0.61095,0.04853,0.14365,0.00893,0.0973,0.02927,0.9987,0.00375,0.04869,0.0144,0.995229948572206,0.008888673381347467,0.09715112428831577,0.006083780212968848,-0.9995571279903387,0.029129632713541492,0.09736702256557075,-0.028399636779812207,-0.9948432658200437
8.133,0.015697617083787918,Empty,0.61246,0.04791,0.14625,0.00201,0.09355,0.03009,0.99879,0.0003,0.04677,0.01498,0.9956244800946663,0.0020074188387227965,0.09342304269200145,-0.0007960778033875848,-0.9995507310081433,0.02996168221608564,0.09344121626111537,-0.029904956289763897,-0.9951755788266465
8.2,0.015697617083787918,Empty,0.61371,0.04722,0.14792,-0.00754,0.0926,0.03053,0.9988,-0.00447,0.04622,0.01542,0.9956881955424179,-0.007497627247470329,0.09245973633502017,-0.010347697069760464,-0.9994847297766475,0.030384208211734667,0.0921842851186466,-0.031209942790071936,-0.9952527302390103
8.267,0.015697617083787918,Empty,0.6145,0.04654,0.14898,-0.01944,0.09155,0.03073,0.99878,-0.01041,0.0456,0.01579,0.9956235992379827,-0.01935903719276677,0.09142689057041173,-0.022239182095062593,-0.999284606858718,0.03058910386002773,0.09076930880064928,-0.03248849295036603,-0.9953418660971045
8.333,0.015697617083787918,Empty,0.61398,0.04609,0.14876,-0.04017,0.09199,0.03051,0.99861,-0.02076,0.04566,0.01616,0.9949679059377111,-0.03997812296594899,0.09187282426291837,-0.0429302769296554,-0.9986159465325848,0.030383920971010298,0.09053097523316964,-0.03417515201061964,-0.9953070890475875
8.4,0.015697617083787918,Empty,0.61331,0.04598,0.14819,-0.0654,0.09192,0.03191,0.99826,-0.03339,0.04539,0.01743,0.9936504111078892,-0.065076031027614,0.09178219157775405,-0.06824069752960998,-0.9971628869446123,0.03177080579649419,0.08945427717999166,-0.0378323550149776,-0.9952721463038267
8.467,0.015697617083787918,Empty,0.61269,0.04641,0.14807,-0.08796,0.09328,0.03814,0.99773,-0.0448,0.04573,0.02108,0.9918037312545983,-0.08746954343577401,0.09313666109859071,-0.0913247813571868,-0.9950973610570362,0.037960852563989594,0.08935962723466644,-0.046155400425737785,-0.9949294125876572
8.533,0.015697944909334183,Empty,0.61181,0.04665,0.1484,-0.11326,0.09655,0.04832,0.99688,-0.05768,0.0468,0.02682,0.9889662202119907,-0.11247974649947501,0.09640602630034371,-0.11750058055446228,-0.9919085888382808,0.048072496900151154,0.09021878323815424,-0.05886983961473429,-0.9941805234135108
8.6,0.015697944909334183,Empty,0.61162,0.04882,0.14863,-0.13612,0.09753,0.04909,0.99612,-0.0691,0.04695,0.02777,0.9860414077622128,-0.13505782041483938,0.09737416147575435,-0.14027373654192749,-0.9889072946998677,0.04884302740365766,0.08969738577505607,-0.06182028497331204,-0.9940486061309775
8.667,0.015697944909334183,Empty,0.6116,0.04979,0.14892,-0.16119,0.09939,0.05337,0.99506,-0.0817,0.04735,0.03056,0.9821655908319186,-0.1597011486578725,0.09922850045800471,-0.16549006077795603,-0.984781518267478,0.05308861518733689,0.0892400805103657,-0.06856314167361972,-0.9936474745272323
8.733,0.015697944909334183,Empty,0.61134,0.04955,0.14956,-0.18882,0.10029,0.06156,0.99368,-0.09564,0.04698,0.03532,0.9772919810332519,-0.18675009092893508,0.10012386002415455,-0.19338718649520986,-0.9792117261724498,0.06120287105878293,0.08661281606996167,-0.07917574669307212,-0.9930908423845353
8.8,0.015697944909334183,Empty,0.61258,0.05021,0.1509,-0.21207,0.10217,0.06453,0.9924,-0.10728,0.04734,0.03744,0.9725014088698244,-0.20937421289262448,0.10199729762008473,-0.21646350812531656,-0.9741811542873953,0.06414536835468986,0.08593345911975848,-0.08446015395955529,-0.9927144216726385
8.867,0.015697617083787918,Empty,0.61369,0.05026,0.15259,-0.23882,0.10679,0.06478,0.99074,-0.12061,0.04911,0.03846,0.9660829834516427,-0.23520684996379532,0.10658990015607317,-0.24276171021122933,-0.9679488569034769,0.06435652627800556,0.088036476193065,-0.08804969136437214,-0.9922181366565254
