time,gr,gr_state,tx,ty,tz,rx,ry,rz,qw,qx,qy,qz,xx,xy,xz,yx,yy,yz,zx,zy,zz
0.0,0.015636546537280083,Empty,0.3076,-0.00053,0.48586,0.00608,0.00257,0.00347,0.99999,0.00304,0.00129,0.00173,0.9999781647599888,0.006087333493817015,0.002571842565096649,0.006078393380757441,-0.9999755065686857,0.003469783366287189,0.0025929013003494483,-0.0034540749319105666,-0.9999906730711097
0.067,0.015636546537280083,Empty,0.3076,-0.00053,0.48586,0.00608,0.00257,0.00347,0.99999,0.00304,0.00129,0.00173,0.9999781235932368,0.006092797439311237,0.002574908602718087,0.006083835049732644,-0.9999754578658979,0.0034742793462709215,0.0025960134892702154,-0.003458538022315658,-0.9999906495706405
0.133,0.015636546537280083,Empty,0.3076,-0.00053,0.48586,0.00608,0.00257,0.00347,0.99999,0.00304,0.00129,0.00173,0.9999781663258056,0.00608811348240712,0.0025693862895378194,0.006079169995539979,-0.9999754859565613,0.003474360099990169,0.002590475602058209,-0.0034586645059054024,-0.9999906634944101
0.2,0.015636874362826347,Empty,0.3076,-0.00053,0.48586,0.00608,0.00257,0.00347,0.99999,0.00304,0.00129,0.00173,0.9999781627213953,0.006088792618755778,0.0025691797891070145,0.006079844959721414,-0.9999754752994232,0.0034762458138047,0.002590282920593898,-0.0034605496872649444,-0.9999906574714851
0.266,0.015636874362826347,Empty,0.3076,-0.00053,0.48586,0.00608,0.00257,0.00349,0.99999,0.00304,0.00129,0.00174,0.9999781369937417,0.006092497915320294,0.00257040924324271,0.006083539781648717,-0.999975444494988,0.003478642087909407,0.0025915397452144855,-0.0034629288474492836,-0.9999906459790242
0.333,0.015636546537280083,Empty,0.3076,-0.00053,0.48586,0.00608,0.00257,0.00347,0.99999,0.00304,0.00129,0.00173,0.9999781477193821,0.006087706400291881,0.0025775791932016404,0.0060787333797223675,-0.99997548700857,0.0034748212143562093,0.002598669700371434,-0.0034590768649073434,-0.9999906408077183
0.4,0.015636546537280083,Empty,0.3076,-0.00053,0.48586,0.00608,0.00257,0.00347,0.99999,0.00304,0.00129,0.00173,0.9999781322648047,0.006090773025374752,0.0025763299761664003,0.006081799931893173,-0.9999754624937163,0.003476509753572093,0.0025974413912828076,-0.0034607650067038143,-0.9999906381580715
0.467,0.015636546537280083,Empty,0.3076,-0.00053,0.48585,0.00608,0.00257,0.00347,0.99999,0.00304,0.00129,0.00173,0.9999781810951319,0.006086470370180508,0.0025675303511530434,0.006077543807323393,-0.9999755099268337,0.0034703037098080948,0.0025885893728521433,-0.0034546237133958224,-0.9999906823466195
0.533,0.015636546537280083,Empty,0.3076,-0.00053,0.48585,0.00608,0.00257,0.00347,0.99999,0.00304,0.00129,0.00173,0.9999781521295927,0.006090234886439505,0.0025698837547190423,0.006081301413373985,-0.9999754887295442,0.0034698289912458405,0.002590952837175766,-0.0034541249451619255,-0.999990677948679
0.6,0.015636546537280083,Empty,0.3076,-0.00053,0.48585,0.00608,0.00257,0.00349,0.99999,0.00304,0.00129,0.00174,0.9999781432612544,0.006092302205440603,0.0025684340776763776,0.006083343339391922,-0.9999754355128608,0.0034815664117247088,0.002589581740139066,-0.0034658656496981233,-0.999990640877058
0.667,0.015636546537280083,Empty,0.3076,-0.00053,0.48586,0.00608,0.00257,0.00347,0.99999,0.00304,0.00129,0.00173,0.9999781792744065,0.0060843572551353975,0.002573241503285449,0.006075403004805691,-0.999975512278765,0.003473373166034298,0.0025943117336873346,-0.003457663895350408,-0.9999906570098618
0.733,0.015636546537280083,Empty,0.3076,-0.00053,0.48585,0.00608,0.00257,0.00349,0.99999,0.00304,0.00129,0.00174,0.9999781521411107,0.006092603964193644,0.002564257667472798,0.006083668986433921,-0.99997544620257,0.0034779251909591562,0.002585384326014922,-0.0034622491108955277,-0.9999906642659124
0.8,0.015636546537280083,Empty,0.3076,-0.00053,0.48586,0.00608,0.00257,0.00347,0.99999,0.00304,0.00129,0.00173,0.9999781524668567,0.006090736183954559,0.002568564133677652,0.006081808088934437,-0.9999754867483933,0.003469511879634907,0.002589633051364662,-0.003453814565233981,-0.9999906824393956
0.867,0.015636546537280083,Empty,0.3076,-0.00054,0.48586,0.00608,0.00257,0.00349,0.99999,0.00304,0.00129,0.00174,0.9999781762877347,0.00608619891710338,0.00257004494081814,0.006077210535282762,-0.9999754405812817,0.003490808843341078,0.0025912275790103525,-0.0034751139567428175,-0.999990604517173
0.933,0.015636546537280083,Empty,0.30766,-0.00053,0.48601,0.00614,0.00151,0.00354,0.99999,0.00307,0.00076,0.00177,0.9999799961968816,0.006143845632377298,0.0015034516719084786,0.006138478947068149,-0.9999748631938102,0.003548528813016567,0.0015252154931842301,-0.0035392289225088867,-0.9999925737605921
1.0,0.015636546537280083,Empty,0.30804,-0.00014,0.48586,0.00582,0.00023,0.00464,0.99999,0.00291,0.00012,0.00232,0.9999829799505242,0.005829589680546421,0.00023599454614729384,0.005828430125038364,-0.9999722147921095,0.004647477384677807,0.0002630808751919443,-0.004646022806660672,-0.9999891725716499
1.067,0.015636546537280083,Empty,0.30982,0.0007,0.48584,0.00482,-0.00602,0.00129,0.99999,0.00241,-0.00301,0.00065,0.999970235247661,0.004824304643461341,-0.006021187876524965,0.004832069773197001,-0.9999875116993284,0.0012757535390282033,-0.006014958058398347,-0.001304810366476966,-0.999981058695345
1.133,0.015636546537280083,Empty,0.31294,0.00079,0.48596,0.00241,-0.01223,-0.00741,0.99997,0.00118,-0.00612,-0.0037,0.9999223550423996,0.002396351371666383,-0.01222871156602545,0.00230591026638155,-0.9999699272705926,-0.007404548081326641,-0.012246087714242942,0.0073757748439601005,-0.9998978104192179
1.2,0.015636546537280083,Empty,0.31667,0.00028,0.484,0.00055,-0.01998,-0.01099,0.99994,0.00022,-0.00999,-0.00549,0.9998004314161653,0.000552846953774444,-0.019969769660563613,0.00033366094450809625,-0.9999396891540719,-0.010977555503498045,-0.019974634174982412,0.010968701596085687,-0.9997403170698236
1.267,0.015636546537280083,Empty,0.32009,0.0003,0.48097,0.00046,-0.02602,-0.01383,0.99989,0.00014,-0.01301,-0.00691,0.99966157925547,0.00046519036047026896,-0.0260098165773637,0.00010544401493500777,-0.9999043438406408,-0.013830836929746175,-0.026013762550221496,0.0138234137081273,-0.9995660045196789
1.333,0.015636874362826347,Empty,0.32366,0.00043,0.47804,0.00165,-0.03105,-0.01721,0.99984,0.00069,-0.01553,-0.00859,0.9995167110175267,0.0016498804830912261,-0.03104226620428461,0.0011161092433464304,-0.9998513693864405,-0.01720445977694525,-0.031066037675620533,0.017161498490840622,-0.9993699936823627
1.4,0.015636874362826347,Empty,0.32795,0.00047,0.47536,0.0021,-0.03462,-0.01866,0.99981,0.00089,-0.01732,-0.00931,0.9993985014387119,0.0021055302088133776,-0.03461505546141608,0.001460261102267213,-0.9998248951645292,-0.018656008328437328,-0.03464827498693612,0.018594239747225266,-0.9992265765524115
1.467,0.015636874362826347,Empty,0.33327,0.00095,0.47269,0.00635,-0.03502,-0.01863,0.9998,0.00301,-0.01754,-0.00926,0.9993667978638041,0.0063448916657881105,-0.03501065091077082,0.0056953887717144935,-0.9998104068678956,-0.018620227318483493,-0.03512215645693578,0.018409037682681366,-0.999213461407227
1.533,0.015636546537280083,Empty,0.33966,0.00123,0.47021,0.01545,-0.03615,-0.02018,0.99976,0.00754,-0.01815,-0.00995,0.9992271611538728,0.015441575448197853,-0.03614745025655705,0.014719225139919245,-0.9996883102510437,-0.020164988437721507,-0.03644756265723434,0.019617341692764835,-0.9991430003163994
1.6,0.015636546537280083,Empty,0.34646,0.00124,0.46712,0.02655,-0.03779,-0.02235,0.99967,0.01306,-0.01904,-0.01092,0.9989337410345625,0.02652192612072335,-0.03778846990208533,0.025690041594326918,-0.9994204752514596,-0.02233238480387,-0.03835886840843545,0.02133778533478272,-0.9990361835946842
1.667,0.015636546537280083,Empty,0.35401,0.00045,0.46388,0.04038,-0.04116,-0.0256,0.99951,0.01992,-0.02083,-0.01238,0.9983383284974208,0.04034101667055845,-0.04114831985587698,0.039309478919853924,-0.9988996742024319,-0.025577446028187883,-0.0421348634746263,0.023917425703052095,-0.998825615424291
1.733,0.015636874362826347,Empty,0.36253,-0.00056,0.4607,0.05515,-0.04175,-0.02877,0.99931,0.02726,-0.02126,-0.0138,0.9976101991131145,0.055065000964927335,-0.04173411427387694,0.05389146481195434,-0.9981330602577864,-0.02874202569145167,-0.04323887886976662,0.02642422542211463,-0.998715254547024
1.8,0.015636874362826347,Empty,0.37083,-0.00161,0.45726,0.07036,-0.04608,-0.03187,0.999,0.03479,-0.02358,-0.01511,0.9964670354652525,0.07023062141869874,-0.04605547791777505,0.06880519647153932,-0.9971219055912225,-0.031839446110790835,-0.04815902999027445,0.02855810227015226,-0.9984313409669809
1.867,0.015636874362826347,Empty,0.3795,-0.00223,0.45465,0.08552,-0.04876,-0.03369,0.99866,0.04232,-0.02507,-0.01578,0.9951610131397961,0.08531651609336066,-0.04874064021189864,0.08373365519523662,-0.9959199699611562,-0.033646521665914,-0.051412380942917155,0.029402474628182875,-0.99824459005372
1.933,0.015636546537280083,Empty,0.38775,-0.0023,0.4528,0.10111,-0.05321,-0.03507,0.99824,0.05004,-0.02745,-0.01616,0.9934849115163582,0.10079593576739637,-0.053178096262552405,0.09902155798327933,-0.9944690551470727,-0.03501470276115766,-0.05641331087516872,0.02952080093193755,-0.997970971856616
2.0,0.015636546537280083,Empty,0.3957,-0.00222,0.45199,0.1155,-0.05742,-0.03449,0.9978,0.05719,-0.02965,-0.01555,0.9917007995969047,0.11504302342682315,-0.05739884005513546,0.1131983284143912,-0.9929757934383825,-0.034426909382089615,-0.06095623448874784,0.027643740814702108,-0.997757566280869
2.067,0.015636546537280083,Empty,0.40412,-0.00228,0.45195,0.1359,-0.06083,-0.0308,0.99714,0.06739,-0.03138,-0.01329,0.9889478306287915,0.13522502124148061,-0.060797877634409234,0.13355609214783648,-0.9905643209830204,-0.030742417693574962,-0.0643813524617655,0.022282720338611076,-0.9976765617320604
2.133,0.015636546537280083,Empty,0.41234,-0.00181,0.45226,0.15689,-0.06312,-0.02897,0.99636,0.07786,-0.03259,-0.01196,0.985750670760428,0.1559351964664255,-0.0630858906439748,0.15437604166921093,-0.9875891953472267,-0.028907075119476943,-0.0668105744168715,0.018756218605952946,-0.9975893701366776
2.2,0.015636546537280083,Empty,0.42111,-0.00173,0.45235,0.18347,-0.06537,-0.02802,0.99521,0.09109,-0.03382,-0.01095,0.9811189575024304,0.18203858079199942,-0.06532645966665095,0.18055681770198784,-0.9831670258835142,-0.027961308923154255,-0.06931685805541808,0.01563823259194075,-0.9974721143323881
2.267,0.015636546537280083,Empty,0.43019,-0.00267,0.45215,0.214,-0.06768,-0.02889,0.99366,0.10624,-0.03518,-0.01074,0.974949586367276,0.21189444095250393,-0.06763172285032755,0.21038350080990903,-0.9771942262560068,-0.028813655771028537,-0.07219478256248657,0.013863263156635915,-0.9972942009785303
2.333,0.015636546537280083,Empty,0.4392,-0.00443,0.45106,0.24283,-0.07,-0.03002,0.99198,0.12051,-0.03655,-0.01065,0.9682852556301673,0.23985681217267757,-0.06994550295467498,0.23830051229367205,-0.970730207857516,-0.02992873858813945,-0.07507682445199064,0.012311507107767456,-0.9971017486811163
2.4,0.015636874362826347,Empty,0.44745,-0.00631,0.44838,0.27068,-0.07136,-0.02602,0.9902,0.13437,-0.0371,-0.00807,0.9611378151089796,0.26670162626202004,-0.07130457851169993,0.26550346631892185,-0.9637603507261984,-0.025959501935755636,-0.07564396697803775,0.006019046212583442,-0.9971167240311017
2.467,0.015636874362826347,Empty,0.45531,-0.0074,0.44488,0.30356,-0.07107,-0.01843,0.98789,0.15077,-0.03651,-0.00373,0.9518715939396508,0.2981563186885136,-0.07101604239115564,0.2976110068493115,-0.9545101412344348,-0.018386921513900725,-0.07326770948329192,-0.0036331675894052747,-0.9973056917717552
2.533,0.015636874362826347,Empty,0.46307,-0.0081,0.44205,0.34221,-0.0714,-0.0096,0.98479,0.16999,-0.03599,0.00135,0.93961662842639,0.3347117761614512,-0.07133455322261122,0.3349062511214705,-0.9422028218291526,-0.009573165461035621,-0.07041586855521687,-0.014895282341343467,-0.9974065049013797
2.6,0.015636546537280083,Empty,0.4709,-0.00871,0.4383,0.38569,-0.06955,-0.00099,0.98087,0.19152,-0.03422,0.00618,0.9242994519231427,0.3752874076677621,-0.06949737276033364,0.37613338974913996,-0.9265650044585945,-0.0009826639640874227,-0.06476261491323004,-0.025232006631573205,-0.997581650568486
2.667,0.015636546537280083,Empty,0.47894,-0.00969,0.4343,0.43456,-0.0682,0.0057,0.9759,0.21554,-0.03268,0.01013,0.9049526003000586,0.42001910343615556,-0.06815235842471304,0.4213438183559137,-0.9068831143869086,0.005692413649785316,-0.05941530058344609,-0.0338669394629862,-0.9976586853568656
2.733,0.015636546537280083,Empty,0.48736,-0.01111,0.43092,0.48829,-0.06777,0.01079,0.96973,0.24176,-0.03157,0.01342,0.8811088112248303,0.4680402503355818,-0.06771696130049153,0.46973527552329186,-0.8827416323580172,0.010769467533741243,-0.054736036676247386,-0.041298118210265626,-0.9976464462530137
2.8,0.015636874362826347,Empty,0.49613,-0.01257,0.42701,0.54186,-0.0644,0.01257,0.96295,0.26768,-0.02934,0.01467,0.854975937686738,0.5146581406736457,-0.06436726042817818,0.5163797294015253,-0.8562679476992396,0.012537017433950987,-0.04866334390370832,-0.04395679675860738,-0.9978475229106057
2.867,0.015636874362826347,Empty,0.50447,-0.01431,0.42266,0.59265,-0.06224,0.01348,0.95587,0.29206,-0.02779,0.01553,0.8278604805702388,0.5574749564973689,-0.06219885520063717,0.5592011769436174,-0.8289228087046354,0.013454401290722156,-0.04405755797688157,-0.045920040151064025,-0.9979730865597721
2.933,0.015636546537280083,Empty,0.51154,-0.01579,0.41858,0.63724,-0.06117,0.01374,0.94914,0.3133,-0.02689,0.0161,0.8022445904960017,0.5938577509284906,-0.061127642536396534,0.5955890118680395,-0.80317234697839,0.013708026527452757,-0.040955414317952514,-0.04740414234409981,-0.9980358216650668
3.0,0.015636546537280083,Empty,0.51848,-0.01685,0.41487,0.68145,-0.05924,0.0148,0.942,0.33422,-0.02544,0.01687,0.7753042157389513,0.6288063726483756,-0.05921079947274645,0.6305232304925815,-0.7760297248242138,0.014775723280221718,-0.03665827146236462,-0.048789465113352595,-0.9981361426315272
3.067,0.015636546537280083,Empty,0.52526,-0.01755,0.41178,0.72577,-0.05791,0.01514,0.93438,0.35502,-0.02438,0.01735,0.7467284909538093,0.6626049269858403,-0.05789016783475505,0.6642975800484765,-0.7473153363330884,0.01511665383281251,-0.03324584093664787,-0.049744334506075134,-0.9982085028915365
3.133,0.015636546537280083,Empty,0.53144,-0.01765,0.409,0.76319,-0.05447,0.01735,0.9276,0.37247,-0.02204,0.01819,0.7215627472791981,0.690205052561262,-0.05444434918154275,0.6918089260532966,-0.7218726853862183,0.017327317342120625,-0.027342486570921275,-0.0501678334413128,-0.9983664542220576
3.2,0.015636546537280083,Empty,0.53776,-0.01749,0.40601,0.80661,-0.04981,0.02031,0.91934,0.39255,-0.01892,0.01911,0.6910935539736256,0.7210482994900247,-0.04979005381245394,0.7224945727916857,-0.6910788945402494,0.020286788991515314,-0.019781100643365024,-0.04999311276136329,-0.9985536524062023
3.267,0.015636546537280083,Empty,0.54434,-0.0168,0.40274,0.85254,-0.04139,0.02646,0.91013,0.4136,-0.01337,0.0206,0.6575195134808935,0.7523003818149057,-0.041379039536898296,0.7534021521590706,-0.6570284323633907,0.026435509985361812,-0.007299761224171676,-0.04855692110556885,-0.9987937419201312
3.333,0.015636546537280083,Empty,0.55037,-0.01534,0.39919,0.89653,-0.02982,0.02812,0.90092,0.4335,-0.00734,0.01913,0.6240489787887635,0.7808162958599206,-0.029812483833019463,0.7813780091297217,-0.6234248616658843,0.028104247105118385,0.0033584105130339734,-0.04083324597023295,-0.9991603310291899
3.4,0.015636546537280083,Empty,0.55681,-0.0136,0.39567,0.94398,-0.01555,0.03055,0.89048,0.4547,2e-05,0.01714,0.5864876337969965,0.8098090077493377,-0.015544335663937939,0.809807378636786,-0.5859001220260603,0.03054597379794674,0.01562897656973707,-0.030502753611446713,-0.9994124859703836
3.467,0.015636874362826347,Empty,0.56355,-0.01096,0.3923,0.99351,0.00322,0.03036,0.87904,0.4765,0.00865,0.01258,0.545740497222924,0.8379480634315499,0.003217558420747441,0.8375127980246025,-0.545573595463613,0.030360584281387385,0.02719600771946038,-0.013874254005935035,-0.9995338324638651
3.533,0.015636874362826347,Empty,0.56954,-0.00729,0.38855,1.03862,0.02491,0.02491,0.8681,0.49607,0.01699,0.00463,0.50724444951972,0.8614423915028783,0.024901296216017128,0.8611280206804068,-0.5077787074546946,0.024886065472161382,0.03408225976195155,0.008819885341737126,-0.9993801124657612
3.6,0.015636874362826347,Empty,0.5748,-0.00366,0.38467,1.07744,0.0464,0.01879,0.85821,0.51269,0.02473,-0.00384,0.4730725729676945,0.8798017490002866,0.04638128029455025,0.8801817963184289,-0.474265859816774,0.018758988296805383,0.03850124849130302,0.03194959574536519,-0.9987476544134253
3.667,0.015636546537280083,Empty,0.57993,0.00039,0.38123,1.11332,0.07066,0.00967,0.84858,0.52787,0.03254,-0.01456,0.44059694174496233,0.8949254047836823,0.0705893391224833,0.8968202539514225,-0.4422900965144787,0.009638600921251586,0.03984679444437585,0.059059210949484936,-0.9974588926740449
3.733,0.015636546537280083,Empty,0.58502,0.00397,0.37778,1.14596,0.09437,0.00227,0.83938,0.54149,0.04025,-0.02462,0.4103332354487202,0.9070536158482907,0.0942357355928547,0.9110178202877748,-0.41236082127663465,0.0022548157732565147,0.04090436412288138,0.08492520858143641,-0.9955473579609871
3.8,0.015636546537280083,Empty,0.58945,0.00689,0.37427,1.17224,0.11595,-0.00414,0.83163,0.5523,0.04713,-0.03377,0.3854941688569563,0.9154301057662628,0.11568045312002143,0.9217951811593359,-0.3876554805058807,-0.004107605772455378,0.041083935652654974,0.10821714231360897,-0.9932779874439805
3.867,0.015636546537280083,Empty,0.59329,0.01035,0.37052,1.19513,0.13923,-0.01231,0.82445,0.56161,0.05405,-0.04421,0.3633347996034516,0.9212633791328466,0.1387862012804177,0.9308224390570203,-0.36526838295476777,-0.012189969710749968,0.0394640386308804,0.13361435058532437,-0.9902473403006962
3.933,0.015636546537280083,Empty,0.59581,0.01301,0.36654,1.21282,0.1562,-0.01674,0.81879,0.5687,0.05935,-0.05132,0.34611333408848166,0.9252076530218685,0.15555178801904282,0.9373893812613607,-0.34789039922875753,-0.016535356751501265,0.03881633502275619,0.15153570178087342,-0.9876893353788829
4.0,0.015636546537280083,Empty,0.5974,0.01614,0.36286,1.22864,0.17064,-0.02118,0.81363,0.57501,0.06355,-0.05774,0.33065956883242437,0.9283476068753914,0.16980862860375798,0.9430239179328258,-0.332069885572814,-0.020868188763797507,0.037015398771031084,0.16703386454366687,-0.9852560826249335
4.067,0.015636546537280083,Empty,0.59863,0.01902,0.36048,1.23925,0.17749,-0.0225,0.81026,0.57922,0.06564,-0.06059,0.32038203124975106,0.9306898597953268,0.1765552007912495,0.9465972956771147,-0.3216568116437562,-0.022146226313882855,0.03617891470257324,0.17422192857768531,-0.9840415670761149
4.133,0.015636546537280083,Empty,0.59989,0.02184,0.35926,1.2502,0.17908,-0.02185,0.80704,0.58359,0.06614,-0.06115,0.31009522273950474,0.9338673805507426,0.17813665646753207,0.9500469133588694,-0.31136524699025525,-0.02150686829788616,0.03538100127783462,0.1759073577483103,-0.9837706979975496
4.2,0.015636874362826347,Empty,0.60129,0.0254,0.35879,1.25922,0.18001,-0.02024,0.80441,0.58715,0.06671,-0.06107,0.3016148732068072,0.9364679494297337,0.1790425869767069,0.952764314537896,-0.3030575314723132,-0.019907123374328234,0.035617821432175706,0.17658967214641416,-0.983639902854519
4.267,0.015636874362826347,Empty,0.60188,0.02939,0.35803,1.26625,0.1789,-0.0199,0.80239,0.58999,0.06615,-0.06084,0.2950722557714576,0.9387580038840775,0.17794879605528557,0.9548568633915484,-0.29641995635287716,-0.019585196190299053,0.03436181467847156,0.17569467726525034,-0.9838448282491816
4.333,0.015636874362826347,Empty,0.60216,0.03362,0.35764,1.27454,0.17564,-0.01893,0.8001,0.59335,0.06488,-0.05976,0.2874645298175819,0.9417182135607749,0.17473108007638335,0.957225966870042,-0.2887406693605246,-0.01863529465689759,0.03290277262587014,0.17261411328491996,-0.9844398282517784
4.4,0.015636546537280083,Empty,0.60248,0.0375,0.35726,1.2819,0.16914,-0.01531,0.79825,0.59632,0.06314,-0.05662,0.2808277390077733,0.944882052206731,0.168326137071396,0.9591809398365456,-0.2823905676743768,-0.015082836033850494,0.033282212337264146,0.16569090109640805,-0.9856159595074533
4.467,0.015636546537280083,Empty,0.603,0.0406,0.35686,1.29005,0.15781,-0.00849,0.79639,0.59961,0.06044,-0.05077,0.27362112163634256,0.9489111601912434,0.15715944724698538,0.9611866492652001,-0.27577136660619855,-0.008389197487677483,0.035379472421270375,0.15335502412590796,-0.9875376091605497
4.534,0.015636546537280083,Empty,0.60372,0.04302,0.35629,1.29961,0.14183,0.00065,0.79422,0.60349,0.05661,-0.04261,0.2651965383886556,0.9537781285300987,0.14134382747151375,0.9634260899779459,-0.26797343941595947,0.0006363311937132715,0.03848331036282271,0.1360055782135564,-0.9899603615894501
4.6,0.015636546537280083,Empty,0.60454,0.04526,0.35516,1.31111,0.12408,0.00934,0.79135,0.60819,0.05199,-0.0341,0.2547936393033943,0.9590423844180697,0.12376552936999544,0.9661338042202398,-0.25787480879388963,0.00927660134111629,0.0408126660910422,0.11721044270549574,-0.9922681282835414
4.667,0.015636546537280083,Empty,0.60573,0.04633,0.35389,1.32295,0.10257,0.02116,0.78834,0.61301,0.04694,-0.02315,0.24403730887667435,0.9643455229999782,0.10238898449603401,0.968691705223004,-0.24737247397937728,0.021053250330322335,0.04563082410366428,0.09404558143379604,-0.9945216219391109
4.733,0.015636874362826347,Empty,0.60647,0.04719,0.35294,1.33339,0.07941,0.03175,0.78554,0.61733,0.041,-0.01208,0.23445200537789584,0.9688861148604792,0.07932183561194919,0.9708667924754396,-0.23752167566155452,0.03164055719134437,0.049496751840243054,0.0695927440290525,-0.9963467877881536
4.8,0.015636874362826347,Empty,0.60723,0.04835,0.3526,1.34268,0.05761,0.04302,0.78287,0.62115,0.03592,-0.00108,0.22576305823111886,0.9724793146835902,0.05757624554160153,0.972634417734154,-0.22834065852379576,0.04292823201416398,0.054893815472009444,0.04630902911370161,-0.9974177373826231
4.867,0.015636874362826347,Empty,0.6079,0.0498,0.35217,1.35071,0.03771,0.0545,0.78037,0.62443,0.03174,0.00948,0.2181478425406282,0.975187745160036,0.03768793553053322,0.9739838279905761,-0.2199823109852279,0.054436069535026485,0.06137606705950633,0.02483232859163313,-0.9978057595789996
4.933,0.015636546537280083,Empty,0.60813,0.05154,0.35151,1.35788,0.02463,0.06139,0.77805,0.62733,0.02885,0.01615,0.21124268073536956,0.9771233106362283,0.024628553490444315,0.9752602578561516,-0.21238543253377873,0.06131767684601495,0.06514567738604976,0.011066338994297436,-0.9978144000059211
5.0,0.015636546537280083,Empty,0.60804,0.0534,0.35061,1.36225,0.01655,0.06527,0.77659,0.6291,0.02697,0.02014,0.20700459826588452,0.9782000796793104,0.016543893500916285,0.9760279855715097,-0.2076477418606531,0.0652057258328747,0.06721954833231383,0.002649417966539296,-0.9977346906399708
5.066,0.015636546537280083,Empty,0.60778,0.0552,0.34951,1.36536,0.01218,0.06719,0.77556,0.63035,0.02591,0.02222,0.20398229868621814,0.9788987522624659,0.01218419639015578,0.9765955521656708,-0.20433797883332588,0.06713507203049252,0.06820813230777262,-0.0017953343139055333,-0.9976694981113667
5.133,0.015636546537280083,Empty,0.60742,0.05677,0.34871,1.36771,0.01177,0.06675,0.77482,0.63127,0.02564,0.02215,0.20167921011178574,0.9793810114185186,0.011761406443353266,0.9771091389655981,-0.20201236216763319,0.06669884617713222,0.06769953292744339,-0.0019595928894821863,-0.9977038304211896
5.2,0.015636546537280083,Empty,0.60739,0.05774,0.34829,1.36916,0.01264,0.06588,0.77438,0.63183,0.02572,0.02152,0.2002653830725467,0.979659980545607,0.012653017829241685,0.9774459741878101,-0.200663042531168,0.06583092666959352,0.06703091739524995,-0.0008160144089880017,-0.997750565138219
5.267,0.015636874362826347,Empty,0.60728,0.05857,0.34804,1.36928,0.01512,0.06433,0.77438,0.63186,0.02619,0.02013,0.20012934030405422,0.9796527143294702,0.015126349736974725,0.9775431932037388,-0.2006909738963048,0.06428404481355039,0.06601176084988157,0.0019215367427867173,-0.9978169948071861
5.333,0.015636874362826347,Empty,0.60684,0.05947,0.34788,1.36782,0.01897,0.06127,0.77489,0.63128,0.0267,0.01775,0.201533426554511,0.9792978932888807,0.018971404301141203,0.97740219554587,-0.2023292735236737,0.06121938596143397,0.06379048615044504,0.006204939592152867,-0.9979440227795081
5.4,0.015636874362826347,Empty,0.60594,0.06067,0.3476,1.36456,0.02559,0.05496,0.77601,0.63,0.02725,0.01326,0.20472531498643948,0.9784852295338033,0.025577353027305412,0.9770399153934004,-0.2058583098392135,0.05491229368911052,0.05899617895897881,0.01374815821565458,-0.9981635332018083
5.466,0.015636546537280083,Empty,0.60496,0.06177,0.34695,1.36061,0.03207,0.04862,0.7773,0.62846,0.02775,0.00881,0.20853143873604568,0.9774899995922847,0.03206149958674029,0.9765116598178882,-0.20991619330547423,0.0485815811584171,0.05421823769164726,0.021177641162661617,-0.9983045077612329
5.533,0.015636546537280083,Empty,0.60415,0.0627,0.3462,1.35844,0.03588,0.04434,0.778,0.62762,0.02788,0.00598,0.21062610604993415,0.9769084477965206,0.03586820422093374,0.976241248709596,-0.2121089167054866,0.044303857303324715,0.05088877841106288,0.025684471530823927,-0.9983739981359753
5.6,0.015636546537280083,Empty,0.60349,0.06365,0.34547,1.35691,0.03901,0.04083,0.77848,0.62703,0.02799,0.00365,0.2120977909960135,0.9764697903438606,0.03900353317877674,0.9760615497172351,-0.2136378654399409,0.04077638549277056,0.04814954016603579,0.029421267751105904,-0.9984067361480075
5.667,0.015636546537280083,Empty,0.60285,0.0647,0.34451,1.35459,0.04387,0.03723,0.77921,0.62611,0.02875,0.00076,0.2143259062457798,0.9757771135014879,0.043856934213754604,0.9756894910824829,-0.21597835319028946,0.03719365462570824,0.04576486537870628,0.03481918608920869,-0.9983452315591805
5.733,0.015636546537280083,Empty,0.60198,0.06539,0.3423,1.35324,0.04729,0.03421,0.77962,0.62558,0.02914,-0.00147,0.21561240889376998,0.9753338866014629,0.04727683130150346,0.9755052866514318,-0.2173064336553054,0.034166498315162885,0.04359730319794325,0.03875207786554732,-0.9982973262585495
5.8,0.015636546537280083,Empty,0.60103,0.06579,0.339,1.35197,0.04901,0.03082,0.78,0.62511,0.02875,-0.00331,0.21681242585310334,0.9749833606011684,0.04898794286908697,0.9753636722389379,-0.21844396911747738,0.030788621807026656,0.04071951463691681,0.04110570406956875,-0.998324717825157
5.867,0.015636874362826347,Empty,0.60041,0.06628,0.33488,1.35034,0.05086,0.02725,0.78049,0.6245,0.02836,-0.00526,0.2183805448628664,0.9745387827101553,0.050834030129496825,0.9751350290126719,-0.21993385956095485,0.02721713818677253,0.03770428116080949,0.04362634997832261,-0.9983361802367557
5.933,0.015636874362826347,Empty,0.60002,0.06689,0.32963,1.3493,0.05281,0.02426,0.7808,0.62411,0.02819,-0.00702,0.21938361743414658,0.9742093970138462,0.05279090046045799,0.9750014934206872,-0.22087440766122513,0.024219493548225418,0.03525501707470376,0.046157846680936726,-0.9983118435443114
6.0,0.015636874362826347,Empty,0.59942,0.0674,0.32374,1.34872,0.05367,0.02221,0.78097,0.6239,0.02789,-0.00808,0.21994858253895733,0.9740352910258652,0.05364580948463255,0.9749367712049737,-0.22137373876366878,0.022180169932063426,0.03348004168939728,0.047422775350594276,-0.9983136617248725
6.067,0.015636874362826347,Empty,0.59861,0.06812,0.31766,1.34784,0.05627,0.02254,0.78122,0.62352,0.02901,-0.00875,0.220750926630428,0.9737076660176949,0.056235305015450224,0.9747232104158017,-0.22228040842668229,0.022496290947177675,0.03440481751906467,0.04984777997103432,-0.9981640683592248
6.133,0.015636546537280083,Empty,0.59733,0.06909,0.31136,1.3469,0.05952,0.02308,0.78149,0.6231,0.03045,-0.00954,0.22164458091120431,0.973311546378854,0.05948372414619818,0.9744732752290043,-0.22331756243560485,0.02304565408655671,0.03571436149721956,0.052857355149724894,-0.9979632179541598
6.2,0.015636546537280083,Empty,0.59589,0.07018,0.3047,1.34617,0.06267,0.02567,0.7817,0.62273,0.03249,-0.0095,0.22229988196672096,0.9729650169000991,0.06262458276245642,0.9741997847825984,-0.22423009200062533,0.02560556913896346,0.03895563896435456,0.05531674005200274,-0.9977086330501997
6.266,0.015636546537280083,Empty,0.59445,0.07147,0.29821,1.34431,0.068,0.02804,0.78225,0.62188,0.03532,-0.0102,0.22403305768652,0.9722102254872484,0.06794458419669624,0.9736513012062369,-0.22631997865852577,0.02797160916726907,0.04257150130111043,0.059887767682874446,-0.9972969079260857
6.333,0.015636874362826347,Empty,0.5934,0.07254,0.29181,1.34537,0.0717,0.02974,0.7819,0.6222,0.03729,-0.01071,0.22294961733607233,0.9721932948754946,0.07164960243314937,0.9737915228749713,-0.22550139266435054,0.029651170015407107,0.04498375380671418,0.06316105845826094,-0.9969890383489126
6.4,0.015636874362826347,Empty,0.59245,0.07316,0.28594,1.34765,0.07349,0.02994,0.78117,0.62306,0.03804,-0.01123,0.22069249667956087,0.972575214308293,0.07343210757236682,0.9742843896144757,-0.22333472987947012,0.029858442411026254,0.045439520935970375,0.06495422190159565,-0.996853148158879
6.467,0.015636874362826347,Empty,0.59186,0.07342,0.28041,1.35088,0.07455,0.03205,0.78016,0.62426,0.03909,-0.0108,0.21754015468446097,0.9732056331279832,0.07447869996060692,0.9748940361227603,-0.22036354103651712,0.031961353446332386,0.047517359271480784,0.06565596263713226,-0.9967102864614454
6.533,0.015636546537280083,Empty,0.59127,0.07365,0.27542,1.35186,0.07723,0.03672,0.77985,0.6245,0.04159,-0.00984,0.21653472225646814,0.973221035518101,0.07715912183526343,0.9748580996593696,-0.21980052781066894,0.036597998615684614,0.052577557815445077,0.0672944574183208,-0.9963468554750085
6.6,0.015636546537280083,Empty,0.59011,0.07374,0.26997,1.35263,0.0791,0.04192,0.77962,0.62465,0.04394,-0.00841,0.21575463827451252,0.9732453550247586,0.07901528324169486,0.9747232062766455,-0.21947436869762266,0.04178124735519126,0.058005234322515135,0.06800353231642489,-0.995997445972468
6.667,0.015636874362826347,Empty,0.58887,0.07395,0.2643,1.35181,0.08225,0.04907,0.77988,0.6241,0.0474,-0.00659,0.21650049322888715,0.9728191876774572,0.08216060198307076,0.97406854882346,-0.22090763980524697,0.048890457848483324,0.06571148015839894,0.06944525010572887,-0.9954191873844633
6.733,0.015636874362826347,Empty,0.58752,0.07427,0.25818,1.35205,0.08658,0.05605,0.77979,0.62392,0.05126,-0.00523,0.21619477405023713,0.9725138578206833,0.08646742750943129,0.9735868777797538,-0.2213942066565242,0.05579602740338198,0.07340579737621268,0.07212074324117942,-0.9946910009173211
6.8,0.015636874362826347,Empty,0.58621,0.07473,0.25161,1.3529,0.09115,0.06193,0.7795,0.62398,0.05487,-0.00439,0.21526401034103854,0.9723041255031519,0.09102798131038733,0.9732684265023888,-0.22124731245845125,0.06162951162776409,0.08006232463186079,0.07532804430929738,-0.9939394900672168
6.867,0.015636874362826347,Empty,0.58497,0.07513,0.24488,1.35401,0.09521,0.06799,0.77913,0.62413,0.05834,-0.00333,0.21410786781001073,0.9721724767860189,0.09507100673490389,0.9729506262318419,-0.22089270469947114,0.0676275973668923,0.08674618064743413,0.07801979486187724,-0.9931706861123082
6.933,0.015636874362826347,Empty,0.58331,0.07574,0.23841,1.35496,0.09904,0.06964,0.77881,0.62434,0.06034,-0.00392,0.2131150142842932,0.9720108148079867,0.09887854460356603,0.9729567774336858,-0.22036579771295384,0.06923889401334535,0.08909040314457643,0.0814487022281358,-0.9926877701336352
7.0,0.015636874362826347,Empty,0.58194,0.07645,0.23272,1.35883,0.10238,0.06927,0.77757,0.62576,0.06151,-0.00523,0.20929178680749916,0.9724977592082351,0.1022010582620658,0.9737850197459289,-0.21680337136087513,0.06884063832489729,0.08910490050129202,0.085114079337794,-0.9923789146314699
7.067,0.015636874362826347,Empty,0.58135,0.07699,0.22844,1.36438,0.10578,0.07038,0.7758,0.62778,0.06316,-0.00604,0.20380482167120773,0.9733017583140249,0.10558068917370697,0.9748266714322809,-0.21171088941237465,0.06993897317291221,0.09042430717360989,0.08866897183935829,-0.9919482134189889
7.133,0.015636546537280083,Empty,0.58111,0.07715,0.22527,1.36937,0.10806,0.07361,0.77422,0.62954,0.06504,-0.00567,0.19888972382402992,0.9740698424512422,0.1078462784903271,0.9755456501034001,-0.20728461172549173,0.07310112383641149,0.0935604741412486,0.09066990553002839,-0.9914763768792682
7.2,0.015636546537280083,Empty,0.58143,0.07715,0.22292,1.37488,0.11063,0.0804,0.77248,0.63136,0.06816,-0.00404,0.1934832836628374,0.9748721047061388,0.11040198552955849,0.975973615359994,-0.2027414521765467,0.07982108550055948,0.10019840849129578,0.09230537923202456,-0.9906765344453474
7.267,0.015636546537280083,Empty,0.58177,0.0773,0.22005,1.37801,0.11511,0.08878,0.77147,0.63212,0.07252,-0.00234,0.19033907070323836,0.974976676834634,0.11485433292793806,0.9756543641257355,-0.20084780735076296,0.0880835969111042,0.10894769353334068,0.09529238117963469,-0.9894694346784447
7.333,0.015636874362826347,Empty,0.58209,0.0776,0.21649,1.38099,0.12104,0.09505,0.77048,0.63282,0.07678,-0.00192,0.1872930894817727,0.9748555116095666,0.1207395134859459,0.975444110932387,-0.19907580642414452,0.09422106847144901,0.11588824392360779,0.10012769237841618,-0.9882025906357844
7.4,0.015636874362826347,Empty,0.58219,0.07773,0.21216,1.38331,0.1271,0.09917,0.7697,0.63332,0.0804,-0.00236,0.18489520272572746,0.974549342805759,0.12675702128827063,0.9753082932048989,-0.1978123204514039,0.0982039667395278,0.12077871176146618,0.10546973174562464,-0.9870606052673498
7.467,0.015636874362826347,Empty,0.58209,0.07746,0.20767,1.38536,0.1322,0.10169,0.76901,0.6338,0.08315,-0.0031,0.18276723335836653,0.9742789417924701,0.13182064326300624,0.9753115633307419,-0.19657558294960648,0.10062501985772027,0.12394955765904368,0.11017524117408044,-0.9861530932813426
7.533,0.015636546537280083,Empty,0.58165,0.07695,0.20346,1.38658,0.13382,0.10366,0.76861,0.63412,0.08439,-0.00291,0.18153879716385868,0.9742902573565309,0.13342473363077698,0.9752731561683718,-0.19576653163550667,0.10255601371341637,0.1260394223315929,0.11150766570755834,-0.98573835499425
7.6,0.015636546537280083,Empty,0.58174,0.07691,0.20041,1.38807,0.13618,0.1064,0.76811,0.63448,0.08616,-0.00268,0.18001351154135803,0.9742497978017697,0.13576622240366104,0.9751732001799737,-0.19484734980716534,0.1052223356701104,0.1289665278795187,0.11345413944116416,-0.985137448750359
7.667,0.015636546537280083,Empty,0.58257,0.07738,0.19764,1.39144,0.14158,0.11095,0.76701,0.63534,0.08966,-0.00281,0.1766117404353567,0.9741128299705554,0.14111161407605918,0.9751197761659965,-0.19267487971588704,0.10962578554539895,0.13397654746399304,0.11823952475050323,-0.9839053305661086
7.733,0.015636546537280083,Empty,0.58326,0.07759,0.1944,1.39495,0.14743,0.11278,0.76583,0.63634,0.09246,-0.00415,0.17303795003311329,0.9738986212981884,0.14689909217495373,0.9754318576298375,-0.1901025173145819,0.11132710375943329,0.13634720007811807,0.12402624054669578,-0.9828666912082792
7.8,0.015636546537280083,Empty,0.58388,0.07754,0.19063,1.3981,0.15479,0.11294,0.76476,0.6372,0.0953,-0.0066,0.16979381203019306,0.9733457300984953,0.1541692287562028,0.9758613397860806,-0.18786997825061952,0.1113531175272025,0.13734885113160133,0.13154071982142504,-0.9817496280221809
7.867,0.015636874362826347,Empty,0.58451,0.07726,0.18696,1.39938,0.16236,0.11383,0.76426,0.63729,0.09845,-0.00876,0.16834549067667087,0.9723847402946262,0.1616406898370061,0.9758342039119645,-0.18757487588277544,0.1120860045369799,0.1393104527461362,0.13886534045511012,-0.9804636734606503
7.933,0.015636874362826347,Empty,0.5846,0.07716,0.18306,1.3988,0.17103,0.11402,0.76433,0.63664,0.1018,-0.01145,0.16864799712876988,0.970871148406365,0.17019713939006353,0.9755349390408925,-0.18911129492535034,0.11210932540221405,0.1410299109229555,0.147126242811279,-0.9790119677007528
8.0,0.015636874362826347,Empty,0.58422,0.07732,0.17917,1.39814,0.17903,0.11155,0.7644,0.63612,0.10405,-0.01494,0.1690491415406567,0.9693856416306972,0.17808387221926747,0.9756046267503216,-0.19025630645801928,0.10953606765042101,0.14006427098918667,0.15522247148268747,-0.9778997823596617
8.066,0.015636874362826347,Empty,0.58405,0.07801,0.17575,1.39645,0.18955,0.10837,0.76472,0.63511,0.10704,-0.01945,0.17034520498039607,0.9672044863131863,0.18840911017207246,0.9755313563274832,-0.19250207592754315,0.10621451683008318,0.13900030202142893,0.16570586114930178,-0.9763301099621582
8.133,0.015636874362826347,Empty,0.58403,0.07863,0.17234,1.39757,0.19948,0.105,0.76413,0.63521,0.10972,-0.02399,0.16894814732237456,0.9654977938105482,0.19816794307682847,0.9760286604029258,-0.1918748302070704,0.10272343259976438,0.13720268797807025,0.17606265839175517,-0.9747704153961693
8.2,0.015636874362826347,Empty,0.58383,0.07905,0.16844,1.39713,0.21149,0.09994,0.76393,0.63469,0.11267,-0.02976,0.16895876979678492,0.9630081850500415,0.2099241997373859,0.97642173435909,-0.1925759018658248,0.09754546986790776,0.1343634279852363,0.18849338860339132,-0.9728395097203172
8.267,0.015636874362826347,Empty,0.58334,0.07937,0.16398,1.39611,0.22265,0.09338,0.76386,0.63408,0.11483,-0.03579,0.16951411583105946,0.9604738746840553,0.22080511901541494,0.9769112350502223,-0.19332248694174287,0.09094424047354015,0.13003616176534707,0.2002906690089609,-0.9710686095952641
8.333,0.015636874362826347,Empty,0.58305,0.07934,0.16001,1.39528,0.23176,0.08816,0.76375,0.63358,0.11664,-0.04066,0.16993807120425647,0.9583107612895551,0.2296987957130166,0.9772824021552576,-0.19384312226727446,0.08569685167684878,0.12664974691260306,0.2099174331643458,-0.9694815691186017
8.4,0.015636874362826347,Empty,0.58344,0.07894,0.1565,1.39387,0.2408,0.08338,0.76382,0.63283,0.11858,-0.0453,0.17093271414462846,0.9559857226332171,0.23848124738980364,0.9774716332727429,-0.1949525901193142,0.08088691954133881,0.12381927710282889,0.21928243369503325,-0.9677727010463335
8.467,0.015636874362826347,Empty,0.5838,0.07864,0.15337,1.39285,0.24914,0.07913,0.76375,0.63224,0.12042,-0.04953,0.17153742120052662,0.9538242699068984,0.24656474862486968,0.9776804790124958,-0.19563163258073452,0.07661034715815528,0.12130867275578329,0.2279200001543712,-0.9660935148544689
8.533,0.015636874362826347,Empty,0.58422,0.07775,0.15097,1.39264,0.25423,0.07634,0.76356,0.63205,0.12147,-0.05221,0.17150373988518014,0.9525418154147441,0.25149663435477615,0.9779090837044362,-0.1955616631717969,0.07382045723124823,0.11950017244232893,0.23328035876143577,-0.9650388505145219
8.6,0.015636874362826347,Empty,0.58446,0.07696,0.14891,1.39274,0.25761,0.07474,0.76336,0.632,0.12224,-0.05391,0.1712612891523746,0.9517116054308079,0.2547834196453545,0.9780749607672187,-0.1953353118455015,0.0722044809303707,0.11848604119502992,0.23683145068705463,-0.964298668467086
8.667,0.015636546537280083,Empty,0.58454,0.07644,0.14722,1.39095,0.26007,0.07455,0.76384,0.63119,0.12316,-0.05466,0.1728714814259884,0.9507846318030221,0.2571459407355583,0.9777112900263322,-0.1972325523839913,0.07197189475858659,0.11914732168466519,0.23897260137364532,-0.9636887524133938
8.733,0.015636546537280083,Empty,0.58474,0.07632,0.14629,1.39137,0.26068,0.07578,0.76371,0.63124,0.12377,-0.05441,0.17242365928824488,0.95070630376901,0.2577355343981852,0.9776430912472757,-0.19713875212782594,0.07314573498130185,0.12034977297079769,0.23936130928650604,-0.9634428347144043
8.8,0.015636546537280083,Empty,0.58512,0.07642,0.14579,1.39173,0.2607,0.07795,0.76366,0.63124,0.12445,-0.05361,0.17210470914202625,0.9507603656700544,0.25774928935320773,0.9774461275979129,-0.1973304170951206,0.07523147036254305,0.12238887504582668,0.23898835444433447,-0.9632785317368006
8.867,0.015636546537280083,Empty,0.58594,0.07638,0.1454,1.39355,0.26027,0.08134,0.76319,0.63175,0.12531,-0.05229,0.17037260413450217,0.9511855794383421,0.25733085557113733,0.9773933106553818,-0.1963089277610779,0.07851828556080435,0.12520180528466954,0.23813609207728517,-0.9631280857724058
8.933,0.015636546537280083,Empty,0.58712,0.07605,0.14516,1.39615,0.2587,0.08817,0.76259,0.6324,0.12681,-0.04935,0.16796564149562626,0.952017571195483,0.25583214694798606,0.9770501830806217,-0.19525865589661145,0.08512929601243134,0.13099802677554445,0.23566204919863934,-0.9629656876277638
9.0,0.015636546537280083,Empty,0.58796,0.07596,0.14536,1.3987,0.25608,0.09392,0.76201,0.63316,0.12758,-0.04648,0.16565069735707738,0.9530982434234889,0.25330531942336554,0.9768206085333143,-0.19388460029978016,0.09072078323736175,0.13557781975574004,0.2324058952558083,-0.9631231253794222
