time,gr,gr_state,tx,ty,tz,rx,ry,rz,qw,qx,qy,qz,xx,xy,xz,yx,yy,yz,zx,zy,zz
0.0,0.015965865924954414,Empty,0.30718,-0.00034,0.4851,0.00624,9e-05,0.00474,0.99999,0.00312,5e-05,0.00237,0.9999805641522364,0.006234214908291458,7.66958415130011e-05,0.006233780351695861,-0.9999692906543868,0.00474949794078405,0.00010630287710308087,-0.00474892752523524,-0.9999887181298888
0.067,0.015965865924954414,Empty,0.30718,-0.00035,0.4851,0.00624,9e-05,0.00478,0.99999,0.00312,5e-05,0.00239,0.9999804687551526,0.006249501002424496,7.645551554277558e-05,0.006249063454330406,-0.9999690175306554,0.004786771847459567,0.00010636808222113795,-0.004786200580478524,-0.9999885404192564
0.133,0.01596619375050068,Empty,0.3069,-0.0007,0.48456,0.0073,-0.00046,0.0057,0.99999,0.00365,-0.00022,0.00285,0.9999732988495612,0.007292609111787807,-0.000468444520172548,0.0072951635351632405,-0.9999571172608073,0.00570475489841849,-0.0004268218844356718,-0.005708019954281543,-0.9999836180314554
0.2,0.01596619375050068,Empty,0.30636,-0.00063,0.48371,0.00718,-0.00098,0.0058,0.99999,0.00359,-0.00048,0.0029,0.9999737167601916,0.007183140990527914,-0.0009840093081508023,0.00718873136307735,-0.9999573364240721,0.005800644193942011,-0.0009423004817142043,-0.005807565512794684,-0.9999826919765247
0.267,0.015965865924954414,Empty,0.30535,-0.00059,0.48076,0.0076,-0.00118,0.00588,0.99999,0.0038,-0.00058,0.00294,0.9999704506555795,0.007597530076972447,-0.001172754197057617,0.0076042906683474465,-0.9999538454355328,0.0058721173457190745,-0.0011280864809485806,-0.005880861792298101,-0.999982071282016
0.333,0.015965865924954414,Empty,0.30424,-0.00046,0.47702,0.008,-0.00082,0.0058,0.99999,0.004,-0.0004,0.0029,0.9999675954201398,0.008007454859073893,-0.000829925504893744,0.008012128570522192,-0.9999511392098848,0.005790076737222266,-0.0007835211759740097,-0.005796538582067402,-0.9999828929711915
0.4,0.015965865924954414,Empty,0.30367,0.0009,0.47302,0.0063,0.00032,0.006,0.99999,0.00315,0.00017,0.003,0.9999800504613579,0.006308246065466705,0.00032359060204081467,0.0063061884795688194,-0.9999620677415939,0.006007916845005407,0.0003614777453177767,-0.006005756366509463,-0.9999818999483471
0.467,0.015965865924954414,Empty,0.30349,0.00366,0.46804,0.00416,0.00316,0.00979,0.99998,0.00207,0.00159,0.00489,0.999986355747954,0.004155031893237071,0.0031660745242254435,0.004123894024971264,-0.9999436835341773,0.009778714545976057,0.0032065270929110164,-0.009765524566917039,-0.9999471749617255
0.533,0.015965865924954414,Empty,0.3038,0.00814,0.46258,0.00337,0.00828,0.01155,0.99997,0.00166,0.00415,0.00577,0.9999601164389231,0.003362673092561941,0.008273932627741568,0.003266950831007309,-0.9999278951965525,0.011555580472666102,0.008312193676979949,-0.011528089063892636,-0.9998990001989261
0.6,0.015965865924954414,Empty,0.30451,0.01247,0.45661,0.00085,0.01197,0.01245,0.99996,0.00039,0.00599,0.00622,0.9999279732705422,0.0008592363809302173,0.011971214805000746,0.0007101623594680806,-0.999922226168865,0.012451396826224639,0.011980982450908423,-0.01244199848668245,-0.9998508152385378
0.667,0.01596619375050068,Empty,0.30581,0.01642,0.45019,-0.00089,0.01749,0.01277,0.99994,-0.0005,0.00874,0.00639,0.9998465834722057,-0.0008802773409669618,0.0174938455109254,-0.0011039163398313123,-0.9999177445035026,0.01277832523230453,0.01748115807581979,-0.01279567656792237,-0.9997653123476018
0.733,0.01596619375050068,Empty,0.30711,0.02109,0.44301,-0.0037,0.02385,0.01348,0.9999,-0.00193,0.01191,0.00676,0.9997086803064337,-0.0037050743282496246,0.023850093169440447,-0.0040271383011599715,-0.9999011678831413,0.013469841240084799,0.023797829251260907,-0.013561964833751255,-0.9996247978280534
0.8,0.01596619375050068,Empty,0.30868,0.02612,0.43526,-0.00728,0.03115,0.01401,0.99985,-0.00375,0.01555,0.00706,0.9994880592331632,-0.007289164611693932,0.031152648837428822,-0.0077280601751090194,-0.9998722501742727,0.013991440860977573,0.031046683176378403,-0.014225027616843725,-0.9994167059105254
0.867,0.015965865924954414,Empty,0.31018,0.03204,0.42742,-0.01262,0.03751,0.01425,0.99978,-0.00644,0.01871,0.00724,0.9992171849828324,-0.012601377666610847,0.03749963354337738,-0.013143331772331568,-0.9998122059344989,0.01424098642347771,0.03731313528647222,-0.014722708490447593,-0.9991951620128064
0.933,0.015965865924954414,Empty,0.31192,0.03774,0.42061,-0.01694,0.04337,0.01508,0.9997,-0.00863,0.02162,0.00772,0.9989164310902874,-0.01692534588426703,0.04335315864549417,-0.017592888232394244,-0.9997317654570659,0.015062782602848013,0.04308658702526733,-0.015809168314497263,-0.9989462529164012
1.0,0.015965865924954414,Empty,0.31425,0.04373,0.41492,-0.02079,0.05041,0.0135,0.9996,-0.01056,0.02513,0.00701,0.9985134713683962,-0.02076190138807915,0.05039633862282828,-0.021466505013567783,-0.9996786819864631,0.013480428194618053,0.050100266050566444,-0.014542222407852877,-0.9986383164635247
1.067,0.015965865924954414,Empty,0.31709,0.04933,0.40986,-0.0253,0.05478,0.00999,0.99953,-0.01278,0.02732,0.00534,0.9981802014062572,-0.02524972849236984,0.0547607225265091,-0.02583360436786014,-0.9996164319558964,0.009980673781243933,0.05448770876012864,-0.011377177805780188,-0.9984496228750087
1.134,0.015965865924954414,Empty,0.32122,0.05535,0.40411,-0.03128,0.06322,0.00423,0.99937,-0.0157,0.03157,0.00261,0.9975136430767848,-0.031220261632433632,0.0631809080283237,-0.03155017661323817,-0.9994932158572836,0.004230580449404622,0.06301680911752494,-0.006213430523293431,-0.9979931237487449
1.2,0.015965865924954414,Empty,0.32566,0.06232,0.39755,-0.03776,0.06805,-0.00061,0.99924,-0.01886,0.03402,0.00034,0.9969738186934078,-0.03767128453516966,0.06800058206629024,-0.03771819414322297,-0.9992882389578279,-0.0005943998126564307,0.06797457370560078,-0.001972258105173762,-0.9976851043929182
1.267,0.015965865924954414,Empty,0.33073,0.06902,0.39155,-0.04278,0.0733,-0.00235,0.9991,-0.02133,0.03666,-0.00039,0.9964013663340663,-0.04265408514886532,0.07324579296941913,-0.04259728061616941,-0.9990895878135718,-0.0023382058536712477,0.07327884313847344,-0.0007902800897038233,-0.9973111784220944
1.333,0.015965865924954414,Empty,0.33629,0.07642,0.38462,-0.0499,0.07852,-0.00596,0.99892,-0.02481,0.03931,-0.002,0.9956783902600006,-0.04973021650476861,0.07843117196397825,-0.04941519263623312,-0.9987605791750287,-0.005953505075561451,0.07863003183248918,0.0020520848787542343,-0.9969017539565632
1.4,0.015965865924954414,Empty,0.34138,0.08423,0.37665,-0.05562,0.08493,-0.00813,0.99871,-0.02761,0.04255,-0.00288,0.9948540403279698,-0.05539600880970025,0.08483348779267581,-0.05490629730474639,-0.9984586828691573,-0.008096735111783084,0.08515125929425384,0.0033971769372795092,-0.9963622444821258
1.467,0.015965865924954414,Empty,0.3464,0.09239,0.36761,-0.06093,0.09326,-0.0105,0.99844,-0.03018,0.04675,-0.00382,0.9938074913370271,-0.060620314176360546,0.09312275592766767,-0.05990658494217238,-0.9981493561917731,-0.010443362222697122,0.09358349877500274,0.0048000253236324545,-0.9955998636570426
1.533,0.015965865924954414,Empty,0.35123,0.10072,0.35764,-0.0651,0.10175,-0.01079,0.99817,-0.03223,0.051,-0.00373,0.9927214894870511,-0.06471697140414762,0.10156651969465838,-0.06395577023189836,-0.9978949774966478,-0.01073654232093086,0.10204755638747712,0.004162631287930105,-0.9947708121653474
1.6,0.015965865924954414,Empty,0.35652,0.10913,0.3474,-0.06938,0.11286,-0.01126,0.9978,-0.03431,0.05656,-0.00366,0.9912475329741218,-0.06888864315723525,0.11261741968573405,-0.06806163071936522,-0.9976185150200647,-0.011176444559057044,0.11311915309326882,0.003413697865369168,-0.9935755652542717
1.667,0.015965865924954414,Empty,0.3612,0.1179,0.33605,-0.07462,0.12222,-0.01145,0.99744,-0.03688,0.06124,-0.00343,0.9897788399664293,-0.07398492880345287,0.12191832620511608,-0.07314456497016619,-0.9972566459868797,-0.011360222283228041,0.12242434631246447,0.002326444701090201,-0.9924751216453834
1.733,0.015965865924954414,Empty,0.3659,0.12671,0.32471,-0.07846,0.13381,-0.00997,0.997,-0.0388,0.067,-0.00235,0.988010695965997,-0.07767935664170239,0.13341957205941407,-0.07705078365504459,-0.9969782567329656,-0.009875846284756878,0.13378356175154518,-0.0005226408210427455,-0.9910104366007669
1.8,0.015965865924954414,Empty,0.36975,0.13551,0.31297,-0.0812,0.14271,-0.00908,0.99664,-0.04016,0.07142,-0.00163,0.9865734579957086,-0.08028658121313598,0.14222122505271956,-0.07982105725070893,-0.9967687163335919,-0.008984706899066719,0.1424830193313185,-0.002488175192708863,-0.9897941190906528
1.867,0.015965865924954414,Empty,0.37367,0.14458,0.30213,-0.08702,0.15288,-0.00964,0.99614,-0.043,0.0765,-0.00148,0.9845988956625705,-0.08589058609033234,0.15227548023600662,-0.08543793212601758,-0.9962979583783715,-0.009525643554046018,0.1525299131779639,-0.0036311640210716263,-0.9882921836348678
1.933,0.01596619375050068,Empty,0.37764,0.15352,0.29193,-0.09102,0.16141,-0.011,0.99572,-0.0449,0.08078,-0.00181,0.9829162204744156,-0.08970992571256986,0.16071040027619443,-0.0891242447351614,-0.9959612664028339,-0.010863923124283331,0.1610359355196114,-0.0036448667888561576,-0.9869418130859664
2.0,0.01596619375050068,Empty,0.38156,0.16129,0.28241,-0.09323,0.16946,-0.01305,0.99533,-0.04588,0.08484,-0.00255,0.9813945940372479,-0.0917711081755252,0.16864967980610288,-0.09090744830565334,-0.9957764161202537,-0.012851651304713982,0.16911678401926858,-0.0027189709338402007,-0.9855922689226213
2.067,0.01596619375050068,Empty,0.38528,0.16835,0.27256,-0.09875,0.17622,-0.01553,0.99491,-0.04848,0.08827,-0.00338,0.9797154293054517,-0.09705860032477232,0.1753205797498672,-0.09586374217041682,-0.9952769952339164,-0.015292014099866955,0.175976761300796,-0.0018250646955131555,-0.9843926293003923
2.133,0.01596619375050068,Empty,0.38849,0.17498,0.26292,-0.10354,0.18214,-0.01548,0.99453,-0.05083,0.09122,-0.00299,0.978190469459061,-0.10165346617373544,0.18113524856947905,-0.10056090593902078,-0.9948143371660002,-0.015229535964525046,0.1817440773620566,-0.0033177377588540797,-0.9833402681472868
2.2,0.01596619375050068,Empty,0.3919,0.18124,0.25397,-0.10579,0.18872,-0.01541,0.99417,-0.05191,0.09449,-0.00268,0.9767552360490139,-0.10372595253245614,0.18759033989539375,-0.10271372136878654,-0.9945958047278872,-0.01513527866481014,0.18814648626378883,-0.0044846392185771255,-0.9821307386074772
2.267,0.01596619375050068,Empty,0.39542,0.18643,0.24548,-0.10878,0.1956,-0.01523,0.99376,-0.05336,0.09791,-0.00226,0.9751321833153579,-0.10649959908061268,0.19435807278909664,-0.10561585455197847,-0.9942948559536082,-0.014934212113414336,0.19483971958991939,-0.005964463082447706,-0.9808169599116134
2.333,0.01596619375050068,Empty,0.3991,0.19184,0.23657,-0.11277,0.20396,-0.01322,0.99324,-0.05539,0.10201,-0.00083,0.9730509838444042,-0.11019820788998502,0.2025540367834538,-0.10985823494896185,-0.9938628259734887,-0.01295574628840003,0.20273862743280027,-0.00964562729045123,-0.9791853812332157
2.4,0.01596619375050068,Empty,0.40254,0.19764,0.22777,-0.11597,0.2109,-0.01062,0.99279,-0.05707,0.10538,0.00083,0.9712735243842341,-0.11314913556567247,0.20934424747522767,-0.1134986750791161,-0.9934838939837638,-0.010382829582666009,0.20915494635679435,-0.013675727242036076,-0.9777868801016344
2.467,0.015965865924954414,Empty,0.40644,0.20324,0.21972,-0.11805,0.21949,-0.0081,0.99227,-0.05819,0.10957,0.00244,0.9692144733936726,-0.11494943623781329,0.21773821821819714,-0.11601866960009294,-0.9932155253218115,-0.007911293443079795,0.21717037751141574,-0.017593958290472535,-0.975975143004791
2.533,0.015965865924954414,Empty,0.40938,0.20867,0.21166,-0.11996,0.22486,-0.00937,0.99192,-0.05904,0.11227,0.00208,0.9678190352901745,-0.11665520567300652,0.22297506120502436,-0.11758888245908788,-0.9930203718701271,-0.009132128609300738,0.2224840885367282,-0.01738114036254616,-0.974781373594961
2.6,0.015965865924954414,Empty,0.41398,0.21386,0.20413,-0.1215,0.23552,-0.00993,0.99127,-0.05971,0.11757,0.00221,0.9652260456518288,-0.11785354565075162,0.23334357195534683,-0.1188928531532184,-0.992860118350524,-0.009657890974262576,0.23281574316274498,-0.01842083512031056,-0.9723463902175238
2.667,0.015965865924954414,Empty,0.41758,0.21873,0.19686,-0.12439,0.24146,-0.01097,0.99083,-0.06104,0.12054,0.00205,0.9634899461042429,-0.12046179783553557,0.23911520030787192,-0.12144950718397268,-0.9925404191116857,-0.010655216298573633,0.2386150476412026,-0.018774229460346084,-0.9709327408978218
2.733,0.015965865924954414,Empty,0.42139,0.22342,0.18991,-0.12663,0.24692,-0.01319,0.99043,-0.06198,0.12331,0.00126,0.9619074004242566,-0.12245688165845942,0.2444145354587869,-0.12307695658179674,-0.9923146515298693,-0.012794339284091058,0.24410287947423118,-0.017774827527715194,-0.9695864271630193
2.8,0.015965865924954414,Empty,0.42526,0.22788,0.1836,-0.12935,0.25178,-0.01655,0.99005,-0.06308,0.12582,-8e-05,0.9603808505855937,-0.12491865329902846,0.24912637733979237,-0.12487826196400914,-0.9920425410857593,-0.016031729942774256,0.2491466265421624,-0.0157139025727831,-0.9683382837359026
2.867,0.01596619375050068,Empty,0.42945,0.23306,0.17788,-0.13259,0.25582,-0.02526,0.98968,-0.06409,0.1281,-0.00405,0.9589680634269735,-0.12789384122211556,0.25302849385903503,-0.1258168316213229,-0.9917523283891154,-0.02444266793007381,0.2540676646247828,-0.008395505477367685,-0.9671500076409493
2.933,0.01596619375050068,Empty,0.43321,0.23821,0.17259,-0.13629,0.25848,-0.03585,0.98936,-0.06521,0.12977,-0.00896,0.957815819444043,-0.13136534074403577,0.255601258357504,-0.12671417637318222,-0.991333696808201,-0.03465572216318184,0.25793870110706935,0.000805495989432949,-0.9661609481072028
3.0,0.015965865924954414,Empty,0.43752,0.24314,0.1681,-0.14057,0.26245,-0.04833,0.98889,-0.06645,0.13217,-0.01471,0.956231484779863,-0.1353039983990662,0.25944975531482817,-0.12752450308331265,-0.990736946981412,-0.04666693689653381,0.2633606816308253,0.011538193237090101,-0.9646284369993302
3.067,0.015965865924954414,Empty,0.44194,0.24741,0.16372,-0.14499,0.26393,-0.06322,0.98851,-0.06762,0.13344,-0.02172,0.9552418299435708,-0.1394892509425255,0.26087505667953637,-0.12789678437829882,-0.9899107057262897,-0.06098530342770998,0.2667498057576595,0.02489063197213052,-0.9634443406695993
3.133,0.015965865924954414,Empty,0.44645,0.25039,0.15947,-0.14961,0.26415,-0.07618,0.98818,-0.06903,0.13405,-0.02781,0.9545310799473684,-0.14387837961075578,0.2610927599438439,-0.12896711765654412,-0.9889237221173821,-0.07346668902887805,0.26877109215440864,0.036453857327943005,-0.9625140083697694
3.2,0.01596619375050068,Empty,0.45157,0.25313,0.15598,-0.15336,0.26585,-0.08675,0.98778,-0.07013,0.13531,-0.03271,0.9535434256387304,-0.14740535849398528,0.26272912991979863,-0.12969986370630504,-0.9880223836198376,-0.08360451435622282,0.2719060146001202,0.045644602675821225,-0.9612407031908529
3.267,0.01596619375050068,Empty,0.45688,0.25553,0.15232,-0.15533,0.26953,-0.09466,0.98733,-0.07046,0.13744,-0.03633,0.9522917327711422,-0.14911953749992973,0.2662777107298743,-0.12914676683195225,-0.9874312813146806,-0.09110750407129767,0.27651684996142445,0.05237201750033273,-0.9595809520151782
3.333,0.01596619375050068,Empty,0.462,0.25697,0.1484,-0.15517,0.2736,-0.09989,0.98697,-0.0699,0.13963,-0.03875,0.9512356790055077,-0.14880562454009838,0.27019912859252876,-0.1271636425132549,-0.9872241013280165,-0.09601032121522723,0.2810339677150997,0.05696893769697022,-0.9580054536003366
3.4,0.015965865924954414,Empty,0.46795,0.2591,0.14409,-0.15764,0.27973,-0.10287,0.98642,-0.07072,0.1428,-0.03979,0.9492134263459323,-0.1508792251547023,0.2760965966130903,-0.1281525464277466,-0.9868317874202902,-0.09869117580087515,0.28735134607079715,0.05829650721605564,-0.9560495390709153
3.467,0.015965865924954414,Empty,0.47333,0.26087,0.13908,-0.15591,0.28697,-0.10512,0.98594,-0.06948,0.14641,-0.04072,0.9474735917149011,-0.14892424681597932,0.28304657163293434,-0.12507662885279736,-0.9870295878328726,-0.10064009964864302,0.294363091976022,0.05995132569645609,-0.9538114114590751
3.534,0.015965865924954414,Empty,0.47811,0.2616,0.13301,-0.15316,0.29385,-0.10455,0.98557,-0.06795,0.14972,-0.04035,0.9459335638533606,-0.1460224130541083,0.2896327807095311,-0.12185571753862567,-0.9875087168064289,-0.09988852954401874,0.30060085974399114,0.05919450242357812,-0.9519113057443946
3.6,0.015965865924954414,Empty,0.48253,0.26192,0.12667,-0.15263,0.29897,-0.10161,0.98528,-0.06775,0.15213,-0.03873,0.9445353307115837,-0.14528865711575517,0.2945237089795312,-0.12172186613372865,-0.9878199237707231,-0.09693082846300712,0.3050193376533391,0.05570461664083839,-0.9507156248544647
3.667,0.015965865924954414,Empty,0.48643,0.26333,0.12133,-0.15306,0.30496,-0.09759,0.9849,-0.06809,0.15495,-0.03647,0.942707004441212,-0.14542966266259422,0.30025608569239803,-0.12282685209350963,-0.988067057656955,-0.0929357518822913,0.3101887621792183,0.05073167443493033,-0.9493204037766976
3.733,0.01596619375050068,Empty,0.48965,0.26603,0.11651,-0.14847,0.3126,-0.09325,0.98456,-0.06595,0.15848,-0.03438,0.9410728539484784,-0.14075370029591694,0.3075228112096284,-0.11895894253163997,-0.9889378984308635,-0.0886036288133906,0.3165922512523316,0.04679988141175456,-0.947406521798761
3.8,0.01596619375050068,Empty,0.4919,0.26758,0.11204,-0.14249,0.3158,-0.08917,0.98458,-0.06324,0.15982,-0.03272,0.9409182369593072,-0.13499305987485027,0.3105635927519751,-0.11407875695709419,-0.989859827152145,-0.08463781543405947,0.31883994192778575,0.04420855546102803,-0.9467770038691979
3.867,0.01596619375050068,Empty,0.4951,0.26873,0.10849,-0.13957,0.3201,-0.08598,0.98439,-0.06194,0.16179,-0.03122,0.9399780958354471,-0.1320419159275455,0.3146523665694413,-0.11183728241772051,-0.9903781069359137,-0.08150845087139566,0.32238734716329376,0.041426292861160945,-0.9457009361573009
3.933,0.015965865924954414,Empty,0.49786,0.26966,0.10564,-0.13727,0.32367,-0.08333,0.98422,-0.06093,0.16343,-0.02997,0.9391590688464923,-0.1297258729794799,0.3180431437448405,-0.11013609594268892,-0.9907796988239908,-0.07890265374969817,0.32534640581062546,0.039074112631687564,-0.9447872405722644
4.0,0.015965865924954414,Empty,0.50026,0.27001,0.10341,-0.1322,0.32792,-0.08016,0.98408,-0.05859,0.16535,-0.02867,0.9384515792709065,-0.12478676811335532,0.3220821259675315,-0.1058219491151165,-0.9914912755025173,-0.07580742501806047,0.32880138145910953,0.03705823938363513,-0.9436717323541945
4.067,0.015965865924954414,Empty,0.50274,0.26923,0.10101,-0.12699,0.33136,-0.07607,0.98401,-0.05628,0.16685,-0.02697,0.9379867469974265,-0.11976404310201177,0.32532666112239506,-0.10176625261883776,-0.9922100477358338,-0.07185298184469183,0.3313977855766467,0.034289869523142946,-0.9428678128788684
4.133,0.015965865924954414,Empty,0.50556,0.26786,0.09886,-0.1234,0.33565,-0.0716,0.98381,-0.05479,0.16879,-0.02493,0.9370191075590419,-0.11621508655735224,0.32937705707247317,-0.09938698926872513,-0.9927541641232225,-0.06753810761414544,0.3348393919976479,0.030548703286206826,-0.9417798884528045
4.2,0.015965865924954414,Empty,0.50808,0.26645,0.0966,-0.11832,0.33978,-0.06838,0.98365,-0.05247,0.17067,-0.02364,0.9362395156895817,-0.11130070455299862,0.33326824395274035,-0.09516402505737243,-0.9933753952416975,-0.06441375989088527,0.3382297704168233,0.028591559845642364,-0.9406291219760186
4.267,0.015965865924954414,Empty,0.51032,0.26437,0.09396,-0.11557,0.34311,-0.0659,0.98347,-0.05126,0.17221,-0.02255,0.9354294893009311,-0.10858786066942255,0.3364228694090774,-0.09305227589594106,-0.9937280936462126,-0.062014110078669665,0.3410468362216321,0.026704913658384115,-0.939666910713426
4.333,0.015965865924954414,Empty,0.51315,0.26242,0.09077,-0.11483,0.34866,-0.06268,0.98305,-0.05106,0.17485,-0.02086,0.9336432042348103,-0.10768639741637126,0.34163431765213415,-0.09309582605766337,-0.9939150877342482,-0.058872451493570926,0.3458952650106636,0.023161135242144564,-0.9379872213721769
4.4,0.015965865924954414,Empty,0.5154,0.26125,0.08734,-0.11524,0.354,-0.06046,0.9826,-0.05135,0.17742,-0.01957,0.9317717756331568,-0.10786670043568619,0.34664987100899414,-0.09397608163710308,-0.993959245235548,-0.05668787252063873,0.35067057791261996,0.02024336305798912,-0.936280060686188
4.467,0.01596619375050068,Empty,0.51682,0.26083,0.0834,-0.11456,0.35852,-0.05726,0.98225,-0.05121,0.17955,-0.01792,0.9302812769928728,-0.10703948625860382,0.3508835904655615,-0.09417260792179649,-0.9941127226798783,-0.05358558129951457,0.3545536145545795,0.016806040208612424,-0.9348846407010809
4.533,0.01596619375050068,Empty,0.51743,0.26081,0.07969,-0.11467,0.36113,-0.055,0.98204,-0.05142,0.18077,-0.01672,0.9293577230563854,-0.1070370182627875,0.3533232221590632,-0.0949488483816765,-0.9941529874724373,-0.05142522426417673,0.3567617395215529,0.014244796279313077,-0.9340867984253479
4.6,0.01596619375050068,Empty,0.518,0.26132,0.0767,-0.11291,0.36349,-0.05271,0.98189,-0.05072,0.18186,-0.01568,0.9287053590692153,-0.10531114829424637,0.35555016253837857,-0.0939018211391448,-0.99436262205186,-0.04924859239513396,0.35873221770963404,0.012350623915303649,-0.9333588045687632
4.667,0.015965865924954414,Empty,0.51849,0.26308,0.07484,-0.11627,0.36297,-0.05323,0.98185,-0.05233,0.18164,-0.01565,0.9285381152005386,-0.10843552719224775,0.35504746874519466,-0.09706782918828522,-0.9940344534471801,-0.049732704497541136,0.35832220857282165,0.011715024648080585,-0.9335244790796813
4.733,0.015965865924954414,Empty,0.51949,0.2674,0.07472,-0.11984,0.36491,-0.05685,0.98155,-0.05372,0.18272,-0.01704,0.9274543592656476,-0.11168591014810797,0.35686785923298847,-0.09922850439310732,-0.9936473426207922,-0.05309107663765433,0.36053032520864925,0.013828086528039773,-0.9326449853121597
4.8,0.015965865924954414,Empty,0.52059,0.27286,0.07516,-0.12263,0.36796,-0.06129,0.98116,-0.05462,0.18436,-0.01886,0.9260523253133812,-0.11413901507048035,0.3597212476632707,-0.10023184365591264,-0.9933216256238706,-0.05714652732483194,0.36384154284388165,0.016865150657250486,-0.9313081651066376
4.867,0.015965865924954414,Empty,0.51965,0.27659,0.07526,-0.12008,0.36802,-0.06365,0.9812,-0.05315,0.18443,-0.02025,0.9263220728727131,-0.11177056261842605,0.3597704249111655,-0.0968332955366033,-0.9935301377100605,-0.059339517501820066,0.36407517106268156,0.02012974897480036,-0.9311520085474178
4.934,0.015965865924954414,Empty,0.51935,0.27697,0.07522,-0.11939,0.36781,-0.06371,0.98124,-0.05281,0.18432,-0.02035,0.9264745839741948,-0.11113077928525933,0.3595758545081881,-0.09612955386698863,-0.9935950938133568,-0.05939611454767266,0.3638735413892806,0.02046312404002535,-0.9312235534131136
5.0,0.015965865924954414,Empty,0.51983,0.276,0.07513,-0.1209,0.36791,-0.06324,0.98119,-0.05359,0.18437,-0.01998,0.92626961421385,-0.1125348066794093,0.35966723380056964,-0.09779709286692728,-0.9934573246284426,-0.05897688334317919,0.36395100001360536,0.019454085116636783,-0.9312149097610989
5.067,0.015965865924954414,Empty,0.52011,0.27541,0.07508,-0.12177,0.36801,-0.0629,0.98116,-0.05405,0.18442,-0.01973,0.926138557405971,-0.11334079332082109,0.3597516324568856,-0.09878719455484986,-0.9933786698952074,-0.05865073221376432,0.3640171186606057,0.018779850016316484,-0.9312029072953945
5.133,0.015965865924954414,Empty,0.52012,0.27539,0.07508,-0.12181,0.36801,-0.06289,0.98116,-0.05407,0.18442,-0.01972,0.9261285048011739,-0.11337288344802693,0.35976739970906474,-0.0988259930514358,-0.993375523475529,-0.05863866008970342,0.3640321629913206,0.018752564048640168,-0.9311975760543313
5.2,0.01596619375050068,Empty,0.5201,0.27543,0.07508,-0.12173,0.36799,-0.06289,0.98116,-0.05403,0.18441,-0.01973,0.9261441032367386,-0.1133068988234408,0.35974803226540597,-0.09874950533070787,-0.9933822039545948,-0.058654343941880654,0.3640132349747156,0.01879743454108786,-0.9312040706622345
5.267,0.01596619375050068,Empty,0.52012,0.27538,0.07508,-0.12183,0.36801,-0.06289,0.98116,-0.05408,0.18442,-0.01972,0.9261285630040299,-0.11338724349015422,0.35976272430839035,-0.09884301957876485,-0.9933740593841036,-0.05863476463071554,0.3640273921954808,0.018743296307000168,-0.9311996276711594
5.333,0.01596619375050068,Empty,0.5201,0.27542,0.07508,-0.12177,0.36801,-0.0629,0.98116,-0.05405,0.18442,-0.01973,0.9261391583722884,-0.11333404739890007,0.35975221059731277,-0.09878197478120077,-0.9933794953172586,-0.05864554323693513,0.36401700617937566,0.018776900261035807,-0.9312030107494238
5.4,0.015965865924954414,Empty,0.52012,0.27539,0.07508,-0.12181,0.36801,-0.06287,0.98116,-0.05407,0.18442,-0.01971,0.9261297760187004,-0.1133800372482594,0.3597618728063532,-0.09883697285964932,-0.9933749123254714,-0.0586305070616209,0.3640259479315894,0.01874168391434364,-0.9312002247189174
5.467,0.015965865924954414,Empty,0.5201,0.27542,0.07508,-0.12177,0.36801,-0.0629,0.98116,-0.05405,0.18442,-0.01973,0.926138254241199,-0.11333138603331444,0.35975537656973555,-0.0987788656123238,-0.9933797763834009,-0.0586460193091288,0.36402015018321,0.01877809394565945,-0.9312017576488787
5.533,0.015965865924954414,Empty,0.52012,0.27539,0.07508,-0.12183,0.36801,-0.06287,0.98116,-0.05408,0.18442,-0.01971,0.9261299562056432,-0.11339004030506106,0.3597582563029643,-0.09884851619714186,-0.9933738748484013,-0.05862862453013676,0.3640223551708826,0.018736155643273605,-0.9312017404448698
5.6,0.01596619375050068,Empty,0.5201,0.27541,0.07508,-0.12177,0.36801,-0.06288,0.98116,-0.05405,0.18442,-0.01972,0.9261367284478859,-0.11334328860215903,0.35975555471555287,-0.0987975225558318,-0.9933788110349325,-0.05863094169168598,0.36401896895172564,0.018757310992561192,-0.9312026382735665
5.667,0.01596619375050068,Empty,0.52012,0.27539,0.07508,-0.12181,0.36801,-0.06287,0.98116,-0.05407,0.18442,-0.01971,0.9261300362545717,-0.11337081772478663,0.35976410832032557,-0.09882934945567828,-0.9933760201151011,-0.058624588241195486,0.36402735561118654,0.01873873925042774,-0.9311997336866196
5.734,0.015965865924954414,Empty,0.52011,0.27541,0.07508,-0.12179,0.36801,-0.06289,0.98116,-0.05406,0.18442,-0.01972,0.9261327852095664,-0.1133596833582528,0.3597605402887976,-0.09881449711101425,-0.9933770467417308,-0.05863222806080934,0.3640243938538576,0.0187516718079757,-0.9312006311658823
5.8,0.015965865924954414,Empty,0.52011,0.2754,0.07508,-0.12181,0.36801,-0.06287,0.98116,-0.05407,0.18442,-0.01971,0.9261309856187396,-0.11337210688660071,0.35976125813788673,-0.09883121585225357,-0.993375898152391,-0.05862350845092007,0.3640244335893226,0.018737405103775362,-0.9312009028131092
5.867,0.015965865924954414,Empty,0.52011,0.2754,0.07508,-0.12179,0.36801,-0.06286,0.98116,-0.05406,0.18442,-0.01971,0.9261337865457732,-0.1133584530128986,0.35975835021429486,-0.09881647041771557,-0.9933773404680993,-0.05862392530964486,0.3640213106297123,0.018743547557720883,-0.9312020000152373
5.933,0.015965865924954414,Empty,0.52011,0.2754,0.07508,-0.12181,0.36801,-0.06287,0.98116,-0.05407,0.18442,-0.01971,0.9261313064792567,-0.11337481151122436,0.3597595798221638,-0.09883373928567485,-0.9933755846240906,-0.058624566962642344,0.3640229321592759,0.018737662275224914,-0.9312014845749671
6.0,0.015965865924954414,Empty,0.52012,0.2754,0.07508,-0.12181,0.36801,-0.06287,0.98116,-0.05407,0.18442,-0.01971,0.9261297496780673,-0.1133779775805262,0.35976258971853936,-0.0988369786916049,-0.9933752484946899,-0.0586248012468126,0.3640260133621713,0.018736325089589178,-0.9312003069789988
6.067,0.015965865924954414,Empty,0.52011,0.2754,0.07508,-0.12181,0.36801,-0.06287,0.98116,-0.05407,0.18442,-0.01971,0.9261336417354624,-0.11336307589167394,0.35975726632020766,-0.09882447189216181,-0.9933770003061494,-0.058616200985662864,0.36401950689632767,0.018733613830087512,-0.9312029050168493
6.133,0.015965865924954414,Empty,0.52011,0.2754,0.07508,-0.12181,0.36801,-0.06287,0.98116,-0.05407,0.18442,-0.01971,0.926130430960187,-0.11337624671543645,0.3597613813769046,-0.09883574744034129,-0.9933754614582975,-0.05862326842153617,0.3640246143839825,0.018735507818976,-0.9312008703117485
6.2,0.015965865924954414,Empty,0.52011,0.2754,0.07508,-0.12181,0.36801,-0.06287,0.98116,-0.05407,0.18442,-0.01971,0.9261329535408203,-0.11337210523329028,0.3597561926092848,-0.09883076153468634,-0.9933758585278244,-0.058624945787451255,0.3640195502170607,0.01873951571090775,-0.9312027693315185
6.267,0.015965865924954414,Empty,0.52012,0.2754,0.07508,-0.12181,0.36801,-0.06287,0.98116,-0.05407,0.18442,-0.01971,0.9261281712045351,-0.1133765903271855,0.35976709030583165,-0.09883629641275288,-0.99337545267096,-0.05862249177726908,0.36403021442285993,0.018733894324114406,-0.9311987135894785
6.333,0.015965865924954414,Empty,0.52012,0.2754,0.07508,-0.12181,0.36801,-0.06287,0.98116,-0.05407,0.18442,-0.01971,0.9261278141400424,-0.1133746137163894,0.35976863237481765,-0.09883355420681078,-0.993375636620297,-0.05862399791953027,0.3640318673399854,0.018736102419638342,-0.9311980229935438
6.4,0.015965865924954414,Empty,0.52011,0.2754,0.07508,-0.12183,0.36801,-0.06287,0.98116,-0.05408,0.18442,-0.01971,0.9261297669802924,-0.11338373839606092,0.35976072962506966,-0.09884506513223451,-0.9933747257656178,-0.05862002481309672,0.3640237736907209,0.01872917716872198,-0.9312013263041186
6.467,0.015965865924954414,Empty,0.52012,0.27539,0.07508,-0.12183,0.36801,-0.06285,0.98116,-0.05408,0.18442,-0.0197,0.9261256818263468,-0.11338935978163794,0.3597694741775548,-0.09885368919829174,-0.993374287688072,-0.058612905508115765,0.36403182497354764,0.018718377294146306,-0.9311983960241247
6.533,0.014679783023893833,Grasping,0.52012,0.27538,0.07508,-0.12185,0.36801,-0.06286,0.98116,-0.05409,0.18442,-0.0197,0.9261252862935675,-0.11340072981575289,0.35976690865741445,-0.09886834627999713,-0.9933731921567608,-0.05860675053392661,0.3640288507680627,0.018707634311743125,-0.9311997746063634
6.6,0.014679783023893833,Grasping,0.52013,0.27538,0.07508,-0.12185,0.36803,-0.06286,0.98116,-0.05409,0.18443,-0.0197,0.9261225370075619,-0.11340128921874026,0.35977380956679494,-0.09886907973991599,-0.9933731617353863,-0.05860602883001226,0.3640356459442659,0.01870585863759648,-0.9311971538479762
6.667,0.013080799952149391,Grasping,0.52012,0.27538,0.07508,-0.12184,0.36801,-0.06283,0.98116,-0.05409,0.18442,-0.01969,0.9261253716997162,-0.11340646574916347,0.3597648807490058,-0.09887918462506995,-0.993372813911072,-0.058594875460912965,0.3640256896730556,0.018692942750739367,-0.931201305384273
6.733,0.013080799952149391,Grasping,0.52013,0.27537,0.07508,-0.12184,0.36803,-0.06284,0.98116,-0.05409,0.18443,-0.01969,0.9261213108358812,-0.11341033033851,0.3597741160619247,-0.0988832766510116,-0.9933724285637585,-0.0585945028829514,0.36403490933478994,0.018689974367311266,-0.931197760759636
6.8,0.013080799952149391,Grasping,0.52013,0.27537,0.07508,-0.12184,0.36803,-0.06284,0.98116,-0.05409,0.18443,-0.01969,0.9261201105817862,-0.1134058921818406,0.35977860469241374,-0.09887948329202101,-0.9933729666511739,-0.05859178193696052,0.36403899318600796,0.01868830503513167,-0.9311961977451537
6.867,0.011308128014206886,Grasping,0.52013,0.27536,0.07508,-0.12187,0.36803,-0.06284,0.98116,-0.0541,0.18443,-0.01969,0.9261212729448569,-0.11341572523195409,0.35977251294270385,-0.0988923416851013,-0.9933720155795729,-0.05858620502655895,0.3640325432636968,0.01867918449736771,-0.9311989022284539
6.934,0.011308128014206886,Grasping,0.52013,0.27536,0.07508,-0.12187,0.36803,-0.06284,0.98116,-0.0541,0.18443,-0.01969,0.9261186364883283,-0.11342473318113488,0.35977645983553197,-0.09890080520039812,-0.9933710049704949,-0.0585890537099058,0.3640369512559303,0.018678232965076553,-0.9311971980915694
7.0,0.009517726488411427,Grasping,0.52013,0.27537,0.07509,-0.12187,0.36803,-0.06284,0.98116,-0.0541,0.18443,-0.01969,0.9261163931799639,-0.11342168605010744,0.35978319501734,-0.09889651051134135,-0.9933712995723449,-0.05859130818330213,0.36404382496069715,0.018681068478579154,-0.9311944540151018
7.067,0.009517726488411427,Grasping,0.52014,0.27536,0.07508,-0.12187,0.36803,-0.06284,0.98116,-0.0541,0.18443,-0.01969,0.9261172938940617,-0.1134311372869018,0.35977789682544403,-0.09890909176811019,-0.993370398418453,-0.05858534894980691,0.36403811547137094,0.018671599817988983,-0.9311968759850354
7.133,0.009517726488411427,Grasping,0.52014,0.27536,0.07509,-0.12187,0.36803,-0.06284,0.98116,-0.0541,0.18443,-0.01969,0.9261145814383696,-0.11342747552081806,0.35978603342015303,-0.09890249698590914,-0.9933706790665368,-0.0585917234841232,0.364046807618451,0.01867891238434244,-0.9311933312126713
7.2,0.007720429915934801,Grasping,0.52014,0.27536,0.07508,-0.12187,0.36803,-0.06284,0.98116,-0.0541,0.18443,-0.01969,0.9261170598090522,-0.11343105601698505,0.3597785250143597,-0.09890845939473958,-0.9933703811717849,-0.05858670899429114,0.3640388828007192,0.01867301104519937,-0.9311965477103693
7.267,0.007720429915934801,Grasping,0.52013,0.27536,0.07508,-0.12187,0.36803,-0.06284,0.98116,-0.0541,0.18443,-0.01969,0.9261193900093125,-0.11342387761932476,0.3597747898819137,-0.09889987671523126,-0.9933710903614624,-0.05858917323013718,0.3640352865238351,0.018678887008475125,-0.931197835771558
7.333,0.007720429915934801,Grasping,0.52014,0.27536,0.07509,-0.12187,0.36803,-0.06284,0.98116,-0.0541,0.18443,-0.01969,0.9261156420085137,-0.11343169217646165,0.3597819740303042,-0.098906828491365,-0.9933702057517564,-0.0585924363932131,0.3640429327770804,0.018678477847443562,-0.9311948547755
7.4,0.0059244465082883835,Grasping,0.52013,0.27536,0.07508,-0.12187,0.36803,-0.06284,0.98116,-0.0541,0.18443,-0.01969,0.9261174624958494,-0.11343013803800645,0.3597777778642361,-0.09890695984781622,-0.9933704503728283,-0.05858806721292925,0.36403826578247395,0.018674905910419846,-0.9311967509261001
7.467,0.0059244465082883835,Grasping,0.52013,0.27537,0.07508,-0.12187,0.36803,-0.06284,0.98116,-0.0541,0.18443,-0.01969,0.9261210313039743,-0.11341384652217884,0.3597737272140734,-0.09888944677379058,-0.9933721749829417,-0.05858838866561725,0.36403394442446774,0.018682114085495215,-0.9311982957029399
7.533,0.0059244465082883835,Grasping,0.52013,0.27538,0.07508,-0.12184,0.36803,-0.06284,0.98116,-0.05409,0.18443,-0.01969,0.9261223642516694,-0.11340759026475672,0.3597722681130928,-0.09888014959028751,-0.9933727054640359,-0.05859508559652421,0.36403307878529445,0.018691883516722265,-0.9311984380574835
7.6,0.004138641525059938,Grasping,0.52013,0.27537,0.07508,-0.12186,0.36801,-0.06284,0.98116,-0.0541,0.18442,-0.01969,0.9261233679710319,-0.11341655081687774,0.35976685964495814,-0.09889090977602061,-0.9933717901330761,-0.05859244432073535,0.364027602334855,0.018686159814422672,-0.9312006938193971
7.667,0.004138641525059938,Grasping,0.52012,0.27538,0.07508,-0.12184,0.36801,-0.06283,0.98116,-0.05409,0.18442,-0.01969,0.9261279349919957,-0.11339612342864525,0.35976154216205136,-0.09886903160697907,-0.9933739555054496,-0.05859265408355552,0.36402192601072825,0.01869501844910837,-0.9312027349984683
7.734,0.002428025007247925,Grasping,0.52012,0.27538,0.07508,-0.12184,0.36801,-0.06283,0.98116,-0.05409,0.18442,-0.01969,0.9261268424016069,-0.11340163258883723,0.3597626182768513,-0.09887396215487737,-0.9933733205953053,-0.05859509823571271,0.36402336654537026,0.01869533780500765,-0.9312021654578191
7.8,0.002428025007247925,Grasping,0.52012,0.27538,0.07508,-0.12184,0.36801,-0.06283,0.98116,-0.05409,0.18442,-0.01969,0.9261280566423797,-0.11340302528816187,0.35975905347232195,-0.09887573105348002,-0.993373174452483,-0.058594590934968965,0.364019796863369,0.018694655217174262,-0.9312035746053934
7.867,0.002428025007247925,Grasping,0.52012,0.27538,0.07508,-0.12184,0.36801,-0.06283,0.98116,-0.05409,0.18442,-0.01969,0.9261261524478045,-0.11340825781261565,0.35976230599123804,-0.09888204464762868,-0.9933726623666324,-0.05859261821195991,0.36402292647377354,0.018690123662926238,-0.9312024421568783
7.934,0.002087871776893735,Grasping,0.52012,0.27538,0.07508,-0.12184,0.36801,-0.06283,0.98116,-0.05409,0.18442,-0.01969,0.9261256128127595,-0.11341191322677796,0.3597625428396245,-0.09888494986889024,-0.9933722206966344,-0.058595203196710965,0.36402351020451673,0.01869141745504132,-0.9312021879978072
8.0,0.002087871776893735,Grasping,0.52012,0.27538,0.07508,-0.12184,0.36801,-0.06283,0.98116,-0.05409,0.18442,-0.01969,0.9261285083344217,-0.1133966283171905,0.359759907072136,-0.09887040827415217,-0.993373939179977,-0.05859060782888409,0.3640200934261205,0.018692823338078507,-0.9312034954496735
8.067,0.002087871776893735,Grasping,0.52012,0.27537,0.07508,-0.12184,0.36801,-0.06283,0.98116,-0.05409,0.18442,-0.01969,0.9261247757325208,-0.11341330165365593,0.35976426001258777,-0.09888737250853286,-0.9933721259489972,-0.05859272092955109,0.36402498174266373,0.018688028135317246,-0.9312016807715
8.133,0.0020488000009208918,Grasping,0.52012,0.27538,0.07508,-0.12184,0.36801,-0.06283,0.98116,-0.05409,0.18442,-0.01969,0.9261269517147961,-0.11340506039370662,0.3597612563694974,-0.09887732697483742,-0.9933729341916852,-0.058595971070651315,0.3640221744863499,0.01869507669150566,-0.9312026366960782
8.2,0.0020488000009208918,Grasping,0.52012,0.27538,0.07508,-0.12184,0.36801,-0.06283,0.98116,-0.05409,0.18442,-0.01969,0.9261254535757757,-0.11341060262036545,0.3597633659120251,-0.09888348753606407,-0.9933723604022254,-0.05859530255588741,0.36402431255586376,0.018691944847887082,-0.9312018637578184
8.267,0.0020488000009208918,Grasping,0.52012,0.27538,0.07507,-0.12184,0.36801,-0.06283,0.98116,-0.05409,0.18442,-0.01969,0.9261282775763546,-0.11340587997119289,0.35975758485598847,-0.09888052502421385,-0.9933729538375464,-0.05859024112430297,0.3640179325862807,0.01868906022323066,-0.9312044156808871
8.333,0.0020474866032600403,Grasping,0.52012,0.27538,0.07508,-0.12184,0.36801,-0.06283,0.98116,-0.05409,0.18442,-0.01969,0.926126288834153,-0.11340630413342812,0.35976257075059287,-0.09887801977617838,-0.9933727727418586,-0.058597539029324325,0.36402367276788555,0.018696110770636796,-0.9312020302311587
8.4,0.0020474866032600403,Grasping,0.52012,0.27538,0.07508,-0.12184,0.36801,-0.06283,0.98116,-0.05409,0.18442,-0.01969,0.9261273081909014,-0.11340888561318563,0.3597591328751095,-0.09888335000434373,-0.9933726174759068,-0.05859117630654162,0.3640196314967005,0.018688700143167272,-0.9312037587832027
8.467,0.0020474866032600403,Grasping,0.52012,0.27538,0.07507,-0.12184,0.36801,-0.06283,0.98116,-0.05409,0.18442,-0.01969,0.9261286626464738,-0.11340684732273942,0.3597562886246335,-0.09888024033331139,-0.9933727784515904,-0.05859369507885817,0.36401703022836757,0.01869251218227437,-0.9312046991354989
8.533,0.0008799333591014147,Grasping,0.52012,0.27538,0.07507,-0.12184,0.36801,-0.06283,0.98116,-0.05409,0.18442,-0.01969,0.9261285925003282,-0.11340150555197398,0.35975815305828307,-0.09887381521029881,-0.9933733190996858,-0.05859537154617078,0.36401895392839256,0.018696187831205965,-0.9312038733496868
8.6,0.0008799333591014147,Grasping,0.52012,0.27538,0.07507,-0.12184,0.36801,-0.06283,0.98116,-0.05409,0.18442,-0.01969,0.9261282977541703,-0.11340678740844046,0.3597572468605183,-0.09888073398629027,-0.9933728166095719,-0.058592215075883886,0.36401782448843845,0.018690847783419565,-0.9312044220598621
8.667,0.0008211616659536958,Grasping,0.52012,0.27538,0.07507,-0.12184,0.36801,-0.06283,0.98116,-0.05409,0.18442,-0.01969,0.926129590083673,-0.1134070190702221,0.3597538469524042,-0.09887981829638098,-0.9933727210481813,-0.05859538045791335,0.36401478528367825,0.01869452066620642,-0.9312055363838526
8.733,0.0008211616659536958,Grasping,0.52012,0.27538,0.07507,-0.12184,0.36801,-0.06283,0.98116,-0.05409,0.18442,-0.01969,0.9261276495197859,-0.11340326308532211,0.3597600265684865,-0.09887816518606479,-0.993373264115439,-0.05858896303977315,0.3640201714800899,0.01868844729344477,-0.9312035527710179
8.8,0.0008211616659536958,Grasping,0.52012,0.27538,0.07508,-0.12184,0.36801,-0.06283,0.98116,-0.05409,0.18442,-0.01969,0.9261277318615699,-0.1134043208578025,0.359759481164464,-0.09887667386286081,-0.9933730145754149,-0.058595710416116775,0.36402036707135116,0.018695291496324987,-0.9312033389293158
8.867,0.0008211616659536958,Done,0.52012,0.27538,0.07507,-0.12184,0.36801,-0.06283,0.98116,-0.05409,0.18442,-0.01969,0.926128440149308,-0.1134088994362959,0.3597562145054029,-0.09888447201219308,-0.9933726633608364,-0.05858850469391266,0.36401644680079914,0.018686177138381742,-0.9312050543475772
