time,gr,gr_state,tx,ty,tz,rx,ry,rz,qw,qx,qy,qz,xx,xy,xz,yx,yy,yz,zx,zy,zz
0.0,0.01625249907374382,Empty,0.30736,0.00136,0.48554,0.00536,0.00121,-0.00408,0.99999,0.00268,0.0006,-0.00204,0.9999849025475611,0.005359925834453216,0.0012107320075488775,0.00536481594842847,-0.9999773165074921,-0.004072495588030557,0.001188876269605417,0.004078929458105481,-0.9999909744131151
0.067,0.01625249907374382,Empty,0.30736,0.00136,0.48554,0.00536,0.00121,-0.00408,0.99999,0.00268,0.0006,-0.00204,0.9999849086071674,0.005358046108575709,0.0012140427560540165,0.005362956633326477,-0.9999773029201384,-0.00407827668443882,0.001192163606309816,0.0040847259962150185,-0.999990946838756
0.133,0.01625249907374382,Empty,0.30736,0.00137,0.48554,0.00536,0.00121,-0.00408,0.99999,0.00268,0.0006,-0.00204,0.9999848774549642,0.005365585596187827,0.0012063799526020674,0.005370461642676572,-0.9999772733829315,-0.0040756422048893225,0.0011844843285569084,0.004082059388068474,-0.9999909668532149
0.2,0.01625249907374382,Empty,0.30736,0.00136,0.48554,0.00536,0.00121,-0.00408,0.99999,0.00268,0.0006,-0.00204,0.9999849540262304,0.005349522963868425,0.0012142179445941103,0.00535443196685681,-0.9999773564746277,-0.00407634595291949,0.0011923839441354655,0.004082786067702473,-0.9999909544983171
0.267,0.01625249907374382,Empty,0.30736,0.00137,0.48554,0.00536,0.00121,-0.00408,0.99999,0.00268,0.0006,-0.00204,0.9999848961174048,0.0053606403499397715,0.001212877611916875,0.005365552508605598,-0.9999772670200907,-0.004083661262566367,0.0011909590002547503,0.004090107341939351,-0.9999909262781294
0.333,0.01625249907374382,Empty,0.30734,0.00147,0.4856,0.00544,0.00161,-0.00404,0.99999,0.00272,0.0008,-0.00202,0.9999839039560574,0.005439196426755111,0.0016146117284817029,0.005445678457898451,-0.999977020393146,-0.004037731018654203,0.0015926126132102217,0.004046458683465963,-0.9999905448338935
0.4,0.01625249907374382,Empty,0.30638,0.00186,0.48315,0.00253,0.00462,-0.00359,0.99999,0.00127,0.00231,-0.0018,0.9999860625472081,0.0025384423555455116,0.0046293651550522955,0.0025551347781770928,-0.9999902432539374,-0.0036034265909022857,0.00462017289682867,0.0036152050202228406,-0.999982791999475
0.467,0.01625249907374382,Empty,0.30465,0.002,0.48016,0.00178,0.00204,-0.00286,1.0,0.00089,0.00102,-0.00143,0.9999963101600653,0.001780068732743556,0.0020520773770356234,0.001785929968792288,-0.9999943212435896,-0.0028579598875726384,0.0020469783587527424,0.0028616142086440406,-0.999993810502705
0.533,0.01625249907374382,Empty,0.30394,0.00182,0.47942,0.00029,0.0037,-0.00276,1.0,0.00015,0.00185,-0.00138,0.9999930929855001,0.00029034111366765814,0.003705358731756676,0.0003005592629065079,-0.9999961531719863,-0.0027574091751055613,0.003704543888628274,0.0027585038095296267,-0.9999893334487673
0.6,0.01625249907374382,Empty,0.30377,0.00136,0.47894,0.00018,0.00228,-0.00314,1.0,9e-05,0.00114,-0.00157,0.9999973664177921,0.00017363487361599095,0.002288451094278369,0.0001808399969129293,-0.9999950266664999,-0.003148640843583056,0.002287892999192789,0.0031490463948673753,-0.9999924244975196
0.667,0.01625249907374382,Empty,0.30362,0.0003,0.47913,0.00074,0.00268,-0.003,1.0,0.00037,0.00134,-0.0015,0.9999961350125752,0.0007435117910327693,0.0026790203672621853,0.0007515310615782145,-0.9999952367776157,-0.00299359702423951,0.002676781831807199,0.0029955988210452543,-0.9999919305808062
0.733,0.01625249907374382,Empty,0.30362,-0.00028,0.47901,-0.0001,0.0023,-0.00376,1.0,-5e-05,0.00115,-0.00188,0.9999973687772161,-9.755220419171984e-05,0.002291925437747231,-8.89402358509872e-05,-0.9999929372667052,-0.0037573270208660315,0.0022922757860219414,0.003757113290112582,-0.9999903147388209
0.8,0.01625249907374382,Empty,0.30373,-0.00104,0.47792,0.00275,0.00332,-0.00334,1.0,0.00138,0.00166,-0.00167,0.9999906382018728,0.002762467255957135,0.00333050795995716,0.0027735557061666083,-0.9999906113707406,-0.0033293481519927697,0.003321279475798851,0.0033385543326642487,-0.9999889115173289
0.867,0.01625249907374382,Empty,0.30397,-0.00164,0.47646,0.00207,0.00352,-0.00338,1.0,0.00104,0.00176,-0.00169,0.9999916623679268,0.002073568922011104,0.0035178838177967343,0.002085472217179307,-0.9999921017924913,-0.0033833649324520845,0.0035108403924445706,0.0033906731721653894,-0.9999880885966483
0.933,0.01625249907374382,Empty,0.30503,-0.00222,0.47328,0.00499,0.00733,-0.0041,0.99999,0.0025,0.00366,-0.00206,0.9999607000873174,0.004979022935657551,0.007335367167932984,0.0050091854610523345,-0.9999790516268385,-0.004099313174861596,0.007314802929606025,0.004135896286780858,-0.9999646933867247
1.0,0.01625249907374382,Empty,0.30644,-0.00399,0.46854,0.00971,0.01093,-0.00595,0.99997,0.00487,0.00545,-0.003,0.9998932248230228,0.009701188016026263,0.010928215961166325,0.009766667673568374,-0.9999345762277414,-0.005954449328173494,0.010869735763589534,0.006060545794350376,-0.99992255631579
1.067,0.01625249907374382,Empty,0.30815,-0.00617,0.46214,0.01278,0.01505,-0.00828,0.99994,0.00642,0.0075,-0.00419,0.9998050047003743,0.012771064050077496,0.015061623389054124,0.012896896738209762,-0.9998824893333506,-0.008287193678586914,0.014954017206384123,0.008479825916330938,-0.9998522240420432
1.133,0.01625249907374382,Empty,0.3098,-0.00808,0.45609,0.01692,0.01781,-0.01095,0.99991,0.00851,0.00886,-0.00555,0.9996980799431441,0.016923047360227428,0.01781458464389202,0.017119771623417324,-0.9997934961643423,-0.01094890163638708,0.01762561708289734,0.011250577564051982,-0.9997813571611155
1.2,0.01625249907374382,Empty,0.31174,-0.00861,0.45023,0.01768,0.02307,-0.01242,0.99987,0.00891,0.01148,-0.00631,0.9995778234479178,0.017673768365101927,0.023061066386891007,0.01796331733960782,-0.999761632373476,-0.012409579528691001,0.022836245341132738,0.01281859374889028,-0.9996570359643455
1.267,0.01625249907374382,Empty,0.31361,-0.00855,0.44338,0.01982,0.02805,-0.01286,0.99983,0.01,0.01396,-0.00657,0.9994100368082961,0.019812012255414957,0.028054634148951544,0.020179060435071228,-0.9997136565048872,-0.012861202027268022,0.027791794594771532,0.013419730549446366,-0.9995236500379479
1.333,0.01625249907374382,Empty,0.3156,-0.00856,0.43679,0.02294,0.03328,-0.01344,0.99977,0.01158,0.01656,-0.00691,0.9991831716088517,0.02292060096544679,0.03328116021201982,0.023378714536070044,-0.9996363129879803,-0.01344163168803751,0.03296096601005971,0.014208722925677403,-0.9993556358536759
1.4,0.01625249907374382,Empty,0.31753,-0.00887,0.43084,0.02482,0.03823,-0.01471,0.99971,0.01255,0.01902,-0.00759,0.9989615769222389,0.02481186402519947,0.038211768300213944,0.025389367037618127,-0.9995695114489366,-0.014702782837379316,0.037830515122891616,0.015657687738904226,-0.999161492923045
1.467,0.01625249907374382,Empty,0.32031,-0.00954,0.42466,0.0313,0.04598,-0.01609,0.99958,0.01583,0.02286,-0.0084,0.9984534728539558,0.03125464659515409,0.04597618527115533,0.032023225692635715,-0.9993578272177399,-0.016076261843981927,0.04544420273383732,0.017523705226057933,-0.9988131678111961
1.533,0.01625249907374382,Empty,0.32281,-0.01063,0.41864,0.03668,0.04991,-0.01809,0.99948,0.01856,0.02478,-0.0095,0.9980830141439457,0.036630863774684774,0.049884633871130526,0.03757205744312314,-0.9991306757666123,-0.01806192796029933,0.049179643927410914,0.019901571829201645,-0.9985916533107517
1.6,0.01625249907374382,Empty,0.32594,-0.01201,0.41362,0.04627,0.0533,-0.02074,0.99932,0.0234,0.0264,-0.01098,0.9975105252402006,0.04619496293849529,0.053280178623297175,0.04735470345708198,-0.9986633561849353,-0.02071311357407582,0.05225212048817958,0.023184615859482904,-0.9983647577373396
1.667,0.01625249907374382,Empty,0.3297,-0.0131,0.40854,0.05419,0.05817,-0.02214,0.99914,0.0274,0.02877,-0.01185,0.9968435251510566,0.05406248384039897,0.05813978160795899,0.05542590540002579,-0.9982182267376538,-0.02209843477084347,0.056841493426914344,0.025251131652669175,-0.998063838126228
1.733,0.01625249907374382,Empty,0.33372,-0.01353,0.40335,0.0647,0.06196,-0.02022,0.99894,0.03264,0.03063,-0.0111,0.9959933174708333,0.064527813368574,0.061915045468082866,0.06588789331014966,-0.9976229419648683,-0.0201804653194921,0.06046566851193018,0.024179060511760136,-0.9978773852353675
1.8,0.01625249907374382,Empty,0.33781,-0.01344,0.39808,0.07602,0.06735,-0.01963,0.99865,0.03831,0.03327,-0.01108,0.9948514264273434,0.07577064112323256,0.06730118334215682,0.07724496156917743,-0.9968199159687088,-0.019577309322589616,0.06560377464488316,0.024675191426012672,-0.9975406155542906
1.867,0.01625249907374382,Empty,0.34152,-0.01364,0.39225,0.08731,0.07279,-0.01928,0.99832,0.04396,0.03593,-0.01121,0.9935539270537478,0.08695829572447655,0.0727244720900058,0.08856957318570285,-0.9958844175886195,-0.019226479393753267,0.07075326665093272,0.0255437195582489,-0.9971667331240809
1.933,0.01625249907374382,Empty,0.34519,-0.01394,0.3863,0.09943,0.07596,-0.01864,0.99798,0.05001,0.03746,-0.01119,0.9921909022580837,0.09898242606344954,0.0758926400047032,0.10065888645293208,-0.994747434633739,-0.018583053238115755,0.07365461325908561,0.026077204991882767,-0.9969428154741202
2.0,0.01625249907374382,Empty,0.35064,-0.01496,0.38174,0.11878,0.08052,-0.01815,0.99736,0.05967,0.03964,-0.01144,0.9897347338598668,0.11812598653792994,0.0804450613510812,0.11993962001711744,-0.992616507303334,-0.01808195174973432,0.07771514743914412,0.027544885793392627,-0.9965950206202823
2.067,0.01625249907374382,Empty,0.3561,-0.01604,0.37625,0.1364,0.08571,-0.01854,0.99669,0.06848,0.04211,-0.01216,0.9870741687581537,0.1354827507949969,0.08560963501511165,0.13753170964445655,-0.9903249598678283,-0.018479791802316056,0.08227766533314329,0.030014964597761096,-0.9961573609061584
2.133,0.01625249907374382,Empty,0.36122,-0.01687,0.37086,0.15437,0.08849,-0.01962,0.99597,0.07746,0.04334,-0.01318,0.9842429230848446,0.15315245969607189,0.08837529319013844,0.15543752834501962,-0.9876524432098888,-0.01954037367933388,0.08429141794626024,0.03296931164855934,-0.9958955674919077
2.2,0.01625249907374382,Empty,0.36658,-0.01652,0.36523,0.17272,0.09346,-0.02012,0.9951,0.08662,0.04567,-0.01404,0.9808231421876524,0.17110395870203648,0.09332416121043796,0.17366887808194836,-0.9846003523752422,-0.020031647169071472,0.08845950788297041,0.035855005494918706,-0.9954342439589176
2.267,0.01625249907374382,Empty,0.37155,-0.01593,0.35943,0.19084,0.09741,-0.02042,0.99417,0.09565,0.04749,-0.01479,0.9771909734120856,0.18877956541366447,0.09726292800532241,0.19158989284977002,-0.98126452034046,-0.020328651672461916,0.09160302636787816,0.03849956887076291,-0.9950510885160677
2.333,0.01625249907374382,Empty,0.37623,-0.01513,0.35368,0.21117,0.10046,-0.02046,0.99307,0.10576,0.04885,-0.01545,0.9728576228555703,0.20853770701148466,0.10029990232398818,0.21155635806230821,-0.977153991388652,-0.020346608480009527,0.0937654148138953,0.04101343520870323,-0.9947491870402104
2.4,0.01625249907374382,Empty,0.38135,-0.01499,0.34827,0.2331,0.10356,-0.02051,0.99177,0.11665,0.05021,-0.01619,0.9677430462414826,0.22975845843827236,0.10336559982568763,0.23300944331986806,-0.9722605767960673,-0.02039534584026429,0.09581229448782014,0.043822614986413676,-0.9944343028278597
2.467,0.01625249907374382,Empty,0.38575,-0.01514,0.34322,0.25452,0.10226,-0.02276,0.99048,0.12732,0.04925,-0.01776,0.9627282597297685,0.25046753746389006,0.10207992258258275,0.25396644640943195,-0.966947899870479,-0.022645154762895546,0.09303409061121834,0.047726005624242174,-0.994518419322286
2.533,0.01625249907374382,Empty,0.38995,-0.01599,0.33891,0.27419,0.10145,-0.02353,0.98919,0.13707,0.04862,-0.01857,0.9576971241544529,0.26936649522414374,0.10128133903613114,0.27297797882229113,-0.9617354252187358,-0.02340929211732768,0.09110017269131385,0.05006658696175451,-0.994582372358174
2.6,0.01625249907374382,Empty,0.39463,-0.01674,0.33531,0.29328,0.10348,-0.02438,0.98778,0.14653,0.04938,-0.0196,0.9521793614493966,0.28754523021724065,0.10330636093258524,0.2914167045688031,-0.9562889142868014,-0.024244931644154935,0.09181921328392258,0.05319072279528504,-0.9943540511711291
2.667,0.01625249907374382,Empty,0.39987,-0.01771,0.33182,0.31298,0.10546,-0.02566,0.98622,0.15629,0.05006,-0.02087,0.9461370659569318,0.30617858275689047,0.10525838628532327,0.3103580375355846,-0.9502769761597686,-0.025525616891796984,0.09220922383074812,0.056818518474420966,-0.994117254150084
2.733,0.01625249907374382,Empty,0.4058,-0.01906,0.32844,0.33275,0.10858,-0.02684,0.98453,0.16607,0.05129,-0.0222,0.9395831155028056,0.32471712879811687,0.1083621489596284,0.3292722198919608,-0.9438578468648793,-0.026686515677669012,0.09361289585020738,0.0607548448825389,-0.9937532261853728
2.8,0.01625249907374382,Empty,0.41055,-0.01979,0.32462,0.34781,0.11058,-0.03061,0.98315,0.17358,0.05178,-0.02461,0.9343754315065246,0.3387701396503439,0.11035101031835928,0.34386754073373416,-0.9385252483441315,-0.030421581982531254,0.09326128578745747,0.06637130932769589,-0.9934269886969034
2.867,0.01625249907374382,Empty,0.41533,-0.02049,0.32142,0.36104,0.11197,-0.03402,0.9819,0.18017,0.05199,-0.02675,0.9296714004909971,0.3510334862259643,0.11174336068489168,0.3565973469645657,-0.9336464745112618,-0.033802259843464494,0.09246306963832224,0.07127238020957115,-0.9931620354062679
2.933,0.01625249907374382,Empty,0.4191,-0.02066,0.31873,0.36791,0.11067,-0.03836,0.98125,0.18365,0.05086,-0.02894,0.9273711367437796,0.3574697012090125,0.110445404848228,0.36335763171176044,-0.9308697324324663,-0.03811525571118741,0.08918523538888215,0.07547816875526249,-0.9931510659662918
3.0,0.01625249907374382,Empty,0.42266,-0.0193,0.31738,0.36955,0.10893,-0.04249,0.98109,0.18455,0.0496,-0.03085,0.9269632378052306,0.3590568728774545,0.10870748730932442,0.365177455029441,-0.9299797003884518,-0.04222775394957736,0.08593359119613327,0.07884109908460718,-0.9931764692134357
3.067,0.01625249907374382,Empty,0.42693,-0.01696,0.31698,0.372,0.10914,-0.04559,0.9808,0.18583,0.04938,-0.03245,0.9260602131639023,0.3613116591541619,0.10893285341941136,0.367721944862888,-0.9288316486073691,-0.04530275721821249,0.08481186745428616,0.0820100817252602,-0.9930162605085239
3.133,0.01625249907374382,Empty,0.43191,-0.01451,0.31686,0.37232,0.11088,-0.05031,0.98065,0.18611,0.04979,-0.03493,0.9257713906430666,0.3615298084410754,0.11065048520165535,0.3684860503950788,-0.9282890757167035,-0.04997421904606131,0.08464846679673454,0.08703786252883051,-0.992602159757561
3.2,0.01625249907374382,Empty,0.4368,-0.01066,0.31586,0.36695,0.11671,-0.05864,0.98081,0.18374,0.05198,-0.03941,0.9270783064035755,0.3563239960044846,0.11644322078710269,0.3645180630424983,-0.9293751811139848,-0.05820957348317672,0.08747797157926707,0.0964104900970026,-0.9914901017597869
3.267,0.01625249907374382,Empty,0.44051,-0.00591,0.3133,0.36216,0.12087,-0.06727,0.98093,0.18166,0.05333,-0.04389,0.9283123935563229,0.3517076179674113,0.12057301287361118,0.36107049197702734,-0.9301477562906293,-0.06673268532717228,0.08868032359660197,0.10548413592193544,-0.9904589326547591
3.333,0.01625249907374382,Empty,0.44423,-0.00194,0.31093,0.36105,0.1219,-0.07414,0.98084,0.18131,0.05324,-0.04732,0.9285833354500674,0.35063682396567647,0.12160101481357205,0.3607149607352558,-0.929773217979305,-0.07352877144472292,0.08727947196328827,0.11214089712353134,-0.9898518641524795
3.4,0.01625249907374382,Empty,0.44856,0.0012,0.30901,0.35853,0.12344,-0.08061,0.98086,0.18027,0.05347,-0.05056,0.9292859754946594,0.3482355327182742,0.12312428477501487,0.3590500556011891,-0.9298909123974837,-0.07991213057701824,0.08666391014558579,0.11846900351144675,-0.9891685710157206
3.467,0.01625249907374382,Empty,0.45356,0.00444,0.30713,0.35989,0.1245,-0.08544,0.98058,0.18108,0.05352,-0.05306,0.928693812920317,0.3494375032906944,0.1241822577403425,0.36079778554212555,-0.9287916075806515,-0.0846823927132859,0.08574823491723503,0.12344869777245425,-0.9886392968251183
3.533,0.01625249907374382,Empty,0.45875,0.00695,0.30591,0.36316,0.12552,-0.08595,0.98023,0.18271,0.05389,-0.05349,0.927423201987958,0.3524381079651239,0.12519418703904422,0.36396774057325637,-0.9275096200311275,-0.08516682788334924,0.08610277717009095,0.12455233760823958,-0.9884700435318821
3.6,0.01625249907374382,Empty,0.4628,0.00855,0.30422,0.36829,0.12387,-0.08292,0.9799,0.18512,0.05322,-0.05199,0.9257969926029856,0.3572630325453919,0.12354373340537099,0.368330887375886,-0.9260541513001579,-0.08219529344577325,0.08504284738976838,0.12160112843314697,-0.9889291580652407
3.667,0.01625249907374382,Empty,0.46742,0.00937,0.30351,0.38285,0.12361,-0.07809,0.97865,0.19212,0.05318,-0.04999,0.9205251145593669,0.37071816171983946,0.12329459856996024,0.3813525476593041,-0.9211818615022638,-0.07742229932637391,0.08487489534145361,0.11828788023414544,-0.9893453540248166
3.733,0.01625249907374382,Empty,0.47227,0.00947,0.30281,0.39859,0.12342,-0.0732,0.97724,0.19968,0.05318,-0.048,0.9145979228176968,0.38517047112639696,0.12310299651033471,0.3953810456466119,-0.9156447631584479,-0.07258440909659372,0.0847612430356343,0.11505814127118194,-0.9897359020497715
3.8,0.01625249907374382,Empty,0.47854,0.00831,0.30339,0.42498,0.12207,-0.06666,0.97472,0.21237,0.05258,-0.04537,0.9042662204361418,0.409237510521663,0.12176724748538326,0.41877857573797495,-0.9056790725399565,-0.06610538605921194,0.08322924414535984,0.11077038207569795,-0.9903548936486335
3.867,0.01625249907374382,Empty,0.48532,0.00625,0.30466,0.45494,0.12362,-0.05932,0.97154,0.22677,0.05348,-0.04276,0.8914330953236346,0.43605528676252103,0.12329973012208728,0.44520106842715235,-0.8934962407839527,-0.05882581385978858,0.084516538222092,0.10733244892109604,-0.9906243991420532
3.933,0.01625249907374382,Empty,0.4911,0.00359,0.30469,0.48335,0.12454,-0.05326,0.96832,0.24039,0.05404,-0.04069,0.8785856265811824,0.46114990571860937,0.12420974688271685,0.4699447751840407,-0.8811138510884918,-0.05282319279661531,0.08508351804064249,0.1047814195156978,-0.9908489537170146
4.0,0.01625249907374382,Empty,0.4963,0.00097,0.30365,0.51277,0.12538,-0.04667,0.96478,0.25443,0.05468,-0.03841,0.8645473864998572,0.48674167372655314,0.1250614231253595,0.4951435458837278,-0.8675771393732606,-0.04629013076886247,0.08596909599359111,0.1019433680765124,-0.9910685466905211
4.067,0.01625249907374382,Empty,0.50246,-0.00203,0.30153,0.54793,0.12535,-0.03959,0.96029,0.27116,0.05494,-0.03596,0.8469056992475201,0.5168400827257551,0.12500826160739695,0.5247411299520023,-0.8503558863790608,-0.039263380358511527,0.08600862235127768,0.09884935704654753,-0.9913784955771026
4.133,0.01625249907374382,Empty,0.50799,-0.00506,0.29824,0.58028,0.1226,-0.03414,0.95596,0.28651,0.05382,-0.03385,0.8300277240341605,0.5441473070485037,0.12230161718690988,0.5514357025000183,-0.8335288423185742,-0.03388709240063142,0.08350235531398705,0.09556870436978333,-0.9919143004322991
4.2,0.016252828761935234,Empty,0.51258,-0.00734,0.29502,0.6096,0.11924,-0.02939,0.95185,0.30037,0.05243,-0.03187,0.8140515256639305,0.5684790463916974,0.11896086490024183,0.5751622808472995,-0.81751938913757,-0.02916160274515444,0.08067505348470384,0.09216084959308896,-0.99247061092383
4.267,0.016252828761935234,Empty,0.51596,-0.00906,0.29158,0.63673,0.11482,-0.02753,0.94785,0.31322,0.05019,-0.03101,0.7987474489650448,0.5906578513682196,0.1145679509675875,0.5968826251391287,-0.8018627120878057,-0.027337204871959106,0.07572083318912848,0.09021914198365671,-0.9930392045840268
4.333,0.01625249907374382,Empty,0.5187,-0.01051,0.28853,0.65995,0.11162,-0.02377,0.9443,0.32412,0.04892,-0.0293,0.7851043398404771,0.6092642504813093,0.11139231862698946,0.6149984122110548,-0.7881744113713216,-0.02362308695645083,0.07340387279653739,0.0870526871780449,-0.9934956975818018
4.4,0.01625249907374382,Empty,0.52071,-0.01087,0.28565,0.68208,0.10881,-0.01913,0.94079,0.33445,0.04805,-0.02719,0.7716670464818609,0.6266859490845189,0.10860336364034695,0.631912031756942,-0.7748068107999369,-0.01901552152438392,0.07222986567047729,0.08330142350564324,-0.9939032746435432
4.467,0.01625249907374382,Empty,0.52248,-0.01062,0.28278,0.70399,0.10775,-0.01298,0.93719,0.34459,0.04831,-0.02465,0.7578520936449343,0.6435026340044474,0.10753866368579924,0.6482654328481273,-0.7613051059878011,-0.012902099485463683,0.07356719875202059,0.07949148146965773,-0.9941171820472371
4.533,0.01625249907374382,Empty,0.5249,-0.0108,0.28076,0.73409,0.10103,-0.00764,0.93212,0.35858,0.04576,-0.02168,0.7386509419801054,0.6665007770234155,0.10085385535063084,0.6704695864015622,-0.7418979958491781,-0.007609038407762121,0.06975184314712146,0.07323986607139678,-0.9948721537943571
4.6,0.01625249907374382,Empty,0.52899,-0.01124,0.28061,0.7639,0.09703,-0.00163,0.92683,0.37233,0.0447,-0.01883,0.7187492225127389,0.6884867120900918,0.09687931880803047,0.6918533620206477,-0.7220362238517826,-0.0016176855642056898,0.06883662250618773,0.06818899266914898,-0.995294820985575
4.667,0.01625249907374382,Empty,0.53363,-0.01233,0.28057,0.79756,0.09149,0.00416,0.92061,0.3878,0.04295,-0.01584,0.6955318876807103,0.7126621587318059,0.09136761314070657,0.7153839514225636,-0.6987192895999224,0.0041420270422334315,0.06679217967955854,0.062482012233137665,-0.9958086175972527
4.733,0.01625249907374382,Empty,0.53753,-0.01347,0.28101,0.82819,0.08755,0.01154,0.91469,0.40174,0.04238,-0.01233,0.6736124974217451,0.7338949946871275,0.0874319168863439,0.7359848295484103,-0.6769003934254244,0.011497306428169082,0.06762051457832269,0.05660383514998449,-0.996104147092299
4.8,0.01625249907374382,Empty,0.54087,-0.01446,0.27911,0.86464,0.08179,0.01391,0.90734,0.41836,0.04003,-0.01082,0.6467500032628027,0.7583132044607638,0.08170383846560067,0.760046444323484,-0.649721048162573,0.013855036837084465,0.06359116094862695,0.05313796679376944,-0.996560344753006
4.867,0.01625249907374382,Empty,0.54175,-0.01484,0.27603,0.89235,0.07601,0.01264,0.90154,0.43098,0.037,-0.0107,0.625779427694265,0.7762946265507533,0.07593919056102762,0.7778777152716985,-0.6282891389133556,0.01261023422448173,0.057501025715376713,0.05118017889710749,-0.9970327082547189
4.933,0.01625249907374382,Empty,0.54342,-0.0157,0.27283,0.92333,0.06613,0.00877,0.89488,0.44506,0.03155,-0.0108,0.6018435637377717,0.7958751745179684,0.06608351816763125,0.7972381146952005,-0.603601428627291,0.008758072638181808,0.0468584385640538,0.04741330978835076,-0.997775658547678
5.0,0.01625249907374382,Empty,0.54237,-0.01581,0.2696,0.94088,0.05828,0.00592,0.89102,0.45301,0.02731,-0.01057,0.5880687429691409,0.806711073709143,0.05824428811253651,0.8078656045326094,-0.5893371099084896,0.005910659681497909,0.03909371504291019,0.043577682817588906,-0.9982848626541391
5.067,0.01625249907374382,Empty,0.53844,-0.01544,0.26552,0.95532,0.04547,0.00431,0.88786,0.45954,0.02118,-0.00854,0.5767471010627058,0.815657554333429,0.045448162499429005,0.8163805687865825,-0.5774982496526602,0.004305642322564467,0.02975816398000746,0.034619730023836934,-0.9989574194977561
5.133,0.01625249907374382,Empty,0.53407,-0.01326,0.26387,0.97396,0.03058,0.00474,0.88366,0.46787,0.01462,-0.00506,0.5617746923453208,0.8267252184653888,0.03057136231303796,0.8270210026008848,-0.5621510270334635,0.004741736206167876,0.021105835623035838,0.022619371312600955,-0.999521339314012
5.2,0.01625249907374382,Empty,0.53348,-0.01057,0.26338,0.99089,0.02204,0.00843,0.87972,0.47535,0.0117,-0.00153,0.54780869924801,0.8363135224451592,0.02203000688999861,0.8363849856588585,-0.5480776096270666,0.008431464280415465,0.01912550110806297,0.013806737516545592,-0.999721755893366
5.267,0.01625249907374382,Empty,0.53525,-0.00852,0.26355,1.01279,0.01565,0.01261,0.87448,0.48496,0.0099,0.00172,0.5294368498308224,0.8482049988008433,0.015649346646950005,0.8481370730320934,-0.5296269498538161,0.012601560899220356,0.01897702267924123,0.0066010603545742855,-0.9997981289302489
5.333,0.01625249907374382,Empty,0.53788,-0.00728,0.26145,1.03749,0.01264,0.01456,0.86842,0.49573,0.0091,0.00319,0.5083279672697197,0.8610706927119518,0.012646732542208595,0.8609545299144848,-0.5084733274488875,0.014566148865937078,0.018973010071231,0.0034838808268614916,-0.9998139264199221
5.4,0.01625249907374382,Empty,0.53916,-0.00655,0.25665,1.05793,0.00922,0.01269,0.86332,0.5046,0.00718,0.00315,0.4906590651765441,0.8713029271038714,0.009213630137219042,0.8712125930394129,-0.49074223582796356,0.012675792050739007,0.015565972170799573,0.0018075383251648129,-0.9998772091189901
5.467,0.01625249907374382,Empty,0.54073,-0.00601,0.25044,1.07694,0.00506,0.01092,0.85849,0.5128,0.00497,0.00339,0.47402309679772814,0.88049786989011,0.005060120677472068,0.8804304681170286,-0.4740495565866397,0.010918274187793882,0.01201226512865942,-0.0007204297253893638,-0.9999275906121851
5.533,0.01625249907374382,Empty,0.54249,-0.00503,0.24401,1.09352,0.00267,0.00853,0.85421,0.51991,0.00336,0.00295,0.4593593359763789,0.8882464702341563,0.0026848776326790715,0.8882068385904586,-0.4593646227431948,0.008529668993910068,0.008809786176953601,-0.001533456411016719,-0.9999600172901674
5.6,0.01625249907374382,Empty,0.54482,-0.00334,0.23658,1.11015,0.00411,0.0045,0.84986,0.527,0.00293,0.00083,0.44451487167825887,0.8957620670401049,0.0041046447958032264,0.8957523673318653,-0.4445306513174051,0.0044940470272094545,0.005850237278973614,0.001679074555281094,-0.9999814775446682
5.667,0.01625249907374382,Empty,0.54871,-0.00157,0.2283,1.1287,0.00896,0.00125,0.84493,0.53486,0.00412,-0.00187,0.42780683190880225,0.9038256743920651,0.008970221952799885,0.9038565593005392,-0.42783381038914314,0.0012453502710276267,0.004963343786668817,0.007575024596354774,-0.9999589912695519
5.733,0.01625249907374382,Empty,0.55251,0.00034,0.21937,1.14534,0.01288,-0.00112,0.84044,0.54187,0.00511,-0.00396,0.4126963424415997,0.9107776923264516,0.012873387115646416,0.9108585381511222,-0.412717185900113,-0.0011171123006677485,0.004295627140100401,0.012186862729793278,-0.9999165104968907
5.8,0.01625249907374382,Empty,0.55488,0.00245,0.21133,1.15849,0.01304,-0.00409,0.83685,0.54739,0.00434,-0.00528,0.4006799407733651,0.9161251938881754,0.013046615852602035,0.9162168927111053,-0.4006617962801015,-0.004090294904999171,0.001480058329977893,0.013592428957147127,-0.9999065232822442
5.867,0.01625249907374382,Empty,0.55761,0.00502,0.20522,1.17399,0.01385,-0.00822,0.83256,0.55387,0.00349,-0.00726,0.38642099931718427,0.9222184055740386,0.013857261893568323,0.9223197950603235,-0.3863397963917227,-0.008231486128613753,-0.00223761627452701,0.015961646045457623,-0.9998701010275922
5.933,0.01625249907374382,Empty,0.56225,0.00752,0.20094,1.19044,0.01715,-0.00977,0.82796,0.5607,0.00436,-0.00885,0.37120178742526827,0.9283939598420548,0.017143171849881234,0.9285482687215953,-0.3710830498075245,-0.009771530057984874,-0.0027102889908199763,0.019545471965007725,-0.9998052954746995
6.0,0.01625249907374382,Empty,0.56653,0.00946,0.19661,1.20675,0.02097,-0.00685,0.82335,0.56742,0.00669,-0.00877,0.3559692887768612,0.9342624766587173,0.02096402049263003,0.9344970518114917,-0.35590494447466814,-0.006850595164904154,0.001060944544045832,0.02202941683302758,-0.9997567600124898
6.067,0.01625249907374382,Empty,0.56866,0.01119,0.19152,1.22165,0.0229,-0.00614,0.8191,0.57353,0.00762,-0.00908,0.3420215155499823,0.9394132551060114,0.022891461989595872,0.9396898508451159,-0.34197274120103255,-0.006134206887241214,0.0020657007472441526,0.023608905238901325,-0.9997191367948518
6.133,0.01625249907374382,Empty,0.57234,0.0127,0.18742,1.24077,0.02453,-0.00292,0.81358,0.58132,0.00913,-0.00832,0.3239650303163895,0.9457509564566374,0.024531357350469428,0.9460547914389739,-0.3239936106707674,-0.002910642519906973,0.005195260095528113,0.024150954554115124,-0.9996948237670659
6.2,0.01625249907374382,Empty,0.57683,0.01398,0.18367,1.25956,0.02766,1e-05,0.80808,0.58891,0.01118,-0.00814,0.30612380274652273,0.9515898370341851,0.027658623343561072,0.9519539784951214,-0.30624111871532883,5.940819110152387e-06,0.008475860977946817,0.02632791790546358,-0.9996174270787029
6.267,0.01625249907374382,Empty,0.58148,0.01519,0.17913,1.27859,0.03364,0.00363,0.80242,0.59652,0.01458,-0.00858,0.2879078906446253,0.9570675453435906,0.03362677734419643,0.9575675999426938,-0.28818589142974843,0.0036309118455430493,0.01316579069221991,0.03115454430472264,-0.9994278644927875
6.333,0.01625249907374382,Empty,0.58201,0.01601,0.17437,1.28721,0.03616,0.007,0.79984,0.59993,0.01656,-0.00805,0.2796260503452153,0.9594280307193072,0.036154195308529945,0.959961452757757,-0.28004491181474217,0.006989748628533517,0.01683095919880716,0.0327521180497614,-0.9993217787958504
6.4,0.01625249907374382,Empty,0.57812,0.01765,0.16962,1.29031,0.03604,0.00853,0.79891,0.60116,0.01696,-0.00743,0.2766389566078683,0.9602986175358572,0.036020172759596604,0.9608022322915009,-0.27710368125812906,0.008521751983125016,0.018164749119616498,0.03225081381786317,-0.999314728650342
6.467,0.01625249907374382,Empty,0.57333,0.02098,0.16603,1.29489,0.03757,0.00679,0.79752,0.60299,0.01703,-0.00862,0.27222267867956407,0.9615006758227946,0.0375667885882173,0.9620880988702416,-0.2726543144295805,0.0067907904679354175,0.016772096612132165,0.03429395304196527,-0.9992710450923658
6.533,0.01625249907374382,Empty,0.56929,0.02466,0.16294,1.30083,0.03819,0.00692,0.79572,0.60535,0.01729,-0.00881,0.26649881791420005,0.9630784581451062,0.038187216541384315,0.9636880017550551,-0.2669414037337844,0.006908128978655753,0.01684681939367433,0.03495955419454365,-0.9992467234106078
6.6,0.01625249907374382,Empty,0.56472,0.02871,0.16054,1.30744,0.03844,0.00383,0.7937,0.608,0.01642,-0.01017,0.26013678050806216,0.9648067925089041,0.03842796580071338,0.965474697955435,-0.2604688849752648,0.0038167483024212356,0.013691714091452256,0.0361083520590841,-0.9992540837428764
6.667,0.01625249907374382,Empty,0.56163,0.03239,0.15949,1.31461,0.03884,0.0013,0.7915,0.61086,0.01577,-0.01135,0.2532121802040127,0.9666313198140937,0.038826322911056844,0.9673472379043022,-0.2534514937565034,0.0012890428676177144,0.011086618747301876,0.037232134871105466,-0.9992451426040018
6.733,0.01625249907374382,Empty,0.56063,0.0356,0.15896,1.32492,0.0397,0.00117,0.78833,0.61493,0.01601,-0.01175,0.2432169574292644,0.9691596933547253,0.03968627464787127,0.9699118853685198,-0.2434534389313584,0.0011652010037759286,0.010791025888914679,0.03820879282403779,-0.999211510097434
6.8,0.01625249907374382,Empty,0.55957,0.03838,0.15814,1.33154,0.03973,0.00158,0.7863,0.61753,0.01611,-0.01165,0.23680088690937173,0.9707456843856272,0.03972601421757038,0.9714965042681343,-0.23704862653022568,0.0015782442548901501,0.010949070907136147,0.038219954301558216,-0.9992093639170208
6.867,0.01625249907374382,Empty,0.56137,0.04097,0.15836,1.34428,0.03952,0.0062,0.78237,0.62249,0.01739,-0.00988,0.22440579311977088,0.9736947301467669,0.0395045883246648,0.9743818065361265,-0.2248151071143611,0.006185685455359802,0.014904197585947538,0.037104448487653444,-0.9992002425924175
6.933,0.01625249907374382,Empty,0.56374,0.04309,0.15858,1.3552,0.04033,0.0113,0.77898,0.6267,0.01925,-0.00824,0.21375203606941007,0.9760556171051324,0.0403174824821794,0.9766899677027523,-0.21435749955722377,0.011294661233147991,0.01966657227323587,0.03696342382807648,-0.9991230811236059
7.0,0.01625249907374382,Empty,0.56835,0.04478,0.15808,1.36824,0.04114,0.01868,0.7749,0.63168,0.02184,-0.00576,0.20100565745201293,0.9787262613335361,0.04112944259727748,0.9792298427268874,-0.201893113913295,0.018657054094056044,0.02656390004045573,0.03652500418168308,-0.9989796210554892
7.067,0.01625249907374382,Empty,0.5727,0.04654,0.15591,1.38074,0.04312,0.02573,0.77094,0.63641,0.02481,-0.00381,0.1887396862247468,0.9810806492269465,0.04310557453760653,0.9814589724568585,-0.1899416231489202,0.025699517105991,0.03340084172160454,0.037455834098129574,-0.998739928241733
7.133,0.01625249907374382,Empty,0.57783,0.04847,0.1515,1.39867,0.04653,0.02962,0.7652,0.6432,0.02733,-0.00364,0.17109844235485683,0.9841557483964075,0.04650576224564869,0.9845535288734109,-0.17256573580755713,0.02958742314074712,0.037143933645414864,0.040725050319225395,-0.9984797436452286
7.2,0.01625249907374382,Empty,0.58132,0.04965,0.14582,1.41093,0.04996,0.02828,0.76123,0.64785,0.02818,-0.00543,0.15900097849646067,0.9860147619992423,0.0499357382717599,0.9866268998549579,-0.16052989137747464,0.028240298456838182,0.03586152980232645,0.0447777075553657,-0.9983530976494854
7.267,0.01625249907374382,Empty,0.58383,0.05018,0.1394,1.41877,0.05428,0.02841,0.75866,0.65077,0.02984,-0.0069,0.1512139582094575,0.9870111906654426,0.054251712819169226,0.987834579006351,-0.15289928319354956,0.028366418847716283,0.03629302084387216,0.04930231941890695,-0.9981242898246402
7.333,0.01625249907374382,Empty,0.58383,0.05066,0.13263,1.4226,0.05949,0.02484,0.75736,0.6522,0.03063,-0.01001,0.14738836938484556,0.9872898651065232,0.05945915260091804,0.9885164154471339,-0.14906492902784746,0.02479805084017359,0.03334613863141162,0.055121404117327945,-0.9979226752842673
7.4,0.01625249907374382,Empty,0.58345,0.05062,0.12676,1.4265,0.06247,0.01977,0.75603,0.65371,0.03008,-0.01296,0.14350548785365408,0.9876780964277867,0.062435188737349906,0.9892380871403175,-0.14497905440959608,0.019725129491711263,0.02853387297319053,0.058932602346096194,-0.9978540807522243
7.467,0.01625249907374382,Empty,0.58291,0.05044,0.12196,1.42859,0.06611,0.0157,0.75529,0.65451,0.03011,-0.01572,0.14142108059051728,0.9877428200488253,0.06606208751321896,0.9896360071671411,-0.1427405310247954,0.015675271003644593,0.024912873838412883,0.06316060674782367,-0.9976923806827225
7.533,0.01625249907374382,Empty,0.58284,0.04976,0.11879,1.43071,0.06842,0.01371,0.75455,0.65531,0.03031,-0.01726,0.13928896553923298,0.9878900453611277,0.06835087677125593,0.9899818293384328,-0.14053046286051113,0.013680884033606053,0.023120589498125895,0.06576052983819054,-0.9975675370904267
7.6,0.01625249907374382,Empty,0.58401,0.04947,0.11687,1.43318,0.07088,0.01351,0.75372,0.65621,0.03115,-0.01818,0.13684621437549715,0.988057321600817,0.07082261532953213,0.9903231090399649,-0.13812559098091626,0.013470739311209266,0.023092278201022005,0.06829385292390559,-0.9973979628715383
7.667,0.01625249907374382,Empty,0.58627,0.04945,0.11579,1.4362,0.07364,0.01573,0.75271,0.65727,0.03289,-0.0183,0.13382837242590695,0.9882696325966119,0.07357377264480754,0.9906772070486054,-0.13532294054436106,0.015696279712147945,0.02546837584549579,0.07078725202876847,-0.9971662483167028
7.733,0.01625249907374382,Empty,0.58775,0.04929,0.11438,1.43749,0.07582,0.01929,0.7523,0.65766,0.03487,-0.0177,0.13254387543935053,0.9882788186539557,0.07574363130626764,0.9907472138924356,-0.13434950177802168,0.019239790445162958,0.02919039650115056,0.0724926752985376,-0.9969416897593193
7.8,0.01625249907374382,Empty,0.58922,0.04898,0.11283,1.43835,0.0772,0.02394,0.75204,0.65788,0.03691,-0.01642,0.1316657007218327,0.9882900436694233,0.07711635907716305,0.9907138667891677,-0.13385132531436428,0.023871674914903118,0.033914265510008555,0.07325716548896363,-0.996736279213032
7.867,0.01625249907374382,Empty,0.59076,0.04883,0.1111,1.43845,0.07878,0.02807,0.75203,0.65781,0.03886,-0.01539,0.13156394419153855,0.9881792166998129,0.07869411840353857,0.9905717074801454,-0.1341097882381182,0.02796885837134725,0.03819189611206996,0.07427247391376895,-0.9965063866780249
7.933,0.01625249907374382,Empty,0.59163,0.04864,0.10911,1.43775,0.07953,0.03221,0.75227,0.65745,0.04051,-0.01407,0.13222911855413866,0.9880292862022177,0.07945810099122358,0.9903099837629442,-0.13511532282644545,0.03209338867964326,0.04244521487556377,0.07444447020592841,-0.9963214464167306
8.0,0.01625249907374382,Empty,0.59249,0.04855,0.10757,1.43743,0.07933,0.0386,0.75242,0.6572,0.04254,-0.01159,0.13255190034843722,0.9880023776165098,0.07925462471137845,0.989974828228839,-0.13590281421711226,0.03847420643951082,0.048783533977142475,0.07336025430703273,-0.9961116603577675
8.067,0.01625249907374382,Empty,0.5928,0.04895,0.10622,1.43792,0.07894,0.04347,0.75229,0.65729,0.04399,-0.00964,0.1320701027332466,0.9880994555837692,0.07884766222970024,0.9897948187056003,-0.13575394854182266,0.04332530806413057,0.053513594792140094,0.0723210296550273,-0.9959447594330014
8.133,0.01625249907374382,Empty,0.59343,0.04967,0.10509,1.43865,0.07853,0.04973,0.75208,0.65743,0.04589,-0.00717,0.13135438970364954,0.9882263021016895,0.07845253431216735,0.9895425059187404,-0.13546311263213118,0.049551731514382386,0.0595957488889991,0.07112327994710728,-0.9956856058836667
8.2,0.01625249907374382,Empty,0.59335,0.05056,0.10352,1.43923,0.07802,0.05485,0.75191,0.65754,0.04738,-0.00509,0.13079560425500775,0.9883415331420431,0.0779328157710407,0.9893052033820138,-0.13523287917767496,0.05465604221482526,0.0645579156172178,0.06995057008882719,-0.9954592876031688
8.267,0.01625249907374382,Empty,0.592,0.05189,0.1016,1.43904,0.07702,0.05669,0.75198,0.65745,0.04761,-0.00406,0.1309736050464172,0.9883959154430295,0.07693782630592667,0.9891690619218465,-0.13547355026340385,0.05649322185610788,0.06626071021200694,0.06870539654615793,-0.995434119752601
8.333,0.01625249907374382,Empty,0.59018,0.05347,0.0998,1.43956,0.07616,0.05646,0.75181,0.65767,0.04721,-0.00388,0.13047748344143334,0.9885276501000415,0.07608358103086843,0.9892597458781407,-0.13490472092667133,0.05626607731851842,0.06588460745809342,0.06792496786445444,-0.9955126404223633
8.4,0.01625249907374382,Empty,0.5883,0.05485,0.0981,1.43855,0.07542,0.05593,0.75215,0.65732,0.04676,-0.00381,0.1314857098396568,0.9884504433443053,0.07534738987123385,0.9891626518665391,-0.1358297773311526,0.055745132007425806,0.06533571963572006,0.0672011357241499,-0.9955979364668586
8.467,0.01625249907374382,Empty,0.58577,0.05609,0.09645,1.43613,0.07495,0.05122,0.75293,0.65653,0.04504,-0.00537,0.13387720067746178,0.9881646462316506,0.07488342324335143,0.9891329409709778,-0.13787688663569747,0.051048890465425475,0.0607694020447019,0.06723537810946914,-0.9958847743115697
8.533,0.01625249907374382,Empty,0.5818,0.05779,0.09423,1.42917,0.07662,0.04339,0.75518,0.65404,0.04313,-0.00872,0.14073529261024292,0.9870837085229004,0.07654625910249746,0.9885880839044832,-0.14430335187186671,0.04324515002408924,0.053732464823149924,0.06958660077358002,-0.9961277665123118
8.6,0.01625249907374382,Empty,0.5791,0.05953,0.0923,1.42677,0.07804,0.03654,0.75592,0.65325,0.04144,-0.01172,0.14310325124538648,0.9866323696071686,0.07796170038129763,0.9885746706528868,-0.146263540262617,0.03642934714460647,0.04734532739918727,0.0718578042608403,-0.996290557990125
8.667,0.01625249907374382,Empty,0.57779,0.06098,0.09132,1.42465,0.08026,0.03142,0.75655,0.65251,0.04062,-0.01434,0.14515683800738804,0.9861544794268895,0.08018001674966814,0.988484800662715,-0.14804553491578987,0.03131003753255832,0.04274682723301819,0.07471186182781006,-0.9962885357484209
8.733,0.01625249907374382,Empty,0.5771,0.06179,0.09073,1.42491,0.08079,0.02734,0.75643,0.65268,0.03949,-0.01606,0.14489682417499689,0.986148780376354,0.08071860570047937,0.9886865328721427,-0.14750025580999254,0.027250949584344517,0.03877950568614546,0.07585682235775601,-0.996364337198257
8.8,0.01625249907374382,Empty,0.57786,0.06237,0.09031,1.42407,0.08274,0.02523,0.75667,0.65237,0.03954,-0.01748,0.14570224334962611,0.9858698970752287,0.08265229775248083,0.9886351011130834,-0.14821843106433752,0.025138288325772643,0.037033675621112074,0.07805025774271776,-0.9962613432911492
8.867,0.01625249907374382,Empty,0.57908,0.06256,0.0887,1.42191,0.08624,0.02359,0.75731,0.65152,0.04035,-0.0192,0.14777957590530838,0.985263627006938,0.08612074223077937,0.9883614309350838,-0.15029813902346012,0.023497898757932928,0.036095412245887935,0.08164591051129143,-0.9960075634811122
8.934,0.01625249907374382,Empty,0.57996,0.06203,0.08602,1.41967,0.08769,0.02081,0.75799,0.6507,0.04002,-0.02068,0.1499658784935854,0.9848040793329551,0.08758516208135673,0.9881148445298147,-0.152313514443288,0.02072793616727356,0.033753359943380676,0.08343571565645429,-0.9959413597423433
9.0,0.01625249907374382,Empty,0.5806,0.0617,0.08233,1.41746,0.08989,0.01652,0.75864,0.64991,0.03948,-0.02298,0.15211687471391377,0.98427756025669,0.08976714767892144,0.9879060580932721,-0.15417819088920914,0.01645314063462336,0.030034593552827848,0.08617870867719252,-0.9958268691699615
