time,gr,gr_state,tx,ty,tz,rx,ry,rz,qw,qx,qy,qz,xx,xy,xz,yx,yy,yz,zx,zy,zz
0.0,0.015955030918121338,Empty,0.30736,-0.00053,0.48551,-0.0038,0.00127,0.0041,1.0,-0.0019,0.00063,0.00205,0.999992006038126,-0.003792066636478797,0.0012681050703215605,-0.0037972309788834036,-0.9999844051286472,0.004095184537766548,0.001252556081730394,-0.004099967088874989,-0.9999908106443438
0.067,0.015955030918121338,Empty,0.30736,-0.00053,0.48551,-0.0038,0.00127,0.0041,1.0,-0.0019,0.00063,0.00205,0.9999919597052047,-0.003806293376104941,0.0012620046274754737,-0.003811427752631824,-0.9999843670333084,0.004091296552463149,0.0012464122236319018,-0.00409607369669388,-0.9999908342764149
0.133,0.015955030918121338,Empty,0.30736,-0.00053,0.48551,-0.0038,0.00127,0.0041,1.0,-0.0019,0.00063,0.00205,0.9999919894843251,-0.0037957703074800175,0.0012700767514177663,-0.003800943492062947,-0.9999843884567174,0.004095811447647448,0.0012545101640816332,-0.004100606128048366,-0.9999908055745468
0.2,0.015955030918121338,Empty,0.30736,-0.00053,0.48551,-0.0038,0.00127,0.0041,1.0,-0.0019,0.00063,0.00205,0.9999919555873724,-0.0038052957556178324,0.0012682605234729594,-0.0038104551149393817,-0.9999843728612052,0.004090778067572821,0.0012526740837720378,-0.004095577809464819,-0.9999908284829647
0.267,0.015955030918121338,Empty,0.30736,-0.00053,0.48551,-0.0038,0.00127,0.0041,1.0,-0.0019,0.00063,0.00205,0.9999919932934405,-0.0037966608669974256,0.0012644031290535986,-0.0038018105114329126,-0.9999843860400897,0.004095596764827705,0.0012488337947498347,-0.004100370993692946,-0.999990813643739
0.333,0.015955030918121338,Empty,0.30736,-0.00053,0.48551,-0.0038,0.00127,0.0041,1.0,-0.0019,0.00063,0.00205,0.9999919951653857,-0.0037964815297220067,0.0012634607813185338,-0.0038016295939019007,-0.9999843792354254,0.00409742572491441,0.0012478852440110674,-0.004102196135596131,-0.9999908073423889
0.4,0.015955030918121338,Empty,0.30736,-0.00053,0.48551,-0.0038,0.00127,0.0041,1.0,-0.0019,0.00063,0.00205,0.9999919729360944,-0.003801682199922607,0.0012654152791617055,-0.003806832073258659,-0.9999843796560397,0.004092489888906575,0.0012498371669758526,-0.004097274261699406,-0.9999908250832507
0.467,0.015955030918121338,Empty,0.30736,-0.00053,0.48551,-0.0038,0.00127,0.0041,1.0,-0.0019,0.00063,0.00205,0.9999919939832318,-0.0037950732010408883,0.0012686169001566733,-0.0038002348206271352,-0.9999844093924724,0.00409135519061617,0.0012530701292085991,-0.004096143477275919,-0.9999908256698481
0.533,0.015955030918121338,Empty,0.30736,-0.00053,0.48551,-0.0038,0.00127,0.0041,1.0,-0.0019,0.00063,0.00205,0.9999919826428698,-0.0037991569401177316,0.001265328624111347,-0.0038043124616385926,-0.9999843696375106,0.004097278043400514,0.0012497426442521981,-0.004102058899511953,-0.9999908055857853
0.6,0.015955030918121338,Empty,0.30736,-0.00053,0.48551,-0.0038,0.00127,0.0041,1.0,-0.0019,0.00063,0.00205,0.9999919759550078,-0.0038018956716724395,0.001262384608932939,-0.003807037434811811,-0.9999843647245981,0.004095945838508566,0.0012467925124471097,-0.00410071891791821,-0.999990814764209
0.667,0.015955030918121338,Empty,0.30736,-0.00053,0.48551,-0.0038,0.00127,0.0041,1.0,-0.0019,0.00063,0.00205,0.9999919929828402,-0.003795728044433788,0.0012674457859000899,-0.0038008879218284775,-0.9999843969072737,0.004093799335794135,0.001251887060878884,-0.004098583976051804,-0.9999908171519265
0.733,0.015955030918121338,Empty,0.30736,-0.00053,0.48551,-0.0038,0.00127,0.0041,1.0,-0.0019,0.00063,0.00205,0.9999919754277572,-0.0038000334892542287,0.0012683948803171813,-0.0038051902944494786,-0.9999844031727555,0.004088268343813456,0.0012528395407616559,-0.004093062021096896,-0.9999908385762222
0.8,0.015955030918121338,Empty,0.30736,-0.00053,0.48551,-0.0038,0.00125,0.0041,1.0,-0.0019,0.00062,0.00205,0.9999919921651337,-0.0038001486166308607,0.0012547812953087175,-0.0038052626452697025,-0.9999843601347147,0.004098714696776815,0.0012391859457134473,-0.00410345664733738,-0.999990812988667
0.867,0.015955030918121338,Empty,0.30736,-0.00053,0.48551,-0.0038,0.00127,0.0041,1.0,-0.0019,0.00063,0.00205,0.9999919845572005,-0.0037975898863435442,0.0012685158283773292,-0.0038027529494680246,-0.9999843936906274,0.0040928529405697585,0.001252953054593486,-0.004097643986848936,-0.9999908196690607
0.933,0.015955030918121338,Empty,0.30736,-0.00053,0.48551,-0.0038,0.00127,0.0041,1.0,-0.0019,0.00063,0.00205,0.999991989951869,-0.0037983158862496813,0.0012620731078181978,-0.003803455675536249,-0.9999843807322563,0.004095365240073956,0.0012464979043089964,-0.004100132675126142,-0.9999908175353517
1.0,0.015955030918121338,Empty,0.30736,-0.00053,0.48551,-0.0038,0.00127,0.0041,1.0,-0.0019,0.00063,0.00205,0.9999919883570731,-0.0037969384002125572,0.0012674700993447682,-0.0038020987680126295,-0.9999843909962655,0.004094118804615137,0.0012519051984950839,-0.004098905050500387,-0.9999908158132057
1.067,0.015955030918121338,Empty,0.30736,-0.00053,0.48551,-0.0038,0.00127,0.0041,1.0,-0.0019,0.00063,0.00205,0.9999919973728696,-0.0037947316136895393,0.0012669657451435054,-0.0037998903314476196,-0.9999843980803349,0.0040944388356776605,0.0012514086815557301,-0.004099220400295595,-0.9999908151420298
1.133,0.015955030918121338,Empty,0.30736,-0.00053,0.48551,-0.0038,0.00127,0.0041,1.0,-0.0019,0.00063,0.00205,0.9999919980686502,-0.0037965519385123603,0.0012609488675128684,-0.00380168488834709,-0.999984394841398,0.0040935639352998555,0.0012453877621119655,-0.004098324909136871,-0.9999908263290525
1.2,0.015955030918121338,Empty,0.30736,-0.00053,0.48551,-0.0038,0.00127,0.0041,1.0,-0.0019,0.00063,0.00205,0.9999919854150893,-0.0037965324923882604,0.001271002211804721,-0.003801702819872077,-0.9999844072394095,0.004090517536334336,0.001255452610634118,-0.004095316725226894,-0.9999908260677506
1.267,0.015955030918121338,Empty,0.30736,-0.00053,0.48551,-0.0038,0.00127,0.0041,1.0,-0.0019,0.00063,0.00205,0.9999920050447819,-0.00379369474296426,0.0012640121493886856,-0.0037988406234817362,-0.999984404487755,0.004093847968252533,0.001248461626956166,-0.004098617018823032,-0.9999908212989254
1.333,0.015955030918121338,Empty,0.30736,-0.00053,0.48551,-0.0038,0.00127,0.0041,1.0,-0.0019,0.00063,0.00205,0.9999919747254413,-0.003802417955218018,0.0012617854042220316,-0.003807551576374524,-0.9999843814282836,0.004091387354704547,0.0012462085321969427,-0.004096158833202592,-0.9999908341815474
1.4,0.015955030918121338,Empty,0.30736,-0.00053,0.48551,-0.0038,0.00127,0.0041,1.0,-0.0019,0.00063,0.00205,0.9999919685571372,-0.0038018656020108454,0.001268321397006649,-0.00380702564724128,-0.9999843845825529,0.004091105813057077,0.0012527477571738484,-0.004095901487661841,-0.9999908270649586
1.467,0.015955030918121338,Empty,0.30736,-0.00053,0.48551,-0.0038,0.00127,0.0041,1.0,-0.0019,0.00063,0.00205,0.9999920059158414,-0.0037926120936689345,0.001266569350167558,-0.0037977670735667712,-0.9999844131130715,0.00409273700120835,0.0012510274444474151,-0.0040975144188987785,-0.9999908226108477
1.533,0.015955030918121338,Empty,0.30736,-0.00053,0.48551,-0.0038,0.00127,0.0041,1.0,-0.0019,0.00063,0.00205,0.9999919810567386,-0.003798770531826423,0.0012677399835237819,-0.003803930112905418,-0.9999843901741614,0.004092618197018172,0.0012521732769186936,-0.004097407772843721,-0.9999908216136923
1.6,0.015955030918121338,Empty,0.30736,-0.00053,0.48551,-0.0038,0.00127,0.0041,1.0,-0.0019,0.00063,0.00205,0.9999919827851904,-0.0037993508612224614,0.001264633692900254,-0.0038044982919607784,-0.9999843861062098,0.004093083987997619,0.0012490628848692961,-0.004097862469588648,-0.9999908236404421
1.667,0.015955030918121338,Empty,0.30736,-0.00054,0.48551,-0.0038,0.00125,0.00412,1.0,-0.0019,0.00062,0.00206,0.9999920074034395,-0.003795180845052981,0.0012576691111736862,-0.003800333000440026,-0.9999842920710864,0.00411983982379314,0.0012420138186129029,-0.00412458645700236,-0.999990722551081
1.733,0.015955030918121338,Empty,0.30736,-0.00055,0.48552,-0.00378,0.00127,0.00422,1.0,-0.00189,0.00063,0.00211,0.9999920227355354,-0.0037849193954456184,0.0012762642603795862,-0.0037902829143680594,-0.9999838846086162,0.004226615488880052,0.0012602462939406349,-0.004231419174670844,-0.999990253388025
1.8,0.015955030918121338,Empty,0.3073,-0.00059,0.4854,-0.00336,0.00125,0.00564,0.99999,-0.00168,0.00062,0.00282,0.9999935884493233,-0.0033522585396021376,0.0012591357866385332,-0.0033593052620386477,-0.9999784711825094,0.005636686938935273,0.001240213047007941,-0.00564088062050499,-0.9999833210296176
1.867,0.015955030918121338,Empty,0.30728,-0.00086,0.48514,-0.0023,0.00103,0.00514,1.0,-0.00115,0.00051,0.00257,0.9999968504151715,-0.002291270302258064,0.0010243242353693265,-0.002296504757487494,-0.9999841606947871,0.005138523663552138,0.0010125342641173693,-0.0051408598448157,-0.9999862730729956
1.933,0.015955030918121338,Empty,0.30743,-0.00108,0.48505,-0.00148,0.00142,0.00504,1.0,-0.00074,0.00071,0.00252,0.9999978823433602,-0.0014851386483943352,0.001424665571305039,-0.0014922879716068316,-0.9999862340886168,0.005030378701031166,0.001417175149660033,-0.00503249405971193,-0.9999863327156696
2.0,0.015955030918121338,Empty,0.30767,-0.00107,0.48406,-0.00073,0.0024,0.00592,0.99999,-0.00037,0.0012,0.00296,0.999996842249335,-0.0007268852015341887,0.0024056452902245827,-0.0007411110026298573,-0.9999822143979995,0.005917908596370338,0.002401300864192233,-0.005919672759283541,-0.9999795954061176
2.067,0.015955030918121338,Empty,0.30765,-0.00089,0.48232,0.00041,0.00256,0.00706,0.99999,0.0002,0.00128,0.00353,0.9999966442232602,0.00041593940233791704,0.0025570562434089903,0.0003978714441895126,-0.999974981973492,0.0070623739230136874,0.0025599297904967517,-0.007061332843603111,-0.9999717917711177
2.133,0.015955030918121338,Empty,0.30748,-0.00025,0.48013,0.00223,0.00313,0.00916,0.99999,0.00111,0.00157,0.00458,0.9999926194342621,0.002231243128851812,0.00312771979300111,0.0022024897988963676,-0.9999555606226287,0.009166559800170612,0.003148033622650161,-0.009159603374835526,-0.9999530946751084
2.2,0.015955030918121338,Empty,0.30732,0.00065,0.4783,0.00442,0.00364,0.01077,0.99998,0.0022,0.00183,0.00538,0.999983587492888,0.0044209708133176595,0.0036441407658217295,0.004381485970187726,-0.9999323718830311,0.010772847398351068,0.003691520763368151,-0.010756703837277691,-0.9999353309074598
2.267,0.015955030918121338,Empty,0.30762,0.0016,0.4769,0.00601,0.0045,0.01239,0.99997,0.00299,0.00227,0.00619,0.9999717975744533,0.006014520772766541,0.004497732272050406,0.005958333381149872,-0.9999053256886956,0.012403141646475695,0.004571905405425384,-0.012375992859460831,-0.999912962453086
2.333,0.015955030918121338,Empty,0.30848,0.00322,0.47495,0.00767,0.00852,0.01571,0.99995,0.0038,0.00429,0.00784,0.999934389712081,0.007667469812997263,0.008510357089725067,0.007533047110262536,-0.9998481121256527,0.015716420712179525,0.00862956965105583,-0.01565128063240949,-0.999840271214459
2.4,0.015955030918121338,Empty,0.30927,0.00534,0.47218,0.01182,0.01073,0.0187,0.99992,0.00586,0.00542,0.00932,0.9998727261549841,0.011812268415185345,0.010723889513005132,0.011610258760820336,-0.9997575748002738,0.018708113774017335,0.01094227503338861,-0.018581225588275893,-0.9997674753024982
2.467,0.015955030918121338,Empty,0.31026,0.00727,0.46921,0.01586,0.01322,0.02073,0.99989,0.00786,0.00669,0.01031,0.9997869959743033,0.01585458318848071,0.013213435306453988,0.015578819161458979,-0.9996639776548986,0.020717919121401394,0.013537469269137972,-0.02050765640208359,-0.9996980408876878
2.533,0.015955030918121338,Empty,0.31138,0.00945,0.46626,0.0193,0.01608,0.02256,0.99986,0.00956,0.00815,0.0112,0.9996844208704999,0.019295010798329015,0.016086056916032758,0.018929716555291243,-0.9995662652696355,0.02255985740311983,0.01651437252667558,-0.022248233485046127,-0.9996160721031072
2.6,0.015955030918121338,Empty,0.3128,0.01222,0.46352,0.02322,0.02031,0.02346,0.99981,0.01149,0.01029,0.01161,0.9995243216846499,0.023213048873893416,0.02030479556209583,0.02273524200728455,-0.999466360639077,0.02345426873191147,0.020838405210343604,-0.022981477603860618,-0.9995186904482742
2.667,0.015955030918121338,Empty,0.31435,0.01496,0.45968,0.02542,0.02504,0.0207,0.99979,0.01258,0.01265,0.01019,0.9993635422840872,0.02540686709599793,0.025039997159897662,0.02489105695865229,-0.9994758296634312,0.020700270579801998,0.025552800959630972,-0.020063823737318482,-0.9994721093358009
2.733,0.015955030918121338,Empty,0.31582,0.01855,0.45534,0.02261,0.0283,0.01624,0.9998,0.01119,0.01424,0.00796,0.9993440215604092,0.022599921586670457,0.028297881824349256,0.022146538520420866,-0.9996229223818691,0.016234034627758645,0.0286540992360955,-0.015596685321185988,-0.9994677013310435
2.8,0.015955030918121338,Empty,0.31729,0.02296,0.45129,0.01951,0.03158,0.01289,0.99981,0.00965,0.01585,0.00629,0.9993116609531447,0.01949066686851003,0.0315645083612573,0.019091853001278802,-0.9997346729627944,0.012887390152876639,0.03180731727204715,-0.012275894305331589,-0.9994186294976494
2.867,0.015955030918121338,Empty,0.31911,0.02807,0.44733,0.01693,0.03473,0.00828,0.99981,0.00839,0.0174,0.00399,0.9992533716039318,0.016915105730528124,0.034735839363682554,0.016637160500918402,-0.9998273479398607,0.008275216130757712,0.03486981830525048,-0.007691131884783173,-0.9993622677796522
2.933,0.015955030918121338,Empty,0.32165,0.03316,0.44366,0.01637,0.03876,0.00256,0.99978,0.00816,0.01939,0.00112,0.9991146171910541,0.016360072654504343,0.03875989857974976,0.016273577590809774,-0.9998643349956665,0.0025460314351150974,0.03879629347719997,-0.0019130150057019442,-0.9992453092139183
3.0,0.015955030918121338,Empty,0.32414,0.03783,0.43981,0.01369,0.0411,-0.0016,0.99977,0.00686,0.02054,-0.00094,0.999062347253694,0.013675727754742129,0.041077984009905553,0.013752672273323219,-0.9999041615808397,-0.0015911186821603966,0.04105228745493272,0.0021545588170953827,-0.9991546764996008
3.067,0.015955030918121338,Empty,0.3267,0.04282,0.43594,0.01141,0.04423,-0.00531,0.99974,0.00576,0.0221,-0.00278,0.9989565064048871,0.011389581392274972,0.044228675619462136,0.01163535771673041,-0.9999182424102501,-0.0053034843263753476,0.044164655123147704,0.005812566636618675,-0.9990073559824012
3.133,0.015955030918121338,Empty,0.32921,0.04812,0.43142,0.00895,0.0467,-0.00845,0.99971,0.00457,0.02333,-0.00433,0.9988700040758163,0.008930348446374137,0.04667937268435744,0.009334474981397167,-0.9999207573463778,-0.008446691936381465,0.04660024178478548,0.00887287464538995,-0.9988742110802176
3.2,0.015955030918121338,Empty,0.33146,0.05322,0.42702,0.00688,0.05,-0.01059,0.99967,0.00357,0.02498,-0.00538,0.9987268570943812,0.006868678617932666,0.04997485540171808,0.007406149241933668,-0.9999166281561993,-0.01057760323241469,0.04989803474872827,0.010934257669350089,-0.9986944618537918
3.267,0.015955030918121338,Empty,0.33371,0.05817,0.42278,0.00548,0.05304,-0.01138,0.99963,0.00289,0.0265,-0.00576,0.9985786617523218,0.005477496564190221,0.05301559510494673,0.006088575444432143,-0.9999168026913878,-0.011371760835044695,0.0529488955692169,0.011678387166954329,-0.9985289328463043
3.333,0.015955030918121338,Empty,0.33599,0.06355,0.41848,0.00296,0.05641,-0.01204,0.99958,0.00165,0.02819,-0.00606,0.9984052615676173,0.002955087832622494,0.056375536627148254,0.0036383212720611513,-0.9999211315211216,-0.012020538916390093,0.05633556862603522,0.012206481615136593,-0.9983372704222558
3.4,0.015955030918121338,Empty,0.3384,0.06928,0.4143,0.00092,0.05845,-0.01176,0.99956,0.00063,0.02922,-0.00589,0.9982914129928437,0.0009249081052729036,0.05842430393037229,0.0016128503367163205,-0.9999299136460651,-0.011728875034045638,0.05840936105234387,0.011803064888820476,-0.9982229381258914
3.467,0.015955030918121338,Empty,0.34106,0.07438,0.41056,0.00254,0.06178,-0.00841,0.99951,0.0014,0.03088,-0.00424,0.9980893623812404,0.002531479971544126,0.06173504928776245,0.0030553390034803174,-0.9999601131385005,-0.008392677499520187,0.06171134097540437,0.00856526363813813,-0.9980572862585728
3.533,0.015955030918121338,Empty,0.34366,0.07886,0.40662,0.0035,0.06374,-0.00563,0.99949,0.00184,0.03186,-0.00287,0.9979629156987899,0.0035028285135244586,0.06370046375321561,0.0038691629671982475,-0.999976674838943,-0.005628441701190312,0.06367926246356154,0.005863443566307842,-0.9979531910674175
3.6,0.015955030918121338,Empty,0.34616,0.0833,0.40258,0.00467,0.06515,-0.00095,0.99947,0.00235,0.03257,-0.00055,0.9978676240286932,0.004652796250906421,0.06510419650359167,0.004724967037694094,-0.9999883816309132,-0.0009546149380997779,0.06509899847020263,0.0012601945226389615,-0.9978780147432561
3.667,0.015955030918121338,Empty,0.349,0.08781,0.39883,0.00687,0.06718,0.00439,0.99943,0.00336,0.03359,0.00208,0.9977205077380039,0.0068628345788311895,0.06713188467906119,0.006583588515675365,-0.9999687354216845,0.004380016143001306,0.06715984515523721,-0.0039280632250871805,-0.9977344965059711
3.733,0.015955030918121338,Empty,0.35185,0.09261,0.39506,0.01044,0.06869,0.00922,0.99939,0.00506,0.03436,0.00443,0.9975877594040935,0.01041866011700765,0.06863026889417778,0.00980983062606089,-0.9999095391138247,0.00920221779064492,0.06871993531871885,-0.008506768513645034,-0.9975997220224382
3.8,0.015955030918121338,Empty,0.35463,0.09762,0.3911,0.01275,0.07061,0.01412,0.99933,0.00612,0.03534,0.00683,0.9974274177171005,0.012720738530077769,0.07054593678905886,0.011754815242507322,-0.9998316280522499,0.01409041748855518,0.07071329934892763,-0.013224914277100474,-0.9974090088512094
3.867,0.015955030918121338,Empty,0.3572,0.10298,0.38715,0.01224,0.07266,0.01908,0.99928,0.00577,0.03638,0.00931,0.9972857727808349,0.012208095295213772,0.07260888250204582,0.010852588085619286,-0.9997599364754823,0.019033936807271484,0.07282381987218742,-0.01819428008474951,-0.9971788502728188
3.933,0.015955030918121338,Empty,0.35967,0.10881,0.38313,0.01201,0.07504,0.02335,0.99921,0.00556,0.03758,0.01144,0.9971138086847094,0.011967112532455304,0.07497226652508283,0.010247424911016434,-0.9996764520017744,0.023280498187057116,0.07522660973994215,-0.022445033543749472,-0.9969138265949842
4.0,0.015955030918121338,Empty,0.36206,0.11451,0.37892,0.01256,0.07719,0.02775,0.99914,0.00574,0.03867,0.01362,0.9969426265815855,0.012527271996354006,0.07712630394968341,0.010419726872016255,-0.999562861642213,0.02766794024756519,0.07743919289689284,-0.026779714000706233,-0.996637355471647
4.067,0.015955030918121338,Empty,0.36469,0.12045,0.37448,0.01158,0.07983,0.03177,0.99906,0.00515,0.03999,0.01564,0.9967494294585818,0.011531834981192535,0.079734507309938,0.009029966228179476,-0.9994576775237864,0.03166718409768876,0.08005644623582751,-0.030844247773701844,-0.9963130019202622
4.133,0.015955030918121338,Empty,0.36713,0.12668,0.36973,0.01086,0.08243,0.03528,0.99898,0.0047,0.04129,0.0174,0.9965457476964987,0.010824801777723214,0.08233709015079393,0.00795048458323333,-0.9993501675554253,0.03515725247847088,0.08266415512735102,-0.03438119069224015,-0.9959842223567927
4.2,0.015955030918121338,Empty,0.36949,0.13293,0.36491,0.01157,0.0852,0.03761,0.9989,0.00498,0.04269,0.01854,0.9963054805813654,0.011522016897312137,0.0851036573253617,0.008356657389786637,-0.9992632907420453,0.03745720294747258,0.0854725431984113,-0.03660763447692959,-0.9956677786577206
4.267,0.015955030918121338,Empty,0.37178,0.13886,0.36022,0.01068,0.08721,0.03953,0.99884,0.00447,0.04369,0.01951,0.9961431988828632,0.010627633112217483,0.08709638760504901,0.007218544897242329,-0.9991988846114708,0.039363455142544274,0.08744495370793748,-0.038582928940461496,-0.9954218892838314
4.333,0.015955030918121338,Empty,0.37431,0.14477,0.35531,0.011,0.08839,0.03953,0.99882,0.00462,0.04428,0.0195,0.9960361311915498,0.01094940713688397,0.08827307542121982,0.007495743418216516,-0.999196910853241,0.039361747572337,0.08863317207218699,-0.03854405044479462,-0.9953182993312899
4.4,0.015955030918121338,Empty,0.37711,0.15041,0.35031,0.00831,0.08871,0.03613,0.99885,0.00335,0.04441,0.01786,0.9960327050582225,0.008277081283864784,0.08860214658697507,0.005103728516084205,-0.9993393851567329,0.03598256841579081,0.088841445337374,-0.03538761365200049,-0.9954169550446602
4.467,0.015955030918121338,Empty,0.37999,0.15612,0.34523,0.00477,0.08924,0.03249,0.99887,0.00166,0.04464,0.01612,0.996008414294761,0.0047582265384844,0.0891324740722731,0.0018790851997866342,-0.9994745788725128,0.03235792370386589,0.08923960831854821,-0.03206127676530881,-0.9954940315438011
4.533,0.015955030918121338,Empty,0.38306,0.16194,0.34034,0.00086,0.09173,0.03041,0.99883,-0.00027,0.04585,0.01517,0.9957949795367003,0.0008451797519455351,0.09160591902649937,-0.0019362975183192521,-0.9995398714884621,0.030270382500872262,0.09158935244570296,-0.030320471236698572,-0.9953351493555129
4.6,0.015955030918121338,Empty,0.38608,0.16807,0.33531,-0.00152,0.0939,0.02688,0.99881,-0.00139,0.04692,0.01346,0.9955930847487977,-0.0015138518552568758,0.09376629379971146,-0.004040861444182919,-0.9996335569244321,0.026766085059205733,0.09369141390310211,-0.02702702579212256,-0.9952343738224023
4.667,0.015955030918121338,Empty,0.38902,0.174,0.33004,-0.00407,0.09677,0.02383,0.99876,-0.00261,0.04834,0.012,0.9953134850068662,-0.004052539582635739,0.09661595875639781,-0.006373158506167043,-0.9996982669774792,0.02372251784443384,0.09649067008857413,-0.024227090728260844,-0.9950389935377922
4.733,0.015955030918121338,Empty,0.39196,0.17995,0.32445,-0.007,0.09952,0.0203,0.9987,-0.004,0.0497,0.01031,0.9950284081851417,-0.0069630170393349955,0.09934778959923375,-0.009013028179754967,-0.9997553163726997,0.020200809576703185,0.09918282224041927,-0.020995803824412428,-0.9948476988937515
4.8,0.015955030918121338,Empty,0.39496,0.18621,0.31871,-0.00915,0.1037,0.01583,0.99861,-0.00498,0.05179,0.00814,0.9945864669770482,-0.009099259266449,0.10351310635332411,-0.010786025717396619,-0.9998178282969199,0.015747122557926985,0.10335096204359352,-0.016778370017157738,-0.9945034263109562
4.867,0.015955030918121338,Empty,0.39819,0.19194,0.31271,-0.0098,0.1078,0.01025,0.99852,-0.00517,0.05385,0.00538,0.9941474053709116,-0.009743615567354258,0.10759181358244493,-0.010902725144369074,-0.9998886386900818,0.010190230759005985,0.10748054232608945,-0.011303635440470285,-0.9941429277760411
4.933,0.015955030918121338,Empty,0.40157,0.1975,0.30666,-0.01085,0.11279,0.00514,0.99839,-0.00556,0.05635,0.00287,0.9935879407556191,-0.010775336583714323,0.1125473060828924,-0.01142262793506199,-0.9999217128566329,0.005108006354218923,0.11248345458806704,-0.006360839517333367,-0.993633238254724
5.0,0.015955030918121338,Empty,0.40475,0.20323,0.30047,-0.01391,0.11685,0.00029,0.99827,-0.00695,0.05839,0.00055,0.9930839771528897,-0.013804131110251028,0.11659185343106168,-0.013933578852592832,-0.9999028793884168,0.0002952475434416374,0.11657645432315107,-0.0019177473880373178,-0.9931798691789913
5.067,0.015955030918121338,Empty,0.40772,0.20896,0.29414,-0.01674,0.12083,-0.00306,0.99814,-0.00826,0.06039,-0.00102,0.992570111105311,-0.01661482365733752,0.12053431949127999,-0.01636885007286565,-0.9998614285378109,-0.003030588988935261,0.12056796957601316,0.0010350638450744084,-0.9927045347711243
5.133,0.015955030918121338,Empty,0.41063,0.21494,0.28786,-0.01837,0.12412,-0.00737,0.99803,-0.00894,0.06205,-0.00311,0.9921391215115786,-0.018235381789749983,0.12380401615947294,-0.01746241551576433,-0.9998206821057101,-0.00732582268605117,0.12391540505759477,0.005106318111391206,-0.9922796470273676
5.2,0.015955030918121338,Empty,0.41341,0.2202,0.28215,-0.02013,0.12673,-0.01058,0.99793,-0.00971,0.06337,-0.00464,0.9917796257732436,-0.01996909336889824,0.12638990945130568,-0.018791817049080783,-0.9997682794009275,-0.01050024360207756,0.12657030265065716,0.008038831614937675,-0.9919250655534357
5.267,0.015955030918121338,Empty,0.41664,0.22469,0.27687,-0.01875,0.13038,-0.01034,0.99782,-0.00902,0.06519,-0.00455,0.991336458097023,-0.018601450996970248,0.13002312436046354,-0.01741543032785625,-0.9997957705902806,-0.01025279943639211,0.13018728676082333,0.00789956521554224,-0.9914579503111872
5.333,0.015955030918121338,Empty,0.42056,0.22879,0.27199,-0.01688,0.13542,-0.0089,0.99767,-0.00812,0.06769,-0.00387,0.9907032706073171,-0.016717962414599774,0.1350094046378591,-0.015670109009700228,-0.9998383114268228,-0.008820356386440645,0.13513503354640966,0.0066227438319589604,-0.9908050575025072
5.4,0.015955030918121338,Empty,0.42482,0.232,0.26689,-0.01196,0.14013,-0.00792,0.99752,-0.00569,0.07003,-0.00353,0.9901266116171268,-0.011842001289775195,0.13967483657782032,-0.010854084832797761,-0.9999104153130941,-0.007832636263618936,0.13975507794005293,0.006239259078503597,-0.9901664455212168
5.466,0.015955030918121338,Empty,0.42928,0.23444,0.26163,-0.00772,0.14529,-0.0063,0.99735,-0.00362,0.07259,-0.00286,0.9894348656790273,-0.007627731041174757,0.14477729206574363,-0.006798379317682568,-0.9999575313583087,-0.006222340271172966,0.1448186059088369,0.005172349462367338,-0.9894447019331906
5.533,0.015955030918121338,Empty,0.43341,0.2364,0.25615,-0.00414,0.14851,-0.00304,0.99724,-0.00195,0.07419,-0.00136,0.9889826465027487,-0.004080678752832689,0.14797524447465873,-0.0036784612388459093,-0.9999887592433547,-0.0029917068455318913,0.14798578931550554,0.0024144249525457407,-0.9889865402081139
5.6,0.015955030918121338,Empty,0.43765,0.23842,0.25066,-0.00166,0.15361,-0.00123,0.99705,-0.00078,0.07673,-0.00055,0.9882237137372192,-0.0016432218436246981,0.1530071613663609,-0.001473050623150507,-0.9999981640941271,-0.0012255326340082917,0.15300889428160894,0.0009857131164885248,-0.9882243200004599
5.667,0.015955030918121338,Empty,0.44171,0.24061,0.24487,0.00157,0.15915,-0.00216,0.99683,0.00087,0.07949,-0.00114,0.9873601495085493,0.0015465905287240234,0.15848515141864833,0.0019089859181826152,-0.9999959000230434,-0.0021344108947753543,0.15848120057350523,0.0024099781824773107,-0.9873590537742288
5.733,0.015955030918121338,Empty,0.44567,0.24263,0.23873,0.00441,0.16516,-0.00327,0.99659,0.00233,0.08248,-0.00181,0.9863848219813018,0.004353970420504616,0.164395942487924,0.004950115240816233,-0.9999825742220201,-0.0032167703375970552,0.1643790720378298,0.003986752297243208,-0.986389186113728
5.8,0.015955030918121338,Empty,0.44927,0.24421,0.23185,0.00717,0.1698,-0.00489,0.99639,0.00378,0.08479,-0.00274,0.985592669715172,0.007060681172295635,0.1689888640860769,0.007989603095803821,-0.9999564775500545,-0.0048175977476861975,0.16894749375498558,0.006098342977414297,-0.9856061863476907
5.867,0.015955030918121338,Empty,0.45261,0.24557,0.22517,0.00802,0.17249,-0.00846,0.99626,0.00436,0.08612,-0.00456,0.9851277926840141,0.007899636463750526,0.1716415678827898,0.009469088073024379,-0.9999204958474637,-0.00832696554739741,0.17156214166472458,0.009828414312737689,-0.9851242732871371
5.933,0.015955030918121338,Empty,0.4564,0.24721,0.21896,0.01079,0.17688,-0.01189,0.99606,0.0059,0.08829,-0.0064,0.9843417079174022,0.010615241462074376,0.17595089855682466,0.012877013033607054,-0.9998484269557195,-0.011717749336185718,0.17579984240489088,0.013799991408520063,-0.9843292008507825
6.0,0.015955030918121338,Empty,0.45997,0.24867,0.21275,0.01347,0.18221,-0.0155,0.9958,0.00741,0.09092,-0.00833,0.9833567152606507,0.013244705896070907,0.18120195450797422,0.016274977050451833,-0.9997513037224091,-0.015246502134924164,0.1809549548196751,0.017941807909727908,-0.98332771539052
6.067,0.015955030918121338,Empty,0.46349,0.24967,0.20647,0.01457,0.18868,-0.01759,0.99548,0.00808,0.09413,-0.00944,0.9821470528973788,0.014307725948732475,0.18756986821760446,0.017863949584545347,-0.9996910454986065,-0.017282732860974107,0.18726464105707294,0.020324923814837498,-0.9820992066393736
6.133,0.015955030918121338,Empty,0.46679,0.25031,0.20039,0.01582,0.19493,-0.01907,0.99517,0.0088,0.09723,-0.01026,0.9809369874280285,0.015513072197562428,0.19370588862142674,0.01950315689954396,-0.9996347412506726,-0.018708579733701186,0.19334490830268883,0.0221298141811831,-0.9808812454918949
6.2,0.015955030918121338,Empty,0.46945,0.25038,0.19428,0.0162,0.1989,-0.01915,0.99497,0.00901,0.0992,-0.01033,0.9801579434183134,0.01587690358850813,0.19758119821081965,0.019975169770487466,-0.9996243373925965,-0.01876637112103903,0.19720902247773092,0.022340725701139912,-0.9801068785742318
6.267,0.015955030918121338,Empty,0.47243,0.25067,0.189,0.01463,0.20364,-0.01819,0.99475,0.0082,0.10157,-0.00979,0.9792318313647074,0.014326239665028384,0.2022369385131733,0.018301779495759396,-0.9996740230817374,-0.017801473053148192,0.20191598576984807,0.021133064913389465,-0.9791748200694078
6.333,0.015955030918121338,Empty,0.47575,0.2513,0.18423,0.01144,0.21025,-0.01848,0.99442,0.00666,0.10487,-0.00979,0.9779165508871964,0.011201094855174898,0.2086953640475384,0.015308827107666623,-0.9997193727010565,-0.01807804355547743,0.20843430455056272,0.02087369924693644,-0.9778135964314834
6.4,0.015955030918121338,Empty,0.47869,0.25251,0.17922,0.00794,0.21666,-0.01815,0.99408,0.00493,0.10808,-0.00945,0.976588305850417,0.007752313444952086,0.21497716742124862,0.011839240062800516,-0.9997727166612619,-0.017729845303753294,0.2147908593747595,0.01985992588130351,-0.9764581250996077
6.467,0.015955030918121338,Empty,0.48148,0.25388,0.17369,0.00503,0.22497,-0.01728,0.99364,0.00347,0.11222,-0.00887,0.9747913457673756,0.004897997612144878,0.2230646584208707,0.008878635144061842,-0.9998186776452279,-0.01684582054178914,0.2229417010229513,0.01840166979214008,-0.9746580818388847
6.533,0.015955030918121338,Empty,0.48388,0.25576,0.16766,0.00238,0.23356,-0.01643,0.99315,0.00214,0.1165,-0.0083,0.9728485061904129,0.002323443244795609,0.23143116820033238,0.006190263935500762,-0.9998530929036338,-0.01598353038117771,0.23136003249371137,0.0169821736690391,-0.9727199705680885
6.6,0.015955030918121338,Empty,0.48604,0.25724,0.16121,-0.001,0.24225,-0.01471,0.99265,0.00039,0.12083,-0.00724,0.9707986748689276,-0.0009713885710971315,0.23989370412117522,0.0025270582299219413,-0.99989490956923,-0.014275286135265852,0.23988236043827105,0.0144646542227967,-0.9706941984625117
6.667,0.015955030918121338,Empty,0.4881,0.25921,0.15457,-0.00292,0.25254,-0.01567,0.99201,-0.00046,0.12594,-0.00759,0.9682789460025301,-0.0028313056042567064,0.24985569122356405,0.000991117221980864,-0.9998844167382526,-0.015171382621789575,0.24986976690844748,0.014937766653009079,-0.9681642230079245
6.733,0.015955030918121338,Empty,0.48987,0.26067,0.14711,-0.00472,0.26182,-0.01398,0.99142,-0.00143,0.13055,-0.00662,0.9659068267730587,-0.004570516490990828,0.25884959411250036,-0.0011124942788141579,-0.999908196591321,-0.013504101079740302,0.2588875515541066,0.012755734729830999,-0.9658232379073418
6.8,0.015955030918121338,Empty,0.49172,0.26195,0.13966,-0.00722,0.27065,-0.01208,0.99084,-0.00276,0.13493,-0.0055,0.9635752552314261,-0.006944656637720481,0.26734715119087377,-0.003978950973768491,-0.9999244150053961,-0.011633237952714509,0.2674077326010601,0.010145739021889623,-0.9635300558492506
6.867,0.015955030918121338,Empty,0.49316,0.26332,0.13234,-0.00864,0.27826,-0.01036,0.99032,-0.00356,0.1387,-0.00453,0.9615001476331858,-0.00831680029618348,0.27467853380669466,-0.005801917515966704,-0.9999334967844864,-0.009966933404377931,0.27474315979565356,0.007989545743206396,-0.9614844581709664
6.933,0.015955030918121338,Empty,0.49451,0.26464,0.1255,-0.008,0.28669,-0.00881,0.98973,-0.00333,0.14287,-0.00379,0.9591569056615961,-0.0076689981384918116,0.2827706080716731,-0.0055012612815548145,-0.9999490870812682,-0.008459277135177162,0.2828210855752873,0.006558179083364048,-0.959150261346535
7.0,0.015955030918121338,Empty,0.49609,0.26596,0.11913,-0.00848,0.29576,-0.00903,0.98907,-0.00353,0.14736,-0.00384,0.9565466516796509,-0.008115840357868609,0.2914663553409456,-0.005851212293031649,-0.9999455502875603,-0.00864058879997573,0.29152061072100993,0.006559694763781386,-0.956542055494402
7.067,0.015955030918121338,Empty,0.49765,0.26682,0.1129,-0.00822,0.3038,-0.00848,0.98847,-0.00342,0.15133,-0.00357,0.9541737804068415,-0.007845178807229791,0.2991502130261639,-0.005683655219314521,-0.9999510828833553,-0.00809493074420431,0.29919908563941944,0.006023704000703815,-0.9541716942681999
7.133,0.015955030918121338,Empty,0.49883,0.26708,0.10666,-0.00885,0.3111,-0.00774,0.98791,-0.00377,0.15494,-0.00314,0.9519615029828405,-0.008418405227062997,0.3061019883830942,-0.006472975574597084,-0.9999518905656919,-0.007370016371019111,0.30614930577393396,0.005034581167424024,-0.9519701967848608
7.2,0.015954701229929924,Empty,0.50006,0.26733,0.10121,-0.00838,0.31816,-0.00706,0.98736,-0.00358,0.15842,-0.00282,0.9497777382799268,-0.007967366385962849,0.31282386248612615,-0.006183439686808401,-0.9999584747329331,-0.006694317248612691,0.31286420846991503,0.004423786009438246,-0.9497875642352009
7.267,0.015954701229929924,Empty,0.50118,0.26744,0.09613,-0.0071,0.32487,-0.00587,0.98683,-0.00303,0.16173,-0.00232,0.9476675163673038,-0.006728085335812428,0.3191880500425093,-0.0052270152546706194,-0.9999708866115298,-0.005559158288684057,0.31921615988817487,0.003599832921849183,-0.9476750943594444
7.333,0.015954701229929924,Empty,0.50295,0.26742,0.09138,-0.00553,0.33365,-0.00586,0.98611,-0.00224,0.16606,-0.00243,0.9448364462126391,-0.005230539087149599,0.32750073491387466,-0.0036139219047129356,-0.9999780982697004,-0.005544596412682012,0.32752256330936474,0.004055174690527026,-0.9448346554193979
7.4,0.015955030918121338,Empty,0.50433,0.26695,0.08637,-0.00459,0.34065,-0.00477,0.98552,-0.00186,0.16951,-0.00196,0.9425244618877764,-0.004333747038367253,0.33410905013148817,-0.003002153262063878,-0.9999853604829279,-0.0045017658335812505,0.3341236684506936,0.003239977845103678,-0.9425236743576335
7.467,0.015955030918121338,Empty,0.50531,0.26639,0.08171,-0.00374,0.34655,-0.00303,0.98502,-0.00158,0.17241,-0.00117,0.9405425946024931,-0.0035187464152284242,0.3396575424778244,-0.002711127329677099,-0.9999922571975157,-0.0028522506235267864,0.33966494892321786,0.001761808355765937,-0.9405448519365283
7.533,0.015955030918121338,Empty,0.50673,0.26599,0.07748,-0.00087,0.35352,-0.00148,0.98442,-0.0003,0.17584,-0.00065,0.938157968554553,-0.0008121616325864611,0.3462065372448607,-0.0003571083351842086,-0.9999989865388696,-0.001378185354323186,0.3462073056872594,0.001169322332158083,-0.9381573077976061
7.6,0.015955030918121338,Empty,0.50827,0.26548,0.07317,0.0019,0.36126,-0.00116,0.98373,0.00104,0.17965,-0.00074,0.935446390179917,0.0017846121320358455,0.3534640947237795,0.0023180716048927796,-0.9999967236810258,-0.0010858965185650549,0.35346099875855774,0.0018351530597289644,-0.9354474622178682
7.667,0.015955030918121338,Empty,0.50988,0.26477,0.06864,0.0036,0.36907,-0.0002,0.98302,0.00179,0.18349,-0.00043,0.9326550533254553,0.0033503541700060646,0.36075383107241954,0.0036693769153188227,-0.9999932479351761,-0.0001993918518247706,0.36075072720584445,0.0015097055980462736,-0.9326610496903265
7.733,0.015955030918121338,Empty,0.5115,0.26399,0.06391,0.00342,0.37611,0.00085,0.98237,0.0016,0.18695,0.0001,0.9300934380207708,0.0031708467651812566,0.36730932778993597,0.0030978340304025354,-0.9999948909788207,0.0007883150238663372,0.36730995082494433,0.00040465670452065805,-0.9300985089107114
7.8,0.015955030918121338,Empty,0.51245,0.26364,0.05934,0.00308,0.38075,0.00285,0.98193,0.00124,0.18923,0.00111,0.9283815316827486,0.002854175618725252,0.37161752557156214,0.0020134775771792346,-0.9999944609900286,0.002650263630039118,0.3716230314962184,-0.001712212253193679,-0.9283821361867971
7.867,0.015955030918121338,Empty,0.51335,0.26411,0.05543,0.00393,0.38654,0.00428,0.98138,0.00152,0.19207,0.00172,0.9262152874458391,0.0036416701722100098,0.37697742576973803,0.002323702028094232,-0.999989495517159,0.003950856137916597,0.37698785353178976,-0.002783360144630627,-0.92621402018961
7.933,0.015955030918121338,Empty,0.51421,0.26459,0.05179,0.0053,0.39248,0.0044,0.9808,0.00217,0.19499,0.00164,0.923950584845674,0.004904853322560909,0.38248040365124714,0.0036251608863064333,-0.9999851612672445,0.004066380930482921,0.38249467312877083,-0.002370582039829793,-0.9239546554722841
8.0,0.015955030918121338,Empty,0.5149,0.26501,0.04835,0.00551,0.39689,0.00425,0.98037,0.00228,0.19715,0.00154,0.922256289658708,0.005086651019150901,0.3865455499244076,0.003869441461584744,-0.9999848030064148,0.003926980901040128,0.38655965077556753,-0.00212596745768532,-0.922261956634144
8.067,0.015955030918121338,Empty,0.51512,0.26505,0.04537,0.00594,0.40019,0.00563,0.98004,0.00235,0.19877,0.00217,0.9209718339347344,0.005479255973526553,0.3895906298319667,0.003752104526332678,-0.9999794714648118,0.00519406975103287,0.3896110917447237,-0.00332180717858428,-0.9209734864731736
8.133,0.015955030918121338,Empty,0.51528,0.2654,0.04321,0.00751,0.40306,0.00639,0.97975,0.00304,0.20018,0.00238,0.9198407522966381,0.006906483428227472,0.39223117023129406,0.005004510700275022,-0.9999702406401548,0.005871346244426062,0.3922600480382953,-0.0034377784580628978,-0.9198479419949079
8.2,0.015955030918121338,Empty,0.51535,0.26519,0.04146,0.00808,0.40519,0.00693,0.97954,0.00326,0.20122,0.00258,0.9189963031091497,0.007418052796761332,0.39419635635609374,0.005337751905860055,-0.9999654426648479,0.0063735296882241055,0.3942300131602203,-0.0037531278688116045,-0.9190041407713532
8.267,0.015955030918121338,Empty,0.51555,0.26506,0.04029,0.00948,0.40751,0.00751,0.9793,0.00388,0.20236,0.00272,0.9180727468140797,0.008704237388291347,0.3963163733795758,0.006504178435726593,-0.9999550774231025,0.0068948385502215215,0.39635858413831204,-0.003752250957180661,-0.9180881185336336
8.333,0.015955030918121338,Empty,0.51604,0.26503,0.03941,0.00948,0.40993,0.00818,0.97905,0.00381,0.20355,0.00304,0.9171089114262578,0.008701474861365632,0.3985417530419887,0.006229858386053944,-0.9999524957777528,0.00749633592714552,0.3985880498045998,-0.0043920977994488025,-0.9171195538368407
8.4,0.015955030918121338,Empty,0.5164,0.26499,0.03881,0.00896,0.41224,0.00894,0.97882,0.00347,0.20468,0.00346,0.916186188363952,0.008207522277606238,0.40066882188310504,0.005375429998962289,-0.9999519977205448,0.008191886658002662,0.40071682395858943,-0.005351526207905611,-0.9161863282999736
8.467,0.015955030918121338,Empty,0.51647,0.26482,0.0385,0.00868,0.41386,0.0093,0.97865,0.00329,0.20547,0.00366,0.9155425795400725,0.007946135311810598,0.40214256673811144,0.004941906625226311,-0.9999515988959142,0.00850749225164818,0.4021907042784774,-0.005801620386642597,-0.9155375353271279
8.534,0.015955030918121338,Empty,0.51624,0.26592,0.03829,0.00691,0.41463,0.00446,0.97858,0.00292,0.20584,0.00147,0.9152428268909485,0.006311767954328695,0.4028532355709161,0.00510538301086233,-0.9999786913640663,0.004068400437737152,0.40287033011749285,-0.0016668542528041842,-0.9152555483076419
8.6,0.015955030918121338,Empty,0.51584,0.26761,0.03782,0.00875,0.4157,-0.00108,0.97847,0.00439,0.20635,-0.00143,0.9148029994658043,0.008005533597586767,0.403820979643437,0.009185046969469757,-0.9999573325234479,-0.0009838926560634953,0.4037958730355422,0.004609182618201561,-0.9148374983323847
8.667,0.015955030918121338,Empty,0.51514,0.26894,0.03675,0.0096,0.41553,-0.00517,0.97848,0.00523,0.20626,-0.00352,0.9148603480641927,0.008791469918581374,0.40367468783233706,0.011697417316543113,-0.9999203797461362,-0.0047333493918343406,0.40360093405242126,0.009052304955823234,-0.9148903441434934
8.733,0.015955030918121338,Empty,0.5146,0.26893,0.03579,0.0104,0.41408,-0.00432,0.97863,0.00553,0.20555,-0.00318,0.9154363387833084,0.00951674356157678,0.40235027181175625,0.012130341550778356,-0.9999186296904551,-0.003948266939338807,0.4022799578016188,0.008495033251612575,-0.915477290794906
8.8,0.015955030918121338,Empty,0.51467,0.2689,0.03586,0.01028,0.41422,-0.00436,0.97861,0.00548,0.20562,-0.00319,0.9153797349930924,0.009403802518040572,0.40248168810789053,0.012031136778295703,-0.9999196217949644,-0.004000212148973059,0.4024117201471616,0.008504025377228492,-0.9154192968473989
8.867,0.015955030918121338,Empty,0.51466,0.26889,0.03583,0.01028,0.41418,-0.00436,0.97862,0.00548,0.2056,-0.00319,0.9153957272116607,0.009407894331058209,0.40244521878994993,0.012029401552442476,-0.9999196956893308,-0.003986937527185458,0.4023753920171126,0.008490800716730125,-0.9154353883274687
