time,gr,gr_state,tx,ty,tz,rx,ry,rz,qw,qx,qy,qz,xx,xy,xz,yx,yy,yz,zx,zy,zz
0.0,0.016215069219470024,Empty,0.30734,0.00085,0.48551,0.00382,0.00129,-0.0038,1.0,0.00191,0.00064,-0.0019,0.9999919100015044,0.00381135709677094,0.0012858804859112742,0.003816216523553073,-0.9999855056720148,-0.0037980175526283466,0.001271386246784855,0.003802894025029709,-0.9999919607547082
0.067,0.016215069219470024,Empty,0.30734,0.00085,0.48551,0.00382,0.00129,-0.0038,1.0,0.00191,0.00064,-0.0019,0.9999919119565202,0.003809324199097075,0.001290376181380916,0.003814200968747017,-0.999985512667866,-0.0037982002785059673,0.0012758889110386468,0.0038030913125780405,-0.9999919542696107
0.133,0.016215069219470024,Empty,0.30734,0.00085,0.48551,0.00382,0.00129,-0.0038,1.0,0.00191,0.00064,-0.0019,0.9999918799217653,0.0038176451025255798,0.0012906108650223647,0.0038225180358220645,-0.9999854948198538,-0.0037945363034779054,0.0012761059515439363,0.003799438874855032,-0.9999919678766609
0.2,0.016215069219470024,Empty,0.30734,0.00085,0.48551,0.0038,0.00129,-0.0038,1.0,0.0019,0.00064,-0.0019,0.999991941669951,0.0038041144947078,0.0012826956273593823,0.0038089632207791158,-0.9999855292391815,-0.0037990934993368166,0.0012682248791300126,0.003803948625455579,-0.9999919607579407
0.267,0.016215069219470024,Empty,0.30734,0.00086,0.48551,0.00382,0.00129,-0.0038,1.0,0.00191,0.00064,-0.0019,0.9999919152344042,0.0038110739699603324,0.0012826461021762225,0.0038159327136289556,-0.9999854719261465,-0.0038071766661442906,0.001268118035907474,0.0038120403772346667,-0.9999919300798427
0.333,0.016215069219470024,Empty,0.30734,0.00086,0.48551,0.00382,0.00131,-0.00384,1.0,0.00191,0.00065,-0.00192,0.9999918865267798,0.0038117736564423077,0.0013027901611986188,0.003816741550160041,-0.9999853728755838,-0.003832299416720639,0.0012881632471645238,0.0038372407368013357,-0.9999918080759347
0.4,0.016215069219470024,Empty,0.30727,0.00104,0.48538,0.00292,0.00119,-0.0047,1.0,0.00146,0.00059,-0.00235,0.9999950370899862,0.002921953988759718,0.0011781257507268948,0.002927466623855346,-0.9999846467943099,-0.004704903274813076,0.0011643601518292613,0.004708328848615457,-0.9999882378832716
0.467,0.016215069219470024,Empty,0.30672,0.0014,0.48309,0.00069,0.00354,-0.00442,1.0,0.00035,0.00177,-0.00221,0.999993457371972,0.0006893688267248788,0.0035510539098113545,0.0007050783016601114,-0.9999899631036633,-0.00442454026120977,0.003547968128122768,0.004427015084148482,-0.9999839066003043
0.533,0.016215069219470024,Empty,0.30561,0.0014,0.48026,-0.00017,0.00364,-0.0044,1.0,-8e-05,0.00182,-0.0022,0.9999933760550612,-0.00015800010505206963,0.003636328088525614,-0.0001420232269222499,-0.9999903383443429,-0.004393523343391822,0.0036369871327256386,0.00439297779788583,-0.9999837369030876
0.6,0.01621474139392376,Empty,0.3049,0.0013,0.47855,-0.00061,0.00268,-0.0046,1.0,-0.0003,0.00134,-0.0023,0.9999962267167408,-0.0006111432330366817,0.00267825619190157,-0.0005988064096840162,-0.9999892191502635,-0.004604673075220979,0.002681041432814345,0.004603051943510665,-0.9999858118641688
0.667,0.01621474139392376,Empty,0.305,0.00158,0.47858,-0.00185,0.00262,-0.00422,1.0,-0.00092,0.00131,-0.00211,0.9999948894733072,-0.001842557369877429,0.0026126633166919646,-0.0018315148219384958,-0.9999894072896465,-0.00422266053079747,0.0026204161357877274,0.004217853819188858,-0.9999876714882214
0.733,0.01621474139392376,Empty,0.30496,0.00258,0.4785,-0.0052,0.00241,-0.00411,0.99999,-0.0026,0.00121,-0.00205,0.9999835752192954,-0.005196757714401645,0.002417230004309758,-0.005186819188131242,-0.9999781440699527,-0.004099791351102136,0.002438482795831235,0.004087186277959781,-0.9999886742908558
0.8,0.01621474139392376,Empty,0.30469,0.00357,0.47795,-0.00684,0.00321,-0.00253,0.99999,-0.00342,0.00161,-0.00126,0.9999714359827977,-0.006844180404662614,0.003206932036992214,-0.006836058842861259,-0.9999734164835252,-0.0025366564141044517,0.0032242081195843642,0.002514661180897068,-0.9999916404456324
0.867,0.01621474139392376,Empty,0.30435,0.00398,0.47638,-0.00707,0.00439,-0.0027,0.99999,-0.00353,0.0022,-0.00134,0.9999653851638118,-0.00706627686239808,0.004392744642429872,-0.007054458797122798,-0.9999714717418069,-0.0027000580742838802,0.004411698682974058,0.0026689761761296386,-0.9999867066520944
0.933,0.01621474139392376,Empty,0.30388,0.00348,0.47451,-0.00817,0.00574,-0.00428,0.99999,-0.00408,0.00288,-0.00213,0.9999502477734579,-0.008162244434188115,0.005734086116954154,-0.008137715879814655,-0.9999576941600211,-0.004288061383984302,0.005768843736789491,0.004241185679732737,-0.999974366064436
1.0,0.016215069219470024,Empty,0.30378,0.00262,0.47263,-0.00877,0.00801,-0.00622,0.99998,-0.00437,0.00402,-0.00309,0.9999296012366656,-0.008758351081686988,0.008005239347621184,-0.008708677322895597,-0.9999427392703338,-0.006219093167560987,0.00805924996314626,0.006148940304721952,-0.9999486181915351
1.067,0.016215069219470024,Empty,0.30423,0.00213,0.47102,-0.00984,0.00992,-0.00739,0.99997,-0.0049,0.00498,-0.00367,0.9999024652898454,-0.009828599369241131,0.009922627763283079,-0.009755544381526149,-0.9999251485671075,-0.007384214031851461,0.009994461521752786,0.007286693179150073,-0.9999235044949203
1.133,0.01621474139392376,Empty,0.30516,0.00141,0.46904,-0.00838,0.01334,-0.00914,0.99996,-0.00416,0.00669,-0.00454,0.9998759707514047,-0.00837191912872881,0.013339943179697732,-0.008250455481027374,-0.9999242432586894,-0.009134425427613588,0.01341540526004057,0.009023231884367922,-0.9998692955522084
1.2,0.01621474139392376,Empty,0.30571,0.00072,0.46653,-0.00906,0.01453,-0.01067,0.99995,-0.00449,0.00729,-0.0053,0.9998533376339455,-0.009054822699453902,0.014536622996456356,-0.008900225082887347,-0.999903519980581,-0.010664742093366817,0.014631787851578235,0.010533798760444506,-0.999837461724625
1.267,0.016215069219470024,Empty,0.30632,8e-05,0.46386,-0.00892,0.01645,-0.01209,0.99994,-0.00441,0.00825,-0.00601,0.9998250274538147,-0.008922358686101861,0.016440985142461107,-0.008723932559992875,-0.9998887178245073,-0.012101444870407405,0.01654712898562111,0.011955897404183232,-0.9997916028051015
1.333,0.016215069219470024,Empty,0.30704,-0.00052,0.46116,-0.00886,0.0182,-0.01364,0.99993,-0.00437,0.00913,-0.00678,0.9997950509941196,-0.008853627683209297,0.018206297935413104,-0.008606088230062314,-0.9998700699314299,-0.013630058719385791,0.018324607855075736,0.013470580246026192,-0.9997413426555858
1.4,0.016215069219470024,Empty,0.30779,-0.00111,0.4583,-0.00945,0.02129,-0.01554,0.9999,-0.00464,0.01068,-0.00772,0.9997289916630405,-0.009445020134590087,0.021277566192058357,-0.009115269993148212,-0.9998376722003228,-0.01554159264656494,0.0214209029070264,0.0153434299847504,-0.9996528017641677
1.467,0.016215069219470024,Empty,0.30855,-0.00147,0.45481,-0.01012,0.02598,-0.01717,0.99987,-0.00495,0.01303,-0.00852,0.9996111943902164,-0.010125961255703309,0.025979317897374003,-0.009681736238386696,-0.9998057368647841,-0.01716835797844764,0.026148117201342348,0.01691015792101928,-0.9995150436716352
1.533,0.016215069219470024,Empty,0.30909,-0.002,0.45079,-0.01004,0.02915,-0.01919,0.99984,-0.00488,0.01462,-0.00952,0.9995249275043783,-0.010034102864044825,0.02914165535931589,-0.009477567765614425,-0.9997712535388519,-0.01917332278455022,0.029327376401846073,0.018888022052775504,-0.9993913886042436
1.6,0.016215069219470024,Empty,0.3098,-0.00306,0.44611,-0.00947,0.03462,-0.02243,0.99978,-0.00454,0.01736,-0.01113,0.9993561891996581,-0.009473519918367701,0.034604328178624896,-0.008700518025379633,-0.9997107583004492,-0.02242098848024122,0.03480672484488783,0.022105478024629022,-0.9991495582478507
1.667,0.016215069219470024,Empty,0.31051,-0.00439,0.44082,-0.0091,0.03923,-0.02646,0.99971,-0.00429,0.01967,-0.01314,0.999189683854559,-0.009092163000282483,0.03920852267814688,-0.008058322563586906,-0.999617772412308,-0.026445652098527936,0.039433984278635315,0.02610826783667358,-0.9988810335743092
1.733,0.016215069219470024,Empty,0.31117,-0.00539,0.43571,-0.0088,0.04206,-0.02925,0.99966,-0.00409,0.02109,-0.01453,0.9990768519533842,-0.00879501587471665,0.04204868115267206,-0.007569213859415003,-0.9995442628644879,-0.029222826287639975,0.04228653322827525,0.028877573832485008,-0.9986881068867713
1.8,0.01621474139392376,Empty,0.31226,-0.00584,0.43138,-0.00888,0.04563,-0.03073,0.99961,-0.00409,0.02288,-0.01526,0.9989195486309573,-0.008865761000602823,0.045619443714325573,-0.007469529164025768,-0.9995011623577411,-0.030686032320783097,0.04586874204719464,0.03031212178988085,-0.9984874730188673
1.867,0.01621474139392376,Empty,0.31334,-0.00607,0.42756,-0.00835,0.0492,-0.03188,0.99956,-0.00378,0.02466,-0.01583,0.9987550577837954,-0.008335443225066907,0.04918185577557428,-0.006773570562818576,-0.9994700663928584,-0.0318387362576682,0.04942118263577108,0.031465962100284205,-0.9982822446262307
1.933,0.01621474139392376,Empty,0.31468,-0.00656,0.42461,-0.00789,0.05402,-0.03339,0.99949,-0.00349,0.02707,-0.01658,0.9985096966590186,-0.007882687649620801,0.0540023047039013,-0.00608670294309005,-0.9994254775456086,-0.03334166882467862,0.054234101128322054,0.032963283637260414,-0.9979840099954771
2.0,0.01621474139392376,Empty,0.31616,-0.0073,0.42181,-0.00725,0.05951,-0.03515,0.9994,-0.0031,0.02981,-0.01746,0.998203634654567,-0.007246340698639442,0.05947263495837147,-0.005164676665835977,-0.9993711122583578,-0.035081420986469644,0.059689445275943394,0.034711245007515726,-0.9976133016317887
2.067,0.01621474139392376,Empty,0.31755,-0.00818,0.41905,-0.00668,0.06348,-0.03717,0.99932,-0.00275,0.03179,-0.01847,0.9979631800868964,-0.006673789791382778,0.06344250720667798,-0.004324555669468377,-0.9993023938813581,-0.03709479479992152,0.06364581218831765,0.03674487872897462,-0.9972958560417675
2.133,0.016215069219470024,Empty,0.3193,-0.00901,0.41668,-0.00512,0.06757,-0.03886,0.99924,-0.0019,0.03382,-0.01933,0.9977057526184456,-0.00509924120184041,0.06750725095296396,-0.002483977218373956,-0.9992451553699422,-0.03876789041047551,0.0676539802911818,0.03851126080597067,-0.99696530618768
2.2,0.016215069219470024,Empty,0.32122,-0.01,0.41384,-0.00282,0.07331,-0.04085,0.99912,-0.00066,0.03667,-0.02036,0.9973097260107731,-0.0028220260268785324,0.07324852608360188,0.00016489709440553613,-0.9991697726226823,-0.0407398856906311,0.07330268216965,0.040642362704954194,-0.9964812668286815
2.267,0.016215069219470024,Empty,0.32273,-0.01109,0.41075,-0.0019,0.0768,-0.04329,0.99903,-0.00012,0.0384,-0.02159,0.9970513058927971,-0.0019050009704526527,0.07671417332390607,0.0014116423825232816,-0.9990673331979746,-0.04315635529642799,0.07672483745992283,0.043137393384281346,-0.996118700059766
2.333,0.01621474139392376,Empty,0.32415,-0.01219,0.4077,-0.00132,0.07829,-0.04601,0.99897,0.00024,0.03914,-0.02296,0.9969352598112021,-0.0013178732620037215,0.07821988848902797,0.002277132293586781,-0.998945590557297,-0.04585326351144672,0.07819784148995547,0.04589085220605479,-0.9958810808877302
2.4,0.01621474139392376,Empty,0.32626,-0.01338,0.40496,-0.00016,0.08168,-0.04853,0.99887,0.00091,0.04082,-0.02424,0.9966660832560044,-0.00016828484161340862,0.08158854188761566,0.00378882537008024,-0.998823580499461,-0.048343560486912594,0.08150069502433804,0.048491511818552574,-0.995492948238259
2.467,0.016215069219470024,Empty,0.32852,-0.01464,0.40204,0.00205,0.08507,-0.05104,0.99877,0.00211,0.04248,-0.02554,0.9963814164531384,0.0020385694523122333,0.08497009580685196,0.006379164389895553,-0.9986862519388313,-0.0508436470963303,0.08475481820241365,0.051201703320862164,-0.995085426668745
2.533,0.016215069219470024,Empty,0.33072,-0.01543,0.39871,0.00259,0.08761,-0.05232,0.9987,0.00244,0.04374,-0.02619,0.9961613900596025,0.0025835872097171864,0.08749748585902645,0.007165166292722902,-0.9986167462906583,-0.05208890879886956,0.08724187839861283,0.05251589383214487,-0.9948019579536889
2.6,0.016215069219470024,Empty,0.33322,-0.01558,0.39526,0.00262,0.09029,-0.05202,0.99864,0.00248,0.04508,-0.02604,0.9959225156646978,0.0026078916498704086,0.09017506137088158,0.007303035913345801,-0.9986320028925592,-0.0517763311296153,0.08991667508614909,0.052223765662174626,-0.9945791420704108
2.667,0.016215069219470024,Empty,0.33589,-0.01585,0.39113,0.00364,0.09348,-0.05197,0.99857,0.00303,0.04666,-0.02604,0.9956272012730851,0.00362866618882679,0.09334510628208699,0.008489133064330634,-0.9986252521238457,-0.05172562653464419,0.09302908526337403,0.05229185980891735,-0.9942892691228166
2.733,0.016215069219470024,Empty,0.33861,-0.01642,0.38704,0.00495,0.09606,-0.05245,0.9985,0.00373,0.04793,-0.02631,0.9953785783103941,0.00492360178120177,0.09590226267548882,0.009966422985764556,-0.9985882164365567,-0.05217513207386719,0.09550997986413341,0.052889811301958786,-0.9940223898920971
2.8,0.016215069219470024,Empty,0.3414,-0.01737,0.38301,0.00761,0.09864,-0.05326,0.99842,0.00511,0.04918,-0.02678,0.9951102632975104,0.007561824281308804,0.09848036704591415,0.012830339527183432,-0.998513398928836,-0.052975225787160025,0.09793337667810985,0.05397972742726662,-0.9937279520871402
2.867,0.016215069219470024,Empty,0.34425,-0.01788,0.37902,0.00881,0.10079,-0.05297,0.99836,0.00573,0.05024,-0.02667,0.994885519932845,0.008761257474591055,0.10062823955240557,0.01412121760637669,-0.9985117641863972,-0.05267682597387658,0.1000169657671426,0.053828404665498285,-0.9935286152949503
2.933,0.016215069219470024,Empty,0.34782,-0.0183,0.37533,0.01214,0.10464,-0.05172,0.99827,0.00741,0.05212,-0.02614,0.9944576873600472,0.012073995922719405,0.10444197754238954,0.017522447974574196,-0.9985239988185042,-0.051408049957982545,0.10366712047455146,0.05295320959075325,-0.9932014326039569
3.0,0.016215069219470024,Empty,0.35096,-0.01894,0.37129,0.01567,0.10594,-0.05053,0.99824,0.00916,0.05273,-0.02564,0.9942710352531933,0.015575596840914308,0.10574738407919326,0.02098298625770717,-0.9985179106307123,-0.050216495670106345,0.10480850511409846,0.052147703043626335,-0.9931242592561222
3.067,0.016215069219470024,Empty,0.35388,-0.01909,0.36764,0.01791,0.10651,-0.04964,0.99822,0.01026,0.05299,-0.02526,0.9941742854776539,0.01781447561187105,0.10630209101269102,0.023168286644563663,-0.998513114665615,-0.04934359466767308,0.10526500172874062,0.05151897028713135,-0.9931087931901528
3.133,0.016215069219470024,Empty,0.35725,-0.01946,0.36435,0.02343,0.10882,-0.04841,0.99814,0.01301,0.05408,-0.0248,0.9938129286910538,0.023286034774599396,0.1085984500395203,0.028651347290914064,-0.9984310744413141,-0.04810914557938439,0.10730779591868185,0.05092298277240957,-0.9929208864560337
3.2,0.016215069219470024,Empty,0.36072,-0.02019,0.36103,0.02945,0.11055,-0.04685,0.99807,0.01599,0.05488,-0.0242,0.9934645431686885,0.02926815977817665,0.11032486705103413,0.03458088231638157,-0.9983170643027708,-0.04655321363899424,0.10877667049900797,0.05006409836496,-0.9928047250139646
3.267,0.016215069219470024,Empty,0.36446,-0.02195,0.35737,0.03814,0.11303,-0.04525,0.99794,0.02031,0.05603,-0.02366,0.9928955649155989,0.03787846491621938,0.1127990206806978,0.04318159236354835,-0.9980556613939242,-0.044947156088953714,0.11087717191506118,0.04949867326633265,-0.9926006921683013
3.333,0.016215069219470024,Empty,0.36819,-0.02415,0.35347,0.04864,0.1139,-0.04212,0.99783,0.02547,0.05638,-0.0224,0.9923455416873392,0.04829943246434437,0.11365513942133715,0.053350937221022465,-0.9976992954203934,-0.041830532094257834,0.11137326156174067,0.04757395023826023,-0.9926392677442433
3.4,0.016215069219470024,Empty,0.37152,-0.02514,0.34945,0.0555,0.11382,-0.04089,0.99776,0.02886,0.05628,-0.02198,0.9919998493431378,0.05511084018643431,0.11357417927124502,0.06005943252688167,-0.9973680576262738,-0.04061800329093808,0.11103676628820065,0.04711425390196697,-0.9926988886925988
3.467,0.016215069219470024,Empty,0.3746,-0.02622,0.346,0.06748,0.11373,-0.03757,0.9976,0.03474,0.05616,-0.02066,0.9912776193280906,0.06700233880972406,0.11348730331301451,0.07164439217823543,-0.9967315476373186,-0.037326974347333494,0.11061538088640474,0.04513212313355339,-0.9928380174896675
3.533,0.01621474139392376,Empty,0.37794,-0.02699,0.34352,0.08116,0.1138,-0.0361,0.99736,0.04152,0.05608,-0.02031,0.9902627959316701,0.08053968001017991,0.11354714852187556,0.08509466829187295,-0.9957277673262268,-0.03584844213942424,0.1101748266251742,0.045161635481737995,-0.9928856602140689
3.6,0.01621474139392376,Empty,0.38177,-0.0284,0.34107,0.09905,0.11762,-0.03499,0.99684,0.05044,0.05783,-0.02035,0.9882223626617146,0.09821681624515605,0.11734572400374628,0.10292445899103325,-0.9940823164081876,-0.034740523109692174,0.11323920556371496,0.046409106985560604,-0.9924832880769839
3.667,0.01621474139392376,Empty,0.38579,-0.03062,0.33826,0.11726,0.12416,-0.03367,0.99616,0.05952,0.06094,-0.02041,0.9854891656336173,0.11608536687854576,0.1238357461132703,0.12106046438783724,-0.992082687987238,-0.033411138235894436,0.11897675563301487,0.047917927675247864,-0.9917400888470486
3.733,0.016215069219470024,Empty,0.38933,-0.03208,0.33485,0.12926,0.13016,-0.03264,0.9956,0.0655,0.06384,-0.02045,0.9832686447595609,0.12780699249453836,0.12980040409103982,0.1330283419514825,-0.9905841462247185,-0.03234979885385728,0.12444369196683126,0.04907567541814011,-0.9910122832800398
3.8,0.016215069219470024,Empty,0.39254,-0.0316,0.33148,0.14054,0.13656,-0.02882,0.99504,0.07102,0.06704,-0.01913,0.9809242708233598,0.13876385294364413,0.13613290574249223,0.14389271215785482,-0.9891816678895982,-0.028539714417082668,0.13069989402259033,0.04758383157530057,-0.9902794134359743
3.867,0.016215069219470024,Empty,0.39571,-0.03015,0.3289,0.15275,0.14307,-0.02421,0.9944,0.07696,0.07034,-0.01749,0.9782597639059305,0.15059399437419885,0.14258079527459833,0.1555144126410098,-0.9875431423255551,-0.023954321252961618,0.13719730968074734,0.04560691728446628,-0.9894932578406854
3.933,0.016215069219470024,Empty,0.39932,-0.02907,0.32606,0.1678,0.15229,-0.01938,0.99349,0.08429,0.07499,-0.016,0.974542904445751,0.1650796990820097,0.1517063622444137,0.1698806812008974,-0.9852783788596096,-0.01915907895746463,0.1463102236658778,0.04444332461430416,-0.9882399047539359
4.0,0.016215069219470024,Empty,0.40266,-0.02831,0.32206,0.18363,0.16082,-0.01603,0.99248,0.09203,0.07925,-0.01532,0.9705012572684899,0.18023942649770347,0.1601282572691628,0.18509498067706115,-0.9825933288736755,-0.015817654096219547,0.1544899924540054,0.044989989872506284,-0.9869694742203695
4.067,0.016215069219470024,Empty,0.40566,-0.02783,0.31762,0.19707,0.16787,-0.01301,0.99157,0.09857,0.08279,-0.0147,0.9668577951460173,0.19305317989200055,0.16708223633578945,0.1979222348554826,-0.9801336724854315,-0.01283639396528459,0.16128481923353147,0.04548025718713209,-0.9858593983378153
4.133,0.016215069219470024,Empty,0.40905,-0.02671,0.31325,0.21086,0.17676,-0.01319,0.99048,0.1054,0.08708,-0.01582,0.9626187445139411,0.206030413040578,0.1758312304817686,0.21153960254602217,-0.9772832607568913,-0.012977858030068484,0.1691630848178024,0.049687998014676014,-0.984334777191286
4.2,0.01621474139392376,Empty,0.41265,-0.02633,0.30844,0.23398,0.18236,-0.01117,0.98896,0.11674,0.08978,-0.01615,0.9566239577884648,0.22800146622876882,0.18134479530073405,0.2338004234614377,-0.9722226254826947,-0.010978546752115736,0.17380438824835803,0.05290083077861399,-0.9833582951948626
4.267,0.01621474139392376,Empty,0.41525,-0.02607,0.30363,0.24836,0.18299,-0.01395,0.98805,0.12397,0.0898,-0.01821,0.9531371124217407,0.24169986865235998,0.18196378325858675,0.24823918710722154,-0.9686017185002725,-0.013711925563702529,0.1729362625613604,0.0582398867765955,-0.9832096239762695
4.333,0.01621474139392376,Empty,0.4179,-0.02511,0.29971,0.26204,0.1826,-0.01625,0.98717,0.13083,0.08933,-0.01993,0.9498075129971677,0.25473811923509015,0.18158793699666426,0.26186140921414086,-0.9649731161516124,-0.015983975382594093,0.17115574959235158,0.06273257298418472,-0.9832447984445501
4.4,0.01621474139392376,Empty,0.42112,-0.02281,0.2968,0.2751,0.18454,-0.01869,0.98618,0.13738,0.08999,-0.02185,0.9460561306349673,0.2670347692832393,0.18349449496331183,0.2749008231332692,-0.9612969676525898,-0.01837600126758701,0.17148567033033646,0.06782751636159462,-0.9828489674897016
4.467,0.01621474139392376,Empty,0.42475,-0.02067,0.2939,0.28582,0.18818,-0.02088,0.98523,0.14276,0.09151,-0.02367,0.9424907525299,0.2769688956256524,0.18708129850824007,0.28563349136939,-0.9581193617676671,-0.0205133423422557,0.17356465655125597,0.0727703199238837,-0.9821302309441554
4.533,0.016215069219470024,Empty,0.4287,-0.01839,0.29051,0.29806,0.19164,-0.02242,0.98416,0.14885,0.09295,-0.02524,0.9384096076834059,0.28829134168722276,0.19046130976042452,0.2976739232145368,-0.9544140037609019,-0.022003292098015784,0.1754355826095193,0.07734346600240717,-0.9814480855456353
4.6,0.016215069219470024,Empty,0.43273,-0.01652,0.2872,0.31113,0.19506,-0.02326,0.98299,0.15531,0.0944,-0.02652,0.9339341551112679,0.3003309263767619,0.19382551064882508,0.3103457201526556,-0.9503498299291684,-0.02281961297941365,0.1773486055753787,0.08146493365416067,-0.9807705831055458
4.667,0.016215069219470024,Empty,0.43598,-0.01489,0.28354,0.32206,0.19744,-0.024,0.982,0.16071,0.09536,-0.02759,0.9301588025223148,0.3103678732502152,0.19615398375865878,0.3208925348857508,-0.9468230162923356,-0.023540536818030283,0.17841688021275068,0.08484078661364591,-0.9802904966294056
4.733,0.01621474139392376,Empty,0.43907,-0.01399,0.28022,0.33571,0.19893,-0.02306,0.98082,0.16736,0.09598,-0.0279,0.9255584218450266,0.3229371986976775,0.197618757837005,0.33364732844788325,-0.9424271316719195,-0.022595612588041464,0.1789443152808559,0.08684853013111518,-0.9800185022961204
4.8,0.01621474139392376,Empty,0.44239,-0.01394,0.27801,0.34856,0.20011,-0.02106,0.97969,0.17356,0.09655,-0.02764,0.9211073838127783,0.33474063844030677,0.19877095477497284,0.3454157552602945,-0.9382226348072537,-0.020645666695337156,0.17958046526150553,0.08767549550421974,-0.9798284870244132
4.867,0.01621474139392376,Empty,0.44533,-0.01405,0.2756,0.36127,0.20281,-0.01881,0.97846,0.17966,0.0979,-0.02739,0.9162770220300497,0.3462143103141592,0.2014250983205284,0.3569394149704166,-0.9339459380708516,-0.018418436457344617,0.18174342612683478,0.08877294686247347,-0.9793307362505436
4.933,0.016215069219470024,Empty,0.44843,-0.01469,0.27303,0.37387,0.20821,-0.01711,0.97706,0.18571,0.10052,-0.02767,0.910814057310984,0.35733701768823534,0.20670754411579012,0.3684646104970018,-0.9294909639063436,-0.016744516348618635,0.18614935889225176,0.09141555560261184,-0.9782594811080901
5.0,0.016215069219470024,Empty,0.45165,-0.01612,0.27011,0.39034,0.21213,-0.01704,0.97529,0.19372,0.10221,-0.02884,0.9040529895368863,0.37197018148558963,0.21053830101669427,0.3837603333907296,-0.9232825590819388,-0.016653006063228254,0.18819191965983736,0.09585144850592181,-0.9774437585836139
5.066,0.016215069219470024,Empty,0.45429,-0.01795,0.26716,0.40242,0.21477,-0.01745,0.97396,0.19961,0.10328,-0.02992,0.8989730816728015,0.38265130615805915,0.21313229770083586,0.39501182701811133,-0.9185178877433444,-0.017045422004704575,0.1892433748999419,0.09951315385935787,-0.9768746476725886
5.133,0.016215069219470024,Empty,0.45695,-0.01958,0.26466,0.41535,0.2178,-0.01721,0.97249,0.20587,0.10458,-0.03078,0.8933645651874244,0.3939659568422628,0.21608002803786547,0.4068424169138733,-0.913343678591688,-0.01680989518948109,0.19073280123555708,0.1029278855605396,-0.9762309403552388
5.2,0.016215069219470024,Empty,0.45998,-0.02037,0.26276,0.43018,0.2211,-0.01638,0.97077,0.21301,0.10604,-0.0315,0.8867659138846842,0.40688293954789645,0.21929999424788846,0.4202431985286255,-0.9072708004636401,-0.015979634429352338,0.19246264069343794,0.10632952614832963,-0.9755266084563663
5.266,0.016215069219470024,Empty,0.46336,-0.02133,0.26089,0.44586,0.22541,-0.01609,0.96884,0.22056,0.10791,-0.03266,0.879419492213972,0.42031707614067215,0.2235059556671276,0.43441353318243,-0.9005771091327315,-0.015676501334486587,0.19469524622362358,0.11088023273193832,-0.9745764901162114
5.333,0.016215069219470024,Empty,0.46694,-0.02247,0.25882,0.46136,0.2308,-0.01726,0.96677,0.22808,0.11013,-0.03467,0.8716970369135773,0.43337166486987655,0.2287646736801836,0.4486471110110379,-0.8935509597658007,-0.016806310810698166,0.1971295148310855,0.11728462128313133,-0.9733366693970453
5.4,0.01621474139392376,Empty,0.4703,-0.02307,0.25597,0.47561,0.23742,-0.01874,0.96471,0.23498,0.1129,-0.03694,0.8640763487518428,0.44503420107247643,0.2351948626213284,0.4617173930333459,-0.8868399658494013,-0.01821877994606319,0.20047222375724202,0.12433597567886336,-0.9717774707482218
5.466,0.01621474139392376,Empty,0.47305,-0.02354,0.25255,0.49263,0.23937,-0.02204,0.9625,0.24335,0.11312,-0.03972,0.8559726753493789,0.45945669409994117,0.23708716815125203,0.477428610376648,-0.8784098117983375,-0.02140384381909001,0.19842555543339155,0.1315133026851736,-0.9712525676505507
5.533,0.01621474139392376,Empty,0.47692,-0.02473,0.24979,0.51283,0.24331,-0.02422,0.95972,0.25314,0.11433,-0.0424,0.8457025544824922,0.4761836965045473,0.24090719483870202,0.49557376742120873,-0.8682477439357056,-0.02350523759733396,0.1979743174902661,0.139265725624874,-0.9702634834314029
5.6,0.016215069219470024,Empty,0.48103,-0.02648,0.24726,0.53211,0.24643,-0.02713,0.95697,0.26252,0.11503,-0.0453,0.8356992897807356,0.49203577833094436,0.24394157067264183,0.5128782617430991,-0.8580582671314434,-0.026303970019017242,0.19637358705118857,0.1470945377967724,-0.969433139138024
5.667,0.016215069219470024,Empty,0.48501,-0.02828,0.24549,0.54978,0.24963,-0.02784,0.9544,0.27097,0.11606,-0.04708,0.8262087365604652,0.5063070015183165,0.24704725022693685,0.5281628077700957,-0.8487147619618827,-0.026968524549801073,0.19601829536950946,0.15276279992693148,-0.9686280786963156
5.733,0.016215069219470024,Empty,0.48946,-0.02995,0.2452,0.56957,0.24973,-0.02595,0.95172,0.28029,0.1159,-0.04734,0.8160068784530257,0.5225465841695272,0.24713931635842193,0.5444925824672038,-0.838388894756704,-0.025137398171397124,0.194063396743292,0.15507781440744897,-0.9686538440139824
5.8,0.016215069219470024,Empty,0.49456,-0.03117,0.24621,0.59038,0.25075,-0.02323,0.94875,0.29001,0.11628,-0.0474,0.8047464797595946,0.5392691562347769,0.24813681800243337,0.5613153954607656,-0.8272962662441345,-0.022492547148746933,0.19315312612863766,0.1573838142641927,-0.9684638376699406
5.867,0.016215069219470024,Empty,0.50009,-0.0322,0.2477,0.61041,0.25339,-0.02032,0.94571,0.29929,0.11748,-0.04758,0.7932520538440361,0.5548945079041674,0.2506855882774485,0.5772528022019894,-0.8163285694983711,-0.019668984994001618,0.19372759592316627,0.1603114210483306,-0.9678687239803211
5.933,0.016215069219470024,Empty,0.50478,-0.03226,0.24824,0.62714,0.25688,-0.01601,0.94306,0.30688,0.11939,-0.04706,0.7831401544125385,0.567572218662808,0.2540733656818104,0.5900474628696001,-0.8072200592099712,-0.015484429928107196,0.19630458504032292,0.16204182364818043,-0.9670609894318551
6.0,0.016215069219470024,Empty,0.50891,-0.03095,0.24818,0.64303,0.25953,-0.01384,0.94047,0.31419,0.1206,-0.0474,0.7734763124889998,0.5795468879789963,0.25663164000621497,0.6024138528536266,-0.7980718148594977,-0.013376405231479122,0.19705822466587988,0.1649447876130919,-0.9664167181556845
6.067,0.016215069219470024,Empty,0.51308,-0.02966,0.24752,0.66007,0.26002,-0.01347,0.93774,0.32216,0.12048,-0.04833,0.7633970911476086,0.5925591305206319,0.2570963983878467,0.6158498243906699,-0.7877560684799455,-0.013014237242356994,0.1948175429096435,0.1682678026529493,-0.9662981276836861
6.133,0.016215069219470024,Empty,0.5175,-0.02888,0.24695,0.67383,0.25959,-0.01129,0.93558,0.32848,0.1203,-0.04807,0.7552539102907623,0.6030800346786692,0.2566826888640686,0.6262127427264448,-0.779575748594554,-0.010920304495024444,0.19351778170890854,0.16898557327540004,-0.9664340350935741
6.2,0.016215069219470024,Empty,0.52182,-0.02882,0.24631,0.6879,0.25645,-0.00934,0.93349,0.335,0.11882,-0.04748,0.7473150426143278,0.6141574237924996,0.2536353403666486,0.6367210396955687,-0.7710413534279849,-0.009030443673223712,0.190017222091418,0.16824354402027347,-0.9672577553083556
6.267,0.016215069219470024,Empty,0.52578,-0.02855,0.24592,0.69643,0.25363,-0.01241,0.93215,0.33921,0.11678,-0.04894,0.7425947885984301,0.6209625605382645,0.2509152812329588,0.6438250492138985,-0.7650783045104972,-0.012020564548461829,0.18450551740035823,0.1704719518780277,-0.967934412897755
6.333,0.016215069219470024,Empty,0.5276,-0.02782,0.24577,0.69529,0.24961,-0.01669,0.93248,0.339,0.11421,-0.05019,0.7440758212033626,0.6207517390834297,0.2470191302823307,0.6436783928825838,-0.7651254010649903,-0.0161631426780849,0.1789673122015185,0.17102748045280733,-0.9688757929132757
6.4,0.016215069219470024,Empty,0.52687,-0.02382,0.24561,0.67626,0.24764,-0.02291,0.93562,0.3305,0.11273,-0.05169,0.7561261242498367,0.6067921765458626,0.2451051584721445,0.6300985204772417,-0.7761975586304825,-0.022208207232228813,0.17677425921019044,0.1712326033756805,-0.9692421043381655
6.467,0.016215069219470024,Empty,0.52717,-0.0183,0.24556,0.66323,0.25018,-0.02489,0.93755,0.32447,0.11394,-0.05229,0.7634679517880891,0.5965070247564975,0.24758040311917184,0.6203372763202143,-0.7839647737715042,-0.0241018068412414,0.17971741763145466,0.17198431004468243,-0.9685675231486628
6.533,0.016215069219470024,Empty,0.52753,-0.0109,0.24395,0.64675,0.25728,-0.02705,0.9397,0.31676,0.11736,-0.05348,0.7717786000026542,0.5827666159521223,0.2544422604632624,0.6078720681663553,-0.793603854169463,-0.026162404142802465,0.18667978283976258,0.17485992673876155,-0.9667340196247436
6.6,0.016215069219470024,Empty,0.52721,-0.00273,0.2408,0.63465,0.25932,-0.03465,0.94126,0.31149,0.11746,-0.05666,0.778350580187679,0.5730826489044423,0.25641109930377526,0.5997017928210923,-0.7995227263725525,-0.03348387225169483,0.18581747498195866,0.17983238734573803,-0.9659876699279664
6.667,0.016215069219470024,Empty,0.52931,0.00321,0.24036,0.6308,0.25606,-0.03751,0.94198,0.30988,0.11559,-0.05728,0.7812241721816814,0.570561806516825,0.25327458961234905,0.5970461688654994,-0.8013865056801566,-0.036270384017514076,0.1822763425189243,0.17955192412782878,-0.9667142501793993
6.733,0.016215069219470024,Empty,0.53299,0.00678,0.24133,0.62661,0.25541,-0.04054,0.94258,0.30809,0.11494,-0.05837,0.7837410842216433,0.5673830238841795,0.2526389065665212,0.5942176148556813,-0.8033478282946789,-0.039213428432720535,0.18070788333193433,0.1808556633956138,-0.9667656851168356
6.8,0.016215069219470024,Empty,0.53673,0.00857,0.24219,0.62809,0.25512,-0.0413,0.94235,0.30883,0.11464,-0.05877,0.7829621569639853,0.5685797455320288,0.25236349524651247,0.5955304029860274,-0.8023382890797496,-0.0399600925409333,0.1797603957539122,0.18157737427144752,-0.9668070424190566
6.867,0.016215069219470024,Empty,0.54062,0.00942,0.24339,0.63102,0.25228,-0.04359,0.94201,0.31037,0.11286,-0.05958,0.7818705884413502,0.571292163032199,0.24960698585650237,0.5981878797914251,-0.8002442199281281,-0.0421953663600778,0.17564066556756316,0.18230318957608174,-0.9674274668776831
6.933,0.016215069219470024,Empty,0.5457,0.00935,0.24486,0.64208,0.24843,-0.04519,0.94047,0.3157,0.11046,-0.06036,0.77626901889143,0.5804738964933756,0.2458789657517182,0.6071422775416144,-0.793385825964563,-0.043785682364321454,0.16966044067760036,0.18327298395651853,-0.9683110802943217
7.0,0.016215069219470024,Empty,0.55288,0.00744,0.24688,0.66565,0.24505,-0.04388,0.93694,0.32672,0.10837,-0.0605,0.7630192160543885,0.5991238810207434,0.24259482913365688,0.6253469276084314,-0.7791858253168957,-0.0425519653591178,0.16353255352510468,0.18417389830231232,-0.9691940358471507
7.067,0.016215069219470024,Empty,0.56108,0.00436,0.24768,0.69307,0.24523,-0.04716,0.93225,0.33971,0.10706,-0.06354,0.7462665402230738,0.6197919149997178,0.24278433442968633,0.6470009910382771,-0.7611169703918707,-0.045723899407064464,0.15644797390497056,0.19120392120059343,-0.9690021114417384
7.133,0.016215069219470024,Empty,0.56948,0.00014,0.24669,0.72218,0.24972,-0.04597,0.92697,0.35313,0.10842,-0.06532,0.7270886392685814,0.6405173664056061,0.24714290194013167,0.6688470078854569,-0.742065158277167,-0.04453067385246688,0.15487346670503307,0.19767853753988904,-0.9679552701994322
7.2,0.016215069219470024,Empty,0.57702,-0.00483,0.24402,0.75051,0.25018,-0.04583,0.92185,0.36621,0.10772,-0.06687,0.7085742508922809,0.6607775349426562,0.2475794423766837,0.6895908325801855,-0.7228370294440587,-0.0443972125910532,0.14962290798473754,0.20218723545168626,-0.9678498371269146
7.267,0.016215069219470024,Empty,0.58326,-0.00838,0.24028,0.77813,0.24946,-0.04988,0.91661,0.37913,0.10569,-0.07007,0.6901833035544633,0.6802126353464211,0.24689629039279684,0.7098382848004463,-0.7027055212579182,-0.048317282883020896,0.14062936011447846,0.20860422121499472,-0.9678365884616461
7.333,0.016215069219470024,Empty,0.58917,-0.01187,0.23678,0.80668,0.24815,-0.05078,0.91116,0.39224,0.1039,-0.07173,0.6707091154882532,0.699877008719524,0.2456042651640561,0.7296886657317424,-0.6820057299397753,-0.04922027460247898,0.1330553775823975,0.21222713538830265,-0.9681197805547
7.4,0.016215069219470024,Empty,0.59465,-0.01523,0.23353,0.83579,0.24536,-0.05472,0.90537,0.4057,0.10078,-0.07446,0.6504971340624742,0.7196158461146607,0.24291256162905323,0.7496342893163132,-0.6597221207024835,-0.05305804121001789,0.12207338308465825,0.21660968924888568,-0.968596062177504
7.467,0.016215069219470024,Empty,0.59804,-0.01764,0.23074,0.85923,0.24324,-0.06045,0.90047,0.41659,0.09775,-0.07778,0.6337938854147512,0.7350517139906693,0.24084079507062883,0.7654617750006181,-0.6408048921448403,-0.05862901343313509,0.11123660289570411,0.22151313270914397,-0.9687922120938033
7.533,0.016215069219470024,Empty,0.60121,-0.01991,0.22862,0.88698,0.24115,-0.06177,0.89468,0.42913,0.09544,-0.07928,0.6134719271838543,0.7527421844238865,0.23881247527313776,0.7830069567000103,-0.619116993748213,-0.05995209597306493,0.10272439007711913,0.22377075734092355,-0.9692132623124559
7.6,0.016215069219470024,Empty,0.60452,-0.02194,0.22757,0.91562,0.24004,-0.0611,0.88854,0.44188,0.09395,-0.0801,0.5918382882426048,0.77019886314628,0.2377417754166084,0.8002988374651403,-0.5966610523639454,-0.059307329596717126,0.09617282007931306,0.2253648149115712,-0.9695161106850496
7.667,0.016215069219470024,Empty,0.60858,-0.02388,0.22686,0.94599,0.23931,-0.0589,0.88186,0.45523,0.0929,-0.08038,0.5682740519345304,0.7879605794536293,0.2370289584101733,0.8178296280468964,-0.5726113556500311,-0.05719208747116164,0.09066036281962499,0.22635008417876637,-0.9698176828691462
7.733,0.01621474139392376,Empty,0.61056,-0.02532,0.22601,0.96768,0.23806,-0.05637,0.87705,0.46467,0.09206,-0.07999,0.5512209835445854,0.8003401609321649,0.23581996119755488,0.8297959556063694,-0.5553740649156743,-0.05475691808668906,0.08714412980489265,0.22586561229659707,-0.9702528669488336
7.8,0.01621474139392376,Empty,0.61225,-0.02594,0.22614,0.98792,0.23672,-0.05277,0.87252,0.47338,0.09151,-0.07903,0.5350850005957093,0.8115992668170648,0.2345009002956976,0.8405252304725114,-0.5393405167704064,-0.051275178292841395,0.08486093964022251,0.22454050207442278,-0.9707626815301177
7.867,0.01621474139392376,Empty,0.61303,-0.0251,0.22665,1.00671,0.23651,-0.04996,0.86816,0.48143,0.09135,-0.07862,0.519753198686413,0.8215535644868502,0.234321047143002,0.8502828228427645,-0.5240824030306688,-0.048546431507781096,0.0829200436190329,0.22447132447720416,-0.9709463892788661
7.934,0.016215069219470024,Empty,0.61366,-0.02405,0.2274,1.02683,0.23439,-0.04475,0.8636,0.48994,0.09091,-0.07677,0.5033802784378857,0.8322677005550982,0.23224721719005623,0.8601844587318901,-0.5081236007911192,-0.043509806655423075,0.08179848553562266,0.22167742539960178,-0.971683141169117
8.0,0.016215069219470024,Empty,0.61443,-0.02254,0.22842,1.04605,0.2342,-0.03985,0.85905,0.498,0.09131,-0.07549,0.48731881222536155,0.8418212596495875,0.2320718467484676,0.8693937183762535,-0.49259845940133634,-0.03874687398154482,0.0817002919160904,0.2206438863812264,-0.9719266112744388
8.067,0.016215069219470024,Empty,0.61553,-0.02114,0.229,1.06851,0.23215,-0.0363,0.85364,0.5075,0.09048,-0.07448,0.4685098149699371,0.8529747591314906,0.23007088812235896,0.8799303982372947,-0.47378756553745016,-0.03532473637626747,0.07887361748260148,0.21899635391182215,-0.9725325441539403
8.133,0.016215069219470024,Empty,0.61491,-0.01964,0.22844,1.08673,0.22941,-0.03211,0.84929,0.51513,0.08971,-0.07282,0.45319640173362763,0.8619192455159896,0.22739444950314783,0.8880476417402281,-0.45868743954380375,-0.03126049910620282,0.07735895200499993,0.2161042503374162,-0.9733008504726541
8.2,0.016215069219470024,Empty,0.61384,-0.01756,0.22714,1.10333,0.22621,-0.02996,0.84523,0.52214,0.08831,-0.07182,0.43913696798213553,0.8699740079263052,0.2242854183492501,0.8953435623395056,-0.4444189538049904,-0.029183880415084282,0.07428747356493519,0.21362822620505723,-0.9740864192872315
8.267,0.01621474139392376,Empty,0.61332,-0.0149,0.22639,1.12055,0.22516,-0.02791,0.84083,0.52933,0.08779,-0.07144,0.424195850527061,0.8776148669817218,0.223271193055167,0.9027031066535633,-0.4294037004347403,-0.027194912961004805,0.07200681657751624,0.21308356883064958,-0.9743769347951364
8.333,0.01621474139392376,Empty,0.61283,-0.01195,0.22562,1.13411,0.22331,-0.02688,0.83736,0.53502,0.0868,-0.07111,0.412447313966525,0.8836546490212511,0.22145354922630633,0.9083444455803472,-0.41740009148171153,-0.02622082787385273,0.06926457525409416,0.21197081142031857,-0.9748183388307184
8.4,0.01621474139392376,Empty,0.61185,-0.0084,0.22432,1.1434,0.2233,-0.02537,0.83492,0.53884,0.08687,-0.07088,0.4042192209633766,0.8874536151846786,0.22143374245901443,0.9120805500091526,-0.4092641847093675,-0.024736560172725422,0.06867235032211419,0.21196440269493558,-0.9748616313566844
8.467,0.016215069219470024,Empty,0.61032,-0.00453,0.2221,1.15088,0.22308,-0.0237,0.83297,0.54189,0.08697,-0.07045,0.39759321104937073,0.8904916222991557,0.221233607624312,0.9149983508484321,-0.4027956034444246,-0.02310237629534445,0.06853945193901494,0.21161373410263132,-0.9749471632181101
8.533,0.016215069219470024,Empty,0.60804,-0.0007,0.2195,1.1558,0.22328,-0.02344,0.83163,0.54392,0.08695,-0.07061,0.39317250442710255,0.8924015187049117,0.22143827847887348,0.9169605163968659,-0.39832320991149767,-0.02284801555920625,0.06781440209655207,0.21203336968262348,-0.9749066914373493
8.6,0.016215069219470024,Empty,0.60572,0.0026,0.21674,1.15834,0.22377,-0.02702,0.83078,0.54512,0.08609,-0.07234,0.3908601918950255,0.8933007120152572,0.22190571940537684,0.9182102068939557,-0.3952168871203027,-0.02633682005665816,0.06417418754875394,0.21405011106741328,-0.9747123799380437
8.667,0.016215069219470024,Empty,0.6023,0.00533,0.21414,1.157,0.2246,-0.03304,0.83088,0.5448,0.08484,-0.07501,0.39198599707411125,0.8926062047989132,0.22271313668550224,0.9180616735159307,-0.3951263754252115,-0.03221662714289028,0.0592430731726853,0.21709286169244502,-0.9743515524097249
8.733,0.016215069219470024,Empty,0.59804,0.00752,0.21232,1.15087,0.22313,-0.03933,0.83238,0.54255,0.08275,-0.07697,0.39757546463223226,0.8904869919138458,0.2212841321800885,0.9159650109268949,-0.3994216588553834,-0.038346280066090144,0.05423881156660626,0.2179340626644768,-0.9744551788822297
8.8,0.016215069219470024,Empty,0.59348,0.00998,0.21229,1.14255,0.22387,-0.04112,0.83453,0.53914,0.0829,-0.07757,0.4049142920876094,0.8869924824678441,0.22201070268958156,0.9127154615098221,-0.40662536359123025,-0.040078672697736684,0.05472570131211383,0.2188610283486564,-0.9742201742347908
8.867,0.016215069219470024,Empty,0.59014,0.012,0.21291,1.13582,0.2278,-0.04409,0.83601,0.53637,0.08401,-0.07958,0.41049347780520073,0.8834569315153208,0.22582948177092552,0.9101976177575041,-0.4119424544727235,-0.04293845399583611,0.05509447620184519,0.22317541163963747,-0.9732200852487185
8.933,0.016215069219470024,Empty,0.58934,0.01245,0.2136,1.13314,0.22963,-0.0465,0.83654,0.53531,0.08424,-0.08096,0.4127028414361329,0.8819661983072375,0.22762247190033869,0.9092479203635384,-0.41378643028179873,-0.04526598534470426,0.054264021092460146,0.22564665997555672,-0.9726967671668045
