time,gr,gr_state,tx,ty,tz,rx,ry,rz,qw,qx,qy,qz,xx,xy,xz,yx,yy,yz,zx,zy,zz
0.0,0.01637464016675949,Empty,0.30833,0.01801,0.46785,-0.02138,0.00844,0.00391,0.99993,-0.0107,0.0042,0.002,0.9997356820553462,-0.021388221363884297,0.008432675270672893,-0.02142178094749103,-0.9997628827969337,0.003909665280099252,0.00834705495182897,-0.004089274807857799,-0.9999568013195254
0.067,0.01637464016675949,Empty,0.30943,0.02188,0.46453,-0.02562,0.01186,-0.00013,0.9999,-0.01281,0.00593,1e-05,0.9996014730834583,-0.025613094479223053,0.011868630947943219,-0.025613416181804294,-0.9996719148330183,-0.0001249223115291076,0.011867936673144458,-0.00017912365735242924,-0.9999295575158471
0.133,0.01637464016675949,Empty,0.31109,0.02621,0.46181,-0.03075,0.01706,-0.00536,0.99984,-0.01535,0.00857,-0.00255,0.9993816930023167,-0.030739105105343223,0.017068658680343057,-0.030651573418230715,-0.9995157240399872,-0.005366418154325862,0.017225351630959368,0.0048399188157373,-0.9998399184104656
0.2,0.01637464016675949,Empty,0.31287,0.03171,0.45727,-0.03704,0.02377,-0.00812,0.99975,-0.01847,0.01196,-0.00384,0.9990313048767769,-0.03702515760648972,0.023782127331643393,-0.03684147310248587,-0.9992881644744596,-0.008116045890931789,0.02406569624678908,0.00723201531244875,-0.999684220250914
0.267,0.01637464016675949,Empty,0.31439,0.03845,0.45158,-0.04255,0.0297,-0.0106,0.99965,-0.02119,0.01496,-0.00498,0.9986544253732121,-0.04250661749518608,0.02970734171240403,-0.042208589094349325,-0.9990527103234088,-0.010588531631669916,0.030129282918183953,0.009320378992747094,-0.9995025546972193
0.333,0.01637464016675949,Empty,0.31584,0.04525,0.44408,-0.04952,0.03572,-0.01285,0.99952,-0.02464,0.01801,-0.00598,0.998136939574295,-0.049467873158108466,0.03571525419864048,-0.049037335708683405,-0.9987145104835057,-0.012832235046375288,0.03630412598939831,0.0110569469070273,-0.9992796177052954
0.4,0.01637464016675949,Empty,0.31664,0.0512,0.43549,-0.05112,0.0412,-0.01568,0.99943,-0.02539,0.02079,-0.00731,0.9978468932078923,-0.051046261899132084,0.041180782672037425,-0.050438667478953314,-0.9986043555890833,-0.015661475711405762,0.041922768733755326,0.01355065107795916,-0.9990289591984105
0.467,0.01637464016675949,Empty,0.31751,0.05632,0.42664,-0.05491,0.04856,-0.01853,0.99929,-0.02722,0.02452,-0.00859,0.9973160071103033,-0.0548225840831173,0.04853108525482407,-0.05397982665955681,-0.9983704542211078,-0.018509847437052702,0.049466759297185435,0.015840467568486737,-0.9986501486065307
0.533,0.01637464016675949,Empty,0.31782,0.06092,0.4178,-0.05918,0.05381,-0.02171,0.99915,-0.02928,0.02721,-0.01005,0.9968047037090848,-0.059059913322710045,0.05378019432614337,-0.05796624926860933,-0.9980832200295835,-0.021674866576463288,0.05495722526814125,0.018488172805661948,-0.9983175300760447
0.6,0.01637464016675949,Empty,0.31849,0.06627,0.41093,-0.06347,0.05973,-0.02178,0.999,-0.03139,0.03019,-0.00993,0.9962059177161394,-0.06332197536113543,0.05970005815498264,-0.06212301550711263,-0.9978318865605931,-0.02173147733658791,0.06094670172903171,0.017940278684885513,-0.9979797823348232
0.667,0.01637464016675949,Empty,0.31975,0.07318,0.40626,-0.07048,0.06568,-0.02276,0.99879,-0.03484,0.03321,-0.01021,0.9953658947267913,-0.07027739596441462,0.06563400971443646,-0.06892053620397487,-0.9973634905278008,-0.02271623761888557,0.06705740305209024,0.018087437039612585,-0.9975851589299268
0.733,0.01637464016675949,Empty,0.3212,0.08053,0.40261,-0.07679,0.07182,-0.02337,0.99857,-0.03794,0.03632,-0.01029,0.9944826857036624,-0.07652269013705953,0.07175280990887051,-0.07502852527653453,-0.996909214974661,-0.023296727097032118,0.07331376562733206,0.01778468421965175,-0.9971503381019071
0.8,0.01637464016675949,Empty,0.32257,0.08758,0.39909,-0.08196,0.0781,-0.02378,0.99835,-0.04047,0.03949,-0.01027,0.9936052703828213,-0.08161786407769855,0.07801981114354856,-0.07999493717516803,-0.9965132318471759,-0.0237105204463727,0.07968297618576749,0.01731770818818891,-0.9966698150788388
0.867,0.01637464016675949,Empty,0.32407,0.09351,0.39568,-0.08595,0.08358,-0.02636,0.99814,-0.04237,0.0423,-0.01136,0.9928302065267243,-0.08554463393500522,0.08348830225263901,-0.08362226583485832,-0.9961513673864533,-0.02626347103380851,0.0854136854651896,0.01909368636553358,-0.9961626039338298
0.933,0.01637464016675949,Empty,0.32575,0.09762,0.39125,-0.08804,0.09315,-0.02974,0.99787,-0.04326,0.04716,-0.01279,0.9918085835421773,-0.08754490997406783,0.09301409758575693,-0.08513264721490799,-0.99592982771525,-0.029600855481808547,0.09522691841198258,0.02143984619126795,-0.9952246816699496
1.0,0.01637464016675949,Empty,0.32686,0.1006,0.38499,-0.09049,0.09975,-0.03527,0.99762,-0.04429,0.05059,-0.01534,0.9909577511314008,-0.0899280095080669,0.0995775505749838,-0.08682376104455547,-0.9956055189868145,-0.03508967200007689,0.10229550327690036,0.026126684996610063,-0.9944108941179263
1.067,0.01637464016675949,Empty,0.3284,0.10314,0.37865,-0.09293,0.1083,-0.04176,0.99729,-0.04524,0.05502,-0.01831,0.9898521242973234,-0.09224036691944537,0.10809480438319971,-0.08821014714634923,-0.995236982808422,-0.04150081915828405,0.11140799775821995,0.03154461540350864,-0.9932739779509727
1.133,0.01637464016675949,Empty,0.32974,0.10609,0.37142,-0.09626,0.11414,-0.04708,0.997,-0.04668,0.05809,-0.02073,0.9888940008873113,-0.09548797523103741,0.11388898803380079,-0.09067206703830699,-0.9947827265414204,-0.04675364406993334,0.11775920884621809,0.03590784818245196,-0.9923927625546345
1.2,0.01637464016675949,Empty,0.3312,0.11008,0.36322,-0.10155,0.12235,-0.0527,0.99658,-0.04903,0.06237,-0.02316,0.9874119709331859,-0.10061694785273279,0.12204027803410425,-0.09483985258205307,-0.9941192501756068,-0.05227158685656545,0.1265819972194127,0.04003930862401928,-0.9911477446601263
1.267,0.01637464016675949,Empty,0.33299,0.11548,0.35488,-0.108,0.13093,-0.05737,0.9961,-0.05196,0.06684,-0.02505,0.9856655966762282,-0.10685713684934206,0.13055605628715936,-0.10016069757705637,-0.9933462255242123,-0.056842861448716725,0.13576143115691014,0.042951467276002235,-0.9898100854553192
1.333,0.01637464016675949,Empty,0.33488,0.12166,0.34608,-0.11292,0.13979,-0.05909,0.99565,-0.05421,0.07136,-0.02548,0.983938371435772,-0.11159370872418245,0.13932740358415902,-0.10432243329496549,-0.9928234877642392,-0.058466674739285455,0.14485203183848802,0.042992630959668404,-0.9885188529084447
1.4,0.01637464016675949,Empty,0.33658,0.12799,0.33745,-0.11769,0.14713,-0.05718,0.99529,-0.05653,0.07502,-0.02414,0.9823536595834976,-0.11614649885933503,0.14659903923842105,-0.1089014148915951,-0.9924431538565157,-0.056542622842776794,0.1520584405336261,0.03958000967723871,-0.9875786821800232
1.467,0.01637464016675949,Empty,0.33882,0.1355,0.32937,-0.12468,0.15451,-0.05507,0.99484,-0.05997,0.07871,-0.02259,0.9804171051357122,-0.1228676665393954,0.15390203532271451,-0.11575544607958799,-0.9917877313977431,-0.05438540752659784,0.15932035858679758,0.035505385057515694,-0.986588258075116
1.533,0.01637464016675949,Empty,0.34002,0.14266,0.32257,-0.12989,0.15676,-0.05264,0.99462,-0.06262,0.07981,-0.0211,0.9794182588499363,-0.12793854481002798,0.15611407042048464,-0.1212042313705205,-0.9912667446008605,-0.0519593624508011,0.16139829159331576,0.03196826239107826,-0.9863714420391814
1.6,0.01637464016675949,Empty,0.3412,0.14859,0.318,-0.13378,0.1565,-0.04756,0.99455,-0.06476,0.07956,-0.01843,0.9789531165465314,-0.13174898194308104,0.15586212291892848,-0.1258844131315146,-0.9909327806707049,-0.04696103408954361,0.16063595529758465,0.02635203880512525,-0.9866618771982862
1.667,0.01637464016675949,Empty,0.34262,0.15369,0.3155,-0.13625,0.15581,-0.04401,0.99453,-0.06614,0.07912,-0.01659,0.9787327231424415,-0.13417359201154422,0.15517636371851484,-0.1289227358572793,-0.990701534313503,-0.04346720704100046,0.1595656129285235,0.022537016563659522,-0.9869300370619762
1.733,0.01637464016675949,Empty,0.34443,0.15714,0.31463,-0.13687,0.1539,-0.0429,0.99459,-0.06652,0.07814,-0.01608,0.9789385959032024,-0.13483770642674953,0.15329063368855922,-0.12981114249287118,-0.9906323487303064,-0.04238651830207302,0.15756996140052149,0.02159496641928869,-0.9872716772447124
1.8,0.01637464016675949,Empty,0.34791,0.16033,0.31472,-0.14097,0.1548,-0.04355,0.99441,-0.06852,0.07864,-0.01621,0.9782402095497534,-0.13883195913589813,0.1541809960486139,-0.13373389109004474,-0.9900835137303349,-0.04301025707095691,0.1586232605703542,0.02145513835616172,-0.9871060420462169
1.867,0.01637464016675949,Empty,0.35228,0.16479,0.31423,-0.14792,0.15948,-0.04381,0.99399,-0.0719,0.08103,-0.01589,0.9765288345630261,-0.14550191863081657,0.15881003413427378,-0.14035007751449463,-0.9891569155455244,-0.04324872449147408,0.16338081591378262,0.01994462592317172,-0.9863614554959715
1.933,0.01637464016675949,Empty,0.35612,0.17012,0.31194,-0.15434,0.15935,-0.0407,0.99378,-0.07522,0.0809,-0.01409,0.9755945867216902,-0.15179263014497874,0.15866379483991963,-0.1472325732971661,-0.9882854444211684,-0.04018021534970036,0.16290417956464154,0.015839121785104396,-0.9865147492569221
2.0,0.01637464016675949,Empty,0.36061,0.17751,0.31037,-0.16534,0.1559,-0.0404,0.99349,-0.08074,0.07925,-0.01364,0.9743987925542188,-0.16259392994303157,0.15527461806283996,-0.15827005228292418,-0.9865894083658564,-0.03989899560978689,0.15967962806582628,0.014302211227285668,-0.9870652780514413
2.067,0.01637464016675949,Empty,0.3665,0.1862,0.31129,-0.17585,0.14981,-0.04067,0.99327,-0.08603,0.07631,-0.01363,0.973550637978652,-0.17299007074993128,0.14924339420320468,-0.16883129490306575,-0.9848249598629011,-0.04019691894149564,0.15393228755759278,0.013936780581213448,-0.9879831056219118
2.133,0.01637464016675949,Empty,0.37435,0.19656,0.31459,-0.18712,0.14998,-0.04395,0.99274,-0.0915,0.07662,-0.01482,0.9715125685754025,-0.1839504661849895,0.14941738550231948,-0.1794097779155444,-0.982814966020781,-0.04343816471566992,0.15484011330504385,0.015393783027429424,-0.987819604358906
2.2,0.01637464016675949,Empty,0.38123,0.20471,0.31657,-0.19408,0.14852,-0.04695,0.99245,-0.09486,0.07609,-0.01611,0.9704229511432937,-0.19074196519913506,0.14797566896727427,-0.18583856945192162,-0.9814834741424464,-0.046413533471789024,0.15408868225279782,0.017541171490112206,-0.987901303422741
2.267,0.01637464016675949,Empty,0.38724,0.20924,0.31723,-0.19543,0.14783,-0.04783,0.9924,-0.09551,0.0758,-0.01653,0.9702644326252851,-0.19207534383406355,0.14728880837782615,-0.18706206445046808,-0.9812088233516504,-0.04729724114996866,0.15360571221755637,0.01833868228351013,-0.9879620326238462
2.333,0.016374312341213226,Empty,0.39328,0.2106,0.31608,-0.19481,0.14807,-0.0469,0.99243,-0.09523,0.07587,-0.01608,0.9703490388277842,-0.19145666397244887,0.14753673666763767,-0.18657597312393326,-0.9813456023656921,-0.04637041050469565,0.1536624518184333,0.017468673047987143,-0.9879689754051442
2.4,0.016374312341213226,Empty,0.39957,0.20939,0.31319,-0.1912,0.15171,-0.04268,0.9925,-0.09355,0.07745,-0.01395,0.9704985853920591,-0.18786379060417846,0.15112806467311535,-0.1835426195635554,-0.9821064420389727,-0.04217870682343919,0.15634769763498263,0.013195934426140067,-0.9876139249518817
2.467,0.016374312341213226,Empty,0.4066,0.20791,0.30863,-0.18758,0.15673,-0.03869,0.99251,-0.09184,0.07973,-0.01187,0.9704187936800168,-0.18418712126724307,0.1560848142258131,-0.18040236363865875,-0.9828507835766792,-0.03820110490931877,0.16044423350873643,0.008913000728907265,-0.9870046637943514
2.533,0.01637464016675949,Empty,0.41307,0.20581,0.30243,-0.1821,0.16314,-0.03425,0.99253,-0.08922,0.08268,-0.00959,0.9704093172012325,-0.17868799285787357,0.16240799948728546,-0.1755149354843611,-0.9838964215257384,-0.033798507818643755,0.16583203704639868,0.00429335734255557,-0.9861446661478075
2.6,0.01637464016675949,Empty,0.42147,0.2059,0.29374,-0.18389,0.17785,-0.03031,0.99185,-0.0901,0.08981,-0.00688,0.9676291448034402,-0.17997602107255178,0.1769250405280578,-0.1775027341019989,-0.983667747427945,-0.02984195128249749,0.17940629173269748,-0.0025287366260883307,-0.9837718170276063
2.667,0.01637464016675949,Empty,0.42915,0.20907,0.28318,-0.18264,0.18867,-0.02281,0.99144,-0.08971,0.09483,-0.00272,0.9659181158074897,-0.17839246371826067,0.18755885061344726,-0.17736226565849267,-0.9838906855544368,-0.0223996785625674,0.1885333399571406,-0.011629607377255258,-0.9819979286927526
2.733,0.01637464016675949,Empty,0.4376,0.21351,0.27174,-0.17994,0.20548,-0.01882,0.99075,-0.08841,0.10298,-0.00011,0.9631579063287539,-0.17520395499563668,0.20403534407131085,-0.17515705484409966,-0.9843679102386316,-0.01843430038733647,0.2040756075937357,-0.017983087785931027,-0.978789944236725
2.8,0.01637464016675949,Empty,0.44355,0.21507,0.25847,-0.17225,0.21024,-0.01325,0.99083,-0.08485,0.1051,0.00246,0.9635112487888527,-0.16762347514269654,0.20868263952334776,-0.16865850647536795,-0.9855894011398675,-0.012955329183609005,0.2078470150154774,-0.022713496909175637,-0.9778975996531093
2.867,0.01637464016675949,Empty,0.45063,0.21683,0.24802,-0.16969,0.21577,-0.01095,0.99065,-0.08366,0.10775,0.0037,0.9627842979191424,-0.1649535971960444,0.21409508740844274,-0.16654665771386246,-0.9859754729006274,-0.010704094670966405,0.2128581839739436,-0.02535108696818689,-0.9767541737330055
2.933,0.01637464016675949,Empty,0.45745,0.21745,0.24027,-0.16389,0.21538,-0.01003,0.9909,-0.08084,0.10753,0.00383,0.9638048854025121,-0.15939006351113055,0.21371698699019803,-0.16103932492778628,-0.9868994709411403,-0.00978621902985398,0.21247700746446332,-0.024984833599909637,-0.9768465997222548
3.0,0.01637464016675949,Empty,0.46606,0.21827,0.23513,-0.15999,0.22149,-0.01125,0.99073,-0.0788,0.11061,0.00326,0.9631093348837012,-0.15542150044041947,0.21969198041968363,-0.1568645994682097,-0.9875591838712809,-0.010970678427864672,0.2186639121884364,-0.023895931711027756,-0.9755076001518953
3.067,0.01637464016675949,Empty,0.47484,0.21817,0.23007,-0.15409,0.23196,-0.01316,0.99037,-0.07569,0.11588,0.00239,0.9616878851003052,-0.1493645409161859,0.22988398284395412,-0.15047294457020394,-0.9885312048915731,-0.012804292560987321,0.22915999782613633,-0.02227758677487463,-0.9731338060738685
3.133,0.01637464016675949,Empty,0.48304,0.21771,0.22305,-0.1484,0.24322,-0.01459,0.98992,-0.0727,0.12151,0.00177,0.9598985185039363,-0.1435135316954701,0.24082919340113584,-0.14437226658477115,-0.989421972704093,-0.014170694108508422,0.24031538197777547,-0.021166628230174657,-0.9704640596303613
3.2,0.01637464016675949,Empty,0.48962,0.21642,0.21516,-0.14573,0.25288,-0.01336,0.98942,-0.07138,0.12625,0.00257,0.9579342726601923,-0.140598279797979,0.25018803524716665,-0.14189379193199836,-0.9897972319618069,-0.012945710173774855,0.24945556933880458,-0.02309898955785209,-0.9681107145400567
3.267,0.01637464016675949,Empty,0.49447,0.21478,0.20671,-0.14422,0.2559,-0.01098,0.98928,-0.07076,0.12766,0.00376,0.9573921587721901,-0.1390403746037549,0.2531166303338695,-0.1409608278083993,-0.9899581580006567,-0.010624990894943745,0.252052175838845,-0.025507246774089824,-0.967377424285325
3.333,0.01637464016675949,Empty,0.49924,0.21353,0.19972,-0.14475,0.26196,-0.0083,0.98887,-0.07115,0.13056,0.00534,0.9557847248061959,-0.13933141558391487,0.2589639288752901,-0.1421194066147521,-0.9898170255326083,-0.008020612772745656,0.2574444291310545,-0.029137820734605233,-0.9658536914627511
3.4,0.01637464016675949,Empty,0.50393,0.21457,0.19293,-0.14767,0.27146,-0.0062,0.98813,-0.07267,0.13517,0.00692,0.9528942961539706,-0.14174249184127313,0.2681445997290551,-0.14548310645027496,-0.9893426999224828,-0.0059739306716461715,0.26613366208506306,-0.033317984883817556,-0.9633601537267747
3.467,0.01637464016675949,Empty,0.50834,0.21791,0.18516,-0.15367,0.28138,-0.00357,0.98722,-0.07575,0.13995,0.009,0.9493537772426334,-0.14704907566656594,0.2776760252177937,-0.1520856775515425,-0.9883613359240384,-0.003437489510993569,0.2749497268935405,-0.03896715278357375,-0.9606686258461392
3.534,0.01637464016675949,Empty,0.51102,0.22312,0.17682,-0.15581,0.28993,-0.00112,0.98652,-0.07693,0.14406,0.01069,0.9466600061089836,-0.14869832302452168,0.2858734712480928,-0.1548565238952519,-0.9879363826560168,-0.001077418963788268,0.28258501347526976,-0.04324942258850717,-0.9582667674530627
3.6,0.01637464016675949,Empty,0.51124,0.22795,0.16878,-0.15785,0.29091,0.00079,0.98636,-0.07807,0.14446,0.01182,0.9460750994642366,-0.15059651809623253,0.2868145653746087,-0.15742671752831644,-0.9875303774185649,0.0007630752299847277,0.2831231795208478,-0.0458742020403419,-0.9579858155553075
3.667,0.01637464016675949,Empty,0.51189,0.23203,0.1631,-0.15735,0.29581,0.00099,0.98602,-0.07781,0.14687,0.01207,0.9447509127216168,-0.14989436787475474,0.2915088187192615,-0.15698494249879114,-0.9876005427273288,0.0009464847259773035,0.2877523948472418,-0.04665668745327776,-0.9565676728677193
3.733,0.01637464016675949,Empty,0.51213,0.23506,0.15845,-0.15628,0.29996,0.00062,0.98575,-0.07723,0.14894,0.01197,0.9437085517802764,-0.14868768746089644,0.2954761257602791,-0.15581882949903014,-0.9877854713840231,0.0005957316470582841,0.29177844620589394,-0.04660294111076993,-0.9553499380904886
3.8,0.01637464016675949,Empty,0.51358,0.23699,0.15443,-0.15603,0.30764,-0.00138,0.9852,-0.07691,0.1528,0.01126,0.9414723866142544,-0.14810314847470202,0.3028121573760544,-0.1549840041482996,-0.9879160949799604,-0.0013220203121980245,0.29934879939799297,-0.04568639503644832,-0.953049342692997
3.867,0.01637464016675949,Empty,0.51489,0.23839,0.15013,-0.1567,0.31362,-0.00153,0.98471,-0.07719,0.15575,0.01147,0.9395685344419811,-0.14844136729803187,0.3085062877175102,-0.1555849252855011,-0.9878214389270764,-0.0014614444723863307,0.3049660638668725,-0.04662580048354799,-0.9512211807034234
3.933,0.01637464016675949,Empty,0.51614,0.23923,0.14548,-0.15852,0.31845,-0.00235,0.98426,-0.07799,0.15815,0.0114,0.937815028619865,-0.14991278563376564,0.3130960376597669,-0.15712655486335125,-0.9875759837856748,-0.002218559562090411,0.30953871785528847,-0.04711510323962854,-0.949718879034856
4.0,0.01637464016675949,Empty,0.51739,0.24042,0.14143,-0.16175,0.32153,-0.00332,0.9839,-0.07948,0.15968,0.0113,0.9363721513503702,-0.15279951036562467,0.3160055439505839,-0.16001506692990658,-0.9871095381039713,-0.003152481495864612,0.31241378415635995,-0.047613752385099156,-0.9487521056908985
4.067,0.01637464016675949,Empty,0.51858,0.24203,0.13814,-0.16311,0.32391,-0.00371,0.98366,-0.0801,0.16086,0.01131,0.9354148222756298,-0.1539394747243517,0.3182793558945395,-0.16121423993421147,-0.9869131300562479,-0.0035274020204921486,0.3146570817723427,-0.048011580313195155,-0.9479904055666085
4.133,0.01637464016675949,Empty,0.52021,0.24354,0.13555,-0.16436,0.32683,-0.00426,0.98337,-0.08065,0.16231,0.01126,0.9343026634302465,-0.1549666048205549,0.3210356436558681,-0.16227809557263945,-0.9867368256520486,-0.004031947350345871,0.31740250913385176,-0.048329993715172104,-0.9470585298190533
4.2,0.01637464016675949,Empty,0.52171,0.24517,0.13329,-0.16613,0.32988,-0.00503,0.98306,-0.08143,0.16383,0.01115,0.9330593030650701,-0.15645285526801317,0.3239179541831722,-0.1637617763486388,-0.9864884653923347,-0.004752710280956196,0.3202849006288994,-0.04861081902583415,-0.9460732374942089
4.267,0.01637464016675949,Empty,0.5236,0.24729,0.13142,-0.16742,0.33356,-0.00596,0.98271,-0.08196,0.16567,0.01095,0.9316724071513076,-0.15745748229633455,0.3274044395266922,-0.16471228190549858,-0.9863255337437837,-0.00563965198600605,0.32381536396899313,-0.04867322419913443,-0.9448674654699935
4.333,0.01637464016675949,Empty,0.52551,0.24985,0.12944,-0.17029,0.33619,-0.00771,0.98238,-0.0832,0.16702,0.01044,0.9303621033406193,-0.15998050327524993,0.3298978557666242,-0.16695562052179685,-0.9859375359645985,-0.007279831882504084,0.3264233102028723,-0.04830542151615432,-0.9439885639182002
4.4,0.01637464016675949,Empty,0.52727,0.2522,0.12727,-0.17093,0.34094,-0.00868,0.98196,-0.08339,0.16939,0.01022,0.928704946058674,-0.16030676083581757,0.33437832704361037,-0.16722905390389126,-0.9858840816719381,-0.008186637666889457,0.3309706432549042,-0.048314800384638416,-0.9424033708382136
4.467,0.01637464016675949,Empty,0.52881,0.25411,0.12399,-0.16793,0.34827,-0.00938,0.98146,-0.08179,0.17303,0.00993,0.9267401171672662,-0.15710282989127455,0.3412791468474966,-0.16397585793202696,-0.9864249981347806,-0.00881141704003155,0.33803058034482264,-0.04779564723853983,-0.9399206896631181
4.533,0.01637464016675949,Empty,0.52923,0.25398,0.11929,-0.16695,0.35164,-0.0101,0.98122,-0.08121,0.17472,0.00963,0.925757920790897,-0.15600589939322507,0.3444334935040817,-0.16273629907169207,-0.9866240685065837,-0.009478629012943496,0.3413050967351119,-0.04727691612221706,-0.9387628689635147
4.6,0.01637464016675949,Empty,0.52968,0.25275,0.11502,-0.16528,0.35437,-0.01052,0.98105,-0.08033,0.17608,0.00939,0.9250893684844635,-0.15430806280451032,0.3469851323479657,-0.16091918089978463,-0.9869182317296724,-0.009870212668378037,0.34396900664966656,-0.04670573447764082,-0.9378186908093407
4.667,0.01637464016675949,Empty,0.53014,0.25109,0.11124,-0.16329,0.35728,-0.01032,0.98087,-0.07934,0.17751,0.00943,0.9243929560990582,-0.15229186871072364,0.34972110236449805,-0.1589868463520216,-0.987233357443076,-0.009668538602603166,0.34672877786748946,-0.04666352618766587,-0.9368039655777776
4.733,0.01637464016675949,Empty,0.53057,0.24892,0.1076,-0.16304,0.35986,-0.00994,0.98065,-0.07923,0.17876,0.0097,0.9235328422870837,-0.15192070769197336,0.3521465430634102,-0.15885575324589213,-0.9872579614905895,-0.009304146071827335,0.34907297070644205,-0.04734781988450617,-0.935898629700014
4.8,0.01637464016675949,Empty,0.53103,0.24707,0.10443,-0.1636,0.36334,-0.00902,0.98031,-0.07955,0.18043,0.01034,0.9222335714569836,-0.1522291894151872,0.35540331113777135,-0.1596935382261815,-0.9871306609341001,-0.008428053904037142,0.3521125012357549,-0.04898297800053891,-0.9346750528069631
4.867,0.01637464016675949,Empty,0.53128,0.24608,0.10117,-0.16437,0.36575,-0.00841,0.98006,-0.07996,0.18158,0.01081,0.921268783039314,-0.15279743687032615,0.3576545437753031,-0.16064557967845933,-0.9869808772968933,-0.007857835581525613,0.3541988525207745,-0.050216442885903344,-0.9338209045297997
4.933,0.01637464016675949,Empty,0.5314,0.24594,0.09832,-0.16587,0.36765,-0.00729,0.97982,-0.08078,0.18246,0.01157,0.9203676783653238,-0.1540814952950199,0.3594192947353744,-0.1625279801738969,-0.9866805099042153,-0.006799046679557497,0.35567962027787964,-0.052158069201305134,-0.9331514044013304
5.0,0.01637464016675949,Empty,0.53122,0.24671,0.0963,-0.16656,0.36898,-0.0071,0.97967,-0.08112,0.1831,0.01178,0.9197847513257975,-0.15462835397457725,0.3606744839542346,-0.16325713178346618,-0.9865613199284234,-0.006623514393669483,0.35685167808261276,-0.052790474218366,-0.9326682398803036
5.067,0.01637464016675949,Empty,0.5308,0.2478,0.09551,-0.16646,0.3691,-0.00736,0.97967,-0.08105,0.18317,0.01165,0.9197605686821646,-0.1545306121977249,0.36077802897523736,-0.1630636133824993,-0.986591627244599,-0.00687161127367783,0.3570024569776849,-0.0525095319408774,-0.9326263961347256
5.133,0.01637464016675949,Empty,0.53083,0.24923,0.09613,-0.16537,0.36988,-0.00788,0.97964,-0.08046,0.18358,0.01133,0.9196520776744477,-0.15348210877233748,0.36150144994988387,-0.16180133647355222,-0.9867960295831704,-0.007343263189008298,0.357855255018624,-0.051738170490336466,-0.9323426291712014
5.2,0.01637464016675949,Empty,0.53139,0.25114,0.0969,-0.16448,0.37191,-0.00792,0.97949,-0.08,0.18458,0.01131,0.9190569558432624,-0.1525513224941949,0.36340391566600905,-0.1609041484142878,-0.9869424992122127,-0.007372806238069601,0.3597835000930262,-0.05169716872347429,-0.9316025095537196
5.267,0.01637464016675949,Empty,0.53247,0.25409,0.09744,-0.16754,0.37613,-0.01124,0.979,-0.08115,0.18676,0.01014,0.9170702558027031,-0.15511134781070518,0.3673181396314523,-0.16268329165859874,-0.9866228293193142,-0.010466101522267929,0.3640278732969332,-0.050158373640874006,-0.9300364751000976
5.333,0.01637464016675949,Empty,0.53345,0.25717,0.09613,-0.16853,0.38298,-0.01325,0.97832,-0.08137,0.19019,0.00954,0.9144118039252132,-0.15558490078244985,0.37369023467405815,-0.16284317853116226,-0.9865754887748344,-0.01228430521294746,0.3705848783316793,-0.04961999191064049,-0.9274722121738648
5.4,0.01637464016675949,Empty,0.53341,0.25937,0.09212,-0.1686,0.3869,-0.01208,0.97794,-0.08147,0.19206,0.01028,0.9129507378161866,-0.15539997020157442,0.3773218779533334,-0.16329629519317268,-0.9865135962042257,-0.011191268042109459,0.37397228546653644,-0.051398188348967276,-0.9260145549273938
5.467,0.01637464016675949,Empty,0.53238,0.26123,0.08702,-0.16764,0.38858,-0.00952,0.97781,-0.08123,0.19278,0.01151,0.9124750181119483,-0.1544092399263844,0.3788761380015315,-0.16328674041998786,-0.9865393684361798,-0.008804256275181138,0.37513568441913747,-0.053831785693025415,-0.9254055095602606
5.533,0.01637464016675949,Empty,0.53026,0.26179,0.08423,-0.16558,0.38349,-0.00771,0.97836,-0.08045,0.19023,0.01199,0.9146831898022796,-0.1528625000835271,0.37414932628743336,-0.1619860015573471,-0.9867671782614071,-0.007146412070673125,0.37029069336480724,-0.05407025036223168,-0.9273409353809285
5.6,0.01637464016675949,Empty,0.53063,0.26158,0.08473,-0.16612,0.38439,-0.00797,0.97826,-0.08068,0.19068,0.01195,0.914265958098547,-0.1532918823387857,0.3749924754860795,-0.16240724808424256,-0.9866961823745032,-0.007384406359630141,0.3711356135321015,-0.0541501846406157,-0.9269984432950995
5.667,0.01637464016675949,Empty,0.53133,0.2616,0.08562,-0.16677,0.38607,-0.00877,0.97808,-0.0809,0.19153,0.01169,0.9135445273801865,-0.15377324033069617,0.3765503778406143,-0.16272783315796485,-0.9866375437719905,-0.008124625239755767,0.3727680898486686,-0.053853020136022216,-0.9263605148174245
5.733,0.01637464016675949,Empty,0.5315,0.26164,0.08573,-0.16691,0.38635,-0.00896,0.97805,-0.08095,0.19167,0.01162,0.9134198532662214,-0.15388205787074477,0.37680828537145955,-0.16279192620356792,-0.9866255314162922,-0.008297561114627428,0.3730455205763051,-0.05376218952929313,-0.9262541047439247
5.8,0.01637464016675949,Empty,0.53149,0.26164,0.08573,-0.16689,0.38633,-0.00896,0.97805,-0.08094,0.19166,0.01162,0.9134287793621063,-0.15386760310814113,0.3767925500150017,-0.1627787985487702,-0.9866277698385795,-0.008288940002756207,0.373029392643624,-0.05376248224464596,-0.9262605830579337
5.867,0.01637464016675949,Empty,0.53149,0.26165,0.08572,-0.16689,0.38633,-0.00896,0.97805,-0.08094,0.19166,0.01162,0.913431652341758,-0.15387050416817188,0.3767844004828733,-0.16278061539148825,-0.9866274532733725,-0.008290940843290295,0.37302156472913733,-0.05375998878656061,-0.9262638802483312
5.933,0.01637464016675949,Empty,0.53149,0.26164,0.08573,-0.16689,0.38635,-0.00894,0.97805,-0.08094,0.19167,0.01163,0.9134255582589526,-0.15387379553044173,0.37679782983501464,-0.1627871145303918,-0.9866264248265308,-0.008285721265348905,0.3730336511123225,-0.053769441907776085,-0.9262584640664485
6.0,0.01637464016675949,Empty,0.53149,0.26165,0.08572,-0.16687,0.38633,-0.00895,0.97805,-0.08093,0.19166,0.01162,0.9134296589309998,-0.1538604646136439,0.37679333276223276,-0.16277033151042136,-0.9866291499289523,-0.00829094026394156,0.37303093352319244,-0.05375758494711578,-0.9262602467424957
6.067,0.01637464016675949,Empty,0.53149,0.26164,0.08573,-0.16689,0.38635,-0.00896,0.97805,-0.08094,0.19167,0.01162,0.9134247975614519,-0.1538775402250076,0.37679814465323735,-0.16278797086555136,-0.9866262166048,-0.008293687332835448,0.3730351400891038,-0.053762545720971854,-0.9262582647060714
6.133,0.01637464016675949,Empty,0.53149,0.26164,0.08572,-0.16689,0.38633,-0.00896,0.97805,-0.08094,0.19166,0.01162,0.9134272933606593,-0.1538759456208224,0.3767927455553216,-0.1627846141846097,-0.9866267433806157,-0.008296904900517627,0.37303049356398105,-0.053757442326232315,-0.9262604322035752
6.2,0.01637464016675949,Empty,0.53149,0.26164,0.08572,-0.16689,0.38633,-0.00896,0.97805,-0.08094,0.19166,0.01162,0.913425611580724,-0.15387915934066304,0.3767955100966448,-0.1627905418507013,-0.9866258130071938,-0.008291235845697048,0.37303202488839365,-0.05376531808242837,-0.926259358376022
6.267,0.01637464016675949,Empty,0.53149,0.26164,0.08573,-0.16689,0.38633,-0.00896,0.97805,-0.08094,0.19166,0.01162,0.9134269657904777,-0.15386858612248316,0.3767965450630743,-0.16277880249364485,-0.9866277418899632,-0.008292188604135553,0.3730338317439001,-0.053760181712671926,-0.926258928829668
6.333,0.01637464016675949,Empty,0.53149,0.26164,0.08572,-0.16689,0.38633,-0.00896,0.97805,-0.08094,0.19166,0.01162,0.9134265440151822,-0.15387560989921628,0.37679469922840503,-0.16278707895707845,-0.9866263931705335,-0.00829018841317472,0.3730312528637539,-0.05376483030242215,-0.926259697606157
6.4,0.01637464016675949,Empty,0.53149,0.26164,0.08573,-0.16689,0.38635,-0.00896,0.97805,-0.08094,0.19167,0.01162,0.9134242986002983,-0.15387931295491125,0.3767986302669868,-0.16278810106032854,-0.9866261572283419,-0.008298194141313636,0.37303630504245194,-0.05375856134011704,-0.9262580267954041
6.467,0.01637464016675949,Empty,0.53149,0.26164,0.08572,-0.16689,0.38633,-0.00896,0.97805,-0.08094,0.19166,0.01162,0.9134273708714019,-0.15387790422637443,0.376791757783868,-0.16278738299203055,-0.9866263014799836,-0.008295129084817832,0.3730290954892984,-0.05375994623161886,-0.9262608499227467
6.533,0.01637464016675949,Empty,0.53149,0.26164,0.08572,-0.16689,0.38633,-0.00896,0.97805,-0.08094,0.19166,0.01162,0.9134265024879346,-0.15387734012381427,0.3767940933043922,-0.1627867852956349,-0.9866263972817908,-0.008295463812625303,0.3730314827005516,-0.05375980267052409,-0.9262598968599766
6.6,0.01637464016675949,Empty,0.53149,0.26164,0.08573,-0.16689,0.38635,-0.00896,0.97805,-0.08094,0.19167,0.01162,0.9134267965762126,-0.15386828563038657,0.37679707797922685,-0.16277694785563301,-0.9866280152401078,-0.008296070766914382,0.3730350553812903,-0.053756024969587264,-0.926258677279812
6.667,0.01637464016675949,Empty,0.53149,0.26164,0.08572,-0.16689,0.38633,-0.00896,0.97805,-0.08094,0.19166,0.01162,0.9134281618967753,-0.15386754749180837,0.3767940695960251,-0.16277812152790366,-0.9866278666775659,-0.008290708481315356,0.37303120004327417,-0.053760864242785145,-0.9262599490802481
6.733,0.01637464016675949,Empty,0.53149,0.26164,0.08572,-0.16689,0.38633,-0.00896,0.97805,-0.08094,0.19166,0.01162,0.9134270958307054,-0.15387719997384386,0.3767927121515129,-0.16278476658791124,-0.9866266931658338,-0.00829988551551089,0.37303091074226336,-0.053754773377449556,-0.9262604190884637
6.8,0.01637464016675949,Empty,0.53149,0.26164,0.08572,-0.16689,0.38633,-0.00896,0.97805,-0.08094,0.19166,0.01162,0.9134275258937787,-0.1538718010161796,0.3767938744082866,-0.16278053426081657,-0.9866274233309759,-0.008296095288899602,0.37303170455784784,-0.053756826388065254,-0.9262599802492547
6.867,0.01637464016675949,Empty,0.53149,0.26164,0.08572,-0.16689,0.38633,-0.00896,0.97805,-0.08094,0.19166,0.01162,0.9134270412385745,-0.15387634444738701,0.3767931938791516,-0.1627831002534354,-0.9866269519579283,-0.008301803544304737,0.373031771577198,-0.053752472405623766,-0.926260205937975
6.933,0.01637464016675949,Empty,0.53149,0.26164,0.08573,-0.16689,0.38635,-0.00896,0.97805,-0.08094,0.19167,0.01162,0.9134255435511847,-0.1538750988276698,0.37679733325621767,-0.16278456487826676,-0.9866267635785607,-0.00829547032350067,0.37303479975146514,-0.05375949545214822,-0.9262585788121558
7.0,0.01637464016675949,Empty,0.5315,0.26164,0.08573,-0.16689,0.38635,-0.00896,0.97805,-0.08094,0.19167,0.01162,0.9134242991909383,-0.1538781507096083,0.3767991034778798,-0.16278619815091927,-0.98662645705274,-0.008299875609102447,0.37303713399487787,-0.05375638546022239,-0.9262578192291492
7.067,0.01637464016675949,Empty,0.5315,0.26164,0.08573,-0.16689,0.38635,-0.00896,0.97805,-0.08094,0.19167,0.01162,0.9134239460259526,-0.15387249528909214,0.3768022691278361,-0.16277996264658595,-0.9866274790503824,-0.008300683313045204,0.37304071974404335,-0.05375381638726458,-0.9262565242073333
7.133,0.01637464016675949,Empty,0.5315,0.26164,0.08573,-0.16689,0.38635,-0.00896,0.97805,-0.08094,0.19167,0.01162,0.9134240402431835,-0.15387846324071142,0.37679960357794373,-0.1627864017240161,-0.9866264200106215,-0.008300286186133238,0.3730376792223084,-0.05375617069417661,-0.9262576121105469
7.2,0.01637464016675949,Empty,0.53149,0.26164,0.08573,-0.16689,0.38635,-0.00896,0.97805,-0.08094,0.19167,0.01162,0.9134250163851454,-0.1538753603140574,0.37679850441584256,-0.16278159179726354,-0.9866271845726178,-0.008303736162622949,0.3730373879569523,-0.053751019995237306,-0.926258028324573
7.267,0.01637464016675949,Empty,0.5315,0.26164,0.08573,-0.16689,0.38635,-0.00896,0.97805,-0.08094,0.19167,0.01162,0.91342341411993,-0.15387935862708924,0.3768007557396966,-0.16278677904025346,-0.9866263439250276,-0.008301930066720392,0.3730390476976781,-0.05375500406146979,-0.9262571286803467
7.333,0.01637464016675949,Empty,0.5315,0.26164,0.08573,-0.16689,0.38635,-0.00896,0.97805,-0.08094,0.19167,0.01162,0.9134247747514296,-0.1538736787084114,0.37679977689887323,-0.16278028557526208,-0.9866274090761609,-0.008302667504975964,0.37303854961429406,-0.05375171309272504,-0.9262575202616501
7.4,0.01637464016675949,Empty,0.53149,0.26164,0.08573,-0.16689,0.38633,-0.00896,0.97805,-0.08094,0.19166,0.01162,0.9134266031919402,-0.1538728778725682,0.3767956714672387,-0.16278066780182665,-0.9866273774452562,-0.008298931587116087,0.373033905659023,-0.05375458613653301,-0.9262592238126782
7.467,0.01637464016675949,Empty,0.53149,0.26165,0.08572,-0.16689,0.38633,-0.00896,0.97805,-0.08094,0.19166,0.01162,0.9134273444792129,-0.15387623083608132,0.37679250515546825,-0.1627829622838799,-0.986626975304723,-0.008301734224727353,0.37303108925093287,-0.05375236910810635,-0.9262604867247268
7.533,0.01637464016675949,Empty,0.53149,0.26164,0.08572,-0.16689,0.38633,-0.00896,0.97805,-0.08094,0.19166,0.01162,0.9134265840647728,-0.15387678977402375,0.3767941202999344,-0.16278448119804229,-0.9866267417025265,-0.008299713160111077,0.3730322884213173,-0.053755056750939834,-0.9262598478120804
7.6,0.01637464016675949,Empty,0.53149,0.26165,0.08573,-0.16689,0.38635,-0.00896,0.97805,-0.08094,0.19167,0.01162,0.9134263363287778,-0.15387004301460544,0.3767974760579882,-0.16277599028976092,-0.9866281130502017,-0.00830322372251488,0.3730366001965147,-0.05374919907944661,-0.9262584512500512
7.667,0.01637464016675949,Empty,0.53149,0.26165,0.08573,-0.16689,0.38635,-0.00896,0.97805,-0.08094,0.19167,0.01162,0.9134255176555579,-0.15387450809082603,0.3767976372742836,-0.1627800951310151,-0.9866274205981576,-0.008305031785843603,0.373036813632132,-0.053749127282519515,-0.9262583694583025
7.733,0.0162725280970335,Empty,0.53149,0.26164,0.08573,-0.16689,0.38635,-0.00896,0.97805,-0.08094,0.19167,0.01162,0.9134251403861544,-0.15387526982446564,0.3767982407694894,-0.162782787326195,-0.9866270146905236,-0.008300483912412338,0.37303656263273854,-0.05375439720909609,-0.9262581647250606
7.8,0.0162725280970335,Empty,0.53149,0.26165,0.08573,-0.16689,0.38635,-0.00896,0.97805,-0.08094,0.19167,0.01162,0.9134235258390653,-0.15388119353033336,0.3767997355644107,-0.16278651636876335,-0.9866263416879418,-0.008307344701565633,0.3730388887666434,-0.05374979223353688,-0.926257495139769
7.867,0.0162725280970335,Empty,0.53149,0.26165,0.08573,-0.16689,0.38635,-0.00896,0.97805,-0.08094,0.19167,0.01162,0.9134237972338743,-0.1538793277391341,0.3767998396249686,-0.16278558560572648,-0.9866265177915019,-0.008304667941342353,0.3730386303934895,-0.05375190122374702,-0.9262574768113788
7.933,0.014667963609099388,Grasping,0.53149,0.26165,0.08573,-0.16689,0.38635,-0.00896,0.97805,-0.08094,0.19167,0.01162,0.9134263008313495,-0.15387243666219708,0.37679658462517296,-0.16277894119838165,-0.9866276350019104,-0.008302177598119992,0.3730353994621566,-0.05375112172015644,-0.9262588232572654
8.0,0.014667963609099388,Grasping,0.5315,0.26165,0.08573,-0.16689,0.38634,-0.00898,0.97805,-0.08094,0.19167,0.01161,0.9134230831537559,-0.15388323470342197,0.37679997510495944,-0.16278797050587945,-0.9866260857555522,-0.008309245769309886,0.3730393381675226,-0.05374864634471683,-0.9262573806430083
8.067,0.014667963609099388,Grasping,0.53149,0.26164,0.08573,-0.16689,0.38635,-0.00896,0.97805,-0.08094,0.19167,0.01162,0.9134233453178537,-0.1538827679854689,0.3767995301821263,-0.1627893870148972,-0.9866258927729235,-0.008304407585458279,0.3730380780880884,-0.053753524788257304,-0.9262576050263681
8.133,0.012474039569497108,Grasping,0.53149,0.26165,0.08573,-0.16689,0.38634,-0.00898,0.97805,-0.08094,0.19167,0.01161,0.9134233833809673,-0.15387948161621523,0.3768007800289054,-0.16278383312608324,-0.9866267655904852,-0.008309578403094209,0.37304040848900816,-0.05374691207857956,-0.9262570502168236
8.2,0.012474039569497108,Grasping,0.53149,0.26164,0.08573,-0.16689,0.38635,-0.00896,0.97805,-0.08094,0.19167,0.01162,0.9134247017578603,-0.1538803704247157,0.37679722108385605,-0.16278819506981707,-0.9866261216685879,-0.008300577516782981,0.37303527683648796,-0.053756186984878225,-0.9262585786897584
8.267,0.011060564778745174,Grasping,0.53149,0.26165,0.08573,-0.16689,0.38633,-0.00896,0.97805,-0.08094,0.19166,0.01162,0.9134262638803459,-0.15387668306414193,0.37679494007055103,-0.16278143161730357,-0.9866271824579353,-0.008307126803967613,0.3730344032046021,-0.05374727197071205,-0.9262594478770471
8.333,0.011060564778745174,Grasping,0.5315,0.26165,0.08573,-0.16689,0.38635,-0.00896,0.97805,-0.08094,0.19167,0.01162,0.9134229907165504,-0.15388101894587541,0.3768011040835887,-0.16278592335955655,-0.986626429280723,-0.008308561894002503,0.3730404578412493,-0.0537486841973739,-0.9262569275102034
8.4,0.011060564778745174,Grasping,0.5315,0.26164,0.08573,-0.16689,0.38635,-0.00896,0.97805,-0.08094,0.19167,0.01162,0.9134237121924954,-0.1538758056672801,0.3768014841195919,-0.16278319868893237,-0.9866269390751912,-0.008301404442535382,0.3730398802126673,-0.05375425119341237,-0.9262568370865365
8.467,0.009321055375039577,Grasping,0.53149,0.26164,0.08572,-0.16689,0.38633,-0.00896,0.97805,-0.08094,0.19166,0.01162,0.9134268936648686,-0.15387418772021838,0.3767944323940993,-0.16278142899007758,-0.9866272398283384,-0.008300361718775656,0.3730328622329362,-0.05375336251954054,-0.9262597150433272
8.533,0.009321055375039577,Grasping,0.5315,0.26164,0.08573,-0.16691,0.38635,-0.00896,0.97805,-0.08095,0.19167,0.01162,0.9134224269515614,-0.15388321531904597,0.3768015737559911,-0.1627889990973081,-0.9866259358919981,-0.00830688859535364,0.3730404960789326,-0.05375145270884437,-0.9262567514554875
8.6,0.007588440086692572,Grasping,0.5315,0.26164,0.08573,-0.16691,0.38635,-0.00896,0.97805,-0.08095,0.19167,0.01162,0.9134215684667771,-0.15388372028404035,0.37680344861908505,-0.1627905648662027,-0.9866256964168323,-0.008304646924657239,0.3730419148704806,-0.053754402624750806,-0.926256008859441
8.667,0.007588440086692572,Grasping,0.5315,0.26164,0.08573,-0.16689,0.38635,-0.00896,0.97805,-0.08094,0.19167,0.01162,0.9134223650699423,-0.15388191849397048,0.3768022533778794,-0.16278750585786722,-0.9866261794448223,-0.008307224006105646,0.37304129922383594,-0.05375069483018638,-0.9262564719766684
8.733,0.007588440086692572,Grasping,0.53149,0.26164,0.08573,-0.16689,0.38635,-0.00896,0.97805,-0.08094,0.19167,0.01162,0.9134241846706506,-0.1538822718361449,0.3767976980732557,-0.16278946043352116,-0.986625895792393,-0.008302609446495968,0.37303599079783256,-0.053754889697633666,-0.9262583664416072
8.8,0.005833498202264309,Grasping,0.53149,0.26164,0.08573,-0.16689,0.38635,-0.00896,0.97805,-0.08094,0.19167,0.01162,0.9134240559871842,-0.15387985920832037,0.37679899531971794,-0.16278625407066127,-0.9866264105788969,-0.008304302128652297,0.3730377051044084,-0.05375234765318888,-0.9262578235524961
8.867,0.005833498202264309,Grasping,0.5315,0.26164,0.08573,-0.16689,0.38635,-0.00896,0.97805,-0.08094,0.19167,0.01162,0.9134231444129388,-0.15387739346285806,0.3768022120846109,-0.162783720399863,-0.9866268271092697,-0.008304480782937579,0.37304104281373457,-0.05375176098856356,-0.9262565133736277
