time,gr,gr_state,tx,ty,tz,rx,ry,rz,qw,qx,qy,qz,xx,xy,xz,yx,yy,yz,zx,zy,zz
0.0,0.01600690744817257,Empty,0.30705,-0.00042,0.48494,0.00488,-0.00105,0.0045,0.99999,0.00244,-0.00052,0.00225,0.9999875927353759,0.004868166681724406,-0.0010560911265932236,0.004872873105132736,-0.9999779995149813,0.004500621481190537,-0.0010341581165344096,-0.004505711838836191,-0.9999893144818174
0.067,0.01600690744817257,Empty,0.30705,-0.00043,0.48494,0.00486,-0.00107,0.0045,0.99999,0.00243,-0.00053,0.00225,0.9999876113059469,0.0048626565078426776,-0.0010638638601506998,0.004867396431216808,-0.9999780329885234,0.004499110176999148,-0.001041962862859472,-0.004504232686055853,-0.9999893130435457
0.133,0.01600690744817257,Empty,0.30705,-0.00043,0.48494,0.00486,-0.00107,0.0045,0.99999,0.00243,-0.00053,0.00225,0.9999876176045803,0.004861850284881786,-0.0010616257922921217,0.004866581508895351,-0.9999780310096313,0.004500431370181758,-0.0010397220459060887,-0.004505542132511109,-0.999989309476936
0.2,0.01600690744817257,Empty,0.30705,-0.00043,0.48494,0.00486,-0.00107,0.0045,0.99999,0.00243,-0.00053,0.00225,0.9999876129684877,0.0048621671962146285,-0.0010645373372186542,0.0048669096007767365,-0.9999780377614582,0.004498575961501355,-0.0010426411291261774,-0.004503701244486054,-0.9999893147302006
0.267,0.01600690744817257,Empty,0.30705,-0.00043,0.48494,0.00486,-0.00107,0.0045,0.99999,0.00243,-0.00053,0.00225,0.9999876002289554,0.004864946999304287,-0.0010638040367774286,0.004869686435084897,-0.9999780226865038,0.004498921872465875,-0.0010418936407591483,-0.004504046478952194,-0.9999893139543825
0.333,0.01600690744817257,Empty,0.30705,-0.00043,0.48494,0.00486,-0.00105,0.0045,0.99999,0.00243,-0.00052,0.00225,0.9999876165508317,0.004862726288546393,-0.0010586019219816954,0.004867448908212446,-0.9999780049474413,0.004505281618393828,-0.0010366706866136732,-0.0045103785182373,-0.9999892908424118
0.4,0.01600690744817257,Empty,0.30705,-0.00043,0.48494,0.00486,-0.00107,0.0045,0.99999,0.00243,-0.00053,0.00225,0.9999875955579148,0.004866469762195791,-0.0010612268155255119,0.004871200254600749,-0.9999780037125181,0.004501499661923285,-0.0010392970604860665,-0.00450661327166541,-0.9999893050920292
0.467,0.01600690744817257,Empty,0.30705,-0.00043,0.48494,0.00486,-0.00107,0.0045,0.99999,0.00243,-0.00053,0.00225,0.9999876081583227,0.00486305393048142,-0.0010650052893133696,0.004867802625303119,-0.9999780153308219,0.0045025939892203125,-0.00104308551812785,-0.004507722429331743,-0.9999892961482649
0.533,0.01600690744817257,Empty,0.30705,-0.00043,0.48494,0.00488,-0.00105,0.0045,0.99999,0.00244,-0.00052,0.00225,0.9999875912300231,0.004867820562681591,-0.0010591076174568713,0.004872539128017772,-0.9999780074458895,0.004499220709634879,-0.0010371829258889245,-0.004504325423146859,-0.9999893175949734
0.6,0.01600690744817257,Empty,0.30705,-0.00043,0.48494,0.00486,-0.00107,0.0045,0.99999,0.00243,-0.00053,0.00225,0.9999876215886379,0.004861022326180409,-0.0010616644682942366,0.004865751582556199,-0.9999780443513575,0.004498363788212329,-0.001039774511956404,-0.004503473901181649,-0.9999893187388481
0.667,0.01600690744817257,Empty,0.30705,-0.00043,0.48494,0.00486,-0.00107,0.0045,0.99999,0.00243,-0.00053,0.00225,0.9999876232192404,0.004860198999092402,-0.0010638956828591575,0.004864942226407654,-0.9999780313815494,0.004502120768531324,-0.0010419911076877627,-0.004507240837801654,-0.9999892994600299
0.733,0.01600690744817257,Empty,0.30705,-0.00043,0.48494,0.00488,-0.00105,0.0045,0.99999,0.00244,-0.00052,0.00225,0.9999875866687052,0.004868643154307739,-0.0010596331131491217,0.004873366154156955,-0.9999779944152442,0.004501220678158813,-0.0010376949580621446,-0.0045063287831647505,-0.9999893080378769
0.8,0.01600690744817257,Empty,0.30706,-0.00042,0.48493,0.00488,-0.00109,0.0045,0.99999,0.00244,-0.00054,0.00225,0.9999875543594281,0.004867993113700508,-0.0010925974987763172,0.004872857281755516,-0.9999780279363655,0.004494319348829192,-0.0010706951765138313,-0.004499587485823903,-0.9999893036049418
0.867,0.01600690744817257,Empty,0.30652,-0.00058,0.48447,0.0056,-0.00041,0.0041,0.99999,0.0028,-0.0002,0.00205,0.9999842716556816,0.005592922058376526,-0.0004191230186737229,0.005594591122013659,-0.999975973900556,0.004092941706404709,-0.0003962214448289705,-0.004095222153127579,-0.9999915360462222
0.933,0.01600690744817257,Empty,0.30275,-0.00105,0.48038,0.00557,-0.00373,0.00307,0.99999,0.00279,-0.00186,0.00154,0.9999774977816531,0.00557779433839789,-0.003727216208168407,0.0055892731027281095,-0.9999796475993088,0.0030764286672860454,-0.003709980663967817,-0.003097191870116813,-0.9999883216548046
1.0,0.01600690744817257,Empty,0.29803,-0.00049,0.47578,0.00516,-0.00807,0.00424,0.99999,0.00259,-0.00403,0.00213,0.9999540662487723,0.00516965302389133,-0.00807094047547997,0.00520405968325699,-0.9999774364496119,0.004247864695987213,-0.008048798379837258,-0.004289671231561428,-0.9999584069176907
1.067,0.01600690744817257,Empty,0.29345,0.00133,0.47143,0.00606,-0.00881,0.00825,0.99998,0.00305,-0.00439,0.00414,0.9999427177954978,0.006071680362604082,-0.008814523545128584,0.006144417488326448,-0.9999471030388154,0.0082484700405478,-0.008763975210052132,-0.008302157662622062,-0.9999271308033713
1.133,0.01600690744817257,Empty,0.29069,0.005,0.46629,0.00694,-0.00554,0.01632,0.99996,0.00349,-0.00274,0.00817,0.9999606180966899,0.0069290526157342325,-0.005545312032169884,0.007018764986601256,-0.9998420947298559,0.016325518193203496,-0.005431316023635449,-0.016363796505155695,-0.9998513524370457
1.2,0.01600690744817257,Empty,0.28908,0.00951,0.46051,0.01016,-0.00313,0.02573,0.9999,0.0051,-0.0015,0.01287,0.9999434129843935,0.010165788146458021,-0.0031348972047483843,0.01024312042075215,-0.9996165313140684,0.025726811066978196,-0.0028721617588457916,-0.025757466393093762,-0.9996640953899661
1.267,0.01600690744817257,Empty,0.28868,0.01402,0.4556,0.01478,-0.00347,0.03314,0.99983,0.00742,-0.00161,0.01658,0.9998845730870252,0.014790681184151944,-0.00347509031342905,0.014897768694212665,-0.9993400138168766,0.033129945252273196,-0.0029827823439622396,-0.03317789225664667,-0.9994450112311808
1.333,0.01600690744817257,Empty,0.2896,0.01849,0.45251,0.0206,-0.00452,0.03646,0.99978,0.01034,-0.00207,0.01825,0.9997775693231852,0.020600576115311797,-0.004519750207773489,0.020751823424664806,-0.9991198449513151,0.03645404297209387,-0.0037647978398517193,-0.036539727532878256,-0.999325109565975
1.4,0.01600690744817257,Empty,0.29177,0.02348,0.44932,0.02452,-0.00205,0.0398,0.99973,0.01228,-0.00078,0.01991,0.9996971308834848,0.024525026174471776,-0.0020419584888281064,0.024586888381174288,-0.9989052153243732,0.03979768482587258,-0.0010636837219283996,-0.03983583674167384,-0.9992056718654226
1.467,0.01600690744817257,Empty,0.29385,0.02908,0.44623,0.02957,-0.00257,0.04515,0.99963,0.01481,-0.00095,0.02259,0.9995593544106867,0.029572255711483086,-0.002564898092787326,0.029657932621360295,-0.9985405288219877,0.04513556615942468,-0.0012263941937974117,-0.045191746946091876,-0.9989775783095645
1.533,0.01600690744817257,Empty,0.29658,0.03508,0.44358,0.03586,-0.00125,0.04867,0.99954,0.01794,-0.00019,0.02434,0.9993562950309418,0.035853021256152806,-0.001247577186023252,0.03587125476294667,-0.9981719391862933,0.0486418842439998,0.0004986619706820909,-0.04865532538048386,-0.9988155038085654
1.6,0.01600690744817257,Empty,0.29926,0.04141,0.43968,0.04236,-0.00049,0.0456,0.99952,0.02118,0.00024,0.0228,0.9991022954876905,0.04236007475385961,-0.0004766739710787664,0.042337746283560906,-0.998062631083138,0.045590565636250205,0.0014554692906784913,-0.045569820081407364,-0.9989600958531287
1.667,0.01600690744817257,Empty,0.30127,0.04749,0.43509,0.04794,-0.00168,0.04185,0.99949,0.02398,-0.00034,0.02094,0.9988495041319682,0.04792544259532555,-0.0016792996647221267,0.04795372584008084,-0.9979730961033242,0.041834670215020256,0.00032904920019640474,-0.04186706827552282,-0.999123135714831
1.733,0.01600690744817257,Empty,0.30324,0.05312,0.43027,0.05329,-0.00326,0.04119,0.99943,0.02667,-0.00108,0.02063,0.9985754538097757,0.053258371691019546,-0.003257129629275223,0.05334741037335017,-0.9977267540940762,0.041174967776016896,-0.0010568136344995865,-0.04129007156351113,-0.9991466424580638
1.8,0.01600690744817257,Empty,0.30503,0.05894,0.42607,0.05885,-0.00702,0.04336,0.99932,0.02949,-0.00287,0.02177,0.9982447354945376,0.05880572520231725,-0.007023869365968983,0.05905580000568739,-0.9973135356526914,0.043337329054941434,-0.004456516927929896,-0.04367606080403252,-0.9990358057494803
1.867,0.01600690744817257,Empty,0.30675,0.06407,0.42223,0.06501,-0.01091,0.04872,0.99916,0.03262,-0.00466,0.02452,0.9978283708066459,0.06495644477017731,-0.010917998725678505,0.06541374957503637,-0.9966697248692331,0.04868779000551886,-0.007719053043569169,-0.04929624541388508,-0.9987543724100558
1.933,0.01600690744817257,Empty,0.30827,0.06932,0.41852,0.06848,-0.01712,0.05449,0.999,0.03445,-0.00762,0.02752,0.99751041009989,0.06841155063065141,-0.017112611801196723,0.06924989282190502,-0.9961117671597017,0.05445915598070135,-0.01332043867533157,-0.05550862154913904,-0.9983693499137535
2.0,0.01600690744817257,Empty,0.31031,0.07489,0.4151,0.07322,-0.01877,0.05668,0.99887,0.03685,-0.00834,0.02866,0.9971447987735054,0.07314139947799242,-0.018777272468231396,0.07409782147766131,-0.9956407413498212,0.05664827461312218,-0.014552083397580141,-0.0578778873731564,-0.9982176050451174
2.067,0.01600690744817257,Empty,0.31272,0.07994,0.41168,0.07894,-0.01891,0.05404,0.9988,0.0397,-0.00838,0.02737,0.9967070316275056,0.07884849370817898,-0.018921103145368195,0.07976626286971722,-0.9953497917103502,0.054001254151742215,-0.014575198526454792,-0.055332695417024,-0.9983615860026873
2.133,0.01600690744817257,Empty,0.31573,0.08457,0.40817,0.08219,-0.01732,0.04918,0.99881,0.04128,-0.00764,0.02492,0.9964745693713288,0.08208663988380388,-0.01732674663089075,0.08284859541987344,-0.9953492950811444,0.04915171429790456,-0.013211465973862921,-0.050413929960432355,-0.9986410230071494
2.2,0.01600690744817257,Empty,0.31922,0.08891,0.40448,0.08508,-0.01649,0.04492,0.9988,0.0427,-0.00728,0.02279,0.9962477782009924,0.08496143619915447,-0.0164899602353357,0.0856251281400397,-0.9953150601110805,0.04490287905110147,-0.012597692669204035,-0.046146348447662515,-0.9988552511071658
2.267,0.01600690744817257,Empty,0.32272,0.09312,0.40024,0.08789,-0.01864,0.04281,0.99875,0.04412,-0.00837,0.02179,0.9959662615901916,0.087768476982714,-0.018652083588508728,0.08849858855924092,-0.9951565168768779,0.042796106604488,-0.014805593438970923,-0.04427416137675925,-0.9989097021439449
2.333,0.01600690744817257,Empty,0.32581,0.09718,0.39549,0.08889,-0.02235,0.04137,0.99873,0.04465,-0.01024,0.02116,0.9958026303403111,0.08875880903909206,-0.02233820103051399,0.08962541821311787,-0.9951164519978518,0.04135857073607159,-0.018558173871407062,-0.04318704413558443,-0.9988946257746057
2.4,0.01600690744817257,Empty,0.32928,0.10115,0.39057,0.08766,-0.02072,0.04198,0.99876,0.04402,-0.00943,0.02142,0.9959457620416434,0.08753608381927785,-0.020723732792964928,0.08834409116372971,-0.9952060142713426,0.04195605694774006,-0.01695171459600707,-0.043616776448194075,-0.9989045080409457
2.467,0.01600690744817257,Empty,0.33261,0.1061,0.38544,0.08806,-0.01883,0.04206,0.99876,0.0442,-0.00848,0.02142,0.9959486194406025,0.08792920516069858,-0.018836196913526858,0.08865582024806262,-0.9951751882506379,0.04202963509775487,-0.015049683402005276,-0.04352929553892401,-0.9989387906470467
2.533,0.01600690744817257,Empty,0.33557,0.11075,0.37993,0.08832,-0.01583,0.04151,0.99877,0.0443,-0.00699,0.02108,0.9959772286007185,0.08819561207894566,-0.01583963758588492,0.08878529878410912,-0.9951866823951392,0.04148057259938685,-0.012104991889650002,-0.04272003269400298,-0.9990137476421309
2.6,0.01600690744817257,Empty,0.3377,0.1146,0.37421,0.08821,-0.01462,0.04088,0.99879,0.04423,-0.0064,0.02074,0.9960058086051223,0.08808259730876078,-0.014624817133855082,0.0886137922398787,-0.9952274677735731,0.04086420455446956,-0.010955594448663883,-0.04199694560732524,-0.9990576717637133
2.667,0.01600690744817257,Empty,0.33949,0.11844,0.36861,0.08791,-0.01179,0.04,0.99881,0.04405,-0.00501,0.02024,0.9960683529193279,0.08779867852229523,-0.011799506867475995,0.0882045771048332,-0.9952995232419846,0.03998514239108674,-0.008233400897226004,-0.04086870543602585,-0.9991306020864584
2.733,0.01600690744817257,Empty,0.34076,0.12156,0.36362,0.08822,-0.01179,0.03848,0.99882,0.0442,-0.00504,0.01948,0.9960412998663288,0.08810627823429878,-0.011790364553075373,0.0884990014353334,-0.9953331499872338,0.03846878320715372,-0.008345999373525844,-0.03935993231943517,-0.9991902421572513
2.8,0.01600690744817257,Empty,0.34222,0.12367,0.36008,0.08765,-0.01031,0.03787,0.99884,0.0439,-0.00432,0.01914,0.996107994793556,0.08753623933024163,-0.010308710505162126,0.08786697155362916,-0.995412269786558,0.037865663448122554,-0.006946799144522682,-0.03862408526154871,-0.9992296643011325
2.867,0.01600690744817257,Empty,0.34304,0.12485,0.35717,0.08822,-0.01009,0.03615,0.99885,0.04418,-0.00424,0.01828,0.9960597104216256,0.08811031004612496,-0.010080998877241867,0.0884201586157598,-0.9954273785755765,0.036141520893842205,-0.006850461674301147,-0.036890476355448745,-0.9992958340397087
2.933,0.01600690744817257,Empty,0.34315,0.12504,0.35468,0.08839,-0.0084,0.03555,0.99885,0.04425,-0.00341,0.01794,0.9960611806019419,0.08826968988204281,-0.008401568067528226,0.08851441459489379,-0.9954410522203786,0.03552900172125538,-0.005227131793687497,-0.03613271927925854,-0.9993333296206516
3.0,0.01600690744817257,Empty,0.34301,0.12508,0.35289,0.08748,-0.00694,0.03365,0.99889,0.04378,-0.00273,0.01696,0.996152041201348,0.08736720318736274,-0.006934163078984812,0.08755226638014885,-0.9955914528468323,0.03364906640655923,-0.003963768672276399,-0.03412668787842838,-0.9994096546023362
3.067,0.01600690744817257,Empty,0.3431,0.12614,0.35119,0.08667,-0.00318,0.02865,0.99896,0.04334,-0.00097,0.01438,0.9962408836405916,0.08656762049737404,-0.0031857251035535064,0.08662344335367628,-0.9958294583006828,0.02863684762889678,-0.0006934151463870374,-0.028805156864541045,-0.999584804863221
3.133,0.01600690744817257,Empty,0.34338,0.12734,0.34986,0.08586,0.00096,0.02338,0.99901,0.04291,0.00098,0.01166,0.9963156285586275,0.08575689020763394,0.000961286503864808,0.0857110950602375,-0.9960456653355039,0.023380349653680643,0.0029625113335867577,-0.02321181484221441,-0.9997261801004959
3.2,0.01600690744817257,Empty,0.34324,0.12751,0.34977,0.08634,0.00083,0.02348,0.999,0.04315,0.00092,0.01171,0.9962745901091716,0.08623364195193406,0.0008367188939631467,0.08619034999596031,-0.9960021697108501,0.023471290949853504,0.0028573887337446295,-0.023311733676079457,-0.9997241611577864
3.267,0.01600690744817257,Empty,0.34325,0.12753,0.34984,0.08634,0.00103,0.02343,0.999,0.04315,0.00102,0.01168,0.9962740979932596,0.08623734012023998,0.001021193763650832,0.08618987820916413,-0.9960032175055793,0.02342852135374293,0.003037525638789974,-0.023253212412899134,-0.9997249929608015
3.333,0.01600690744817257,Empty,0.34324,0.12753,0.34983,0.08634,0.00101,0.02343,0.999,0.04315,0.00101,0.01168,0.9962734373557235,0.0862451028318556,0.0010100776871183933,0.08619793343503146,-0.9960028011389197,0.023416583759275668,0.0030256058800275016,-0.02324225378374335,-0.9997252839395985
3.4,0.01600690744817257,Empty,0.34324,0.12754,0.34984,0.08634,0.00103,0.02341,0.999,0.04315,0.00102,0.01167,0.996273440553294,0.08624489514084893,0.0010245536811921661,0.08619741973547174,-0.9960030804781115,0.023406591145635147,0.0030391576215426145,-0.023231051208586928,-0.9997255032161054
3.467,0.01600690744817257,Empty,0.34324,0.12754,0.34984,0.08634,0.00103,0.02341,0.999,0.04315,0.00102,0.01167,0.9962733713087979,0.08624568209278638,0.001025641921745481,0.08619819480778212,-0.9960031186085108,0.02340211387888029,0.0030398738265311562,-0.023226494407690784,-0.9997256069165419
3.533,0.01600690744817257,Empty,0.34324,0.12754,0.34985,0.08635,0.00105,0.02339,0.999,0.04315,0.00103,0.01166,0.9962732970756933,0.08624633460442949,0.0010427373724904328,0.0861984712363153,-0.9960032571945752,0.023395196394101453,0.0030563197557409165,-0.02321812707987526,-0.999725751136007
3.6,0.01600690744817257,Empty,0.34324,0.12754,0.34984,0.08636,0.00103,0.02339,0.999,0.04316,0.00102,0.01166,0.9962731153717308,0.08624848055670603,0.001038840298173126,0.08620071249840927,-0.9960031048247739,0.02339342523395386,0.003052335543843112,-0.02321669186317231,-0.9997257966395876
3.667,0.01600690744817257,Empty,0.34324,0.12753,0.34984,0.08634,0.00103,0.02337,0.999,0.04315,0.00102,0.01165,0.9962734431765004,0.08624472086970086,0.0010366018270613533,0.08619708549444338,-0.9960040321371009,0.0233672937864123,0.003047765329563153,-0.023190862181994943,-0.9997264100931572
3.733,0.01600690744817257,Empty,0.34314,0.12727,0.3489,0.08651,0.00452,0.0237,0.99899,0.04321,0.00277,0.01174,0.9962496804698662,0.08640722880980489,0.004512756707362467,0.0862773546650003,-0.9959894774788897,0.02368921322751092,0.006541577462629177,-0.023211022397532286,-0.9997091858153359
3.8,0.01600690744817257,Empty,0.3427,0.12811,0.34643,0.08617,0.00728,0.02618,0.99898,0.04302,0.0042,0.01292,0.996263922612622,0.08605298399622446,0.007285632838452625,0.0858357234121182,-0.9959652461004668,0.026181236532190788,0.009509210631253342,-0.025458053841205554,-0.9996306629989842
3.867,0.01600690744817257,Empty,0.34306,0.12999,0.3437,0.08937,0.01039,0.02909,0.99889,0.04459,0.00584,0.0143,0.9959546187866122,0.08925507591768,0.010388875807462675,0.08892099969131484,-0.9956135874713019,0.029097083297492242,0.01294036829116246,-0.028055585280887727,-0.9995226015468763
3.933,0.01600690744817257,Empty,0.34474,0.13198,0.34061,0.094,0.01221,0.03113,0.99876,0.04688,0.00683,0.01526,0.9955103874209997,0.09386082369651966,0.01221533101893007,0.0934437452345191,-0.9951378383765834,0.03112794737413435,0.015077632885750644,-0.029846748670356794,-0.9994407619165686
4.0,0.01600690744817257,Empty,0.34748,0.1336,0.33694,0.09975,0.01302,0.02999,0.99863,0.04975,0.00725,0.01465,0.9949448299588062,0.09957513048731143,0.013022239695119146,0.0991501893716285,-0.9946205332431137,0.029987243933947843,0.015938170717256492,-0.02854449578498118,-0.9994654503656285
4.067,0.01600690744817257,Empty,0.35049,0.13467,0.33239,0.10446,0.00995,0.0281,0.99853,0.05213,0.0057,0.01377,0.9944995162749668,0.10426782854340894,0.009946459656529743,0.1039538017288173,-0.9941850488773125,0.028101524779650965,0.012818706447316027,-0.026912980504913357,-0.9995555873713875
4.133,0.01600690744817257,Empty,0.35391,0.13564,0.32856,0.11504,0.00055,0.02904,0.99824,0.05748,0.00111,0.01448,0.9933887126398012,0.11479787957309617,0.000558968120016174,0.11473340500503698,-0.9929721295044437,0.029027500811480846,0.003887335306921898,-0.02877145934656907,-0.9995784570264008
4.2,0.01600690744817257,Empty,0.35794,0.13733,0.32581,0.12654,-0.0094,0.03093,0.99786,0.06329,-0.00371,0.01573,0.9919622484592818,0.12618426351264034,-0.009403684032257323,0.12641799418172295,-0.9914948125119403,0.03092777892093009,-0.005421104931265166,-0.0318679839915341,-0.9994773850456243
4.267,0.01600690744817257,Empty,0.3623,0.13964,0.3232,0.13347,-0.01873,0.03301,0.99758,0.06683,-0.00824,0.01709,0.9909303850620909,0.13306492968433525,-0.01872689106068871,0.13362820288403954,-0.9904823106745386,0.03298932607388044,-0.01415893197518683,-0.0351925663873742,-0.9992802449345191
4.333,0.01600690744817257,Empty,0.36672,0.14271,0.32137,0.13987,-0.02353,0.03196,0.99735,0.07005,-0.01062,0.01676,0.9899616485707043,0.1393629172708093,-0.023535327678671072,0.1400750640348854,-0.989625399963102,0.03194595723237366,-0.018839076272355412,-0.034921985018601734,-0.9992124619757127
4.4,0.01600690744817257,Empty,0.37111,0.14558,0.31911,0.14461,-0.02636,0.02946,0.99718,0.07242,-0.01208,0.01564,0.9892189216086906,0.14405402604986878,-0.02635076299014814,0.14480959403905502,-0.9890213357452973,0.02944450568157016,-0.021819867221945757,-0.03294290544884657,-0.9992190242259226
4.467,0.01600690744817257,Empty,0.37547,0.14864,0.31732,0.15043,-0.02789,0.02859,0.99696,0.07533,-0.01283,0.0153,0.9883199358003756,0.14981904955136577,-0.02789187858619195,0.1506043637969786,-0.9881811292597933,0.028572388422168953,-0.023281540001658444,-0.03243929972063741,-0.9992025128715328
4.533,0.01600690744817257,Empty,0.37949,0.15172,0.3154,0.15824,-0.03012,0.03221,0.99661,0.07926,-0.01374,0.01724,0.9870588028899399,0.1575050466324041,-0.03011776756008082,0.15845273574939694,-0.9868415279377316,0.03219517465483046,-0.024650561271716283,-0.03655077321818879,-0.9990277227415373
4.6,0.01600690744817257,Empty,0.38391,0.15507,0.31351,0.1663,-0.02968,0.03669,0.99625,0.0833,-0.01326,0.01951,0.9857723022276923,0.1654472826301257,-0.029667572044615266,0.16648204089961638,-0.9853624779749453,0.03666765682415637,-0.023166748123411716,-0.041085078427367534,-0.9988870397157045
4.667,0.01600690744817257,Empty,0.3881,0.1585,0.31079,0.1751,-0.03032,0.0423,0.9958,0.08773,-0.01325,0.02239,0.9842540569432043,0.17413987367526673,-0.03031923130961263,0.17532645738362557,-0.9836029382430419,0.042259829873803736,-0.022462963565643014,-0.04691017241513003,-0.9986465095276863
4.734,0.01600690744817257,Empty,0.3922,0.16219,0.30798,0.18178,-0.03083,0.04691,0.99545,0.09109,-0.01322,0.02475,0.9830543560157248,0.18070209643152385,-0.030836430788288932,0.1820110450578603,-0.9821794806714311,0.046855599718106454,-0.02182000447878406,-0.05167417240024466,-0.9984255942789606
4.8,0.01600690744817257,Empty,0.39639,0.16578,0.30445,0.18943,-0.03353,0.05017,0.99503,0.09495,-0.01431,0.02655,0.9815597985585698,0.18819227854810594,-0.033526529026010596,0.18971229152890978,-0.9805599650713064,0.05011388372704723,-0.02344372616521929,-0.055550168264643054,-0.998180630201398
4.867,0.01600690744817257,Empty,0.40072,0.16848,0.30121,0.19614,-0.03761,0.05697,0.99456,0.09839,-0.01592,0.03018,0.9801332651344454,0.19474314667009862,-0.03760172073083222,0.19666503127685092,-0.9788177502140054,0.056909378303295705,-0.02572252028410576,-0.06317371835677317,-0.9976710045196328
4.933,0.01600690744817257,Empty,0.40482,0.17132,0.29784,0.20478,-0.04455,0.06162,0.99397,0.10282,-0.019,0.03291,0.9781343826536995,0.20314771151204775,-0.04454365025549746,0.20564948951719486,-0.9766898159502166,0.06152471763811015,-0.03100672398018565,-0.06933982064117163,-0.9971111133376596
5.0,0.01600690744817257,Empty,0.40952,0.17395,0.29508,0.21103,-0.05059,0.06547,0.9935,0.10605,-0.02169,0.0352,0.9765644380705254,0.20919927315138132,-0.05057234826397345,0.21225405257954544,-0.9750271125548298,0.06534789167639783,-0.03563867926226154,-0.07455061298154753,-0.9965801977987104
5.067,0.01600690744817257,Empty,0.4143,0.17689,0.29253,0.21349,-0.05612,0.06741,0.99325,0.10738,-0.02429,0.03648,0.9757613194641486,0.2115291471943555,-0.05608268293166016,0.21507305993234188,-0.9742799931543904,0.06724636667077141,-0.04041566934895035,-0.07767827769916923,-0.9961589525998183
5.133,0.01600690744817257,Empty,0.41921,0.18051,0.28925,0.21423,-0.0621,0.06909,0.99308,0.10786,-0.02716,0.03764,0.9752559169071359,0.21218580263181736,-0.0620731963017278,0.21627561629995062,-0.9738983724087968,0.0688971553373046,-0.04583398664416948,-0.08061727718664037,-0.9956907653922046
5.2,0.01600690744817257,Empty,0.42428,0.18465,0.28496,0.20879,-0.0662,0.06674,0.99334,0.10519,-0.02942,0.03661,0.9761371286259828,0.2068309726723161,-0.06616082572976836,0.21114022951616074,-0.975187872959284,0.06654634409950438,-0.05075538983875564,-0.07892756917940888,-0.9955874292224391
5.266,0.01600690744817257,Empty,0.42865,0.18921,0.27978,0.20164,-0.07146,0.06208,0.9937,0.10164,-0.0324,0.03445,0.977237867462211,0.19977302927905954,-0.07139248679362746,0.20423738069462738,-0.9769639127031158,0.06187572708919419,-0.05738678179605495,-0.07504831809232419,-0.9955272508709168
5.333,0.01600690744817257,Empty,0.43293,0.19329,0.27442,0.19476,-0.07525,0.05916,0.99402,0.09822,-0.03455,0.03307,0.9783193779448408,0.19297166459949128,-0.07518730876498007,0.19754197289289888,-0.9785202048974935,0.05895233288808975,-0.06219617096896133,-0.07252685894941492,-0.9954252814991849
5.4,0.01600690744817257,Empty,0.43791,0.19763,0.26837,0.18648,-0.07332,0.05484,0.99452,0.09401,-0.03393,0.03069,0.9800220961322965,0.18490767837223082,-0.0732519048998138,0.18907272225074784,-0.9804401677733362,0.05466793500109428,-0.06171058898723361,-0.06742572132045736,-0.9958140264684289
5.467,0.01600690744817257,Empty,0.44197,0.20159,0.26177,0.17763,-0.07371,0.04962,0.99499,0.08952,-0.03449,0.02796,0.9815927789671217,0.17621384416925573,-0.07364982961756492,0.18007167511494127,-0.9824090553528024,0.04946351971011819,-0.06363810258722521,-0.06181528196091495,-0.9960567568242235
5.534,0.01600690744817257,Empty,0.44574,0.2054,0.25512,0.16798,-0.07492,0.04441,0.99546,0.08464,-0.03545,0.02525,0.9831582611384502,0.1667241191844674,-0.07485253260500044,0.17030424912071568,-0.9843968120399282,0.04426487520659005,-0.0663045721398482,-0.056267082097700115,-0.9962116839234332
5.6,0.01600690744817257,Empty,0.44972,0.20938,0.24915,0.16266,-0.07671,0.03457,0.99576,0.08183,-0.03681,0.02033,0.9838992593829734,0.16146133964852943,-0.07663212893126867,0.16445469263970885,-0.9857823443297689,0.03446481795227871,-0.06997786403152954,-0.046512422067734385,-0.9964635934839654
5.667,0.01600690744817257,Empty,0.45388,0.21234,0.24326,0.15421,-0.07594,0.0292,0.99616,0.07752,-0.03672,0.01747,0.9852845519439524,0.15316013865847306,-0.07587043974251241,0.1557255699462302,-0.9873715509529544,0.029102701484208963,-0.07045493996538968,-0.04048940966320127,-0.9966928860685216
5.733,0.01600690744817257,Empty,0.45816,0.21517,0.23735,0.14465,-0.07519,0.02419,0.99657,0.07266,-0.03661,0.01477,0.9867589629547755,0.14374661723220689,-0.07512429076346235,0.14590976056330818,-0.9890038898657619,0.02411737138972496,-0.0708314252346651,-0.03475939965950536,-0.9968824872243152
5.8,0.01600690744817257,Empty,0.46314,0.21833,0.23142,0.13416,-0.07116,0.02177,0.99703,0.06737,-0.03476,0.01324,0.9885061840479609,0.1334168338804969,-0.07110184622246486,0.13525847042371247,-0.9905720954857634,0.021727167868393855,-0.0675327348593023,-0.03109456676410813,-0.997232399012475
5.867,0.01600690744817257,Empty,0.46772,0.22154,0.22436,0.12909,-0.06856,0.01341,0.99729,0.06469,-0.03377,0.0089,0.9893492573565208,0.12842983971183713,-0.06851148253900394,0.12963181406959073,-0.99147194526254,0.013378136579588161,-0.06620906092920736,-0.02211691725595789,-0.9975606258378313
5.933,0.01600690744817257,Empty,0.47243,0.22338,0.21741,0.12433,-0.06583,0.01214,0.9975,0.06229,-0.03247,0.0081,0.9901309395780166,0.12373972530529154,-0.06579667827272943,0.12479231309322364,-0.9921088575915715,0.012119953844390133,-0.0637777475550602,-0.020211260963092777,-0.9977594418731827
6.0,0.01600690744817257,Empty,0.47737,0.22517,0.21057,0.11667,-0.06435,0.01484,0.99774,0.05851,-0.03168,0.00928,0.9911447856836255,0.11617219803230122,-0.06431200678336978,0.11734802093106228,-0.9929804869699033,0.014805218018529166,-0.06214061309420238,-0.022221001358107968,-0.9978200094721091
6.067,0.01600690744817257,Empty,0.48204,0.22747,0.2043,0.10702,-0.06639,0.02101,0.99794,0.0538,-0.03258,0.01226,0.9920881725013186,0.10657825191438713,-0.06634858100869365,0.10817547736529348,-0.9939109430672716,0.020954792958118314,-0.06371125551882184,-0.027966291674088376,-0.997576444414269
6.133,0.01600690744817257,Empty,0.48625,0.23048,0.19858,0.09557,-0.06801,0.0287,0.99816,0.04822,-0.03327,0.01595,0.9931372071430344,0.09519220327415517,-0.06794801118461961,0.0973145447648075,-0.9948417266522629,0.02863246913492369,-0.06487192894736173,-0.03504830020637256,-0.9972779198835662
6.2,0.01600690744817257,Empty,0.49046,0.23425,0.19368,0.0837,-0.06829,0.03656,0.99835,0.04243,-0.03334,0.01968,0.994176798091717,0.08340825193717483,-0.06823164694543278,0.08603256032531109,-0.9956246754403919,0.036467851843594266,-0.06489139157063188,-0.042125635461075985,-0.9970027773968472
6.267,0.01600690744817257,Empty,0.49387,0.23831,0.18981,0.07579,-0.06721,0.04309,0.99846,0.03858,-0.03275,0.02279,0.9948771333738949,0.07555790274969137,-0.06716020266355584,0.07854312794010848,-0.9959839382289586,0.04297641031214769,-0.06364327571020716,-0.04803122028433703,-0.9968161993742238
6.333,0.01600690744817257,Empty,0.49627,0.24188,0.18547,0.07208,-0.0656,0.04688,0.99851,0.03677,-0.03192,0.02459,0.995258554987424,0.0718514911902659,-0.06555739422886787,0.07499179399584877,-0.9960869026820944,0.04676658142814622,-0.06194061315185872,-0.05146110685679443,-0.9967522836309156
6.4,0.01600690744817257,Empty,0.49865,0.2447,0.18127,0.06968,-0.06277,0.04541,0.99862,0.03552,-0.03056,0.02377,0.9956092275975497,0.06949160293194906,-0.06271509423223726,0.07239655812283302,-0.9963466799357263,0.045299357092817946,-0.059338050983979124,-0.04964081489060914,-0.9970029013009036
6.467,0.01600690744817257,Empty,0.50168,0.24643,0.17717,0.0669,-0.05734,0.04401,0.99877,0.03405,-0.02791,0.02294,0.9961238125448993,0.06673000309173971,-0.057310180320689325,0.06929053051686163,-0.9966293997191285,0.043916534428182025,-0.0541864601326325,-0.047717358506797654,-0.9973900346581716
6.533,0.01600690744817257,Empty,0.50438,0.2472,0.1725,0.06231,-0.05393,0.04056,0.99893,0.03168,-0.02631,0.0211,0.9966074398288782,0.06219183630275105,-0.05390534644189592,0.06441226165144931,-0.9971019800436556,0.040480883660896236,-0.05123154718212442,-0.04381571510672393,-0.9977251684121293
6.6,0.01600690744817257,Empty,0.5077,0.24788,0.16793,0.05222,-0.04823,0.03849,0.99917,0.02656,-0.0236,0.01986,0.9974755898862371,0.05213564510912272,-0.04821122369489142,0.054010522797353966,-0.9978002105401944,0.038439605527370135,-0.046101095521253466,-0.040946481594869064,-0.9980972270459135
6.667,0.01600690744817257,Empty,0.51009,0.24808,0.16337,0.04488,-0.045,0.04015,0.99928,0.02288,-0.02204,0.02057,0.9979811226113802,0.0448212804738769,-0.04499701910138981,0.046635366367735076,-0.9981063917012178,0.04010951818361124,-0.04311405240841922,-0.04212699445553119,-0.9981815941115462
6.733,0.01600690744817257,Empty,0.51238,0.24829,0.15936,0.03932,-0.04185,0.0423,0.99936,0.02009,-0.0205,0.02155,0.9983526450136455,0.03926731359482438,-0.041833889100864996,0.04103452275591618,-0.9982637349430656,0.042257347760068086,-0.040101921854843486,-0.04390436858180337,-0.998230555674881
6.8,0.01600690744817257,Empty,0.515,0.24836,0.15576,0.03212,-0.0383,0.04768,0.9994,0.01651,-0.01876,0.02414,0.9987507857696766,0.03209833851977112,-0.038295751575388476,0.03390972278355697,-0.9982894131120382,0.047627495936327265,-0.03670147987746578,-0.04886659731035829,-0.9981307815322155
6.867,0.01600690744817257,Empty,0.5171,0.24912,0.15252,0.02516,-0.03581,0.05225,0.99941,0.01304,-0.01757,0.02634,0.999042086934673,0.025146130525916965,-0.035813135199072504,0.026997396207751656,-0.9982725356781239,0.05218318798971636,-0.03443906402931348,-0.05310006243256167,-0.9979951574223409
6.933,0.01600690744817257,Empty,0.51866,0.24989,0.1497,0.01991,-0.03339,0.05541,0.99942,0.01041,-0.01641,0.02786,0.999244928184253,0.019893700365678668,-0.03337385479395433,0.021722243868438962,-0.9982305292680718,0.055352999543882404,-0.03221362474741727,-0.056036159066673974,-0.9979089293405922
7.0,0.01600690744817257,Empty,0.52011,0.25106,0.14717,0.01262,-0.03069,0.05638,0.99946,0.00674,-0.01516,0.02828,0.9994492633225192,0.0126167755616714,-0.030691807025662418,0.014332338494215946,-0.9983090819815441,0.05633436701032925,-0.0299291516311656,-0.05674322697550495,-0.9979401044526897
7.067,0.01600690744817257,Empty,0.52147,0.25287,0.14502,0.00882,-0.02696,0.05225,0.99956,0.00476,-0.01336,0.02618,0.999597551952776,0.008810127660969391,-0.02696508447260629,0.010209834588676525,-0.9985834878239532,0.05221855152166194,-0.02646683599694577,-0.05247284531970813,-0.9982715597954119
7.133,0.01600690744817257,Empty,0.52245,0.25354,0.14245,0.00735,-0.02353,0.0485,0.99963,0.00396,-0.01167,0.02429,0.9996963467401704,0.007343540486502542,-0.02352204768893764,0.008477156361474614,-0.9987890343042399,0.048462385141736626,-0.02313767780873161,-0.04864706945671037,-0.9985480010990425
7.2,0.01600690744817257,Empty,0.52358,0.25324,0.13995,0.00159,-0.01917,0.04887,0.99966,0.00103,-0.00956,0.02444,0.999815216412463,0.0015918649306521093,-0.019157217860185517,0.0025262284060963425,-0.9988030027411824,0.04884854025697613,-0.019056526444771786,-0.048887909356401686,-0.9986224617534997
7.267,0.01600690744817257,Empty,0.52468,0.25291,0.13703,-0.00276,-0.01275,0.05272,0.99963,-0.00121,-0.00641,0.02635,0.9999147956093393,-0.0027483473738346698,-0.012761195408174324,-0.002072139711911558,-0.998608058969533,0.05270342302085984,-0.012888279890939497,-0.052672489478038854,-0.9985286681380955
7.333,0.01600690744817257,Empty,0.52522,0.25322,0.13425,-0.0043,-0.007,0.05532,0.99961,-0.00205,-0.00356,0.02765,0.9999662421996962,-0.004302739595342886,-0.007000063784909128,-0.003909163765739743,-0.9984622294840575,0.055298234441778844,-0.007227233196096233,-0.05526900329931761,-0.9984453437092234
7.4,0.01600690744817257,Empty,0.52525,0.25337,0.13138,-0.00372,-0.00199,0.05727,0.99959,-0.00183,-0.00105,0.02863,0.9999911221926229,-0.0037130031505543948,-0.0019922709511122523,-0.0035928757686434776,-0.9983537216031617,0.05724454388697454,-0.0022015402902892047,-0.05723687769891585,-0.9983581987701755
7.467,0.01600690744817257,Empty,0.52526,0.25326,0.12837,-0.00241,0.00465,0.05808,0.99957,-0.00127,0.00229,0.02904,0.9999862433964102,-0.0024151994945526,0.00465616036418149,-0.0026814480509407823,-0.998310036293418,0.05805067848168994,0.004508087652826607,-0.0580623651536513,-0.9983027791699662
7.533,0.01600690744817257,Empty,0.52485,0.25298,0.12544,-0.00234,0.00997,0.0594,0.99955,-0.00132,0.00495,0.0297,0.9999474691702617,-0.002346036323547074,0.009977725871008883,-0.0029343236261391015,-0.9982323133799631,0.05936024148319762,0.00982082709579426,-0.059386401117217436,-0.9981867594380819
7.6,0.01600690744817257,Empty,0.5247,0.25299,0.12299,-0.00155,0.01509,0.05998,0.99952,-0.001,0.00752,0.02999,0.999885015283799,-0.0015486925601528867,0.015085017808104534,-0.0024503831935275833,-0.9981989655739946,0.059940143052984916,0.014965020318114695,-0.05997021492675797,-0.9980879828394471
7.667,0.01600690744817257,Empty,0.52447,0.25304,0.1205,-0.00241,0.01964,0.06047,0.99949,-0.0015,0.00978,0.03024,0.9998044029095599,-0.0024024776474175225,0.019631200264186674,-0.0035850619957203955,-0.9981660745176995,0.06042875981197598,0.019450019361064476,-0.060487319192375384,-0.9979794491690569
7.733,0.01600690744817257,Empty,0.524,0.2532,0.11787,-0.00475,0.02396,0.06098,0.99946,-0.00274,0.0119,0.03051,0.9997017095777803,-0.004742069910031843,0.02395839394099186,-0.006194422049992598,-0.9981237971062905,0.06091399498955091,0.0236245847102113,-0.06104423333197685,-0.9978554407198376
7.8,0.01600690744817257,Empty,0.52369,0.25379,0.11561,-0.0063,0.02869,0.06131,0.99942,-0.00359,0.01424,0.03069,0.9995686972643256,-0.006302198869198639,0.028682777737033645,-0.008050284905393446,-0.9980903575424593,0.061244029045351145,0.02824203183627204,-0.06144851886074131,-0.9977106129372284
7.867,0.01600690744817257,Empty,0.5233,0.25475,0.11341,-0.00682,0.03273,0.06157,0.99938,-0.00391,0.01625,0.03083,0.9994411349579839,-0.00680379526176994,0.03272806324750756,-0.008808102271427753,-0.9980686906711784,0.06149232501942879,0.03224647404404089,-0.061746231236852925,-0.9975708334949313
7.933,0.01600690744817257,Empty,0.52279,0.25554,0.11108,-0.00716,0.03606,0.06251,0.99934,-0.00414,0.01791,0.03131,0.9993242879141283,-0.007144836095571205,0.03605438811140518,-0.009387898046642251,-0.9980050237151366,0.06243268382518523,0.035536389169220105,-0.06272897222589517,-0.9973977346516767
8.001,0.01600690744817257,Empty,0.52243,0.25651,0.1088,-0.00982,0.04002,0.06415,0.99927,-0.00555,0.01984,0.03216,0.9991513490413553,-0.00982296112032982,0.040001139279635986,-0.012374442389584683,-0.9978702440448142,0.06404568077154078,0.039286828382897196,-0.06448632013669053,-0.9971449541720808
8.067,0.01600690744817257,Empty,0.52182,0.25815,0.10645,-0.01275,0.04362,0.06441,0.99922,-0.00707,0.02159,0.03233,0.9989675660640167,-0.012738253247022657,0.04360663775561691,-0.015530883426386977,-0.997808865491844,0.06431375907125367,0.04269184479652838,-0.06492460897143691,-0.9969765300837202
8.133,0.01600690744817257,Empty,0.52106,0.25992,0.10393,-0.01354,0.04668,0.06367,0.99919,-0.00751,0.02311,0.03198,0.9988185307536702,-0.013539376547191784,0.046671489217648,-0.016496200463107957,-0.9978415093819543,0.06356254812878687,0.045710151972626754,-0.06425735317500045,-0.996885938595576
8.2,0.01600690744817257,Empty,0.52006,0.26142,0.10153,-0.01361,0.04918,0.06268,0.99918,-0.00757,0.02436,0.03149,0.998698636076544,-0.013590856866597278,0.049156107539983736,-0.016659335534361164,-0.9979020207313443,0.06256215757031997,0.04820270571663316,-0.06329964952455612,-0.9968298016871607
8.267,0.01600690744817257,Empty,0.5193,0.26263,0.09937,-0.0157,0.05392,0.06143,0.99913,-0.00867,0.0267,0.03091,0.9984244434374085,-0.015669993386854097,0.053880256624828704,-0.018970226283291258,-0.997939353304296,0.061295820749580766,0.05280872334626331,-0.062221366377314055,-0.9966643067275348
8.333,0.01600690744817257,Empty,0.51833,0.26383,0.09724,-0.01844,0.05746,0.06121,0.99907,-0.01009,0.02843,0.03085,0.9981799194058674,-0.018397191825072767,0.057431627417719934,-0.021905509398200462,-0.9978932348579287,0.06106750758614598,0.05618716181568232,-0.062214428854809115,-0.9964799886045722
8.4,0.01600690744817257,Empty,0.51665,0.26457,0.09544,-0.01724,0.05798,0.0627,0.99904,-0.00952,0.0287,0.03158,0.9981719685973992,-0.017203554678484334,0.05793754234360231,-0.020828033212982766,-0.997824657793749,0.06254714486902128,0.05673547513567859,-0.06363953178026886,-0.9963589191932377
8.467,0.01600690744817257,Empty,0.51499,0.2647,0.09414,-0.01694,0.05698,0.0644,0.99903,-0.00938,0.0282,0.03242,0.998233472441769,-0.01691670776146209,0.05695401210943175,-0.02057377732754795,-0.9977217668711057,0.06424947936034489,0.05573736792605571,-0.0653077400475027,-0.9963073044530806
8.533,0.01600690744817257,Empty,0.51376,0.26451,0.09312,-0.01581,0.05648,0.06591,0.99902,-0.00883,0.02796,0.03316,0.9982801468826059,-0.015797966243222383,0.05645504939879827,-0.01950711558199464,-0.9976443888140175,0.06576584151044025,0.0552830967087901,-0.06675400909671006,-0.9962367597553319
8.6,0.01600690744817257,Empty,0.51252,0.26402,0.09184,-0.01441,0.05751,0.06561,0.99902,-0.00814,0.0285,0.03299,0.9982433568883866,-0.01437792118672021,0.057475871551058565,-0.018138384083688786,-0.9976909786413258,0.0654500585220999,0.056402122752941916,-0.0663776055613802,-0.9961991839129865
8.667,0.01600690744817257,Empty,0.51107,0.26318,0.09035,-0.01437,0.05704,0.06625,0.99901,-0.00812,0.02826,0.03331,0.9982712301304643,-0.014338124787565576,0.05699973045011484,-0.018103517460192398,-0.9976486132036535,0.0661022482854791,0.05591791975188323,-0.06701986832576445,-0.9961834788332012
8.733,0.01600690744817257,Empty,0.5096,0.26246,0.0889,-0.01367,0.05644,0.06752,0.999,-0.00778,0.02797,0.03393,0.9983142075471927,-0.013652617079576213,0.05641231298483562,-0.01744892843570528,-0.9975760786174896,0.06736098475079981,0.055355920242249036,-0.06823176252325813,-0.9961325959314369
8.8,0.01600690744817257,Empty,0.50835,0.26177,0.08778,-0.01196,0.05586,0.06925,0.99899,-0.00694,0.0277,0.03477,0.9983696382576285,-0.011935297628909436,0.05581768604879053,-0.015787448622669453,-0.9974855291791923,0.06908961965514744,0.05485272893228367,-0.06985819743319811,-0.9960476948319621
8.867,0.01600690744817257,Empty,0.50763,0.26131,0.08706,-0.01139,0.05513,0.07111,0.99897,-0.00667,0.02734,0.03569,0.9984159514669417,-0.011377630582776466,0.05510115587429458,-0.015280413314976538,-0.99736393217097,0.07093444701542699,0.05414883955621688,-0.0716640518445811,-0.9959579141951391
