time,gr,gr_state,tx,ty,tz,rx,ry,rz,qw,qx,qy,qz,xx,xy,xz,yx,yy,yz,zx,zy,zz
0.0,0.016169102862477303,Empty,0.30727,-0.00018,0.48528,-0.00376,0.00043,0.00352,1.0,-0.00188,0.00021,0.00176,0.9999928798393932,-0.003749811518051094,0.0004233014246950526,-0.003751277152480248,-0.9999867813800772,0.003516388038651546,0.00041011003686524685,-0.0035179509223670254,-0.9999937278958633
0.067,0.016169102862477303,Empty,0.30727,-0.00018,0.48528,-0.00374,0.00045,0.00352,1.0,-0.00187,0.00022,0.00176,0.9999929155753359,-0.0037382569934037435,0.0004407196274857526,-0.0037397875656949298,-0.9999867948497564,0.003524785819668629,0.0004275372524762967,-0.003526409046371861,-0.9999936908056646
0.133,0.016169102862477303,Empty,0.30704,-0.00201,0.48545,0.0012,-0.00214,0.00102,1.0,0.0006,-0.00107,0.00051,0.9999969986414725,0.001195223877429652,-0.0021387257724091694,0.0011973997016375693,-0.9999987666275184,0.0010163549559940354,-0.002137508362852361,-0.0010189128151501877,-0.9999971964334069
0.2,0.016169102862477303,Empty,0.30934,-0.00654,0.49466,0.00809,-0.02053,-0.00322,0.99994,0.00403,-0.01027,-0.00157,0.9997564116808513,0.008087024890998107,-0.020535757386577112,0.008022625491870994,-0.9999626453779551,-0.003216415542125633,-0.020561001513670487,0.0030508813701656122,-0.9997839453299997
0.267,0.016169102862477303,Empty,0.31594,-0.01311,0.50665,0.01681,-0.02394,-0.00538,0.99989,0.00837,-0.01199,-0.00259,0.9995723395710403,0.01680046222720044,-0.023934962574214142,0.01667602510314481,-0.9998464219407975,-0.005389129701879445,-0.024021826559108686,0.004987684947629001,-0.9996989921209422
0.333,0.016169102862477303,Empty,0.32097,-0.01733,0.50989,0.02255,-0.02569,-0.00961,0.99984,0.01121,-0.0129,-0.00466,0.9994158477729217,0.0225370867859227,-0.025691300853323128,0.02229678167068061,-0.9997052841617451,-0.009601996990968939,-0.025900130259559867,0.009023554637079946,-0.9996238085971388
0.4,0.016169102862477303,Empty,0.32227,-0.0212,0.5078,0.02686,-0.02816,-0.01526,0.99978,0.01332,-0.01418,-0.00744,0.9992433092028357,0.026836117406680293,-0.02815371762132926,0.026413953796596168,-0.9995345902929884,-0.015261253312199387,-0.02855016739351911,0.014506054265812633,-0.9994870996323262
0.467,0.016169102862477303,Empty,0.32344,-0.02511,0.50679,0.0316,-0.02764,-0.0242,0.99971,0.01563,-0.01401,-0.01188,0.9991185075459872,0.03158841288599651,-0.02764742393827848,0.030922633066732652,-0.9992291115699381,-0.024186222428728,-0.028390115239274673,0.02330997131048222,-0.9993250955490937
0.533,0.016169102862477303,Empty,0.32488,-0.02633,0.50333,0.02672,-0.02291,-0.03099,0.99973,0.01318,-0.01166,-0.01534,0.999380629880052,0.026713313243950654,-0.022907542777026214,0.025997705205896338,-0.9991816110175596,-0.03098753827559474,-0.02371657531301758,0.030372801976187514,-0.9992572326260829
0.6,0.016169102862477303,Empty,0.32608,-0.02404,0.49698,0.01979,-0.01806,-0.03844,0.99973,0.00972,-0.00922,-0.01913,0.9996409472713084,0.019793870355071075,-0.018060432854403025,0.019088373894656452,-0.9990788442591718,-0.03843301882256417,-0.01880453457492529,0.03807447504725989,-0.9990979550721222
0.667,0.016169432550668716,Empty,0.32728,-0.0191,0.49041,0.01316,-0.01163,-0.04442,0.99972,0.00645,-0.00596,-0.02217,0.999845744470655,0.013168104955269433,-0.011622748203798609,0.012639905694362907,-0.9989336493247521,-0.04440492124495675,-0.012195082941887292,0.04425116109911923,-0.998946001890703
0.733,0.016169432550668716,Empty,0.32873,-0.01202,0.4809,0.00147,-0.00187,-0.04787,0.99971,0.00071,-0.00095,-0.02393,0.9999971861656827,0.0014735015501746163,-0.0018591540815880193,0.0013828727112595862,-0.998853998684148,-0.0478411640300726,-0.0019275175179245304,0.047838458439518006,-0.9988532257395721
0.8,0.016169432550668716,Empty,0.3309,-0.00127,0.46978,-0.00567,0.0106,-0.0514,0.99965,-0.0027,0.00537,-0.02568,0.9999278717428722,-0.0056661972141053285,0.010589878228806186,-0.005114893659007247,-0.9986660474125925,-0.05138057617588991,0.010866884310929423,0.051322704083477944,-0.9986229973673413
0.867,0.016169432550668716,Empty,0.33362,0.01089,0.45798,-0.01525,0.02217,-0.05456,0.99954,-0.00732,0.01129,-0.02719,0.9996380996475832,-0.015238741890685137,0.022168682382070957,-0.014011162744924588,-0.9984147268740136,-0.05451348896946455,0.022964255953618402,0.05418315150189932,-0.9982669127251583
0.933,0.016169432550668716,Empty,0.33639,0.02565,0.44503,-0.02621,0.03241,-0.0555,0.9994,-0.01265,0.01656,-0.02753,0.9991318446157043,-0.026188227297745004,0.03239959607498062,-0.024364604893887587,-0.9981639179691832,-0.05545411520143685,0.033792352732312375,0.05461656905565492,-0.9979354224003693
1.0,0.016169432550668716,Empty,0.33799,0.04039,0.43337,-0.03315,0.03843,-0.05148,0.99936,-0.01607,0.01963,-0.02541,0.9987129647938839,-0.033120093385239635,0.038411890955321853,-0.031125534450886172,-0.9981924757325593,-0.05140994549745387,0.040045162726067576,0.05014818845240059,-0.9979386474814897
1.067,0.016169432550668716,Empty,0.34062,0.05662,0.4237,-0.04958,0.0498,-0.04671,0.99913,-0.02419,0.02546,-0.02272,0.9975340129597193,-0.049488646272905834,0.049767126484792694,-0.047175587965642585,-0.9977978443531434,-0.04662537618417799,0.051964958275496284,0.044162605157478996,-0.9976719437856969
1.133,0.016169432550668716,Empty,0.34389,0.07562,0.4139,-0.06414,0.06547,-0.04393,0.99873,-0.03132,0.03341,-0.02089,0.9958060420089447,-0.0639553145721024,0.0654220485498796,-0.06116434011753358,-0.9971657279388362,-0.04381135152214721,0.06803859343391859,0.03962611212564133,-0.9968954413785532
1.2,0.016169432550668716,Empty,0.34758,0.09694,0.40177,-0.07695,0.08113,-0.04039,0.99827,-0.03761,0.04129,-0.0186,0.9937614350293946,-0.07661852336123359,0.08104203925286019,-0.07354714399568757,-0.9964798966210653,-0.04023224130157516,0.0838392978166901,0.03402083931966795,-0.9958983656144785
1.266,0.016169432550668716,Empty,0.35393,0.11798,0.38949,-0.09733,0.09995,-0.03047,0.99749,-0.04782,0.05063,-0.01277,0.9902995159069914,-0.0966993498671434,0.09978028126664183,-0.09411425418994218,-0.9950999377851995,-0.0303087607493795,0.10222218914036865,0.020624004343578695,-0.9945477738611588
1.333,0.016169432550668716,Empty,0.35974,0.13957,0.37455,-0.10975,0.11529,-0.01924,0.99682,-0.0542,0.05805,-0.00643,0.9873846421565506,-0.10880578035722782,0.1150342148851171,-0.10731314225836913,-0.9940416270766728,-0.01910845722175865,0.11642790873332566,0.00652271412952358,-0.993177726425824
1.4,0.016169102862477303,Empty,0.36705,0.16088,0.35884,-0.12427,0.13188,-0.01241,0.99591,-0.06155,0.06615,-0.00209,0.9836710796264212,-0.12286884193017816,0.1315083829621831,-0.1223152516127673,-0.9924149520831773,-0.012310243890770615,0.1320234309866882,-0.003976250052708751,-0.9912386206691212
1.467,0.016169102862477303,Empty,0.37715,0.18119,0.34087,-0.14276,0.15313,-0.00628,0.99454,-0.07087,0.07652,0.00233,0.9782450609792454,-0.14060779310878496,0.15253212509760078,-0.14132179920697147,-0.9899442619824115,-0.0062054199698981655,0.15187083241563382,-0.015485692918800883,-0.9882790312336931
1.533,0.016169432550668716,Empty,0.38506,0.19922,0.31892,-0.1551,0.1634,0.0001,0.99367,-0.07722,0.08136,0.00637,0.9748344676016549,-0.15242690925600783,0.16267697473969434,-0.15449998898347161,-0.9879927857235162,9.360765479760058e-05,0.16070940912064113,-0.0252248427734753,-0.9866793770658977
1.6,0.016169432550668716,Empty,0.39213,0.21334,0.29716,-0.16755,0.16971,0.00012,0.99291,-0.08338,0.08445,0.00715,0.9718312460269269,-0.1643741734883976,0.16889393220526427,-0.16679052978124276,-0.9859923449700683,0.00012180196284179712,0.16650810316931297,-0.028288279382670346,-0.9856342246637568
1.667,0.016169432550668716,Empty,0.39929,0.22579,0.27812,-0.18225,0.17526,-0.00591,0.99205,-0.09039,0.08742,0.00503,0.9683760816854438,-0.1784651264980403,0.1743501162706394,-0.1802236257841433,-0.9836084162884641,-0.005824784606907038,0.17253176266636872,-0.0257814280158832,-0.9846664962517502
1.733,0.016169102862477303,Empty,0.40495,0.23707,0.2619,-0.19622,0.17499,-0.02463,0.99141,-0.0965,0.08816,-0.00365,0.9658322483173828,-0.19198143497947895,0.17410111066104667,-0.19069255114944988,-0.9813499527782066,-0.024261515169634082,0.1755118772228941,-0.009767231206033686,-0.9844288608875015
1.8,0.016169102862477303,Empty,0.41109,0.2453,0.2481,-0.2044,0.17809,-0.04944,0.99076,-0.0994,0.09095,-0.01542,0.9636936500287638,-0.19977743013709198,0.17715396496284802,-0.194168166093722,-0.9797619423675861,-0.04863393428354018,0.18328467521874112,0.012470553151896116,-0.9829807796361262
1.867,0.016169102862477303,Empty,0.41625,0.24939,0.23693,-0.20899,0.17704,-0.07252,0.99033,-0.10064,0.09163,-0.0267,0.9629515242913963,-0.204229484603423,0.1761098506145995,-0.1944442653973975,-0.9783171085122933,-0.07132364857613815,0.1868576718225472,0.03443766558241488,-0.9817832029884658
1.933,0.016169102862477303,Empty,0.42198,0.25194,0.22768,-0.21454,0.17844,-0.09631,0.98961,-0.10225,0.09362,-0.03814,0.9615600235479411,-0.20951107296344273,0.177503327912998,-0.19522941478411654,-0.9761821885830787,-0.09462457554040446,0.19310048347307057,0.05633333825415755,-0.9795604924064716
2.0,0.016169102862477303,Empty,0.42876,0.25331,0.21809,-0.21672,0.18818,-0.10866,0.98883,-0.10244,0.09911,-0.0436,0.9593634000468634,-0.21124319653379847,0.18707800129546226,-0.19395817682378552,-0.975208294687468,-0.10653172117239774,0.2049441199295921,0.06591732618169026,-0.9765514906113971
2.067,0.016169102862477303,Empty,0.4344,0.25468,0.20721,-0.21631,0.19734,-0.11604,0.98827,-0.10156,0.104,-0.04675,0.9577419282022812,-0.21045201959685184,0.19606209835402336,-0.19100616736925285,-0.9750026693093545,-0.11351845165673378,0.21505125665823335,0.07127231080328221,-0.973998570185026
2.133,0.016169102862477303,Empty,0.43831,0.25447,0.19587,-0.21452,0.20369,-0.11804,0.98802,-0.10035,0.10719,-0.04748,0.9568779660997431,-0.20847653825469142,0.20229209324676856,-0.1881175360525459,-0.9753505487424671,-0.1153390640558842,0.2213511929544048,0.07231071888114846,-0.972509542016197
2.2,0.016169102862477303,Empty,0.44273,0.25296,0.18514,-0.20841,0.21524,-0.11243,0.98789,-0.09725,0.11247,-0.0444,0.9557857537297204,-0.20213638700411168,0.2135754527473459,-0.18216011367821638,-0.9771405884863911,-0.10960822650334329,0.23084905447510304,0.06585705263214278,-0.9707582411015413
2.267,0.016169102862477303,Empty,0.44779,0.25119,0.17432,-0.20174,0.22969,-0.10542,0.9876,-0.09389,0.11912,-0.04055,0.9539919866621558,-0.19510629637417048,0.2276682290077984,-0.17578585154308568,-0.9790819184257786,-0.10245941347172181,0.2428963231126921,0.057724605904685054,-0.9683332309135548
2.333,0.016169102862477303,Empty,0.45234,0.24901,0.16291,-0.19941,0.23924,-0.09694,0.98734,-0.09296,0.12339,-0.036,0.9522646615086368,-0.19244959856254185,0.2369708135086637,-0.1746817520054803,-0.9801251858117372,-0.09402609028245015,0.25035634595140044,0.04814324615794051,-0.9669560113527597
2.4,0.016169102862477303,Empty,0.45615,0.24819,0.15256,-0.20092,0.24563,-0.08658,0.98707,-0.09417,0.12608,-0.03046,0.9504705789087807,-0.19359391899973588,0.24316059128717904,-0.1782339375427368,-0.9804070100108816,-0.08387346558676789,0.25463374115937315,0.03637979175100694,-0.9663530248389223
2.467,0.016169102862477303,Empty,0.45999,0.24926,0.14377,-0.19953,0.25443,-0.07829,0.98673,-0.09378,0.13001,-0.026,0.9486039725782796,-0.1918315338257433,0.25169657494445524,-0.17831269680586637,-0.9810587314685459,-0.07568584786567784,0.2614480548149598,0.026915200898191802,-0.9648422081325442
2.533,0.016169102862477303,Empty,0.46328,0.25064,0.13574,-0.19793,0.26371,-0.07236,0.98629,-0.09315,0.13429,-0.0227,0.9465791450443297,-0.1898512700951407,0.260661499670372,-0.17765691679649193,-0.9816139270994806,-0.06980055901423331,0.2691206831172768,0.019763435116321292,-0.9629036631724346
2.6,0.016169102862477303,Empty,0.46707,0.25273,0.12786,-0.1979,0.27516,-0.06799,0.9856,-0.09316,0.13972,-0.01996,0.9435969520968833,-0.18922448786393548,0.27169631058610877,-0.1780667491330405,-0.9818435124239018,-0.06538768969986689,0.2791362119945437,0.013319545927941915,-0.9601591351695878
2.667,0.016169102862477303,Empty,0.4695,0.25518,0.12032,-0.20215,0.28065,-0.0658,0.98505,-0.09528,0.14236,-0.0183,0.9413093407350351,-0.19291496230879585,0.2769847330853624,-0.18249523332736384,-0.981174933868207,-0.06317625314554892,0.283958121661918,0.008920003706015613,-0.9587951912041068
2.733,0.016169432550668716,Empty,0.47102,0.25768,0.11437,-0.20229,0.28507,-0.06438,0.98475,-0.09535,0.14447,-0.01736,0.9400734724974558,-0.19280652177889818,0.2812250192747772,-0.18277207464545775,-0.9812142700814326,-0.061748885968551145,0.2878475899436553,0.006648409440245345,-0.9576531541302122
2.8,0.016169432550668716,Empty,0.4719,0.25941,0.11001,-0.20113,0.28872,-0.06234,0.98457,-0.09484,0.14616,-0.01625,0.9392886340258356,-0.19149948347343504,0.2847188258954563,-0.1820015974832047,-0.9814834306340665,-0.05971343152378039,0.2908819012992063,0.00426886638245155,-0.9567494427886369
2.867,0.016169432550668716,Empty,0.47288,0.2607,0.10709,-0.2004,0.29226,-0.06104,0.98437,-0.0945,0.14783,-0.01548,0.9384290117001899,-0.19062779574057281,0.2881180894884866,-0.18147635361222703,-0.9816591363091464,-0.05840952987647531,0.2939682348129048,0.002526577105761618,-0.9558118503811897
2.933,0.016169432550668716,Empty,0.47422,0.2613,0.10472,-0.20036,0.29677,-0.06037,0.98405,-0.09443,0.15002,-0.01492,0.937155236057293,-0.19033050378362965,0.2924283892850853,-0.1813783385723166,-0.9817195329804456,-0.057694513269472905,0.29806368753530804,0.0010285398023560644,-0.9545454312282518
3.0,0.016169432550668716,Empty,0.47525,0.26213,0.10291,-0.20045,0.29973,-0.0611,0.98383,-0.09435,0.15151,-0.01512,0.9362856617526724,-0.19022966481365805,0.2952657010579509,-0.18106658567194134,-0.9817389309441498,-0.058340063607636564,0.3009718444463961,0.0011602127049737435,-0.9536323205287316
3.067,0.016169432550668716,Empty,0.47569,0.2623,0.10151,-0.20162,0.30104,-0.06189,0.98367,-0.09484,0.1522,-0.01535,0.935678663686522,-0.19126474353735834,0.29651852589913064,-0.18191866967748072,-0.9815375831358757,-0.05907258682806786,0.3023425804358039,0.0013307033374950403,-0.9531984018471953
3.133,0.016169432550668716,Empty,0.47641,0.2625,0.10049,-0.20127,0.30322,-0.06404,0.98351,-0.09445,0.15337,-0.01632,0.9351114335252053,-0.19079917585643547,0.29860053814911414,-0.1807875179179722,-0.9816241104955139,-0.06107355449742971,0.3047662715188386,0.0031273289556220892,-0.952422038572244
3.2,0.016169432550668716,Empty,0.47717,0.26231,0.09936,-0.20077,0.30504,-0.06616,0.98338,-0.094,0.15436,-0.01731,0.934675308872417,-0.19022552526286657,0.3003270159721202,-0.17953576766622242,-0.981727524331246,-0.06307119864837717,0.30683704977194637,0.005031650714165061,-0.9517487627406398
3.267,0.016169102862477303,Empty,0.47796,0.2615,0.09839,-0.19974,0.30724,-0.069,0.98324,-0.09322,0.15556,-0.01867,0.9342195083220208,-0.1891241101415121,0.30243343273147383,-0.17750483441475567,-0.981922874022576,-0.06572292773937163,0.3093960956928057,0.007716244839672998,-0.9509019484340235
3.333,0.016169102862477303,Empty,0.47916,0.26004,0.09736,-0.19649,0.31078,-0.07162,0.9831,-0.09133,0.15739,-0.02003,0.9337722073436131,-0.18587354886601637,0.3058111976769133,-0.1732659255852777,-0.9825162254612577,-0.06812331272361707,0.31312678554175566,0.010624995873658578,-0.9496518970859648
3.4,0.016169102862477303,Empty,0.48066,0.25781,0.09549,-0.19579,0.31405,-0.07278,0.98287,-0.09081,0.15904,-0.02049,0.9329166517543144,-0.18503276530115131,0.3089164881396397,-0.17199455361922822,-0.9826662136203725,-0.06917359419838306,0.31636117714542883,0.011401244406170226,-0.9485703016757108
3.467,0.016169102862477303,Empty,0.48222,0.25605,0.09293,-0.19392,0.31843,-0.07364,0.98261,-0.08971,0.16121,-0.02084,0.9319268437924877,-0.1830283160086652,0.31307026904195867,-0.16958932079745193,-0.9830340077087718,-0.06988277298082377,0.32054924752747604,0.0120322577707848,-0.9471554279433267
3.533,0.016169102862477303,Empty,0.48356,0.25448,0.08989,-0.19555,0.32065,-0.07416,0.98236,-0.09041,0.16234,-0.02085,0.9309405623466,-0.1844058094967318,0.31518909689526253,-0.17086681303581547,-0.9827816458271337,-0.07031905025164831,0.32272930077819056,0.01160749969481792,-0.9464201310042253
3.6,0.016169432550668716,Empty,0.48473,0.25369,0.08685,-0.19805,0.32217,-0.07303,0.98214,-0.09169,0.16306,-0.02001,0.9300075261021246,-0.18662676655302024,0.3166329916470654,-0.17357696559415225,-0.9823859346758876,-0.06920196793523077,0.32397073696328266,0.009398157103746396,-0.9460204206223675
3.667,0.016169432550668716,Empty,0.48571,0.25376,0.08433,-0.19951,0.32291,-0.07153,0.98203,-0.09251,0.16337,-0.01912,0.9295036119307326,-0.1879412281910049,0.31733441375586513,-0.1754484119464037,-0.9821529939152682,-0.06777426715767716,0.32440852355202865,0.007320607169609818,-0.9458887453381931
3.733,0.016169102862477303,Empty,0.48653,0.2546,0.08274,-0.20047,0.32359,-0.07219,0.98193,-0.09291,0.16374,-0.01933,0.9291135224369016,-0.1887873643855945,0.3179738880367911,-0.1761261800957457,-0.9819890608272281,-0.06838898376594794,0.3251578556790132,0.007537603332547695,-0.9456297126392692
3.8,0.016169102862477303,Empty,0.48697,0.25533,0.08131,-0.20092,0.32401,-0.07341,0.98186,-0.09302,0.16401,-0.01987,0.9288928832773057,-0.1891923349368299,0.31837756170610354,-0.17615720309574673,-0.9819032316996947,-0.06953188747027791,0.32577085688295887,0.008503174633388911,-0.9454105165624596
3.867,0.016169102862477303,Empty,0.48777,0.25592,0.08037,-0.19956,0.3259,-0.0753,0.98176,-0.09215,0.16501,-0.02081,0.9285619847539166,-0.18780573563465985,0.32015878268851444,-0.17406787239807725,-0.98215051715868,-0.07127929182970409,0.32783077382801307,0.010457882561095545,-0.9446785783660306
3.933,0.016169432550668716,Empty,0.48877,0.25683,0.07961,-0.20057,0.32788,-0.07919,0.98151,-0.09227,0.16617,-0.02253,0.9277438034599035,-0.18862150298258362,0.32204559266405575,-0.17364266020582958,-0.9819561033946644,-0.07490285416864627,0.33036292421879687,0.013569805398672733,-0.9437564297439502
4.0,0.016169432550668716,Empty,0.48998,0.25764,0.0788,-0.20224,0.33091,-0.08559,0.98112,-0.09247,0.16797,-0.02537,0.9264699355033785,-0.18996910120515265,0.32490798573699664,-0.1729221624318486,-0.9816115663086307,-0.08084960500218989,0.3342923635805331,0.018720936846834964,-0.942283472302957
4.067,0.016169432550668716,Empty,0.49151,0.25868,0.0783,-0.20187,0.33498,-0.09592,0.98067,-0.09129,0.17043,-0.03025,0.9252385781237158,-0.18936955991373894,0.3287441913246253,-0.16874814107158875,-0.9815005568790724,-0.09044734231006203,0.33979058026450376,0.028210399219917644,-0.9400779408854164
4.133,0.016169102862477303,Empty,0.49296,0.25884,0.07697,-0.20258,0.33924,-0.10253,0.98018,-0.09093,0.17283,-0.0332,0.9237268092312766,-0.18972456456993847,0.33276624153623513,-0.16677224702029347,-0.9812602753230595,-0.0965157484388696,0.3448417021347723,0.03365801051250993,-0.9380572150978492
4.2,0.016169102862477303,Empty,0.49351,0.25879,0.07562,-0.20411,0.34101,-0.10865,0.97986,-0.09109,0.174,-0.03597,0.9228542530131817,-0.1910217624251897,0.33444089758200435,-0.16598411230528082,-0.9808186512891823,-0.1021961239259944,0.34754755380769153,0.03880025210283576,-0.9368592414440102
4.267,0.016169432550668716,Empty,0.49394,0.2591,0.07459,-0.20284,0.34311,-0.11413,0.97965,-0.08991,0.17525,-0.03865,0.9224112299813854,-0.1896986982836562,0.3364103545875392,-0.16260900974815212,-0.9808466952503568,-0.10722905560144996,0.35030819681096953,0.044205930438571364,-0.9355907240674776
4.333,0.016169432550668716,Empty,0.49429,0.25909,0.07412,-0.20313,0.34431,-0.11739,0.97947,-0.08972,0.17599,-0.04016,0.9219582233098245,-0.189890440834672,0.3375420787857503,-0.1616200827010399,-0.9806752599356943,-0.11024964134983807,0.35195451885023543,0.04709198477100821,-0.9348317290460495
4.4,0.016169432550668716,Empty,0.4944,0.25925,0.07439,-0.20215,0.34445,-0.12122,0.97942,-0.0889,0.17621,-0.04211,0.9220914911021041,-0.18897600962394817,0.3376912048361751,-0.15929260522638722,-0.9806479926278888,-0.11382170476267546,0.35266577372533386,0.0511623136840071,-0.9343496506668211
4.466,0.016169432550668716,Empty,0.49443,0.25934,0.07479,-0.19943,0.34488,-0.12463,0.97944,-0.08725,0.17651,-0.044,0.9224603996221901,-0.1864511564595247,0.3380869376118738,-0.15538226068532546,-0.9809012873264215,-0.11700007515248595,0.35344471164976676,0.055395223406676936,-0.9338137956951256
4.533,0.016169432550668716,Empty,0.49425,0.25927,0.07503,-0.19845,0.34422,-0.12775,0.97946,-0.08652,0.1763,-0.04565,0.9228673778058587,-0.18558523321737003,0.3374521065179358,-0.1533922525189434,-0.9808599983553832,-0.11993531795698036,0.3532514965982486,0.05892185365322184,-0.9336710316343576
4.6,0.016169102862477303,Empty,0.49401,0.25917,0.07527,-0.19684,0.34405,-0.12957,0.9795,-0.08558,0.17626,-0.04669,0.9232136287358088,-0.1841120871553828,0.3373119254929311,-0.15119640164374454,-0.9809926950930143,-0.12162639641182965,0.3532934245728945,0.06128679741537112,-0.933502910877156
4.667,0.016169102862477303,Empty,0.49377,0.25936,0.07573,-0.19529,0.34422,-0.13031,0.97954,-0.08475,0.17634,-0.04718,0.9234435367845928,-0.1826670008467141,0.33746822246313646,-0.14938812496410292,-0.9811837382316704,-0.12231786439206302,0.35346176948925034,0.06253989631740811,-0.9333560622174881
4.733,0.016169102862477303,Empty,0.49295,0.25929,0.07645,-0.18722,0.34436,-0.12895,0.97989,-0.08091,0.17616,-0.04722,0.9248417873824939,-0.1752066721154592,0.3375948612721762,-0.14193410364522374,-0.9824471651049065,-0.12104659433358693,0.35287728537493124,0.06403272463013814,-0.9334759941438561
4.8,0.016169432550668716,Empty,0.49251,0.25891,0.07733,-0.17945,0.34514,-0.12727,0.98018,-0.07722,0.17629,-0.04704,0.9259212951861402,-0.1679557033017286,0.3383203169324038,-0.1347843301943315,-0.9836496477421941,-0.11944268429134852,0.3528497406189863,0.06499424763068672,-0.9334199528186846
4.867,0.016169432550668716,Empty,0.49271,0.25876,0.07835,-0.17473,0.34666,-0.12633,0.98025,-0.07493,0.17689,-0.04692,0.9261919489809518,-0.16349252241996848,0.33976266533511634,-0.1302934017272525,-0.9843690819349997,-0.11849531634957605,0.35382496111666145,0.06548057454849798,-0.9330167154170345
4.933,0.016169432550668716,Empty,0.49293,0.25896,0.07949,-0.17021,0.34767,-0.12618,0.98034,-0.07269,0.17727,-0.0472,0.9265837055990022,-0.1592641635039691,0.3407015743165902,-0.12579809588080726,-0.9849757637478349,-0.11831138534449147,0.3544255571924592,0.06676579253442999,-0.9326976216095247
5.0,0.016169102862477303,Empty,0.49296,0.2592,0.08081,-0.16249,0.34853,-0.12541,0.98056,-0.06894,0.17748,-0.04747,0.9274947918295438,-0.15204225478187017,0.3415209567360639,-0.11834107403927235,-0.9859886687598621,-0.11756587630935443,0.35461077440526684,0.06862578114673684,-0.9324921988079562
5.067,0.016169102862477303,Empty,0.49362,0.25938,0.08154,-0.15684,0.35041,-0.12158,0.98068,-0.06644,0.17814,-0.04601,0.927703945230508,-0.14669732539303193,0.3432860100940341,-0.113909160151833,-0.9869381404305176,-0.11392019222708209,0.3555138439459911,0.06658079066879678,-0.9322965757078931
5.133,0.016169102862477303,Empty,0.49394,0.25985,0.08178,-0.14846,0.35203,-0.11779,0.9809,-0.06261,0.17862,-0.04483,0.9283528616471501,-0.1388413544786521,0.34479565333408757,-0.10681472489973065,-0.9881412581163445,-0.11030624892925392,0.3560218796873893,0.06557386899353237,-0.9321740657672672
5.2,0.016169102862477303,Empty,0.49482,0.25901,0.08167,-0.13911,0.35468,-0.10821,0.98116,-0.05879,0.17943,-0.04086,0.9286951665152969,-0.13003281042638243,0.3472992310727758,-0.10070862698325445,-0.9897482000357859,-0.10127325894365738,0.3569076353095749,0.05907595736454752,-0.9322697952412646
5.267,0.016169102862477303,Empty,0.49603,0.25841,0.08142,-0.13316,0.35744,-0.10151,0.98123,-0.05639,0.18047,-0.038,0.9284989937611299,-0.12438428727871498,0.34988307713111155,-0.09695372922418832,-0.9907518793567538,-0.09492464348409613,0.3584544503477283,0.0542149668378216,-0.9319716435582587
5.333,0.016169432550668716,Empty,0.49802,0.25813,0.08064,-0.12732,0.36161,-0.09333,0.98117,-0.05414,0.18218,-0.03437,0.9277555190742112,-0.11876232638255907,0.3537869509458238,-0.09371275379029465,-0.991774998975846,-0.0871795342009832,0.36123069720661877,0.0477269445770761,-0.9312542736315131
5.4,0.016169432550668716,Empty,0.49931,0.25789,0.0791,-0.11971,0.36529,-0.08302,0.98121,-0.05125,0.18359,-0.02988,0.9273376536921563,-0.11154680001192818,0.35721448382145027,-0.08960517376632665,-0.9929611877938476,-0.07745316242309164,0.36333977057161354,0.039816968017797535,-0.9308054684942699
5.467,0.016169432550668716,Empty,0.49998,0.25783,0.0773,-0.10787,0.36855,-0.07434,0.98133,-0.04616,0.18481,-0.02661,0.927427309126553,-0.10043888087976571,0.3602646492426109,-0.08076729194665094,-0.9943216438681743,-0.06929006484984568,0.3651783548321089,0.03516389828946102,-0.9302732229937626
5.533,0.016169432550668716,Empty,0.50018,0.25692,0.07563,-0.09785,0.37097,-0.06558,0.98144,-0.042,0.18568,-0.02317,0.9275192922124563,-0.09103783983621938,0.36251906748702023,-0.07382891591093094,-0.99539892020326,-0.06107602503110707,0.3664113177142877,0.029884801758394402,-0.9299729269579522
5.6,0.016169432550668716,Empty,0.50056,0.25583,0.07406,-0.09193,0.37337,-0.05807,0.98142,-0.03975,0.18664,-0.01997,0.9271731420550139,-0.085466555116199,0.3647539343288876,-0.0705608860475695,-0.9960433430285546,-0.0540261063624162,0.3679281533289,0.024354193993456515,-0.9295352318351976
5.667,0.016169432550668716,Empty,0.50058,0.25588,0.07254,-0.08808,0.37357,-0.053,0.98153,-0.03833,0.1866,-0.01784,0.9274219270890558,-0.08190283565767947,0.3649390286961003,-0.06858600407562598,-0.9964249431843779,-0.04932841620148798,0.3676744880996781,0.02071854510432935,-0.9297237292278816
5.733,0.016169432550668716,Empty,0.50045,0.25644,0.07172,-0.08535,0.3734,-0.05001,0.98162,-0.03727,0.18644,-0.01663,0.9277013327226233,-0.07936788415815849,0.3647889475147589,-0.06696944883881567,-0.9966691920718551,-0.04653616332553209,0.3672673824162632,0.01874194597933886,-0.9299265612262154
5.8,0.016169432550668716,Empty,0.50032,0.25695,0.07161,-0.08316,0.37356,-0.04834,0.98166,-0.03635,0.18647,-0.01601,0.9278150431167868,-0.07733368139297331,0.36493663489488887,-0.0653923377953724,-0.9968449927210568,-0.04498780551006881,0.36726432977332724,0.017876303006100994,-0.9299448101188493
5.867,0.016169102862477303,Empty,0.50019,0.25762,0.0718,-0.08195,0.37278,-0.04801,0.98175,-0.0358,0.18607,-0.01598,0.9281943284626886,-0.0762347406116336,0.3642026262035669,-0.06434116692857555,-0.9969264046246116,-0.04469852347130429,0.36649079503852117,0.01805569400833174,-0.9302464668387138
5.933,0.016169102862477303,Empty,0.50019,0.25879,0.07223,-0.0802,0.37208,-0.04895,0.98184,-0.03486,0.18573,-0.01662,0.9285756315685636,-0.07463499422552011,0.3635614309769391,-0.062290724857309354,-0.9970167697222834,-0.04557879429399839,0.3658786165571776,0.019676852631969045,-0.930454544519347
6.0,0.016169102862477303,Empty,0.5005,0.26018,0.07296,-0.07824,0.37214,-0.05077,0.98186,-0.03373,0.18577,-0.01769,0.9287064938811734,-0.07281778898545982,0.3635956790587688,-0.05967371927778181,-0.9970980943998096,-0.04726983574992699,0.3659826436465188,0.022202696942886162,-0.9303567836039931
6.067,0.016169102862477303,Empty,0.50055,0.26126,0.07357,-0.07425,0.37121,-0.0528,0.98199,-0.0316,0.18531,-0.01908,0.9293263835040766,-0.06914096514832846,0.36272854845130575,-0.054996595468292664,-0.9972741316048408,-0.049190252273264845,0.36514085968312343,0.02576496400478891,-0.9305956797770453
6.133,0.016169102862477303,Empty,0.50107,0.26139,0.07454,-0.07189,0.36933,-0.05507,0.98217,-0.03026,0.1844,-0.02045,0.930161772426882,-0.06698206982950139,0.36098819847335367,-0.051896026252829186,-0.9973321526403857,-0.05133595006289321,0.3634637252530811,0.029016885274784097,-0.9311563460526395
6.2,0.016169102862477303,Empty,0.50177,0.2613,0.0759,-0.06954,0.36846,-0.05793,0.98226,-0.02886,0.18399,-0.02209,0.930630138477536,-0.0648271142277303,0.3601735562450228,-0.048566739695783234,-0.9973578277828924,-0.05402439407815954,0.36272416124736406,0.03278427399066608,-0.9313196949631747
6.267,0.016169102862477303,Empty,0.50239,0.26062,0.07681,-0.06874,0.36742,-0.05907,0.98235,-0.02838,0.18349,-0.02274,0.9310493574726333,-0.06410257252991114,0.35921853257431485,-0.04741415536141841,-0.9973551867078461,-0.05508656295613812,0.3617996570218936,0.0342562657335089,-0.9316262750893383
6.333,0.016169102862477303,Empty,0.50289,0.25992,0.07771,-0.06817,0.36664,-0.06054,0.98241,-0.02798,0.18312,-0.02353,0.9313691651139984,-0.06358585294947522,0.3584805679245968,-0.04635303942481506,-0.9973275806296915,-0.05647205194968202,0.3611133811020236,0.03597966397861089,-0.9318275536648674
6.4,0.016169432550668716,Empty,0.50292,0.2591,0.07861,-0.06752,0.36414,-0.0617,0.98263,-0.0276,0.1819,-0.02421,0.9323021659718279,-0.06304138350932287,0.3561438688079142,-0.04542729206409962,-0.997304758996061,-0.057615786200760355,0.35881615412347495,0.037536670723963154,-0.9326531862868422
6.467,0.016169432550668716,Empty,0.50309,0.25869,0.07984,-0.06662,0.36282,-0.06311,0.98275,-0.02705,0.18126,-0.02501,0.9328293674928427,-0.062242813311259915,0.3549016812217194,-0.04410727657824459,-0.9972847421688138,-0.058971952571818476,0.3576086118870092,0.03935702260565696,-0.9330418562293249
6.533,0.016169432550668716,Empty,0.50336,0.25906,0.08132,-0.06647,0.36134,-0.06583,0.98284,-0.02676,0.18057,-0.02639,0.933355945371854,-0.062142866819862974,0.35353209662267127,-0.04307869853450963,-0.9971739897430616,-0.061548841682662,0.3563578327630613,0.04221727470258247,-0.9333953057226613
6.6,0.016169432550668716,Empty,0.50382,0.25999,0.08281,-0.06659,0.36071,-0.06894,0.98286,-0.02655,0.1803,-0.02792,0.9335733358430369,-0.062264358900029515,0.3529362211698772,-0.04213005780909357,-0.9970309907389914,-0.06445356262478844,0.3559015100163339,0.04530290406578184,-0.9334247490029927
6.667,0.016169432550668716,Empty,0.50396,0.261,0.08357,-0.06689,0.35985,-0.07102,0.9829,-0.02653,0.17991,-0.02893,0.9338566479300923,-0.06255699626730898,0.3521340417153449,-0.04173545021554309,-0.9969184158983573,-0.06642156455561332,0.35520404461672206,0.047331746858968474,-0.9335897345339654
6.733,0.016169432550668716,Empty,0.50407,0.26207,0.08406,-0.06725,0.35919,-0.07303,0.98292,-0.02654,0.17962,-0.0299,0.9340616503343394,-0.06291783972246973,0.35152550237407804,-0.04143744120647869,-0.9968034483323871,-0.06830683610679997,0.3546995515093726,0.04923647872583115,-0.9336830282926486
6.8,0.016169432550668716,Empty,0.50458,0.26304,0.08454,-0.06777,0.35962,-0.07477,0.98285,-0.02663,0.17986,-0.0307,0.9338834083500889,-0.06338590849303388,0.351914771234363,-0.04129901829358651,-0.9966969020061494,-0.06992622268741516,0.35518469941202035,0.05076920460137939,-0.9334164757318867
6.867,0.016169432550668716,Empty,0.50534,0.26387,0.08471,-0.06746,0.36074,-0.07558,0.98274,-0.02638,0.18042,-0.0311,0.9335057754793536,-0.06307038285106259,0.352971803340877,-0.04062373679612985,-0.9966734863008206,-0.070651777852272,0.35625367247989065,0.051614809037605125,-0.9329626103615312
6.933,0.016169432550668716,Empty,0.50628,0.2644,0.08473,-0.06689,0.36263,-0.07592,0.98258,-0.02603,0.18134,-0.03128,0.9328741317200829,-0.062492755900897534,0.3547400595188148,-0.03980563492405392,-0.9966886477248087,-0.07090310941548672,0.35799632092494227,0.05202302333008308,-0.9322726206683339
7.0,0.016169432550668716,Empty,0.50743,0.26447,0.08427,-0.06761,0.36499,-0.0758,0.98236,-0.02634,0.18251,-0.03111,0.9319900299160113,-0.06310212245643454,0.3569491648381399,-0.04039251088034945,-0.9966773314290673,-0.07073006489615394,0.3602263582831403,0.05150164227407166,-0.9314421891030813
7.066,0.016169102862477303,Empty,0.50833,0.26465,0.0834,-0.06877,0.36692,-0.07544,0.98217,-0.0269,0.18347,-0.03079,0.931226682743735,-0.06413970747343395,0.358751952289212,-0.04154467186481753,-0.9966569535164531,-0.07034882548377744,0.36206478092427513,0.05060647125145805,-0.9307782117570931
7.133,0.016169102862477303,Empty,0.5087,0.26514,0.08223,-0.07104,0.36693,-0.07562,0.98214,-0.028,0.18351,-0.03067,0.9310831262579815,-0.06624898500506321,0.3587412493475798,-0.04373324122473299,-0.9965506761044858,-0.07052767944340527,0.3621762217617866,0.04997821466890684,-0.9307688018239898
7.2,0.016169102862477303,Empty,0.50896,0.26583,0.0813,-0.07301,0.3666,-0.0762,0.98213,-0.02892,0.18339,-0.03078,0.9310643284197699,-0.06809297074611087,0.35844464520928676,-0.04551072544487328,-0.9964321626798069,-0.07107544615916192,0.3620055113029686,0.04986273671001086,-0.9308414028576859
7.267,0.016169102862477303,Empty,0.50924,0.26708,0.08112,-0.07557,0.36677,-0.07821,0.98205,-0.02999,0.18354,-0.03153,0.9308291802609493,-0.07047134087551948,0.35859563200063604,-0.04732346825738498,-0.9962132676177502,-0.07293568930541974,0.36237760213183906,0.05092067887971223,-0.9306393275246903
7.333,0.016169102862477303,Empty,0.50913,0.26854,0.08139,-0.07547,0.36879,-0.08301,0.98179,-0.02945,0.1846,-0.03385,0.9301101351408394,-0.07032493916110355,0.3604851445486714,-0.045332713934459035,-0.9959741705861862,-0.07733302381579724,0.36447233304549453,0.05558645929671399,-0.9295536907501517
7.4,0.016169102862477303,Empty,0.50915,0.26881,0.08132,-0.0758,0.37059,-0.08764,0.98154,-0.02914,0.18556,-0.03605,0.9294385855387081,-0.07058038684402446,0.36216339503703804,-0.04381988138672249,-0.9957021544053395,-0.0815906716960893,0.3663655738563046,0.05996356148123056,-0.9285368261880771
7.467,0.016169102862477303,Empty,0.50966,0.26796,0.08075,-0.07553,0.37257,-0.09139,0.98129,-0.02861,0.18658,-0.03787,0.9287419299567684,-0.07028149467397266,0.3640040371294935,-0.042019380350516,-0.9954946884502562,-0.08499821728887158,0.3683378872925455,0.06364618428248388,-0.927510843069311
7.533,0.016169102862477303,Empty,0.50997,0.26679,0.0794,-0.07616,0.37341,-0.0954,0.98113,-0.02852,0.18706,-0.03976,0.92838860583981,-0.07084500440561992,0.3647952602454997,-0.04109489400171018,-0.9952111761995066,-0.08869004709990055,0.36933156679845597,0.0673476066268287,-0.926854084334657
7.6,0.016169432550668716,Empty,0.50994,0.26546,0.07775,-0.0773,0.37237,-0.09646,0.98119,-0.02901,0.18659,-0.0402,0.9286827929008475,-0.07192948968541218,0.36383295436707946,-0.041925426139612754,-0.9950848443392251,-0.08971293780382156,0.3684976645962537,0.0680610099835189,-0.9271338469213223
7.667,0.016169432550668716,Empty,0.50987,0.2654,0.07752,-0.07732,0.37203,-0.09633,0.98122,-0.02904,0.18642,-0.04014,0.9288076666378802,-0.07196247422821755,0.3635075249532663,-0.04203407758706912,-0.9950910879310606,-0.08959276221650034,0.3681704153189127,0.06793474091458106,-0.9272731076984645
7.733,0.016169102862477303,Empty,0.50966,0.26587,0.07758,-0.07658,0.37204,-0.09651,0.98123,-0.02866,0.18641,-0.0403,0.9288572560211037,-0.07126380489984319,0.3635184562689259,-0.04121105855462481,-0.9951087959251599,-0.08977824305022691,0.368138352511326,0.06841019210304398,-0.9272508824620612
7.8,0.016169102862477303,Empty,0.5096,0.26601,0.0776,-0.07637,0.37204,-0.09662,0.98123,-0.02855,0.18641,-0.04037,0.9288699639354587,-0.07106995115580911,0.36352393613247924,-0.04097153680484439,-0.9951115460506988,-0.08985735411437787,0.36813302387912605,0.0685716629468641,-0.92724107101137
7.867,0.016169102862477303,Empty,0.5096,0.26604,0.07761,-0.07633,0.37206,-0.09661,0.98122,-0.02853,0.18642,-0.04037,0.9288648352044009,-0.07104290083187587,0.36354232788231633,-0.040935919600850246,-0.9951118335933807,-0.08987040185095743,0.3681499265341961,0.06859551649934634,-0.9272325957973294
7.933,0.016169102862477303,Empty,0.50959,0.26604,0.0776,-0.07631,0.37204,-0.09661,0.98123,-0.02852,0.18641,-0.04037,0.9288744995036793,-0.07103081480888601,0.36351999603787266,-0.040926088459014964,-0.9951125443371442,-0.08986700944339979,0.3681266350798786,0.06859772190416367,-0.9272416799811821
8.0,0.016169102862477303,Empty,0.50959,0.26605,0.0776,-0.07631,0.37206,-0.09661,0.98123,-0.02852,0.18642,-0.04037,0.9288711048163748,-0.07102514963010204,0.3635297769883903,-0.0409191009953242,-0.9951127991418034,-0.08986736981741103,0.368135977338458,0.06859989142984471,-0.9272378104266844
8.067,0.016169102862477303,Empty,0.50958,0.26606,0.0776,-0.07629,0.37206,-0.09662,0.98123,-0.02851,0.18642,-0.04038,0.9288720585728356,-0.07100902196816822,0.3635304906081287,-0.040898448672043675,-0.9951128933987523,-0.08987572691101298,0.3681358658143523,0.06861521836070322,-0.9272367206438873
8.133,0.016169102862477303,Empty,0.50959,0.26605,0.0776,-0.07632,0.37206,-0.09663,0.98123,-0.02852,0.18642,-0.04038,0.9288698703962108,-0.07102623461844115,0.36353271911349694,-0.04091779948526525,-0.995112345247899,-0.08987298826961379,0.36813923664207565,0.06860535205909697,-0.9272361123863959
8.2,0.016169102862477303,Empty,0.50959,0.26606,0.07761,-0.07629,0.37206,-0.09662,0.98123,-0.02851,0.18642,-0.04038,0.9288705390416816,-0.07101326603056113,0.3635335441855242,-0.040901505674222516,-0.9951124839307567,-0.08987886936728204,0.3681393602075134,0.06861676451736974,-0.927235218859363
8.267,0.016169432550668716,Empty,0.50959,0.26605,0.0776,-0.07632,0.37206,-0.09663,0.98123,-0.02852,0.18642,-0.04038,0.9288696014765372,-0.07102235159923309,0.3635341648678067,-0.04091359043440118,-0.9951125332066868,-0.08987282332683333,0.3681403829663146,0.0686066456568535,-0.9272355615490218
8.333,0.016169432550668716,Empty,0.50958,0.26606,0.0776,-0.07629,0.37206,-0.09662,0.98123,-0.02851,0.18642,-0.04038,0.9288716354892477,-0.07100968435042188,0.3635314422604782,-0.0408984395855132,-0.9951127474390411,-0.0898773471114569,0.36813693433693945,0.06861664967612914,-0.9272361904952929
8.4,0.016169432550668716,Empty,0.50958,0.26606,0.0776,-0.07632,0.37206,-0.09663,0.98123,-0.02852,0.18642,-0.04038,0.9288720546968323,-0.07101653380654205,0.3635290331313156,-0.04090677278036192,-0.9951125878822094,-0.08987532130161185,0.3681349507232107,0.06861187480659879,-0.9272373313729031
8.467,0.016169432550668716,Empty,0.50958,0.26606,0.0776,-0.07629,0.37204,-0.09662,0.98123,-0.02851,0.18641,-0.04038,0.9288732707905292,-0.07100687244931542,0.3635278130705688,-0.040895160847703504,-0.995112756149306,-0.08987874258228146,0.36813317241202853,0.06861943320880906,-0.9272374780798915
8.533,0.016169432550668716,Empty,0.50958,0.26607,0.07761,-0.07629,0.37206,-0.09662,0.98123,-0.02851,0.18642,-0.04038,0.9288702108571394,-0.07100908167984782,0.3635352000854909,-0.0408952678677183,-0.9951123709011961,-0.08988295914926295,0.3681408812509699,0.0686227338305987,-0.9272341732018796
8.6,0.016169432550668716,Empty,0.50958,0.26607,0.07761,-0.07629,0.37206,-0.09662,0.98123,-0.02851,0.18642,-0.04038,0.9288701497492385,-0.07101271745578325,0.3635346460302956,-0.040899674677914166,-0.9951122962172498,-0.08988178084836229,0.3681405458735399,0.0686200544795568,-0.9272345046465615
8.666,0.016169432550668716,Empty,0.50958,0.26607,0.0776,-0.07629,0.37206,-0.09662,0.98123,-0.02851,0.18642,-0.04038,0.9288723645881061,-0.07100767865400465,0.36352997108446283,-0.0408948881221764,-0.9951125477481222,-0.08988117400054207,0.3681354892291362,0.06862162112928133,-0.9272363963324639
8.733,0.016169432550668716,Empty,0.50958,0.26607,0.07761,-0.07629,0.37206,-0.09662,0.98123,-0.02851,0.18642,-0.04038,0.928868294120322,-0.07100985547267946,0.3635399463659423,-0.04089646276856379,-0.9951124906489129,-0.0898810897104417,0.36814558466865055,0.06862019659157335,-0.9272324935574201
8.8,0.016169102862477303,Empty,0.50958,0.26607,0.07761,-0.07629,0.37206,-0.09662,0.98123,-0.02851,0.18642,-0.04038,0.9288701117608273,-0.07100739796196037,0.3635357821619493,-0.04089359568100731,-0.9951124800594322,-0.08988251143712073,0.368141317036959,0.0686228931526327,-0.9272339883900155
8.867,0.016169102862477303,Empty,0.50958,0.26607,0.07761,-0.07632,0.37206,-0.09665,0.98123,-0.02852,0.18642,-0.04039,0.9288687931092408,-0.07101922874644478,0.3635368404110411,-0.04090468328436292,-0.995111682424192,-0.089886296999596,0.3681434123723913,0.06862221689186192,-0.9272332065212383
