time,gr,gr_state,tx,ty,tz,rx,ry,rz,qw,qx,qy,qz,xx,xy,xz,yx,yy,yz,zx,zy,zz
0.0,0.015634575858712196,Empty,0.30708,-0.00093,0.48524,0.00416,-0.00033,0.0044,1.0,0.00208,-0.00016,0.0022,0.9999913170827419,0.0041547413369485975,-0.0003223097050527278,0.004156118781097673,-0.9999816933579,0.004397684134131075,-0.0003040325645854107,-0.004398985506822114,-0.9999902781980985
0.067,0.015634575858712196,Empty,0.30708,-0.00092,0.48524,0.00416,-0.00033,0.0044,1.0,0.00208,-0.00016,0.0022,0.9999912860905675,0.004162279781368905,-0.0003212008012962687,0.004163652584881494,-0.9999816575165803,0.004398707485722532,-0.00030288625844396354,-0.004400006524330464,-0.9999902740539532
0.133,0.015634575858712196,Empty,0.30708,-0.00093,0.48524,0.00416,-0.00033,0.0044,1.0,0.00208,-0.00016,0.0022,0.9999913180172378,0.004154186364204393,-0.00032653606056840326,0.004155581103438444,-0.9999817141571982,0.004393460700264949,-0.00030827883504866893,-0.0043947795033977746,-0.9999902953915485
0.2,0.015634575858712196,Empty,0.30708,-0.00093,0.48524,0.00416,-0.00033,0.0044,1.0,0.00208,-0.00016,0.0022,0.9999913107879977,0.004156000201315957,-0.0003255930412347681,0.00415739428448042,-0.9999816564346964,0.004404868543312768,-0.00030728043414466477,-0.004406183887124851,-0.9999902455135687
0.267,0.015634575858712196,Empty,0.30719,-0.00105,0.48548,0.00403,-0.00291,0.00413,0.99999,0.00202,-0.00145,0.00207,0.9999876526061979,0.004028095873001791,-0.0029101681710935155,0.0040401002466528,-0.99998330631935,0.004130940887753635,-0.0028934797637340994,-0.004142647252545556,-0.9999872330428013
0.333,0.015634575858712196,Empty,0.31027,-0.00241,0.49139,0.00684,-0.0099,0.00085,0.99998,0.00342,-0.00495,0.00044,0.9999276135031666,0.006839547597984885,-0.009898906127263095,0.006848165187524458,-0.9999762008111328,0.0008369258613440782,-0.009892946347061912,-0.0009046546235481601,-0.9999506543887987
0.4,0.015634575858712196,Empty,0.31558,-0.0072,0.49774,0.01571,-0.01203,-0.00863,0.99994,0.00783,-0.00605,-0.00427,0.9998041309470278,0.015711799237072388,-0.012034911964483457,0.015608387004068636,-0.9998408606894296,-0.008638955431752566,-0.012168730270252509,0.008449417764231922,-0.9998902586499457
0.467,0.015634575858712196,Empty,0.32094,-0.01164,0.50095,0.01664,-0.01722,-0.01646,0.9999,0.00825,-0.00868,-0.00816,0.9997134693105085,0.016630779319363964,-0.01721616851619055,0.016347425589255615,-0.9997307056158015,-0.016470516856964223,-0.01748544982981574,0.0161843575146624,-0.99971612251483
0.533,0.015634575858712196,Empty,0.32517,-0.01392,0.50274,0.01845,-0.0189,-0.02024,0.99986,0.00913,-0.00954,-0.01003,0.9996513593904355,0.018452476673197715,-0.018885596984998504,0.01806992886146286,-0.9996320421585598,-0.02023012508238279,-0.01925194379267611,0.019881810645217317,-0.9996169647748437
0.6,0.015634575858712196,Empty,0.32755,-0.01363,0.49938,0.023,-0.02085,-0.02066,0.99983,0.01139,-0.01054,-0.01021,0.9995182525993529,0.022998208531362696,-0.020840948276995258,0.022567681145037544,-0.9995317661741758,-0.020662724323489992,-0.021306395482867477,0.020182438234281407,-0.999569260581
0.667,0.015634575858712196,Empty,0.32942,-0.01277,0.4959,0.02914,-0.0223,-0.02103,0.99978,0.01445,-0.0113,-0.01035,0.9993271820701937,0.02912214605853697,-0.02229537585669355,0.028654395285800327,-0.9993683560117812,-0.02101938707752074,-0.022893422777101123,0.020366384344178257,-0.9995304405481079
0.733,0.015634575858712196,Empty,0.33153,-0.01074,0.49259,0.03617,-0.01894,-0.02131,0.99974,0.01798,-0.00966,-0.01048,0.9991666122258541,0.036154127897597144,-0.018946241027537912,0.03574903826222525,-0.9991337719463121,-0.021300516887172136,-0.019699930873871688,0.02060545540139658,-0.9995935813775845
0.8,0.015634575858712196,Empty,0.33424,-0.00705,0.48836,0.04444,-0.0171,-0.02073,0.99966,0.02213,-0.00878,-0.01017,0.9988660645503059,0.04442878837683023,-0.017107537904410768,0.04407139023237827,-0.9988132756523,-0.02073048344125466,-0.01800826623441151,0.019953023432290842,-0.9996387243415198
0.867,0.015634575858712196,Empty,0.33763,-0.00371,0.48533,0.05719,-0.01648,-0.01926,0.99951,0.02851,-0.00851,-0.00939,0.9982288781055464,0.05716150236127254,-0.01648240164369952,0.056841585641588366,-0.9981973080276302,-0.01926573092675662,-0.01755394707443237,0.01829472312429019,-0.9996785293522682
0.933,0.015634575858712196,Empty,0.34226,-0.00175,0.48311,0.07237,-0.01718,-0.01974,0.99926,0.03609,-0.00894,-0.00955,0.9972347984097711,0.07230065128509261,-0.017186409292661388,0.07195911614429285,-0.9972125432796601,-0.019723821370219274,-0.018564548051477718,0.018432562205606982,-0.9996577405323189
1.0,0.015634575858712196,Empty,0.34806,-0.00034,0.48012,0.08413,-0.01729,-0.02105,0.99903,0.04196,-0.00908,-0.01015,0.9963135182297114,0.0840257387392287,-0.01729302235184175,0.08365689217010103,-0.9962722605013342,-0.021050115154117283,-0.018997309945740174,0.01952583378215599,-0.9996288531399729
1.067,0.015634575858712196,Empty,0.35436,0.00219,0.47634,0.09506,-0.01762,-0.02158,0.99878,0.04741,-0.00931,-0.01036,0.9953313413203037,0.09489502321143206,-0.017619749011463133,0.09450921508345256,-0.9952902231150101,-0.021572668726498503,-0.019583902824383402,0.019806724650363504,-0.9996120069350857
1.133,0.01563424803316593,Empty,0.3615,0.00652,0.47239,0.10842,-0.01731,-0.02426,0.99843,0.05407,-0.0093,-0.01164,0.9939808585014065,0.10817685517037767,-0.017315338236780338,0.1077437849560679,-0.9938829350251517,-0.02424846941831242,-0.019832542352092593,0.02223689437033404,-0.9995559968268986
1.2,0.01563424803316593,Empty,0.36905,0.01164,0.4681,0.11833,-0.01766,-0.02158,0.99816,0.05903,-0.00945,-0.01025,0.9928518271749585,0.11804150010126235,-0.017648046044534748,0.11765439240048414,-0.99282036657972,-0.02156765294099699,-0.0200672176501694,0.019337113495918726,-0.999611615987643
1.267,0.01563424803316593,Empty,0.37679,0.01873,0.46358,0.12957,-0.01632,-0.01659,0.99784,0.06467,-0.00868,-0.00775,0.9914856923473141,0.12918960728248735,-0.01631463271924996,0.12892068817110336,-0.991516215248073,-0.016584663446268334,-0.018318789044488682,0.01434016284194605,-0.999729354224237
1.333,0.015634575858712196,Empty,0.38499,0.02746,0.45861,0.13914,-0.01443,-0.01105,0.99754,0.06947,-0.00758,-0.00501,0.9902335546261516,0.13867079703558932,-0.01441933916553196,0.13851883041926893,-0.990298078119183,-0.011056676387145302,-0.015812681990545002,0.00895134196456568,-0.9998349026540827
1.4,0.015634575858712196,Empty,0.39375,0.03775,0.45375,0.15081,-0.01242,-0.00439,0.99714,0.07532,-0.00636,-0.00172,0.9885743805445835,0.15022128406619834,-0.01242014268820131,0.1501776272286635,-0.9886493234299791,-0.004381273948638996,-0.01293732626400427,0.002465987621016401,-0.9999132684859182
1.467,0.015634575858712196,Empty,0.40291,0.04841,0.44905,0.15748,-0.01228,0.00104,0.99688,0.07866,-0.00608,0.001,0.9875511013151632,0.1568180816182117,-0.012284606985666864,0.15684240894398482,-0.9876230982748448,0.0010365860523375613,-0.011970006176113423,-0.002950429050156001,-0.9999240040725914
1.533,0.015634575858712196,Empty,0.41328,0.06133,0.44529,0.16289,-0.00989,0.00291,0.99667,0.08136,-0.00481,0.00185,0.9867133973861972,0.16216911711767862,-0.009891858867817299,0.16220473048317052,-0.9867528476983436,0.0029056785939070157,-0.009289608574647107,-0.004471578298738205,-0.9999468526677046
1.6,0.015634575858712196,Empty,0.42351,0.07328,0.44143,0.17061,-0.00969,0.00724,0.99634,0.08522,-0.00452,0.00402,0.9854331078954954,0.16978756264135914,-0.009683668505877405,0.16986023467253797,-0.9854415088965656,0.00724798045322262,-0.008312071968861254,-0.008787270108884377,-0.9999268439959088
1.667,0.015634575858712196,Empty,0.43373,0.08443,0.43691,0.17592,-0.00655,0.01051,0.99611,0.08786,-0.0028,0.00552,0.9845459376705357,0.17500416342389868,-0.006545181490785902,0.1750659813437242,-0.9845005915960462,0.01051129502930331,-0.004604214656677244,-0.011494691441514266,-0.999923333699169
1.733,0.015634575858712196,Empty,0.44355,0.09566,0.43071,0.18017,-0.00286,0.01257,0.99592,0.08997,-0.00086,0.00639,0.9838089566549019,0.17919763467881566,-0.0028538624898679756,0.17921950115889995,-0.9837287607399645,0.0125736111507009,-0.0005542652329033543,-0.01288149907936572,-0.9999168764309964
1.8,0.015634575858712196,Empty,0.45271,0.10719,0.42339,0.17783,0.00493,0.01385,0.99602,0.08878,0.00307,0.00668,0.9842166707765216,0.176898905896278,0.004931739883637832,0.1768168839893074,-0.9841463580831193,0.01384685552910737,0.007303047438698503,-0.012756291170710875,-0.9998919654311038
1.867,0.015634575858712196,Empty,0.4608,0.11983,0.41415,0.17434,0.01635,0.01398,0.99615,0.087,0.00875,0.00625,0.9847076044013027,0.1734459901524168,0.016353052751555006,0.1732272991605095,-0.9847828381872217,0.013966547084921949,0.01852664728985637,-0.010920169960570263,-0.9997687298711785
1.933,0.015634575858712196,Empty,0.46747,0.13325,0.40279,0.16918,0.02856,0.01352,0.99631,0.08438,0.0148,0.00553,0.9853227491231056,0.16829659774366573,0.028554075863036106,0.16796922789406393,-0.9856995562113144,0.013517520685742405,0.030420692647558912,-0.008522914567461449,-0.999500846115759
2.0,0.015634575858712196,Empty,0.47333,0.14666,0.39219,0.16433,0.03788,0.01251,0.99644,0.08194,0.01939,0.00468,0.9858204447663033,0.16347569530501305,0.03786486135337771,0.1631124950504026,-0.9865281441432407,0.012511385683675163,0.039400058873056816,-0.00615774778923637,-0.9992045423750653
2.067,0.015634575858712196,Empty,0.47912,0.16095,0.3804,0.1562,0.05054,0.00978,0.99663,0.07787,0.02557,0.0029,0.986564448286571,0.15536921075402016,0.05050740269194853,0.15507215763575521,-0.9878548167032757,0.009771747148206167,0.05141220967051806,-0.001808166422047523,-0.9986758809698894
2.133,0.015634575858712196,Empty,0.48551,0.17536,0.36905,0.14681,0.05804,0.00746,0.99689,0.0732,0.02921,0.00159,0.9875778741742858,0.1460337871856584,0.058000650355081715,0.14584779835232897,-0.9892789893562893,0.007449894897065629,0.058466761131236465,0.0011019157920259936,-0.9982887476198508
2.2,0.015634575858712196,Empty,0.49254,0.18926,0.35739,0.13924,0.06943,0.00366,0.99698,0.06946,0.03475,-0.00059,0.9879366969751674,0.13845412644829247,0.06936524806584515,0.1385366192219164,-0.9903506103779829,0.0036433032427179365,0.06920034612888655,0.0060102739868420135,-0.9975846774596357
2.267,0.015634575858712196,Empty,0.49958,0.20106,0.34302,0.13073,0.07927,0.0003,0.99708,0.06526,0.03955,-0.00244,0.9883522011825456,0.12995484159073956,0.07919384802333447,0.13034085619737612,-0.9914691991037761,0.0002973789697303941,0.07855690691054525,0.010028278797607816,-0.9968591906588442
2.333,0.015634575858712196,Empty,0.50648,0.21164,0.33025,0.12055,0.08626,-0.00027,0.99726,0.06019,0.04303,-0.00273,0.989050500277822,0.11981910888741748,0.08615386843093581,0.1202896150417671,-0.9927388048147844,-0.00027189707027247545,0.08549570991162823,0.010632335601293329,-0.9962818060299848
2.4,0.015634575858712196,Empty,0.51517,0.22247,0.31667,0.10585,0.10492,0.00109,0.99723,0.0528,0.05239,-0.00223,0.9889349426758334,0.10508263584170263,0.10471541815466359,0.10554977659532361,-0.9944134277282219,0.0010860085107304504,0.10424453854002722,0.00997869722800591,-0.9945016348836277
2.467,0.015634575858712196,Empty,0.5196,0.23344,0.3036,0.09821,0.10202,-0.00356,0.99749,0.04911,0.05084,-0.00428,0.9900076480812976,0.09753164333775832,0.10184515348495396,0.09840302799741979,-0.9951402938679732,-0.003555221695394857,0.10100346935366378,0.013541568158846813,-0.9947939108731632
2.533,0.015634575858712196,Empty,0.52687,0.24418,0.29599,0.09,0.11128,-0.01169,0.99741,0.04524,0.05529,-0.00833,0.9897930597615878,0.08931792014394174,0.11104957446543519,0.0911613139970775,-0.9957682905433465,-0.011624387240096748,0.1095413788397791,0.021629162941314277,-0.9937468820742724
2.6,0.015634575858712196,Empty,0.53472,0.2549,0.28987,0.0801,0.12551,-0.02106,0.99715,0.04062,0.06224,-0.01301,0.9889514624550513,0.07939209543103859,0.12518745979962898,0.08263174727605,-0.9963611094342621,-0.02089339486616175,0.12307314593412277,0.03100701194883516,-0.9919130838737248
2.667,0.015634575858712196,Empty,0.53324,0.25919,0.28357,0.08392,0.11816,-0.02154,0.99729,0.04251,0.05854,-0.01322,0.989530355528722,0.08324817337776708,0.11789578922279699,0.08634321854962035,-0.9960359332689384,-0.021383831452004058,0.11564827753880932,0.0313394522342118,-0.9927957063948082
2.733,0.015634575858712196,Empty,0.53276,0.259,0.28333,0.08409,0.11736,-0.02097,0.99732,0.04257,0.05815,-0.01292,0.9896126988240991,0.0834049647306595,0.11709106791023988,0.08641099234626032,-0.9960418685737396,-0.020826340289831706,0.11489058589726801,0.030727966193856645,-0.992902787470038
2.8,0.015634575858712196,Empty,0.53391,0.2581,0.28828,0.08192,0.12606,-0.02212,0.99709,0.04156,0.06248,-0.01361,0.9887386636778961,0.081168338840863,0.12572810234097762,0.08456877605131241,-0.9961760702659492,-0.021939898511016943,0.12346650179555357,0.03232549766524213,-0.9918221035725425
2.867,0.015634575858712196,Empty,0.53523,0.25839,0.29206,0.08118,0.13306,-0.02384,0.99686,0.04128,0.06594,-0.01458,0.9878950922640631,0.08038509827280416,0.1326707302167676,0.08423083630095829,-0.9961661692967341,-0.023624761685813025,0.13026301430805223,0.034513752684139934,-0.9908785737813882
2.933,0.015634575858712196,Empty,0.53512,0.2583,0.29188,0.08116,0.13272,-0.02369,0.99688,0.04126,0.06577,-0.0145,0.9879433212875981,0.08035242537706166,0.13233095503038472,0.08416709672768985,-0.9961749586189714,-0.023480878367776445,0.12993803812456806,0.034335689253521165,-0.9909274275605776
3.0,0.015634575858712196,Empty,0.53485,0.25821,0.29139,0.08127,0.13178,-0.02338,0.99691,0.0413,0.06531,-0.01433,0.9880564732684212,0.08048030367754205,0.13140519910696244,0.08422295590534168,-0.9961775689133876,-0.02316775544543454,0.12903836379517766,0.033958385029079614,-0.9910579845575537
3.067,0.015634575858712196,Empty,0.53483,0.25815,0.29095,0.08118,0.13103,-0.02328,0.99693,0.04125,0.06494,-0.01426,0.9881618805109157,0.08040185226534907,0.13065848635826044,0.084104857840271,-0.9961899200826085,-0.02306547232278887,0.1283061603852225,0.033781433926145986,-0.9911590911297213
3.133,0.015634575858712196,Empty,0.53478,0.25815,0.2909,0.08124,0.13093,-0.02322,0.99694,0.04128,0.06489,-0.01423,0.988171074062871,0.08045516410524128,0.13055609887795458,0.08414951505859436,-0.996187144870258,-0.0230224132237778,0.1282060353526109,0.033736315211381505,-0.9911735839574839
3.2,0.015634575858712196,Empty,0.53484,0.25825,0.29082,0.08106,0.13083,-0.02333,0.99694,0.04119,0.06484,-0.01428,0.9881991236186687,0.08027042322684802,0.1304574690628241,0.08397395375862665,-0.9961994393698392,-0.02313119299478776,0.12810490689055995,0.03381325412025264,-0.9911840377429211
3.267,0.015634575858712196,Empty,0.53522,0.25856,0.29014,0.07884,0.12859,-0.02232,0.99707,0.04004,0.06376,-0.01366,0.9886628268803225,0.07809820399901413,0.12824385083557707,0.08158226407804098,-0.9964207824701563,-0.02213500507030694,0.12605613405507157,0.032346480391072845,-0.9914956158619158
3.333,0.015634575858712196,Empty,0.53834,0.26065,0.29203,0.0725,0.11641,-0.01899,0.99759,0.03673,0.05779,-0.01158,0.9906215315831177,0.07194879373672358,0.11615658502103224,0.0746250086171451,-0.9970334545689477,-0.018852017377482003,0.11445562132463788,0.027343400486045465,-0.9930519871572941
3.4,0.015634575858712196,Empty,0.54484,0.26425,0.2969,0.06376,0.10513,-0.02217,0.99803,0.03241,0.05216,-0.01274,0.9924575493174426,0.06336511942948042,0.10494224336512005,0.0660223369568182,-0.9975747037967482,-0.022039994727552872,0.10329116044258935,0.0288022913067328,-0.9942340590574765
3.467,0.015634575858712196,Empty,0.55291,0.26645,0.30173,0.05388,0.09257,-0.02573,0.99847,0.0275,0.0459,-0.01409,0.9942742871494539,0.05363107618080237,0.09242483205900084,0.0562181060225036,-0.9980898397227544,-0.025616330678861057,0.09087445443405998,0.030665607932914306,-0.9953901014282875
3.533,0.015634575858712196,Empty,0.56343,0.26947,0.30809,0.04163,0.08381,-0.02889,0.99879,0.0214,0.04158,-0.0153,0.9956258491056096,0.04146870620896265,0.08372284633293585,0.04401373471517506,-0.9986161743491976,-0.028784153359009055,0.0824133469115037,0.03234320227694672,-0.9960732691510786
3.6,0.015634575858712196,Empty,0.57315,0.27117,0.3117,0.03468,0.07603,-0.03303,0.99898,0.01795,0.03771,-0.01716,0.9965119555468198,0.03456224347452902,0.07595639392612138,0.03714996794455433,-0.998767200881789,-0.0329235223582562,0.07472484415488156,0.035630461248254704,-0.9965674427239056
3.667,0.015634575858712196,Empty,0.58164,0.27043,0.31267,0.02909,0.06361,-0.03568,0.99922,0.0151,0.03153,-0.01829,0.997555692678003,0.02902540882220983,0.06356229738149402,0.031331934479102375,-0.9988749666772674,-0.03559650021118891,0.062457584707600766,0.037501021161983394,-0.9973428314899052
3.734,0.015634575858712196,Empty,0.58957,0.26729,0.31144,0.03375,0.0583,-0.0362,0.99926,0.01739,0.02883,-0.01858,0.9977336161474719,0.033675585187340595,0.058254494861591705,0.03581792488989288,-0.9987049876210974,-0.03613065121645745,0.056962333746705264,0.03813532041341026,-0.9976477283445774
3.8,0.015634575858712196,Empty,0.59679,0.26317,0.30733,0.0416,0.05371,-0.03581,0.99925,0.02127,0.02647,-0.01845,0.9976940753784194,0.04152296041554576,0.05368776129743362,0.043476289887873554,-0.998414913947365,-0.03574173785731932,0.05211855880957144,0.037993464777574176,-0.9979179086787692
3.867,0.015634575858712196,Empty,0.60316,0.25783,0.30234,0.05249,0.04637,-0.03355,0.99924,0.02662,0.02273,-0.01737,0.9975494847866837,0.05240279040519469,0.04635701629280603,0.05398271014430728,-0.9979793612794914,-0.03351210923910582,0.04450721747422468,0.0359324646792745,-0.9983626423172968
3.933,0.015634575858712196,Empty,0.60855,0.25197,0.295,0.06409,0.04086,-0.03043,0.99915,0.03234,0.01993,-0.01586,0.9971130853713628,0.06399932159090693,0.040860516603501006,0.06526432446015373,-0.9974044296395193,-0.030413347205219793,0.038808026669248215,0.032992280481487606,-0.9987018806904641
4.0,0.015634575858712196,Empty,0.6134,0.24585,0.28678,0.07571,0.03554,-0.0262,0.99903,0.03807,0.01726,-0.01376,0.9965057285383586,0.07559337378522052,0.03552428507377127,0.07654294689861019,-0.9967226458983416,-0.026175263771084294,0.03342918291420193,0.02880293375990087,-0.9990259659971364
4.066,0.015634575858712196,Empty,0.61857,0.24149,0.2783,0.07816,0.03901,-0.01945,0.99899,0.03925,0.01911,-0.01048,0.9961878425875161,0.07802736111068709,0.03900657891859628,0.0788288755816709,-0.996698432152823,-0.019448488852194197,0.037360281789083016,0.02244919290769531,-0.999049669977641
4.133,0.015634575858712196,Empty,0.62333,0.23937,0.26828,0.08468,0.04518,-0.01641,0.99881,0.0425,0.02222,-0.00915,0.9954004715286611,0.0844835159073899,0.04517119458731085,0.08529707941290293,-0.9962206843490956,-0.016393789026592158,0.04361547344862658,0.020171356299100735,-0.9988447361131292
4.2,0.015634575858712196,Empty,0.62838,0.23902,0.25803,0.08952,0.05737,-0.01433,0.99855,0.04493,0.02833,-0.00844,0.9943568589903963,0.08925972483317152,0.05733357220215522,0.09021587002796827,-0.9958194837207663,-0.014305685485250127,0.055816966720254206,0.019397354582846586,-0.9982525776883011
4.267,0.015634575858712196,Empty,0.63288,0.23834,0.2461,0.09574,0.06828,-0.01221,0.99824,0.04803,0.0338,-0.00773,0.9931014394081008,0.09536650417333381,0.06822580836689356,0.09641207757854597,-0.9952668234640581,-0.012192678489646797,0.06674011044751871,0.01868635848743637,-0.9975953977760382
4.333,0.015634575858712196,Empty,0.63675,0.23765,0.2336,0.10132,0.07455,-0.0074,0.99801,0.05074,0.03703,-0.00558,0.9921080036680576,0.10087001884052521,0.07447783802510657,0.10169608783888212,-0.9947881833741894,-0.007374004159646411,0.07334585725211933,0.014889913303718024,-0.9971954049762561
4.4,0.015634575858712196,Empty,0.64107,0.23715,0.22147,0.1063,0.07917,-0.0034,0.9978,0.05315,0.03943,-0.0038,0.9912417555715882,0.10576365695984186,0.07908116639147786,0.10636236452330561,-0.9943216715596335,-0.003385392129040543,0.07827406610344947,0.011767001883946929,-0.9968624319545281
4.467,0.015634575858712196,Empty,0.64574,0.23726,0.21016,0.11082,0.08238,0.00166,0.99762,0.0553,0.04116,-0.00145,0.9904939479594748,0.11022406142250518,0.08229456445708311,0.11046331133935733,-0.9938788260963489,0.0016540511742501318,0.08197314135494266,0.007452202417449591,-0.9966066770675039
4.533,0.015634575858712196,Empty,0.65115,0.23753,0.19934,0.11844,0.08798,0.00945,0.99728,0.05892,0.04418,0.00211,0.989153877622426,0.11770657899161635,0.08786220829576863,0.11733306401560689,-0.993047925358425,0.009421784864747255,0.08836038972994727,0.0009895470774310096,-0.9960880796010728
4.6,0.015634575858712196,Empty,0.65676,0.23851,0.18855,0.1213,0.09524,0.01648,0.99702,0.06015,0.04801,0.00533,0.9881544095025291,0.12045722375593948,0.09508375374226355,0.11943438819924745,-0.9927066888585463,0.01639685369126931,0.09636539781570651,-0.004846353321100366,-0.9953342267616981
4.667,0.015634575858712196,Empty,0.66122,0.23974,0.17787,0.12551,0.10196,0.02192,0.99671,0.06207,0.05154,0.00773,0.9869823229743653,0.12451955800015402,0.10178788636950994,0.12292577580945319,-0.9921762293625767,0.021807877693708164,0.10370702858422867,-0.009011634885300476,-0.9945670629268414
4.733,0.015634575858712196,Empty,0.6654,0.24068,0.16679,0.13174,0.11004,0.02834,0.99627,0.06494,0.0558,0.0105,0.9853370929977691,0.13057706826831578,0.10982004555251856,0.12823253498101056,-0.9913437489743286,0.028177798740625717,0.11254879002037078,-0.013682127465234811,-0.9935519962503098
4.8,0.015634575858712196,Empty,0.66798,0.24048,0.15602,0.13714,0.11351,0.03349,0.99597,0.06745,0.05773,0.01279,0.984236259272143,0.13583088160604995,0.11326498813005642,0.13287805144482095,-0.9905741823366583,0.0332597764918568,0.11671507776721113,-0.0176850470789301,-0.9930079706284385
4.867,0.015634575858712196,Empty,0.67035,0.23932,0.14669,0.14163,0.11339,0.04159,0.99576,0.06945,0.05798,0.0167,0.9836289250574359,0.14024764048800087,0.11315801839861656,0.13637395367319471,-0.9897955421540023,0.041315003226500426,0.117797633889202,-0.025206825853583574,-0.9927176503822688
4.933,0.015634575858712196,Empty,0.6729,0.23836,0.14011,0.14686,0.11076,0.04783,0.99559,0.07191,0.05694,0.01975,0.9831734855885281,0.14543015022365546,0.11054396700692948,0.14093187614976221,-0.9888785201955482,0.04751293066914181,0.11622436715513744,-0.031134284989182318,-0.9927348854440444
5.0,0.015634575858712196,Empty,0.67522,0.23775,0.13554,0.15044,0.10974,0.04661,0.9955,0.07374,0.05642,0.01908,0.9827591042713157,0.14896243984856378,0.10952047519164534,0.14465703663249496,-0.9883978768586692,0.046303118404484256,0.11514723064210372,-0.029661903776353565,-0.9929054772433358
5.067,0.015634575858712196,Empty,0.67885,0.23643,0.13299,0.1553,0.11874,0.04353,0.99509,0.07613,0.06083,0.01706,0.9810095746796679,0.1535841210829368,0.11845730090627113,0.14943352552529238,-0.9878270620171423,0.0432124634296903,0.12365207574439989,-0.02469034827138677,-0.9920184226446295
5.133,0.015634575858712196,Empty,0.68242,0.23421,0.12964,0.16134,0.14188,0.03643,0.99418,0.07908,0.0721,0.0124,0.9770977947144666,0.15901773792412205,0.1413975197435276,0.15544235134297396,-0.9871868311569392,0.036053235628561484,0.14531887342356334,-0.01324837408198984,-0.9892961667827739
5.2,0.015634575858712196,Empty,0.68557,0.22979,0.12478,0.17209,0.16384,0.03356,0.99294,0.08427,0.08295,0.00963,0.9720350655246377,0.1689574700334593,0.16309875753789882,0.1657613644396309,-0.9856098920509991,0.03311058366034904,0.16634602925716438,-0.005149175769955561,-0.9860539967665386
5.267,0.015634575858712196,Empty,0.68838,0.22363,0.11826,0.18155,0.18331,0.0322,0.99171,0.08879,0.09259,0.00767,0.9670867313468684,0.17751864435138454,0.18229203208170325,0.17467894767322822,-0.9841166623398114,0.03164901491236778,0.1850149164056876,0.001235237951296155,-0.9827349362338759
5.333,0.015634575858712196,Empty,0.68888,0.21542,0.11131,0.17765,0.18037,0.0357,0.992,0.08673,0.09127,0.00972,0.9682981947444045,0.1738369859849498,0.17938592017880195,0.1702882414672635,-0.9847683789471332,0.035116301682011034,0.18275809386375766,-0.003455738633556091,-0.9831518382212294
5.4,0.01563424803316593,Empty,0.68883,0.21186,0.10885,0.17361,0.17625,0.03747,0.99234,0.0847,0.08928,0.01096,0.9697118757384284,0.17005221617886784,0.17533146273420003,0.16613997477604542,-0.9854128194273838,0.03686575768365004,0.17904297482245327,-0.0066195982378235065,-0.9838189844101891
5.467,0.01563424803316593,Empty,0.68908,0.21315,0.11008,0.17499,0.17826,0.03684,0.9922,0.08539,0.09026,0.0105,0.969125829966411,0.17133448045838767,0.17731221474554437,0.16754188655670138,-0.9851979411264221,0.03625924777598241,0.18090008828338636,-0.005432550626841102,-0.9834864744635536
5.533,0.01563424803316593,Empty,0.68911,0.21583,0.11187,0.17807,0.18101,0.03572,0.99195,0.08693,0.09159,0.00968,0.9681115107686009,0.17422416989081552,0.18001678072666732,0.17067801675948868,-0.9847005500772641,0.0351260768173865,0.18338243457971784,-0.003281052177198668,-0.9830361729785052
5.6,0.015634575858712196,Empty,0.68895,0.21786,0.1128,0.18042,0.18244,0.03484,0.99179,0.08812,0.09227,0.00907,0.967442872295669,0.17645730268765475,0.18143072830285076,0.17310918543881482,-0.9843067711547016,0.034254783253081025,0.18462800102101393,-0.0017322203101487969,-0.982806949838971
5.667,0.015634575858712196,Empty,0.68883,0.21827,0.11285,0.18091,0.18249,0.03465,0.99176,0.08837,0.09229,0.00895,0.9673469472026381,0.17694276729830638,0.18146939366888853,0.17363977495209149,-0.9842200935482427,0.03405930137972886,0.18463237065131288,-0.0014368565361770008,-0.9828066051624658
5.733,0.015634575858712196,Empty,0.68889,0.21805,0.11283,0.18063,0.18247,0.03472,0.99178,0.08823,0.09228,0.009,0.9673997986669667,0.17667409125295036,0.18144942826874896,0.1733525838517681,-0.9842681618061735,0.034133082582909424,0.18462532656986014,-0.0015656099897759627,-0.9828077317839599
5.8,0.015634575858712196,Empty,0.68893,0.21794,0.11284,0.1805,0.18246,0.03477,0.99178,0.08816,0.09228,0.00903,0.9674215639768049,0.17654583502946175,0.18145822022279112,0.17321374456481997,-0.9842910655268965,0.03417743433553501,0.18464158861563698,-0.0016329291707403346,-0.9828045671932021
5.867,0.015634575858712196,Empty,0.68892,0.21797,0.11283,0.18056,0.18246,0.03475,0.99178,0.08819,0.09228,0.00902,0.9674143617102315,0.17659135406224608,0.18145232549418483,0.17326170246081035,-0.9842829269750938,0.034168730232827196,0.1846343283822561,-0.0016165815180441306,-0.9828059581865735
5.933,0.015634575858712196,Empty,0.68894,0.21792,0.11283,0.18048,0.18246,0.03478,0.99178,0.08815,0.09228,0.00904,0.9674259949080249,0.17652642784279982,0.18145347792004052,0.1731913448190619,-0.9842945149909954,0.034191604794237246,0.18463938489927512,-0.0016516754224992268,-0.9828049498818756
6.0,0.015634575858712196,Empty,0.68892,0.21795,0.11283,0.18054,0.18246,0.03477,0.99178,0.08818,0.09228,0.00903,0.967418875038266,0.17656893638511534,0.18145007832328197,0.1732358957318711,-0.9842869145033475,0.034184709556413354,0.18463489553622378,-0.001637266413623315,-0.9828058173968133
6.067,0.015634575858712196,Empty,0.68894,0.21792,0.11283,0.1805,0.18246,0.03479,0.99178,0.08816,0.09228,0.00904,0.9674241299636708,0.1765302421359684,0.18145971006107814,0.17319469897252487,-0.984293829396756,0.034194351277457805,0.18464601000793557,-0.0016525806745968066,-0.9828037036790526
6.133,0.015634575858712196,Empty,0.68893,0.21793,0.11284,0.1805,0.18248,0.03477,0.99178,0.08816,0.09229,0.00903,0.9674209128519693,0.17654425889445496,0.181463225001846,0.1732099299284186,-0.9842913296749853,0.03418915765036422,0.18464857852378727,-0.0016440736166006943,-0.9828032353788261
6.2,0.015634575858712196,Empty,0.68893,0.21794,0.11284,0.18052,0.18246,0.03477,0.99178,0.08817,0.09228,0.00903,0.9674203340021617,0.17655385861672623,0.18145697111627068,0.1732197509084651,-0.9842896093748658,0.03418892762113401,0.1846423983118595,-0.0016431324410482284,-0.9828043980678078
6.267,0.015634575858712196,Empty,0.68893,0.21792,0.11284,0.1805,0.18246,0.03479,0.99178,0.08816,0.09228,0.00904,0.9674231621498277,0.17653837268300482,0.18145695992842142,0.17320257016777824,-0.9842923693167405,0.034196511402675156,0.18464369749142287,-0.001653685361234595,-0.9828041362862806
6.333,0.015634575858712196,Empty,0.68893,0.21794,0.11284,0.18052,0.18246,0.03477,0.99178,0.08817,0.09228,0.00903,0.967420103204769,0.1765533472976839,0.181458699083998,0.17321963704651328,-0.9842897050848674,0.03418674897410813,0.1846437143710764,-0.0016407382265045938,-0.9828041548148465
6.4,0.015634575858712196,Empty,0.68893,0.21792,0.11284,0.1805,0.18246,0.03479,0.99178,0.08816,0.09228,0.00904,0.9674225740579023,0.17654181097655308,0.18145675016460908,0.17320581948905106,-0.98429175143971,0.03419783827779496,0.1846437307311264,-0.0016543956198391543,-0.9828041288460403
6.467,0.015634575858712196,Empty,0.68859,0.21764,0.11243,0.18056,0.18324,0.03462,0.99174,0.08819,0.09266,0.00892,0.9672737932433981,0.17657452905904863,0.18221647727937074,0.173268184585053,-0.9842863459235272,0.03403711854887917,0.1853632787666646,-0.001350894550169458,-0.9826691355531556
6.533,0.015634575858712196,Empty,0.68678,0.21672,0.11168,0.18287,0.17897,0.03543,0.99183,0.08935,0.09059,0.00941,0.9676205500332292,0.17894458588762696,0.17801490481107715,0.17553369583192208,-0.9838560179763712,0.03486054387506041,0.18137914097540925,-0.0024841644841873305,-0.9834101057777668
6.6,0.015634575858712196,Empty,0.68521,0.2159,0.11238,0.1755,0.1515,0.0354,0.99326,0.08604,0.07692,0.01095,0.9733610321737274,0.1726084026720277,0.15091269122478582,0.16923975937899394,-0.9849537300681759,0.034986475531657825,0.15468097779312295,-0.008514044385496198,-0.9879277838775289
6.667,0.015634575858712196,Empty,0.6869,0.21548,0.11747,0.17062,0.13221,0.03939,0.9941,0.08371,0.06748,0.01395,0.9768777877715562,0.16831109519304782,0.1318376387586922,0.16454474101616912,-0.9855967775193918,0.03903870319711175,0.13650939880635501,-0.016442851890932614,-0.990502305226606
6.733,0.015634575858712196,Empty,0.68792,0.21438,0.12298,0.17118,0.1102,0.0429,0.9947,0.08416,0.05669,0.01663,0.9794077840999404,0.1693127595996508,0.10997082286313592,0.16554207595545428,-0.9852811557012473,0.04262470302972793,0.11556908554108652,-0.023542167630970872,-0.9930204191306603
6.8,0.015634575858712196,Empty,0.69112,0.21257,0.12967,0.17274,0.08695,0.05003,0.99511,0.08507,0.04544,0.02115,0.9813966962870279,0.17122951595791913,0.086838801130162,0.16738459071433925,-0.9846315226327575,0.0498313498642255,0.09403681889717581,-0.0343688449429779,-0.9949753058186847
6.867,0.015634575858712196,Empty,0.69656,0.21056,0.13632,0.17086,0.06628,0.0573,0.99548,0.0843,0.03544,0.0257,0.9832755312505477,0.1696589510669536,0.06621986081844757,0.1660158016235898,-0.9844659092941723,0.057145665180089726,0.07488646910644386,-0.045196391011441545,-0.9961673067232787
6.933,0.015634575858712196,Empty,0.70137,0.20829,0.14088,0.16956,0.04141,0.06289,0.99576,0.08397,0.02328,0.02957,0.9848142319403943,0.16860175955367718,0.04140501470903871,0.1658473011622697,-0.9841493482969308,0.0628071090237226,0.051338107336004496,-0.054986424889515724,-0.9971664313508685
7.0,0.015634575858712196,Empty,0.70659,0.20619,0.14439,0.1697,0.02123,0.06864,0.99579,0.08433,0.01348,0.03329,0.9854129532169604,0.1688503687816177,0.02123357234523906,0.16705503020726953,-0.9835595461819118,0.06858014287590883,0.032464265195397086,-0.06403258605384829,-0.9974196205251727
7.067,0.015634575858712196,Empty,0.71192,0.20455,0.14694,0.16921,0.00462,0.0751,0.99573,0.08436,0.00547,0.03721,0.9857060404191322,0.1684112924065816,0.004608521582988745,0.1675975729031421,-0.9829964517227789,0.07502685824024505,0.017165530525210908,-0.0731820503290989,-0.9971708640305419
7.134,0.01563424803316593,Empty,0.71473,0.20345,0.14657,0.17131,-0.01484,0.08151,0.99545,0.08578,-0.0039,0.04123,0.9852518589822787,0.1704666907572781,-0.014828409025475844,0.17110905956939831,-0.981882542861957,0.0814147514656508,-0.0006812526993554975,-0.08275131035337223,-0.996569995800375
7.2,0.01563424803316593,Empty,0.71737,0.20403,0.14439,0.16679,-0.02366,0.0855,0.9955,0.08372,-0.00822,0.04357,0.9858454664184626,0.1659784498336807,-0.023661583484048017,0.16741098586546932,-0.9821842038016895,0.0853683291039071,-0.009070730605408752,-0.0881211892410086,-0.9960684604248017
7.267,0.01563424803316593,Empty,0.71917,0.20562,0.14075,0.16109,-0.02815,0.08993,0.9956,0.081,-0.0104,0.04593,0.9866625412384242,0.16032730000615514,-0.028145809451343068,0.1622377470673811,-0.9826593304302305,0.08977501737628452,-0.013264356125928583,-0.09314395949898235,-0.9955642920803338
7.333,0.015634575858712196,Empty,0.72003,0.20875,0.13515,0.15271,-0.03203,0.09621,0.99575,0.07695,-0.01228,0.04916,0.9878559438703541,0.1520387874228623,-0.032013142285594924,0.15445288774414118,-0.9833229568553867,0.09602222653466655,-0.01688015484252914,-0.09980064949771014,-0.9948642574403442
7.4,0.015634575858712196,Empty,0.71852,0.21366,0.12885,0.14725,-0.03764,0.0983,0.99584,0.07438,-0.01513,0.05037,0.9884767615125094,0.14662260086380902,-0.03762319584609968,0.14967050432723306,-0.9838604436260376,0.09806817833735927,-0.022636962785973488,-0.1025691980270322,-0.9944682637127831
7.467,0.015634575858712196,Empty,0.71758,0.21802,0.12358,0.13885,-0.04275,0.10105,0.99602,0.07034,-0.01779,0.05185,0.9894729662985515,0.13826689343784104,-0.04272604759855922,0.1419556710001451,-0.9847297747868604,0.10077627756132627,-0.02813958839862765,-0.10578060704716927,-0.9939912608959336
7.533,0.01563424803316593,Empty,0.71667,0.2222,0.11903,0.13062,-0.04494,0.10366,0.9962,0.06632,-0.01901,0.05315,0.990480909969517,0.13011576712611467,-0.04491607875961772,0.13415653715976972,-0.9855526461017972,0.10338280949483424,-0.030815426708984697,-0.10842448481283447,-0.9936269624812998
7.6,0.01563424803316593,Empty,0.71508,0.22582,0.115,0.12071,-0.04671,0.10774,0.99638,0.06147,-0.02003,0.05514,0.9916404169428934,0.12028548068409006,-0.04669782245374734,0.12470344086697366,-0.9863630870208708,0.1074100200102188,-0.033141142425413724,-0.11233549616775522,-0.9931175161980994
7.667,0.01563424803316593,Empty,0.71309,0.22837,0.11169,0.11156,-0.0492,0.11209,0.9965,0.05702,-0.0214,0.05728,0.9925809292264995,0.11119105849484245,-0.049189912041550495,0.11609497811633629,-0.9869355002799669,0.11171514822663431,-0.03612554486822742,-0.11659702739747714,-0.9925220794572004
7.733,0.015634575858712196,Empty,0.71132,0.23103,0.1093,0.10111,-0.04888,0.11626,0.99667,0.05185,-0.02143,0.05924,0.9937040072416432,0.10081870660145237,-0.04886649558860015,0.10589760102804796,-0.9876035709593116,0.11586580481280909,-0.03657928496300527,-0.12031115919824686,-0.992062085196269
7.8,0.015634575858712196,Empty,0.70914,0.23383,0.10634,0.09198,-0.04693,0.11865,0.99685,0.04727,-0.02067,0.06029,0.9946761238585382,0.09175162697701633,-0.04691532343301671,0.09673704621796025,-0.9882612610572854,0.11824391647137003,-0.03551552498244092,-0.12215285031686539,-0.99187566188746
7.867,0.015634575858712196,Empty,0.70598,0.23659,0.10236,0.08527,-0.04663,0.12015,0.99696,0.04393,-0.02069,0.06096,0.9952831634395631,0.08507691490077463,-0.04661912831340785,0.09012298058919116,-0.9887075584991256,0.11972974624719625,-0.0359064471015429,-0.1233664553987998,-0.9917113716898077
7.933,0.015634575858712196,Empty,0.7034,0.2389,0.09865,0.07604,-0.04615,0.12231,0.99709,0.03934,-0.02069,0.06193,0.9960488055477348,0.07588642969125065,-0.04613054037886035,0.08101150013228836,-0.9892344488849454,0.12187018497407028,-0.03638562646495228,-0.12512575645330884,-0.9914734647274936
8.0,0.015634575858712196,Empty,0.70125,0.24122,0.09514,0.06755,-0.04395,0.12448,0.99721,0.03506,-0.01982,0.06289,0.9967564779512801,0.0674219990832225,-0.04394084320744643,0.07240812282959008,-0.9896322187026627,0.12403683103796267,-0.03512246304652381,-0.12681618881383824,-0.9913042251722116
8.067,0.015634575858712196,Empty,0.69839,0.2434,0.09197,0.06444,-0.04127,0.12278,0.99735,0.03341,-0.01861,0.06197,0.9970752894748869,0.06432919344655896,-0.04126284029348969,0.06894214892284029,-0.9900883677776533,0.12236014094991529,-0.03298252901873571,-0.12484702183831783,-0.9916276387423006
8.133,0.015634575858712196,Empty,0.69512,0.2444,0.08887,0.06316,-0.03849,0.1204,0.99747,0.03267,-0.0173,0.06073,0.9972666890866688,0.06306944361213457,-0.03848890905921857,0.06727291567041627,-0.9904896550199054,0.12001915728645113,-0.030553324783304,-0.12228036874741836,-0.9920252041977973
8.2,0.015634575858712196,Empty,0.69201,0.24446,0.08623,0.06221,-0.03644,0.1188,0.99755,0.03212,-0.01633,0.05989,0.9974035389336329,0.062123545852777795,-0.03642589152433973,0.06603545475421896,-0.9907629640826219,0.11844014402904504,-0.028731502537608793,-0.12053801911801625,-0.9922928432217157
8.267,0.015634575858712196,Empty,0.6892,0.24461,0.08431,0.06101,-0.0312,0.11727,0.99767,0.03136,-0.01378,0.05904,0.9976534978724956,0.060940542029210676,-0.03120494383844885,0.06419557778933271,-0.9910621427576065,0.11693911657351777,-0.02379970535675663,-0.11866793808728232,-0.9926487266374971
8.333,0.015634575858712196,Empty,0.68552,0.2445,0.08199,0.06259,-0.02687,0.11535,0.99773,0.03201,-0.0116,0.05803,0.9976815424124148,0.0625303335419029,-0.02686070208917743,0.06522283550929714,-0.9912148699263699,0.11506112881845432,-0.01942991656472919,-0.11654629562533561,-0.9929951859492065
8.4,0.015634575858712196,Empty,0.68283,0.24404,0.07998,0.06205,-0.02185,0.11633,0.99775,0.0316,-0.0091,0.05844,0.9978367561111227,0.06200218942566754,-0.02185261220210006,0.06412940978070619,-0.9911715841412885,0.11604442938817325,-0.014464679561261587,-0.1171947921081484,-0.9930036020820457
8.467,0.015634575858712196,Empty,0.68109,0.24384,0.07796,0.0601,-0.01809,0.11622,0.9978,0.03052,-0.00728,0.05832,0.9980306645034921,0.06006567151164921,-0.01808059226276859,0.0617629991828581,-0.991334536888766,0.1159360509223671,-0.010960138806425667,-0.11682444554711176,-0.9930921026168489
8.533,0.015634575858712196,Empty,0.68002,0.24322,0.07599,0.05721,-0.01209,0.11835,0.99781,0.02891,-0.00434,0.05929,0.9982908912657186,0.0571750181778537,-0.012096020513337392,0.05820517231039696,-0.9912971046980977,0.11807712790157879,-0.005239688179078667,-0.11857937220921232,-0.9929307519430827
8.6,0.015634575858712196,Empty,0.67839,0.24353,0.07343,0.05584,-0.00625,0.11463,0.99796,0.02805,-0.00152,0.05735,0.9984217253036249,0.05581122559044266,-0.006258237757170715,0.056160728059390375,-0.9918487995416212,0.11437627145384607,0.00017625428160866543,-0.11454722146755625,-0.9934177887417209
8.667,0.015634575858712196,Empty,0.67677,0.24361,0.07053,0.05465,-5e-05,0.11176,0.99807,0.02728,0.0015,0.05583,0.9985074308739117,0.05461599315362847,-6.149327473092131e-05,0.05428206513359424,-0.9922768700790316,0.11153506404262545,0.006030579939960633,-0.11137192823150333,-0.9937604971559215
8.733,0.01563424803316593,Empty,0.67566,0.24311,0.0678,0.05253,0.00686,0.1117,0.9981,0.02603,0.00489,0.05571,0.9985973912745996,0.05249817533786366,0.006869623407369796,0.051407589928697484,-0.9924381074971949,0.11146238147962419,0.012669247700121554,-0.11095289258771636,-0.9937449098179731
8.8,0.01563424803316593,Empty,0.67492,0.24275,0.06494,0.05142,0.01591,0.11046,0.99812,0.02523,0.00936,0.05498,0.9985514058524202,0.051398211588621845,0.015915832232289234,0.049339276255796705,-0.9926816960968077,0.11022107807910131,0.021464521627776838,-0.10927613682710607,-0.9937796537620572
8.867,0.015634575858712196,Empty,0.6743,0.24219,0.06162,0.0491,0.02398,0.11183,0.99808,0.02384,0.01334,0.05557,0.9985073655790782,0.049071816880278396,0.023979109082643085,0.04610651823939116,-0.9926868794454846,0.11156589242517952,0.029278488010305113,-0.11029377210366155,-0.9934676914600576
8.933,0.015634575858712196,Empty,0.67424,0.24196,0.05887,0.04881,0.03284,0.1166,0.99789,0.0234,0.01781,0.05784,0.9982702827996107,0.048762721633027195,0.032842646941515945,0.04464186492672728,-0.9922145288277469,0.11626449448991913,0.038256324641148816,-0.114597232785406,-0.9926751371233585
