time,gr,gr_state,tx,ty,tz,rx,ry,rz,qw,qx,qy,qz,xx,xy,xz,yx,yy,yz,zx,zy,zz
0.0,0.01585685834288597,Empty,0.30732,-0.00038,0.48555,-0.00378,0.00125,0.0044,1.0,-0.00189,0.00062,0.0022,0.999992115509551,-0.0037688370015923622,0.0012509142205744137,-0.003774311525856222,-0.9999831826296716,0.0044032976663047375,0.001234297872312922,-0.0044079842885069165,-0.9999895230367539
0.067,0.01585685834288597,Empty,0.30732,-0.00038,0.48555,-0.00376,0.00125,0.0044,1.0,-0.00188,0.00062,0.0022,0.9999921260680773,-0.0037642983719832213,0.001256128820589775,-0.003769796115426438,-0.9999831989777553,0.004403453129399755,0.0012395318048957387,-0.004408153806457923,-0.9999895158155025
0.133,0.01585685834288597,Empty,0.30732,-0.00038,0.48555,-0.00378,0.00125,0.0044,1.0,-0.00189,0.00062,0.0022,0.9999921157919702,-0.0037675629547638256,0.0012545211359142028,-0.003773052468052651,-0.9999831906590355,0.004402553173821806,0.0012379131519966538,-0.004407251837244807,-0.9999895217962391
0.2,0.01585685834288597,Empty,0.30732,-0.00038,0.48555,-0.00378,0.00125,0.0044,1.0,-0.00189,0.00062,0.0022,0.9999920994537547,-0.0037712086447935778,0.0012565888068574432,-0.003776706270877783,-0.9999831803008086,0.0044017729637262516,0.001239967667158564,-0.004406483954142163,-0.9999895226347857
0.267,0.01585685834288597,Empty,0.30732,-0.00038,0.48555,-0.00378,0.00125,0.0044,1.0,-0.00189,0.00062,0.0022,0.9999921151435742,-0.003768098426707278,0.0012534292669613908,-0.003773587366731168,-0.999983173528953,0.004405984265690426,0.001236805993790618,-0.0044106794499839735,-0.999989508053821
0.333,0.015856530517339706,Empty,0.30732,-0.00038,0.48555,-0.00378,0.00127,0.0044,1.0,-0.00189,0.00063,0.0022,0.9999921022342132,-0.0037696671407506654,0.001258999144998077,-0.003775182348713324,-0.9999831614259445,0.004407364610179992,0.0012423636476994139,-0.004412082753195807,-0.9999894949739951
0.4,0.015856530517339706,Empty,0.30732,-0.00038,0.48555,-0.00378,0.00125,0.00442,1.0,-0.00189,0.00062,0.00221,0.9999920925474933,-0.003773192292772176,0.001256129932392935,-0.0037786958129997217,-0.9999831445887263,0.004408173816331233,0.0012394758723372735,-0.004412885491822256,-0.9999894950154214
0.467,0.015856530517339706,Empty,0.30732,-0.00038,0.48555,-0.00378,0.00125,0.0044,1.0,-0.00189,0.00062,0.0022,0.999992105631881,-0.003769639236982314,0.0012563812879173887,-0.0037751359593887757,-0.9999831862418038,0.004401770345867357,0.001239767077218422,-0.004406478606850589,-0.9999895229070562
0.533,0.015856530517339706,Empty,0.30732,-0.00038,0.48555,-0.00378,0.00125,0.0044,1.0,-0.00189,0.00062,0.0022,0.9999920962145854,-0.0037729912339511396,0.001253812389310586,-0.003778475764566802,-0.9999831766236152,0.004401089710508792,0.0012371860230554275,-0.004405792424966454,-0.9999895291271067
0.6,0.015856530517339706,Empty,0.30732,-0.00038,0.48555,-0.00376,0.00125,0.0044,1.0,-0.00188,0.00062,0.0022,0.9999921313488322,-0.0037635106383741013,0.0012542838970836824,-0.003768998298385229,-0.9999832089491636,0.004401871370238644,0.0012376963466084764,-0.004406564127322148,-0.999989525095311
0.667,0.015856530517339706,Empty,0.30733,-0.00037,0.48555,-0.00378,0.00127,0.00442,1.0,-0.00189,0.00063,0.00221,0.9999920972895397,-0.003768537212035683,0.0012662881778719218,-0.003774093930326794,-0.9999831325640844,0.004414838878844834,0.0012496293342371325,-0.004419583080177596,-0.9999894528003406
0.733,0.015856530517339706,Empty,0.30744,-0.00063,0.48563,-0.00182,0.00123,0.00726,0.99999,-0.00091,0.00061,0.00363,0.9999976070511419,-0.0018130382486160057,0.001224248462888614,-0.0018218703063734853,-0.9999720434544876,0.007252109902843468,0.001211065884493627,-0.007254322970837518,-0.9999729536930777
0.8,0.015856530517339706,Empty,0.30753,-0.00056,0.4856,-6e-05,-0.0005,0.0079,0.99999,-3e-05,-0.00025,0.00395,0.9999998777871717,-6.222562717428382e-05,-0.0004904626526703966,-5.835039721835411e-05,-0.9999688146875065,0.007897230381253124,-0.0004909387675526699,-0.007897200797419656,-0.9999686961093792
0.867,0.015856530517339706,Empty,0.30768,-0.001,0.48547,0.00409,-0.00222,0.00858,0.99999,0.00205,-0.0011,0.00429,0.9999891817690825,0.004085519743749599,-0.0022237070905652546,0.004104428873862476,-0.9999548846617448,0.008566347222478468,-0.0021886087865585404,-0.008575381597345623,-0.9999608356440963
0.933,0.015856530517339706,Empty,0.30824,-0.00107,0.48539,0.00646,-0.00507,0.00904,0.99998,0.00324,-0.00252,0.00453,0.9999662953762365,0.006463656704218779,-0.0050625342996665915,0.006509227057044875,-0.9999379762685373,0.009037343586562864,-0.005003806015937004,-0.009069992171538067,-0.9999463471443673
1.0,0.015856530517339706,Empty,0.30923,-0.00094,0.48525,0.00877,-0.00736,0.00913,0.99997,0.0044,-0.00366,0.00458,0.9999344826820796,0.008774063002101373,-0.007351609467126024,0.008841066392758279,-0.9999192202615835,0.009131730203252267,-0.007270893229914792,-0.009196127984173866,-0.9999312803096709
1.067,0.01585685834288597,Empty,0.31014,-0.00095,0.4841,0.01073,-0.01123,0.00888,0.99996,0.00539,-0.00559,0.00447,0.9998792609360344,0.010732323651342635,-0.011237472093525366,0.010832378517415808,-0.9999018889380316,0.00888099509129374,-0.0111410558595387,-0.009001651359555296,-0.9998974183120665
1.133,0.01585685834288597,Empty,0.31069,-0.00046,0.4813,0.01217,-0.01191,0.00879,0.99995,0.00611,-0.00593,0.00443,0.999855138932408,0.012159183686367925,-0.011910306567711382,0.012264130975636667,-0.9998862587322899,0.008778421826090671,-0.011802213430883798,-0.008923219734239565,-0.9998905359626654
1.2,0.01585685834288597,Empty,0.31177,3e-05,0.47856,0.01386,-0.01078,0.00795,0.99995,0.00695,-0.00536,0.00401,0.9998458101100096,0.013866139439429548,-0.01077432979379169,0.013952064583067136,-0.9998711305427066,0.007941171268755244,-0.010662827923633534,-0.008090270965553164,-0.9999104217960603
1.267,0.01585685834288597,Empty,0.31295,0.00062,0.47535,0.01513,-0.01022,0.00568,0.99995,0.00758,-0.00509,0.00288,0.9998333633626755,0.0151229665769948,-0.010224548341652234,0.015181598637731941,-0.9998686120376299,0.0056813488492069315,-0.010137286110320779,-0.005835627117514288,-0.9999315881031376
1.333,0.01585685834288597,Empty,0.31442,0.00157,0.47278,0.01624,-0.01078,0.00291,0.99995,0.00813,-0.00538,0.0015,0.9998098562793665,0.01624577048576631,-0.010785463733958642,0.01627812772701459,-0.999863241365899,0.0029190962609916115,-0.010736565760788503,-0.0030941083694241206,-0.999937574376052
1.4,0.01585685834288597,Empty,0.31621,0.00219,0.46924,0.01821,-0.00872,0.00246,0.99995,0.00911,-0.00435,0.00127,0.9997960226816522,0.018212741609893113,-0.008729780810576064,0.018234891221094507,-0.9998306934128613,0.002464396825185559,-0.008683419378579322,-0.002623080747594667,-0.9999588579913115
1.467,0.01585685834288597,Empty,0.3184,0.00305,0.46577,0.02093,-0.007,0.00223,0.99994,0.01047,-0.00349,0.00115,0.9997562745277495,0.020935412235598472,-0.007007143278201697,0.02095140571385784,-0.9997780373966894,0.0022168756926966753,-0.006959176747936269,-0.002363144885338286,-0.9999729923379141
1.533,0.01585685834288597,Empty,0.32055,0.00446,0.46188,0.02333,-0.00321,0.00392,0.99993,0.01167,-0.00158,0.00198,0.9997225493885332,0.023334232617850614,-0.0032152499479796274,0.023346763810988602,-0.999719755076246,0.003916622249403712,-0.0031229575158593396,-0.003990601261294505,-0.9999871610365442
1.6,0.015856530517339706,Empty,0.32256,0.00622,0.45741,0.02722,-0.00219,0.00519,0.9999,0.01361,-0.00106,0.00261,0.9996272523219023,0.027213008983058284,-0.0021928423226355107,0.02722407446505898,-0.9996159086159511,0.005185075836265287,-0.0020508985554827277,-0.005242841213968122,-0.9999841530899978
1.667,0.015856530517339706,Empty,0.32495,0.00751,0.45365,0.03024,-0.00108,0.00632,0.99988,0.01512,-0.00049,0.00317,0.999542242670129,0.030234664219780716,-0.0010817566667249332,0.030240907192654598,-0.9995226903627275,0.006314980777517349,-0.0008903090104799093,-0.006344803351741907,-0.9999794751995131
1.733,0.015856530517339706,Empty,0.32733,0.00826,0.45013,0.0323,-0.00029,0.00684,0.99986,0.01615,-9e-05,0.00342,0.9994782054175497,0.03229911197077845,-0.0002902778213985484,0.03230034152172445,-0.9994548714382707,0.006829926492251938,-6.95190221416908e-05,-0.006835738746377102,-0.9999766336484551
1.8,0.015856530517339706,Empty,0.32999,0.00896,0.44664,0.03423,0.0012,0.0072,0.99985,0.01711,0.00066,0.00359,0.9994136995000609,0.03421733211812844,0.0011964256431863832,0.03420786146639143,-0.9993888093791979,0.007199298682867433,0.0014420351931042103,-0.007154150567793504,-0.9999733689774719
1.867,0.015856530517339706,Empty,0.33231,0.01056,0.44275,0.03507,0.00324,0.00782,0.99984,0.01753,0.00169,0.00388,0.9993798325950305,0.03506378408465799,0.003237475558651362,0.035037585776700186,-0.9993553813474452,0.007822362484723363,0.0035096702507153663,-0.007704077982894268,-0.9999641640564749
1.934,0.015856530517339706,Empty,0.33386,0.01289,0.43885,0.03611,0.00305,0.0081,0.99983,0.01805,0.0016,0.00402,0.9993430953674589,0.03611242420190702,0.0030447593743186305,0.03608676725155813,-0.9993158504359778,0.008097919285243746,0.0033351117999015577,-0.0079827242016733,-0.9999625758715186
2.0,0.015856530517339706,Empty,0.33566,0.01546,0.43576,0.03671,0.00564,0.00885,0.99982,0.01834,0.0029,0.00437,0.9993106271862064,0.0366953436406357,0.00563224180998744,0.03664468821314204,-0.9992891877016019,0.008847947131053555,0.005952916803729674,-0.008635455851775505,-0.9999449943290681
2.067,0.015856530517339706,Empty,0.33712,0.01806,0.43265,0.03836,0.00699,0.01012,0.9998,0.01916,0.00359,0.00499,0.9992398187654821,0.03835380266288235,0.006983581804715265,0.038282205371434896,-0.9992157974389108,0.010112512072706614,0.007365958554440989,-0.009837477817918775,-0.9999244804907801
2.134,0.015856530517339706,Empty,0.33876,0.02077,0.42988,0.03967,0.00966,0.01297,0.99977,0.0198,0.00496,0.00639,0.9991664826772,0.03965915447871182,0.009669093054995831,0.039532418485245024,-0.9991341872512103,0.012963940549489062,0.010174860351864566,-0.012570892247446449,-0.9998692138899581
2.2,0.01585685834288597,Empty,0.34028,0.02348,0.42651,0.04081,0.01178,0.01496,0.99975,0.02036,0.00604,0.00736,0.9990975459329627,0.040808033955657075,0.011781259499971988,0.04063021314044024,-0.9990622857059219,0.014957775911572635,0.012380609471837264,-0.014465602121320701,-0.9998187170004238
2.267,0.01585685834288597,Empty,0.34188,0.02644,0.42356,0.03965,0.01443,0.01671,0.99974,0.01976,0.00738,0.00821,0.9991106120221116,0.03962257253415091,0.014423477062657699,0.03938047015642521,-0.9990847372834082,0.016699290332298403,0.015071944634318858,-0.016116434876219717,-0.9997565188643786
2.333,0.01585685834288597,Empty,0.34329,0.02967,0.42062,0.03955,0.01655,0.01767,0.99973,0.0197,0.00845,0.00867,0.9990807008967507,0.03954287032074344,0.016556403669108908,0.03924982195998927,-0.9990732535496094,0.01766594231586458,0.01723962214686715,-0.016999866134625324,-0.9997068570234168
2.4,0.01585685834288597,Empty,0.34457,0.03294,0.41798,0.03799,0.01698,0.01913,0.99974,0.01891,0.00867,0.0094,0.9991343415232496,0.03797342116257851,0.016987844893081586,0.03764735892672455,-0.9991081771334298,0.01911875390702518,0.017698699238767483,-0.018462656101559297,-0.9996728896868871
2.467,0.01585685834288597,Empty,0.3462,0.03697,0.41593,0.03456,0.0183,0.01962,0.99976,0.01719,0.00932,0.00965,0.9992350246423929,0.03455480373232733,0.018312047043869642,0.034194772177393584,-0.9992225389909684,0.019622311998815478,0.01897585528119091,-0.018981125136910273,-0.9996397520131359
2.533,0.01585685834288597,Empty,0.34763,0.04124,0.41406,0.03241,0.0188,0.01983,0.99978,0.01611,0.00956,0.00976,0.9992980883965532,0.03239563898678899,0.01881098353707287,0.03202208278106744,-0.9992904024280302,0.019831233687988666,0.01944008079604727,-0.019214947042934964,-0.9996263647327336
2.6,0.01585685834288597,Empty,0.34895,0.04558,0.41233,0.02746,0.01982,0.02204,0.9998,0.01362,0.01006,0.01088,0.999426592729178,0.027458984875182835,0.019811357736681554,0.027021317910779552,-0.9993920529571124,0.022031179372265064,0.02040426730149548,-0.021483217538181172,-0.9995609722473645
2.667,0.01585685834288597,Empty,0.35031,0.0507,0.41071,0.02298,0.02205,0.02366,0.9998,0.01136,0.01116,0.0117,0.999492884897688,0.022969775172613227,0.022053627080749653,0.02244755161828388,-0.9994684347113116,0.023642238516370106,0.02258496104140208,-0.023135199247900504,-0.999477204387633
2.733,0.01585685834288597,Empty,0.3515,0.05617,0.40893,0.01866,0.02314,0.02364,0.99982,0.00919,0.01168,0.01171,0.9995582858770159,0.018653916257027392,0.023135784898682277,0.01810681242098816,-0.9995566490414303,0.023635750485613494,0.023566426936500837,-0.023206394923443924,-0.9994528937154085
2.8,0.01585685834288597,Empty,0.35273,0.06143,0.40725,0.01202,0.0248,0.02423,0.99983,0.00586,0.01247,0.01204,0.9996205879436346,0.012011417272176916,0.02478721473533322,0.01141114526095266,-0.9996415733165354,0.02421798218421413,0.02506922262566814,-0.023925943081833313,-0.9993993612788581
2.867,0.015856530517339706,Empty,0.35359,0.06666,0.40529,0.00812,0.02444,0.02428,0.99984,0.00391,0.01227,0.01209,0.9996681866200394,0.00811481138977238,0.02444721857206187,0.0075214649649473775,-0.9996772552960194,0.024265465348901283,0.02463623803633199,-0.024073534844847398,-0.9994065842766352
2.933,0.015856530517339706,Empty,0.35427,0.07147,0.40366,0.00204,0.0246,0.02587,0.99984,0.00086,0.01231,0.01292,0.9996952341120735,0.002042607375522143,0.024602167561335292,0.001406285857684375,-0.9996647394185295,0.025854034953371463,0.024646729066815906,-0.025811557845142555,-0.9993629481964569
3.0,0.015856530517339706,Empty,0.3546,0.07588,0.40207,-0.00209,0.02357,0.02806,0.99983,-0.00121,0.01177,0.01404,0.9997199839002573,-0.0020874471424430774,0.023571091508398003,-0.0027485084503603985,-0.9996028001948035,0.02804795079869694,0.023503180460696434,-0.028104882265103548,-0.9993286326835116
3.067,0.015856530517339706,Empty,0.35523,0.0804,0.40105,-0.0063,0.02327,0.02893,0.99982,-0.00332,0.01159,0.0145,0.9997093403530395,-0.0062966776994016205,0.023272014541940146,-0.0069689419029621,-0.999557437500763,0.028919940969179377,0.02307961567365361,-0.029073716426654826,-0.9993107876699316
3.133,0.015856530517339706,Empty,0.35604,0.08466,0.40073,-0.01097,0.02274,0.02942,0.99981,-0.00565,0.01129,0.01477,0.9996812253984205,-0.0109718449307587,0.02273908979549101,-0.011638600301280833,-0.9994999634164565,0.02940010397139777,0.022405146036994308,-0.029655383142312572,-0.9993090451315565
3.2,0.015856530517339706,Empty,0.35706,0.08914,0.40103,-0.01702,0.02204,0.02792,0.9998,-0.00866,0.0109,0.01405,0.9996123369257549,-0.01701042590992652,0.022041353774077625,-0.01762312852929132,-0.9994551242814065,0.027908419670026826,0.02155460987054092,-0.02828603821678041,-0.9993674493575061
3.267,0.015856530517339706,Empty,0.35835,0.09383,0.40173,-0.02109,0.02196,0.02641,0.9998,-0.01069,0.01084,0.01332,0.9995361508530347,-0.02109557682103369,0.02196496702677519,-0.0216732216747621,-0.999416453164353,0.02640122358188707,0.021395200399530703,-0.02686502899629997,-0.9994100838078891
3.334,0.015856530517339706,Empty,0.35946,0.09909,0.40219,-0.02775,0.02116,0.02257,0.99978,-0.01399,0.01042,0.01143,0.9993911838102056,-0.027738488681917695,0.02116218249799723,-0.02821524842693468,-0.9993469642189919,0.022573100418217078,0.020522219145155347,-0.023156453785665766,-0.9995211939571019
3.4,0.015856530517339706,Empty,0.36038,0.10403,0.40194,-0.03283,0.02055,0.02121,0.99975,-0.01652,0.0101,0.01077,0.9992500140446261,-0.03282425958879076,0.020542088848580005,-0.03325935383925327,-0.9992216721950926,0.021210025880197488,0.019829896974281624,-0.021877335260286575,-0.9995639836388156
3.467,0.015856530517339706,Empty,0.36101,0.1084,0.40087,-0.03756,0.01956,0.02096,0.99972,-0.01888,0.00958,0.01066,0.999103411180319,-0.03754640115506741,0.019561225118918356,-0.03795496467548487,-0.9990597876830716,0.02095140308282203,0.018756183629218288,-0.021675063897459084,-0.9995891141767743
3.534,0.015856530517339706,Empty,0.36174,0.11225,0.39984,-0.04201,0.01878,0.02065,0.99968,-0.0211,0.00917,0.01052,0.9989415696200632,-0.04198813582952188,0.018781292143131997,-0.04237401721271489,-0.9988885398349681,0.020642859579571342,0.01789366229313019,-0.021416849346413705,-0.9996104918486063
3.6,0.015856530517339706,Empty,0.36245,0.11574,0.39878,-0.04525,0.01837,0.01943,0.99965,-0.02271,0.00896,0.00992,0.9988083402159333,-0.0452174572069739,0.0183652138247345,-0.04557286676704636,-0.9987722726239854,0.019418065098050434,0.017464630821342204,-0.020231880813571673,-0.9996427650260967
3.667,0.015856530517339706,Empty,0.36307,0.1189,0.39816,-0.04866,0.01816,0.01856,0.99962,-0.02441,0.00885,0.0095,0.9986519501264668,-0.048630945530064085,0.018147001004487632,-0.048967006547635084,-0.9986279732137477,0.018558108329400087,0.01721960447771122,-0.019421695390820316,-0.9996630847289387
3.733,0.015856530517339706,Empty,0.36358,0.12149,0.39771,-0.05091,0.01688,0.01878,0.99959,-0.02553,0.0082,0.0096,0.9985620431441911,-0.05087729304786509,0.016892218439887488,-0.051192247878941444,-0.9985124611563092,0.018767489780767428,0.01591225153145318,-0.019605253573770753,-0.9996811663142944
3.8,0.015856530517339706,Empty,0.36418,0.12437,0.39747,-0.05424,0.01645,0.01796,0.99956,-0.02719,0.00798,0.0092,0.9983936499913524,-0.054216606240375775,0.016452333108749786,-0.05451029093049381,-0.9983516692480767,0.017960308801680515,0.015451467231889221,-0.01882827972372509,-0.9997033300149737
3.867,0.015856530517339706,Empty,0.36506,0.12771,0.39735,-0.05753,0.01708,0.01704,0.99951,-0.02883,0.00829,0.00876,0.9981998847104534,-0.05748978480989497,0.01708551452398749,-0.057780334192858385,-0.9981840890302001,0.01702813517421072,0.01607554492385961,-0.01798468930678409,-0.999709021568746
3.933,0.015856530517339706,Empty,0.36604,0.13128,0.3973,-0.05987,0.01865,0.01553,0.99948,-0.03,0.00909,0.00804,0.9980347900843722,-0.05982322530635398,0.018647774537140276,-0.06011546331522388,-0.9980706834813745,0.01552552238791772,0.017683010253878972,-0.016616031083473738,-0.9997055659840022
4.0,0.015856530517339706,Empty,0.36704,0.13493,0.39635,-0.06375,0.02122,0.01585,0.9994,-0.03195,0.01035,0.00826,0.9977442770277263,-0.06368709612757895,0.021220543000971585,-0.06402933475442613,-0.9978220118313561,0.015858026224304163,0.02016437326884249,-0.017180992161735006,-0.9996490441945179
4.067,0.01585685834288597,Empty,0.36792,0.13952,0.39461,-0.06626,0.02245,0.01617,0.99935,-0.03321,0.01095,0.00845,0.9975550885231605,-0.06618425790270094,0.022438568747103795,-0.06655420712727433,-0.9976519184390993,0.016161285482432095,0.021316258471167318,-0.017615153722110026,-0.999617588622838
4.133,0.01585685834288597,Empty,0.36898,0.14361,0.393,-0.06909,0.02332,0.01649,0.9993,-0.03463,0.01137,0.00864,0.9973423659376923,-0.06902427256449517,0.0233206968752845,-0.06941714557053008,-0.9974516137169209,0.016478416014590557,0.02212385605283342,-0.018053478624695165,-0.9995922203093125
4.2,0.01585685834288597,Empty,0.37033,0.14748,0.39139,-0.07245,0.02526,0.01718,0.99922,-0.03632,0.01231,0.00904,0.9970587070291717,-0.0723570792406309,0.025266337706153778,-0.07280242902092116,-0.9971985055844539,0.017174014929117038,0.02395289264306265,-0.01896295187719601,-0.9995332237550352
4.267,0.01585685834288597,Empty,0.37151,0.15126,0.38996,-0.07421,0.026,0.01831,0.99918,-0.03721,0.01265,0.00963,0.9969111837451778,-0.07410690883005527,0.02600495697827625,-0.07459447007706438,-0.9970458964730902,0.018306975722206714,0.02457146226235008,-0.020190254823190708,-0.999494170494488
4.333,0.01585685834288597,Empty,0.37252,0.15441,0.38852,-0.07307,0.02647,0.01955,0.99919,-0.03665,0.01287,0.01025,0.9969814536958101,-0.07298520955362053,0.026479051588056485,-0.07351296665907969,-0.9971028931712294,0.019536226927044903,0.02497648333072394,-0.021423809558013318,-0.9994584511946718
4.4,0.01585685834288597,Empty,0.37353,0.15673,0.38708,-0.0716,0.02628,0.02023,0.99922,-0.03592,0.01277,0.01058,0.997093966336444,-0.07150829631759331,0.026271388490394613,-0.07204832473453182,-0.9971962105887409,0.02021772713245222,0.02475199382687041,-0.022051783265987716,-0.999450377785903
4.467,0.01585685834288597,Empty,0.37458,0.15868,0.38528,-0.07013,0.02631,0.02095,0.99924,-0.03519,0.01278,0.01093,0.9971973182176266,-0.0700379107777116,0.026309686304979173,-0.07059640534428835,-0.9972852709000433,0.020934086994467853,0.024772082916824773,-0.022732784689085236,-0.9994346223781931
4.533,0.01585685834288597,Empty,0.37547,0.16024,0.38332,-0.06689,0.02538,0.02159,0.9993,-0.03357,0.01232,0.01121,0.9974430110751762,-0.06681254962830152,0.02536775255027016,-0.06736485636619266,-0.9974950161700358,0.021579361498937265,0.023862434579234686,-0.023233078317461804,-0.9994452502702919
4.6,0.015856530517339706,Empty,0.37668,0.16148,0.38162,-0.06434,0.02534,0.0219,0.99934,-0.0323,0.01231,0.01135,0.9976105643252211,-0.06427756064962892,0.025328978338012627,-0.06483612323596682,-0.9976559253642453,0.021884508432726785,0.023862922504269163,-0.02347444956851704,-0.9994395985486119
4.667,0.015856530517339706,Empty,0.37782,0.16266,0.38019,-0.06215,0.02473,0.02174,0.99938,-0.0312,0.01202,0.01125,0.9977638453172674,-0.062096069340276616,0.024726244158536647,-0.0626368005469013,-0.9977998097120526,0.02172949506635946,0.023322525483911612,-0.02322967737784565,-0.9994580741051491
4.733,0.01585685834288597,Empty,0.37898,0.16415,0.37894,-0.0597,0.02253,0.02278,0.99942,-0.02997,0.01092,0.01172,0.9979648221712107,-0.05965649420111868,0.022523685498049183,-0.060168220555872676,-0.997928524864484,0.022769376296567348,0.021118687078580497,-0.02407824664353094,-0.9994869879566467
4.8,0.01585685834288597,Empty,0.38046,0.16658,0.37782,-0.05691,0.0216,0.02286,0.99947,-0.02857,0.01047,0.01173,0.9981485814790525,-0.056859945548009716,0.021595274567205426,-0.05735099905919849,-0.9980926883748109,0.022843999642228878,0.020255177073218413,-0.024040216409585643,-0.9995057757695616
4.867,0.01585685834288597,Empty,0.38197,0.16891,0.37639,-0.05324,0.0204,0.02295,0.99952,-0.02673,0.00989,0.01174,0.9983750611125555,-0.05321222412386051,0.020388637823375487,-0.05367642388599109,-0.9982948468827675,0.022939926026968063,0.019133187588903203,-0.023997039215357164,-0.9995289206629213
4.933,0.01585685834288597,Empty,0.38362,0.17113,0.37495,-0.04958,0.01908,0.02216,0.99958,-0.02489,0.00926,0.01131,0.9985894117505904,-0.04955416848074179,0.019067541157464087,-0.04997309284816459,-0.9985047006091169,0.02215971237823023,0.017940923354110305,-0.023081318152987397,-0.9995725966739597
5.0,0.01585685834288597,Empty,0.38558,0.17296,0.37355,-0.04647,0.01846,0.02112,0.99963,-0.02333,0.00898,0.01077,0.9987499702803574,-0.0464529345294557,0.018455940468790812,-0.04683996520080835,-0.9986790498109365,0.021122810625290835,0.01745034455168465,-0.02196088209355322,-0.9996065251551235
5.067,0.01585685834288597,Empty,0.38737,0.17483,0.37182,-0.04326,0.01665,0.02051,0.99968,-0.02171,0.0081,0.01043,0.9989262102159286,-0.043238751605858494,0.016638416487410077,-0.043576406983030835,-0.9988398236567162,0.02049642485580108,0.0157328731670636,-0.02119945841258949,-0.9996514690955652
5.133,0.015856530517339706,Empty,0.38922,0.17677,0.37018,-0.03973,0.01532,0.01982,0.99972,-0.01994,0.00746,0.01006,0.9990935079273189,-0.039718413450689494,0.015316985684028008,-0.04001867694376954,-0.9990022982706978,0.019822046956206322,0.014514403644477798,-0.02041704392961766,-0.9996861889633272
5.2,0.015856530517339706,Empty,0.39112,0.17898,0.36863,-0.03617,0.0141,0.01889,0.99977,-0.01815,0.00688,0.00957,0.9992461746553978,-0.036169777616579024,0.014100695859482646,-0.036433169681097166,-0.9991574887007197,0.018892774286991362,0.013405468419372601,-0.019392265479774035,-0.9997220781077204
5.267,0.015856530517339706,Empty,0.39273,0.18152,0.367,-0.0317,0.01362,0.01847,0.99981,-0.01591,0.00666,0.00934,0.9994053143943605,-0.03168077548221815,0.013614184703984419,-0.03192957681739628,-0.9993195629798426,0.018463834109905406,0.013019972525735633,-0.018887549089847456,-0.9997368357746989
5.333,0.015856530517339706,Empty,0.39402,0.18362,0.36552,-0.0291,0.01394,0.01774,0.99983,-0.01461,0.00684,0.00897,0.9994794011590635,-0.029094519783245454,0.013944015824068016,-0.029339908180753826,-0.9994122523640256,0.01772906124446341,0.013420001738616022,-0.018128947659677774,-0.9997455900428309
5.4,0.015856530517339706,Empty,0.39519,0.18524,0.36405,-0.02687,0.0139,0.01594,0.99985,-0.01349,0.00684,0.00806,0.999542331414591,-0.026874784155543008,0.013887897136602614,-0.027095286377193106,-0.9995057456313985,0.01594082513422494,0.013452626748028593,-0.01630982606942878,-0.9997764832237072
5.467,0.015856530517339706,Empty,0.39693,0.18623,0.36293,-0.02475,0.01655,0.0136,0.99987,-0.01243,0.00819,0.0069,0.9995571691491006,-0.0247336060233867,0.016544314301778832,-0.024959715814029393,-0.9995959044244456,0.01360295719162004,0.01620117863363828,-0.014009874765822517,-0.9997705962969339
5.533,0.015856530517339706,Empty,0.39868,0.18708,0.36146,-0.02413,0.0192,0.01127,0.99986,-0.01212,0.00953,0.00575,0.9995244900695092,-0.024127044922797325,0.01920102743555098,-0.024346434885499812,-0.999639993655018,0.011275379983025656,0.01892207334447195,-0.011737494992067983,-0.9997520624393118
5.6,0.015856530517339706,Empty,0.40066,0.18863,0.35983,-0.02294,0.02454,0.00846,0.99985,-0.01152,0.01222,0.00437,0.9994361204088733,-0.02292543765302668,0.02453294785542664,-0.02313879147263298,-0.9996965648950966,0.008448341028237202,0.02433182178230624,-0.009011239945788238,-0.9996633233261052
5.667,0.01585685834288597,Empty,0.40269,0.19082,0.35772,-0.02081,0.02947,0.00615,0.99983,-0.01045,0.0147,0.00323,0.9993493369551458,-0.0208088549211925,0.029460045556299257,-0.02099855752703983,-0.9997606234655851,0.006144619555981338,0.029325131015803956,-0.006759239940474717,-0.9995470721113303
5.733,0.01585685834288597,Empty,0.40454,0.19303,0.3548,-0.01786,0.03344,0.0037,0.99982,-0.00896,0.0167,0.002,0.9992815958844017,-0.01784285386546064,0.0334353808511126,-0.01797638162080767,-0.9998315758780534,0.003697239650207615,0.0333637802196667,-0.004295630703843177,-0.9994340427093275
5.8,0.015856530517339706,Empty,0.40664,0.19496,0.3517,-0.01592,0.03495,0.0012,0.99982,-0.00797,0.01747,0.00074,0.9992625402384554,-0.01590893236872226,0.03494683887102136,-0.015960435151589347,-0.9998719097340822,0.0011952549899502465,0.03492334729033892,-0.0017521402930443552,-0.9993884579173565
5.867,0.015856530517339706,Empty,0.40887,0.19645,0.34841,-0.01427,0.03402,-0.0007,0.99983,-0.00713,0.01701,-0.00023,0.9993195191547951,-0.014256720041730342,0.034018297574703565,-0.01424134667106669,-0.9998983459075081,-0.0006941875998819833,0.034024736313803525,0.00020924884959639412,-0.9994209691284724
5.933,0.015856530517339706,Empty,0.41108,0.19794,0.34529,-0.01124,0.03276,-0.00018,0.99985,-0.00562,0.01638,0.0,0.9994002262870656,-0.011234727459004057,0.03275619935651644,-0.011234916837347675,-0.99993687043722,-0.0001782803293674494,0.03275613440288447,-0.00018983977416568593,-0.9994633558164301
6.0,0.01585685834288597,Empty,0.4131,0.19989,0.34246,-0.01032,0.03172,0.0001,0.99986,-0.00516,0.01586,0.00013,0.9994439367467081,-0.010317421986051012,0.031707540172711234,-0.010325948219536696,-0.9999466804455235,0.00010516342329794023,0.03170476452537979,-0.00043251536377503783,-0.9994971840064635
6.067,0.01585685834288597,Empty,0.41448,0.20168,0.33962,-0.0099,0.03024,0.00037,0.99987,-0.00495,0.01512,0.00026,0.999493599402084,-0.009885210539981426,0.030246113251893948,-0.00990102421598793,-0.9999509140508545,0.0003731063317511073,0.030240940358073832,-0.0006723848902281529,-0.9995424120190293
6.133,0.01585685834288597,Empty,0.41566,0.20344,0.33706,-0.01107,0.02934,0.00048,0.99988,-0.00554,0.01467,0.00032,0.9995081461155786,-0.011062695951618962,0.029344209085973377,-0.011081752120602473,-0.9999384769818227,0.0004868482418144745,0.029337017887590765,-0.000811794034881541,-0.9995692474120581
6.2,0.01585685834288597,Empty,0.41715,0.20506,0.33492,-0.01129,0.03089,0.00091,0.99986,-0.00565,0.01544,0.00054,0.9994594583650576,-0.011284722507637457,0.030877922898918393,-0.011318004522678893,-0.9999355413475808,0.000903284863733169,0.030865739230586175,-0.0012522730716770093,-0.9995227550956023
6.267,0.01585685834288597,Empty,0.4184,0.20652,0.33254,-0.011,0.03181,0.00153,0.99986,-0.00551,0.0159,0.00085,0.9994334098465127,-0.010985931874622157,0.03181459701801333,-0.01104006797886714,-0.9999378915037245,0.0015264449245059354,0.031795851641281875,-0.0018768153696409509,-0.9994926219750067
6.333,0.01585685834288597,Empty,0.41986,0.20796,0.3305,-0.01041,0.03372,0.00288,0.99984,-0.00523,0.01685,0.00153,0.9993774440068464,-0.010399656054222883,0.03371307705173762,-0.010502748860028777,-0.9999406905603655,0.002882295620253489,0.03368110266493216,-0.0032345812114142054,-0.9994273964664271
6.4,0.01585685834288597,Empty,0.42145,0.20956,0.32858,-0.01018,0.03723,0.00441,0.99981,-0.00513,0.0186,0.0023,0.9992554313937689,-0.010168063263715166,0.037218185333483464,-0.010339552730060098,-0.9999367850145691,0.004418101862769919,0.037170909047193695,-0.004799631672596491,-0.9992973967025094
6.467,0.01585685834288597,Empty,0.42239,0.21084,0.32647,-0.01103,0.03769,0.00407,0.9998,-0.00555,0.01883,0.00214,0.9992291297158891,-0.011010737952940164,0.037681692862164606,-0.011171989178735964,-0.9999293026530933,0.00407140681936536,0.03763419967286458,-0.00448924775772638,-0.9992814987127263
6.533,0.01585685834288597,Empty,0.42357,0.21227,0.3248,-0.01207,0.04049,0.00358,0.99978,-0.00607,0.02023,0.00191,0.9991079768327805,-0.012053183980846982,0.040471859174392125,-0.012207472251943907,-0.9999191228587792,0.0035672626126652084,0.040425589053543765,-0.004058139629627209,-0.9991743107448372
6.6,0.01585685834288597,Empty,0.42515,0.2138,0.32271,-0.01164,0.04483,0.0048,0.99973,-0.00587,0.0224,0.00253,0.9989273603091082,-0.011631019404417742,0.04482017641075186,-0.011857368452640904,-0.9999182374785114,0.004787606003580039,0.04476082706178657,-0.005313919973170906,-0.9989835987719035
6.667,0.01585685834288597,Empty,0.42666,0.21523,0.32052,-0.01107,0.04888,0.00297,0.99968,-0.00557,0.02443,0.00162,0.9987443979058801,-0.011055894162103064,0.048860974774328915,-0.0112143448407519,-0.9999327067142305,0.002969934838553373,0.04882485147354697,-0.003514149602525294,-0.9988011737233577
6.733,0.01585685834288597,Empty,0.42842,0.2161,0.31803,-0.01146,0.05306,0.00248,0.99963,-0.00576,0.02652,0.00139,0.9985273910154844,-0.011432873743222438,0.05303148866269325,-0.011579842042990007,-0.9999299133211794,0.0024648942690857975,0.05299959103681108,-0.0030753607056578777,-0.9985897984189808
6.8,0.01585685834288597,Empty,0.43021,0.21688,0.31575,-0.0117,0.05642,0.00143,0.99958,-0.00587,0.0282,0.00088,0.998341006400628,-0.01168949708640582,0.0563789907398907,-0.01178827199771576,-0.9999295080377191,0.001419717842678473,0.056358420686616485,-0.002081973417663154,-0.9984084303552322
6.867,0.01585685834288597,Empty,0.43201,0.21746,0.31303,-0.01215,0.05868,0.00118,0.99955,-0.00609,0.02933,0.00077,0.9982059633448468,-0.01212224830008829,0.058633657901731945,-0.012212489394068715,-0.9999247273869882,0.0011809584484352778,0.0586149285215472,-0.0018949026909508746,-0.9982788686024592
6.933,0.01585685834288597,Empty,0.43365,0.21806,0.31012,-0.01185,0.05915,-0.00011,0.99955,-0.00592,0.02957,0.00012,0.9981811195131074,-0.01183474762835196,0.05911337747187783,-0.011849075779748697,-0.9999297913889513,-0.00010814811143051994,0.05911050710935636,-0.0005924874863203157,-0.9982512694246142
7.0,0.015856530517339706,Empty,0.43564,0.21825,0.30711,-0.01044,0.06132,0.00202,0.99952,-0.00525,0.03065,0.00117,0.9980662629192677,-0.010431680449778213,0.06127736013701623,-0.010574623810229278,-0.9999420691793395,0.002008884420093355,0.06125285424892461,-0.0026529847973323535,-0.9981187552180478
7.067,0.015856530517339706,Empty,0.43723,0.21887,0.30388,-0.00905,0.06162,0.00298,0.99951,-0.00457,0.0308,0.00163,0.9980605852917694,-0.00902996041911136,0.061591622010464545,-0.009230266540435683,-0.9999529942522072,0.0029684112986302323,0.06156192221367979,-0.003531161405911971,-0.9980970196491334
7.133,0.015856530517339706,Empty,0.4389,0.22014,0.30053,-0.01169,0.06316,0.00485,0.99948,-0.00592,0.03156,0.00261,0.9979375795910699,-0.011672422292405116,0.06312164286316486,-0.012001417735760411,-0.9999162887676196,0.004835434781022326,0.06305991763591963,-0.005583011285812154,-0.9979941266223632
7.2,0.015856530517339706,Empty,0.44002,0.22176,0.29715,-0.01275,0.06439,0.00597,0.99946,-0.00647,0.03217,0.00319,0.9978462250124963,-0.01273283183742302,0.06434894110791622,-0.013143129721173874,-0.9998958816867927,0.00595683866856947,0.06426639377966188,-0.006789755458841977,-0.9979096802072653
7.267,0.015856530517339706,Empty,0.4411,0.22302,0.29393,-0.01227,0.06614,0.0083,0.99942,-0.00627,0.03304,0.00435,0.9977378388373508,-0.012237000559853384,0.06610189686741498,-0.012811290273523346,-0.9998837236153943,0.008271039266090019,0.06599299806570176,-0.009099179430686525,-0.9977785972549162
7.333,0.015856530517339706,Empty,0.4422,0.2244,0.2909,-0.01078,0.06825,0.00954,0.99939,-0.00555,0.03409,0.00495,0.9976137532840568,-0.010756679344543607,0.0681989230704999,-0.011432361823808745,-0.9998892818527199,0.009524974497675937,0.06808891511565461,-0.010281920323097462,-0.9976262735878816
7.4,0.015856530517339706,Empty,0.44353,0.22537,0.28826,-0.00917,0.07119,0.01062,0.99934,-0.00477,0.03556,0.00547,0.9974251330671982,-0.009139444170072175,0.0711306859670579,-0.009918009201264899,-0.9998946302163686,0.010600073488182774,0.0710263121622239,-0.011278254507386384,-0.9974106796881118
7.467,0.015856530517339706,Empty,0.44516,0.22605,0.28586,-0.00678,0.07502,0.01079,0.99928,-0.00359,0.03748,0.00552,0.9971642314231319,-0.006761059146284054,0.0749518755571518,-0.007589299925094939,-0.99991319033893,0.01077099405204765,0.07487254568238799,-0.011309282269124846,-0.997128979639844
7.533,0.015856530517339706,Empty,0.44638,0.22635,0.28334,-0.00555,0.07663,0.0123,0.99924,-0.00301,0.03829,0.00625,0.9970498811038936,-0.005540537719933181,0.07655610382253025,-0.006497938934252212,-0.9999036999691273,0.01226244582682813,0.07648079092372645,-0.012723727041364997,-0.9969898672453288
7.6,0.015856530517339706,Empty,0.44786,0.22687,0.2809,-0.00421,0.07905,0.01236,0.9992,-0.00235,0.0395,0.00626,0.9968676440663762,-0.004209851712084822,0.07897580238348276,-0.005198631109788632,-0.9999106091006439,0.0123186055446078,0.07891688316283792,-0.012690585350627417,-0.9968004186372121
7.667,0.015856530517339706,Empty,0.44913,0.22719,0.27849,-0.00403,0.07989,0.01173,0.99918,-0.00225,0.03992,0.00594,0.9968030728146389,-0.004022453946579019,0.0797963275567344,-0.004970748858851404,-0.999919327822169,0.011688862367391542,0.07974287230264684,-0.012048141429666523,-0.9967426531482507
7.733,0.015856530517339706,Empty,0.45037,0.22728,0.27614,-0.00287,0.08116,0.01263,0.99916,-0.00169,0.04056,0.00637,0.9967047307435091,-0.0028579316143513833,0.0810648625509027,-0.003890774458258528,-0.9999132254412351,0.012585843707128577,0.08102185870259965,-0.012859775059968728,-0.9966293616976086
7.8,0.015856530517339706,Empty,0.45207,0.22757,0.27378,-0.00165,0.08394,0.01304,0.9991,-0.0011,0.04195,0.00655,0.9964778398257885,-0.0016473184904003957,0.08384033085526829,-0.0027465592209543477,-0.9999117571859848,0.012997471049464991,0.08381152157415746,-0.013181964308367527,-0.9963944322748888
7.867,0.015856530517339706,Empty,0.45392,0.22789,0.27104,0.00063,0.08628,0.01422,0.99904,1e-05,0.04313,0.00709,0.9962799234902788,0.0006284722641768936,0.08617377253444056,-0.0005952290994261089,-0.999899367181121,0.014173962505685825,0.0861740085671054,-0.01417252741773854,-0.9961792909482057
7.933,0.015856530517339706,Empty,0.45591,0.22809,0.26804,0.00212,0.08902,0.01533,0.99898,0.00072,0.0445,0.00761,0.996038549197473,0.0021062569909127693,0.0888975376154022,0.0007521502088063681,-0.9998832311920876,0.015262969925066427,0.08891930489301524,-0.015135642119128013,-0.9959238271850838
8.0,0.015856530517339706,Empty,0.45797,0.22818,0.26475,0.0037,0.09162,0.01693,0.99891,0.00146,0.04581,0.00837,0.9957987866931877,0.0036783398307055903,0.09149451478894954,0.002144457174567793,-0.9998556040368285,0.016857413193462352,0.09154331064475404,-0.01659038553616278,-0.9956628854104984
8.067,0.015856530517339706,Empty,0.45991,0.22835,0.26163,0.00581,0.09365,0.01641,0.99887,0.00252,0.04683,0.00806,0.9956015541419097,0.005790260009763348,0.09350945556056715,0.004280195695281375,-0.9998573110451021,0.01634128129823624,0.09359073306168961,-0.015869166288035644,-0.9954842762426229
8.133,0.015856530517339706,Empty,0.46155,0.22835,0.25873,0.00514,0.09423,0.01736,0.99885,0.00216,0.04712,0.00855,0.9955504029638567,0.005111521612242098,0.09409180360323624,0.003499251213379684,-0.9998443571087605,0.017292102206360682,0.09416554783703049,-0.016885908461706883,-0.9954133391189686
8.2,0.015856530517339706,Empty,0.46371,0.22869,0.25642,0.00313,0.09791,0.02064,0.99875,0.00106,0.04895,0.01023,0.9952056030152725,0.003127922175732545,0.09775491716466486,0.0011255742678332736,-0.999788567076971,0.02053178571739042,0.09779847038464103,-0.020323317766541206,-0.9949987044943247
8.267,0.015856530517339706,Empty,0.46574,0.22965,0.25432,0.00291,0.10214,0.02284,0.99863,0.00087,0.05106,0.01133,0.994785186291911,0.0028891179862516325,0.10195139102253252,0.0005751256264510118,-0.999741722177118,0.02271911461399937,0.10199069744188237,-0.022542003806045298,-0.9945299169455522
8.333,0.01585685834288597,Empty,0.46669,0.23033,0.25193,0.00187,0.10323,0.02415,0.9986,0.00031,0.0516,0.01201,0.9946741657352498,0.0018538575367085253,0.10305274004662679,-0.0006258595894212404,-0.9997111606417275,0.02402506166786262,0.1030675134009662,-0.023961604716793546,-0.994385704433012
8.4,0.01585685834288597,Empty,0.46827,0.23102,0.24952,0.0021,0.10735,0.02607,0.99848,0.00035,0.05366,0.01296,0.9942414267433511,0.002086719568706097,0.10714303966561423,-0.0006952723394181848,-0.9996637449674435,0.025921296148919547,0.10716110275524339,-0.02584652005797936,-0.9939056572216362
8.467,0.01585685834288597,Empty,0.47011,0.23204,0.24636,0.00256,0.11169,0.02927,0.99833,0.00046,0.05583,0.01454,0.9937657913250111,0.002549833221134834,0.11145873829681785,-0.0006969341847036237,-0.9995768122000509,0.029081107178473786,0.11148572229176405,-0.028977488892726454,-0.9933434647001789
8.533,0.01585685834288597,Empty,0.47209,0.23304,0.2425,0.00228,0.1138,0.03262,0.99825,0.00021,0.05688,0.01622,0.9935300830590825,0.002263129018999832,0.11354669657746659,-0.0014276242982143583,-0.9994735592944324,0.03241243835599931,0.1135602745042256,-0.03236483459499937,-0.9930038174831773
8.6,0.01585685834288597,Empty,0.47454,0.23405,0.23879,0.00295,0.11741,0.03688,0.99811,0.00039,0.05869,0.01832,0.9931109738702351,0.002938194932738336,0.11714077253053728,-0.0013635089813194279,-0.9993281319619132,0.03662547628046164,0.11716968217833357,-0.03653288491277455,-0.9924397280934387
8.667,0.015856530517339706,Empty,0.47635,0.235,0.23468,0.00257,0.11916,0.04037,0.99802,8e-05,0.05956,0.02007,0.9929054133614874,0.00255724209425523,0.11887935325499338,-0.00222477422749362,-0.9991941701598228,0.04007568712149514,0.11888603995882283,-0.04005584640841661,-0.9920996112646221
8.733,0.015856530517339706,Empty,0.47812,0.2361,0.23101,0.00373,0.12074,0.04415,0.99794,0.00053,0.06036,0.02192,0.9927135607823471,0.003696380077987782,0.12044136753272236,-0.0015958155935926754,-0.9990384327329225,0.043813962330939746,0.1204875081135987,-0.043686916769953,-0.9917531011757466
8.8,0.015856530517339706,Empty,0.47949,0.23724,0.22786,0.00404,0.12252,0.04664,0.99785,0.00059,0.06125,0.02315,0.99249605679977,0.004014677793998667,0.12221071802062855,-0.001657727613869564,-0.9989272271375896,0.04627793018669014,0.12226540465751297,-0.04613325530911865,-0.9914246787217464
8.867,0.01585685834288597,Empty,0.48043,0.23806,0.22498,0.00529,0.12325,0.04902,0.9978,0.00113,0.06163,0.0243,0.9924000401689625,0.005241318599250533,0.12294181083741415,-0.0007503147658531883,-0.9988161576859205,0.0486386695262767,0.12305119788280615,-0.04836126264765394,-0.9912212623701787
