time,gr,gr_state,tx,ty,tz,rx,ry,rz,qw,qx,qy,qz,xx,xy,xz,yx,yy,yz,zx,zy,zz
0.0,0.01580793596804142,Empty,0.30721,-0.00053,0.48528,0.00202,0.00028,0.00474,1.0,0.00101,0.00014,0.00237,0.9999979427619512,0.002010706929743089,0.0002674500100984384,0.0020094139950090906,-0.9999867008489318,0.004749776906900496,0.0002769968625819438,-0.004749229717685464,-0.999988683980887
0.067,0.01580793596804142,Empty,0.30721,-0.00053,0.48528,0.00202,0.00026,0.00474,1.0,0.00101,0.00013,0.00237,0.9999979268180617,0.0020191108921651657,0.00026372482668946375,0.0020178355552292193,-0.999986683899821,0.004749775016962294,0.0002733116373753562,-0.004749233016482426,-0.9999886849792372
0.133,0.01580793596804142,Empty,0.30721,-0.00053,0.48528,0.00202,0.00026,0.00476,1.0,0.00101,0.00013,0.00238,0.9999979269654857,0.0020190119227879166,0.00026392344814585127,0.0020177352491815292,-0.9999866772505946,0.004751217294431036,0.0002735126963252164,-0.004750674917349191,-0.9999886780752242
0.2,0.01580793596804142,Empty,0.30721,-0.00053,0.48528,0.00202,0.00026,0.00474,1.0,0.00101,0.00013,0.00237,0.9999979191603109,0.002023468281581675,0.00025932828924139263,0.00202221426689575,-0.9999866837255007,0.004747949150334978,0.00026893216046300057,-0.004747414853247631,-0.9999886947999483
0.267,0.01580793596804142,Empty,0.30721,-0.00053,0.48528,0.00202,0.00026,0.00474,1.0,0.00101,0.00013,0.00237,0.9999979165556792,0.002024006902526243,0.0002651044312844482,0.0020227255693222035,-0.9999866845794245,0.004747551487003671,0.0002747099782873099,-0.0047470053622327875,-0.9999886951733599
0.333,0.01580793596804142,Empty,0.30721,-0.00053,0.48528,0.00202,0.00026,0.00474,1.0,0.00101,0.00013,0.00237,0.9999979252741209,0.0020204003829483175,0.0002596723822109641,0.0020191457164060456,-0.9999867066228554,0.004744431277951445,0.0002692545810589597,-0.004743897118178881,-0.9999887114073354
0.4,0.01580793596804142,Empty,0.30721,-0.00053,0.48528,0.00202,0.00026,0.00474,1.0,0.00101,0.00013,0.00237,0.9999979220834575,0.0020224322924773386,0.0002561179216412782,0.0020211936857753576,-0.9999866885651674,0.004747364379862842,0.0002657157353703588,-0.004746836851309828,-0.9999886984036644
0.467,0.01580793596804142,Empty,0.30721,-0.00053,0.48528,0.00202,0.00026,0.00474,1.0,0.00101,0.00013,0.00237,0.9999979269046089,0.002019078300116328,0.0002636461691002735,0.0020178046556438844,-0.99998670687187,0.004744949306803648,0.00027322308859860866,-0.0047444074836036545,-0.9999887079096311
0.534,0.01580793596804142,Empty,0.30721,-0.00053,0.48528,0.00202,0.00026,0.00476,1.0,0.00101,0.00013,0.00238,0.9999979313965515,0.0020172199370543376,0.0002608186019545512,0.002015958200256185,-0.9999866837604701,0.0047506014642561215,0.0002703981368183926,-0.004750065837746161,-0.9999886818156417
0.6,0.01580793596804142,Empty,0.30721,-0.00053,0.48529,0.00202,0.00028,0.00474,1.0,0.00101,0.00014,0.00237,0.9999979238924255,0.002019891345532654,0.00026879321261964045,0.0020185928639387396,-0.9999866983195547,0.004746416206546886,0.0002783768822360922,-0.004745863768415379,-0.999988699577852
0.667,0.01580793596804142,Empty,0.30721,-0.00053,0.48528,0.00202,0.00026,0.00476,1.0,0.00101,0.00013,0.00238,0.9999979290122675,0.002017925215445193,0.00026447873318934155,0.0020166457901223955,-0.9999866772644432,0.004751676901435128,0.00027406373824418525,-0.004751133700846693,-0.9999886757446925
0.734,0.01580793596804142,Empty,0.30721,-0.00053,0.48528,0.00202,0.00026,0.00474,1.0,0.00101,0.00013,0.00237,0.9999979270761983,0.002019831962235097,0.00025714227773265385,0.0020185887486985354,-0.9999866978562792,0.004746515559643309,0.0002667260210258251,-0.004745986655969585,-0.999988702170125
0.8,0.01580793596804142,Empty,0.30721,-0.00053,0.48528,0.00202,0.00026,0.00474,1.0,0.00101,0.00013,0.00237,0.999997916220587,0.0020247502398377804,0.00026065484878755926,0.0020234904929658515,-0.999986691329972,0.004745803320845683,0.0002702604462302369,-0.004745265999029957,-0.9999887046411523
0.867,0.01580793596804142,Empty,0.30721,-0.00053,0.48528,0.00202,0.00028,0.00474,1.0,0.00101,0.00014,0.00237,0.9999979222774326,0.002021107237025088,0.0002656432835291189,0.0020198231665002897,-0.9999866867897358,0.004748321562712442,0.0002752366140384665,-0.004747775144559479,-0.999988691374049
0.933,0.01580793596804142,Empty,0.30721,-0.00053,0.48528,0.00202,0.00028,0.00474,1.0,0.00101,0.00014,0.00237,0.9999979202422111,0.0020219378059025406,0.0002669808251587664,0.0020206469798147997,-0.999986678327804,0.0047497529101629184,0.0002765809735056102,-0.004749203557829283,-0.9999886842202421
1.0,0.01580793596804142,Empty,0.30721,-0.00053,0.48528,0.00202,0.00026,0.00476,1.0,0.00101,0.00013,0.00238,0.9999979157022411,0.0020248626824633242,0.00026176762771036805,0.0020235928263392378,-0.9999866065454208,0.004763591276179077,0.00027140973994716806,-0.0047630516363428525,-0.9999886197731765
1.067,0.01580793596804142,Empty,0.3072,-0.00069,0.48604,0.00228,-0.00228,0.00392,1.0,0.00114,-0.00114,0.00196,0.9999948075490908,0.002276590196696071,-0.002280791953005721,0.0022855305478988175,-0.9999896855553709,0.003924937322406635,-0.0022718329540726088,-0.003930129762044264,-0.9999896963744587
1.133,0.01580793596804142,Empty,0.30763,-0.00016,0.48716,0.00319,-0.00313,0.00476,0.99999,0.0016,-0.00156,0.00238,0.9999899661326093,0.0031991234070580243,-0.0031358003012010582,0.0032140238574080437,-0.9999835143891007,0.004758256053116824,-0.0031205263573011767,-0.004768286846386704,-0.999983762746078
1.2,0.01580793596804142,Empty,0.30887,0.00012,0.48856,0.00533,-0.00551,0.00433,0.99999,0.00267,-0.00275,0.00217,0.9999706821999085,0.005324877692732821,-0.005502764596729359,0.005348677926365342,-0.9999763664429393,0.004319513863482459,-0.005479633663813141,-0.004348819740371028,-0.9999755303915074
1.267,0.01580793596804142,Empty,0.31095,0.00034,0.4903,0.00547,-0.00927,0.00237,0.99998,0.00274,-0.00463,0.0012,0.9999420079208202,0.005472749241843378,-0.009275225658416389,0.005495051588648381,-0.9999820681040035,0.002380730660539995,-0.009262030194116897,-0.0024315604405083756,-0.9999541501041472
1.333,0.01580793596804142,Empty,0.31467,0.00022,0.49112,0.00629,-0.01452,-0.00159,0.99997,0.00314,-0.00726,-0.00077,0.999874823288447,0.006295109079799577,-0.014515831204917921,0.006272778686001457,-0.9999790723825546,-0.0015833649239425053,-0.014525494878064909,0.0014921121269363341,-0.999893386116714
1.4,0.01580793596804142,Empty,0.31838,7e-05,0.4906,0.00731,-0.02078,-0.00484,0.99994,0.00363,-0.0104,-0.00238,0.9997571249160653,0.007316071473559116,-0.020788609327147177,0.007217228279837229,-0.9999623112327385,-0.0048257362170026075,-0.020823131261164862,0.0046745280267794795,-0.9997722470604028
1.467,0.01580793596804142,Empty,0.32165,0.00043,0.4892,0.00781,-0.02842,-0.00607,0.99989,0.00386,-0.01422,-0.00298,0.99956559972151,0.007794485634251336,-0.028422840235899426,0.007624975634131059,-0.999952522184633,-0.006067381904063803,-0.028468782902627082,0.005848022767423439,-0.999577575293561
1.534,0.01580793596804142,Empty,0.32509,0.00081,0.48752,0.01182,-0.03468,-0.00665,0.99983,0.00585,-0.01736,-0.00322,0.9993285594711272,0.011818777557963678,-0.03468063901367626,0.011595304728955202,-0.9999107402187419,-0.0066378086331643875,-0.034755994211131715,0.006231219161866708,-0.999376401949812
1.6,0.015808265656232834,Empty,0.32851,0.00105,0.48585,0.01309,-0.04138,-0.00701,0.99976,0.00647,-0.02071,-0.00337,0.9990582801620989,0.013076847732949204,-0.04137087010105979,0.012797812126865427,-0.9998935854339244,-0.007002414787520617,-0.04145803714980908,0.006466363851523677,-0.999119320849229
1.667,0.015808265656232834,Empty,0.33244,0.00153,0.4851,0.0139,-0.04727,-0.00739,0.99969,0.00686,-0.02366,-0.00353,0.998786202401871,0.013884876254385448,-0.04725814324589189,0.013551256520202393,-0.9998809969510972,-0.007372610311371503,-0.04735488716460551,0.006723254232890066,-0.9988555013184577
1.733,0.015808265656232834,Empty,0.33719,0.00214,0.4851,0.01529,-0.05273,-0.00767,0.99962,0.00754,-0.02639,-0.00363,0.9984933909557396,0.015261601783283063,-0.05270703680455066,0.014878610013144777,-0.9998600332817822,-0.007651196627293414,-0.05281642908967353,0.006855461819691939,-0.9985807065337556
1.8,0.01580793596804142,Empty,0.34181,0.00257,0.48439,0.01671,-0.05753,-0.00766,0.99955,0.00824,-0.02879,-0.00359,0.9982064569954358,0.016682534057296527,-0.057494019428518,0.016269413401841182,-0.9998384086455041,-0.007646096048692395,-0.05761228514978091,0.006696988476395992,-0.9983165705051517
1.867,0.01580793596804142,Empty,0.34652,0.00297,0.48292,0.01996,-0.061,-0.00765,0.99948,0.00986,-0.03053,-0.00352,0.997941097582733,0.019929090367782676,-0.06096225973898238,0.019499476839620222,-0.9997807215386789,-0.0076340842659741795,-0.06110103238368011,0.0064296342595541464,-0.9981108774304269
1.933,0.01580793596804142,Empty,0.35135,0.00344,0.48097,0.02467,-0.0629,-0.00742,0.99942,0.01221,-0.03149,-0.00332,0.9977191277724948,0.024615605520791395,-0.06285391031381615,0.024197992629480136,-0.9996798202642077,-0.007396898622024511,-0.06301586490397539,0.0058590887828801255,-0.9979953265667321
2.0,0.01580793596804142,Empty,0.3564,0.00357,0.47833,0.03081,-0.06223,-0.0082,0.99939,0.01527,-0.03117,-0.00362,0.9975901091416657,0.030753666715299277,-0.06219474355830597,0.030302087324466598,-0.9995072224826815,-0.008191197027034604,-0.062416004730353816,0.006286826585773742,-0.9980304194587362
2.067,0.01580793596804142,Empty,0.36164,0.00343,0.47489,0.03704,-0.06047,-0.00921,0.99936,0.01837,-0.03031,-0.00404,0.9974880494978127,0.03695679737366003,-0.06043001106181749,0.036467580681391054,-0.9992926814977019,-0.009178903223096502,-0.06072649066342776,0.006952109968561537,-0.9981302327345314
2.133,0.01580793596804142,Empty,0.36726,0.00353,0.47117,0.04372,-0.05649,-0.00976,0.99935,0.02171,-0.02834,-0.00426,0.9974509873054169,0.04363976137114317,-0.05645439886243387,0.0431571721481252,-0.9990208160105729,-0.009740003580384442,-0.05682417105093719,0.0072787639773877755,-0.9983576679624068
2.2,0.01580793596804142,Empty,0.37321,0.00388,0.46721,0.04912,-0.05156,-0.00913,0.99936,0.02443,-0.02588,-0.00393,0.9974669563764049,0.0490368182248635,-0.051527287873251365,0.04862975244623796,-0.9987751907304949,-0.009124996344154496,-0.05191163756046257,0.006596123076847349,-0.9986298979332368
2.267,0.01580793596804142,Empty,0.37895,0.00439,0.46312,0.05672,-0.04932,-0.00942,0.99929,0.02823,-0.02478,-0.00401,0.9971773951500523,0.05662294298012449,-0.04930603340389243,0.05622589833608921,-0.9983737855893193,-0.009403861140557242,-0.04975832551499221,0.006605041734970592,-0.9987394467355454
2.333,0.01580793596804142,Empty,0.38485,0.00457,0.46008,0.06332,-0.04911,-0.01002,0.99919,0.03152,-0.0247,-0.00423,0.9967924293197681,0.06319913521194032,-0.04909910548327951,0.06278104741700585,-0.9979770964695315,-0.010012742255115954,-0.04963257938107799,0.006898132407151378,-0.9987437222998072
2.4,0.01580793596804142,Empty,0.39113,0.00494,0.4575,0.0701,-0.04717,-0.01052,0.9991,0.03491,-0.02375,-0.00443,0.9964342246663922,0.06996395807767064,-0.047158037317000606,0.06954345003398993,-0.997523647629772,-0.01050147498041203,-0.04777598215479863,0.007184496468104515,-0.9988322374351181
2.467,0.01580793596804142,Empty,0.39652,0.00518,0.45473,0.07518,-0.04658,-0.011,0.99901,0.03744,-0.02348,-0.00462,0.9960943149222989,0.0750220506950286,-0.04655972174518176,0.07458798175123577,-0.9971538360486922,-0.01099364505772742,-0.047251970940411524,0.007477911666403681,-0.9988550105392452
2.534,0.01580793596804142,Empty,0.40188,0.00515,0.45299,0.08218,-0.04646,-0.01278,0.99887,0.04092,-0.02347,-0.00543,0.9955488784468398,0.08200427520495135,-0.046451366732853036,0.0814944457093385,-0.9965920067584625,-0.012768217716992238,-0.04734010922850811,0.008925856443581624,-0.9988389475510963
2.6,0.01580793596804142,Empty,0.40818,0.00453,0.45142,0.08893,-0.04296,-0.01499,0.99876,0.04428,-0.02179,-0.00653,0.9951296786137447,0.08873003676336833,-0.04294069536088395,0.08816077854867488,-0.995993649804547,-0.014977539007072875,-0.04409761748435445,0.011118908444096251,-0.998965349753041
2.667,0.01580793596804142,Empty,0.41436,0.00338,0.44899,0.0944,-0.04124,-0.01763,0.99864,0.04699,-0.02101,-0.00783,0.9947006977854866,0.09418400745472594,-0.04122977764716093,0.09352552066248421,-0.9954609000897654,-0.017623092160161433,-0.04270244501053169,0.013673665647601344,-0.9989942602727409
2.733,0.01580793596804142,Empty,0.42082,0.0017,0.44691,0.10192,-0.04122,-0.02083,0.99845,0.05071,-0.02111,-0.00935,0.9939665710913645,0.1016502796075699,-0.041202866509244054,0.10086059570718453,-0.9946827597957133,-0.02081700263666471,-0.043099835109517856,0.01653565907019956,-0.998933919832862
2.8,0.01580793596804142,Empty,0.42749,-0.0002,0.4442,0.10968,-0.0401,-0.0238,0.99824,0.05456,-0.02067,-0.01078,0.993192516529291,0.10937157170841227,-0.04008097319484654,0.10848025428835834,-0.9938140776786883,-0.023782628895716598,-0.042434178909783196,0.01927273487831717,-0.9989133606827785
2.867,0.01580793596804142,Empty,0.43309,-0.00187,0.44106,0.1139,-0.04111,-0.02543,0.9981,0.05664,-0.02124,-0.01152,0.9926810643399313,0.11355606089047426,-0.041101405523169834,0.11257755326291147,-0.9933184035549876,-0.025393772077164804,-0.04371039924637463,0.02058082102370041,-0.9988322335626302
2.933,0.01580793596804142,Empty,0.43918,-0.00316,0.43823,0.11969,-0.03935,-0.02693,0.99794,0.05953,-0.02044,-0.01226,0.9920761903478547,0.11931787390369702,-0.03934561617242879,0.11831505155335648,-0.9926114387761249,-0.026908738110828605,-0.042265602099263076,0.022040339786219477,-0.9988632750788742
3.0,0.01580793596804142,Empty,0.44547,-0.0039,0.43508,0.12463,-0.03557,-0.02707,0.99782,0.06202,-0.01859,-0.0124,0.9916142950324243,0.12424090785062564,-0.03557086875240337,0.12331870321353383,-0.9919983852921777,-0.027049972559039608,-0.038646957513893666,0.022436586063053283,-0.9990010071470169
3.067,0.01580793596804142,Empty,0.45087,-0.00446,0.43083,0.12907,-0.03352,-0.02714,0.9977,0.06425,-0.0176,-0.01246,0.9911244584030949,0.1286398601221721,-0.033527516205639395,0.12776254574147627,-0.9914338768980088,-0.027121940281646693,-0.03672927797859076,0.02259765754966708,-0.9990697202960558
3.133,0.015808265656232834,Empty,0.45669,-0.00466,0.42688,0.13625,-0.02844,-0.02684,0.9975,0.06787,-0.0151,-0.01242,0.9903320071089691,0.1357718049848864,-0.0284347088373829,0.1350218988436067,-0.9904795073900108,-0.026822234677747584,-0.03180569961795551,0.02272360912327304,-0.9992357254723356
3.2,0.015808265656232834,Empty,0.46335,-0.00472,0.42185,0.14207,-0.02156,-0.0256,0.99735,0.07083,-0.01166,-0.012,0.989693946756975,0.14156651839202078,-0.021559513514076,0.1410068321474816,-0.98967791102839,-0.025587217711461198,-0.024959267624149198,0.022283475780125333,-0.9994400840804928
3.267,0.01580793596804142,Empty,0.46921,-0.0047,0.41611,0.14699,-0.01926,-0.02496,0.99719,0.0733,-0.01052,-0.01174,0.9890339601904813,0.14642784056455477,-0.019253911226929942,0.1459340584855821,-0.9889796174017073,-0.02495129130725219,-0.022695289464113557,0.02186787304641096,-0.9995032365953429
3.333,0.01580793596804142,Empty,0.47567,-0.00446,0.40981,0.15174,-0.01539,-0.0239,0.99703,0.0757,-0.00858,-0.01133,0.9883907367364828,0.1511516841641865,-0.01539220282618185,0.15076304994908862,-0.9882814118591126,-0.023882079972391373,-0.018821644549851402,0.021284251175201357,-0.999596281679934
3.4,0.01580793596804142,Empty,0.48235,-0.0041,0.40336,0.15685,-0.01064,-0.02218,0.99686,0.07828,-0.00617,-0.01064,0.9876697362509989,0.15618959969648,-0.01064429615032253,0.15592686562762048,-0.987519634394725,-0.022176209334653557,-0.01397514470152056,0.020243039089072285,-0.9996974115696259
3.467,0.01580793596804142,Empty,0.48835,-0.00371,0.39689,0.16106,-0.00585,-0.01947,0.99671,0.08041,-0.0037,-0.00947,0.9870416263421287,0.16035773268983983,-0.0058502508031393,0.160217623504183,-0.9868896259652596,-0.019472526308152188,-0.0088961219954317,0.01828288075560601,-0.9997932762750101
3.533,0.01580793596804142,Empty,0.49457,-0.00301,0.39037,0.16416,-0.00118,-0.01565,0.9966,0.08198,-0.00123,-0.00775,0.986556356073081,0.16341716017207847,-0.0011781566524778474,0.1633790472181793,-0.9864391389438693,-0.01565605600902053,-0.0037206480463004023,0.015253095455379768,-0.9998767423323459
3.6,0.01580793596804142,Empty,0.50131,-0.00149,0.38399,0.16838,0.00526,-0.00935,0.99644,0.0841,0.00223,-0.00488,0.9858435697839514,0.16758514451526202,0.005260727462493182,0.1676286267108938,-0.9858058839391375,-0.009348941009306921,0.0036193124562166916,0.010098441898352725,-0.9999424593688229
3.667,0.01580793596804142,Empty,0.50718,0.00096,0.37717,0.16936,0.00807,-0.005,0.9964,0.08459,0.00381,-0.00283,0.9856611042338598,0.16854347268654546,0.008079939062090754,0.1685866936270929,-0.9856741462443794,-0.005000415712507883,0.007121399607670393,0.006290885484005139,-0.9999548541946555
3.733,0.01580793596804142,Empty,0.51316,0.00366,0.37017,0.16827,0.01146,0.00149,0.99645,0.08403,0.00577,0.00026,0.9858113276349013,0.16746629055956525,0.011448486054200728,0.16746026724910806,-0.9858777003995542,0.0014895461538368448,0.01153625587317205,0.0004487550627467784,-0.9999333544888493
3.8,0.01580793596804142,Empty,0.51904,0.00615,0.36279,0.16936,0.01394,0.01048,0.99638,0.08454,0.00739,0.00463,0.9855976257522749,0.1685313704632772,0.013946228208649892,0.16839435913718825,-0.9856639490860098,0.010484239741019061,0.01551321766281201,-0.007984775634989462,-0.9998477801324585
3.867,0.01580793596804142,Empty,0.52371,0.00877,0.35575,0.16768,0.01445,0.01629,0.99643,0.08368,0.00788,0.00751,0.9858697758949166,0.16688988287452194,0.014441328575834118,0.16665333694394863,-0.9858811465930579,0.016279744402305587,0.016954358211198277,-0.013643012368460774,-0.9997631809339452
3.933,0.01580793596804142,Empty,0.52844,0.01126,0.3492,0.16611,0.01656,0.0246,0.99645,0.08285,0.00927,0.01157,0.9861003892545048,0.16532434628467796,0.01654940596087484,0.1648954418128289,-0.9860043110804251,0.024596581066642427,0.020384199308923386,-0.02152577655648776,-0.9995604660860565
4.0,0.01580793596804142,Empty,0.53247,0.014,0.34305,0.1642,0.01825,0.0314,0.99648,0.08185,0.01038,0.0149,0.9863864737682506,0.16342828669344772,0.018246081099258113,0.16280961299699281,-0.9861578103971648,0.031397498442371954,0.023124754762070716,-0.02799943037123345,-0.9993404212860003
4.067,0.01580793596804142,Empty,0.53594,0.0173,0.3374,0.16056,0.02044,0.03455,0.99659,0.08,0.01157,0.0164,0.9869333302052465,0.15982720567189557,0.02044177235700498,0.1590680092471416,-0.9866631762590843,0.03454193174224609,0.025689884471000124,-0.030838951691785233,-0.9991941697660263
4.133,0.01580793596804142,Empty,0.53903,0.02031,0.33195,0.15625,0.02392,0.03608,0.99673,0.07781,0.01333,0.01705,0.9875346842917797,0.15557485855739356,0.02391047271766361,0.1546660328358283,-0.9873083890580707,0.036063321843434665,0.029217556495395397,-0.03191564319269876,-0.999063424469155
4.2,0.01580793596804142,Empty,0.54162,0.02315,0.32634,0.1503,0.03002,0.03821,0.99691,0.07477,0.0164,0.01792,0.9882815937543793,0.14966129910096027,0.03001644545439974,0.1484857463568089,-0.9881771035804047,0.03818370186746457,0.03537618655487642,-0.03327923543074497,-0.9988198125357645
4.267,0.01580793596804142,Empty,0.54349,0.0262,0.32008,0.14412,0.03434,0.04083,0.99708,0.07162,0.01859,0.01912,0.9890512776897047,0.14352283925216253,0.034333143074307626,0.142100848109513,-0.9890111333929685,0.04079616392888867,0.03981104202253444,-0.03547072930958161,-0.9985774423124758
4.333,0.01580793596804142,Empty,0.54535,0.0301,0.31374,0.13686,0.03944,0.04255,0.99727,0.06793,0.02112,0.01987,0.9898796862552306,0.13632375282904852,0.039421328666732376,0.13464514241402759,-0.9899818779054603,0.0425037297549721,0.04482066893244968,-0.036765688262046535,-0.9983182818135035
4.4,0.01580793596804142,Empty,0.54725,0.0342,0.30693,0.13031,0.04267,0.04228,0.99746,0.06463,0.02266,0.0197,0.9906198395866165,0.1298202555026265,0.042650142773723004,0.1280346659861879,-0.9908699986240277,0.04223470294230264,0.04774366683856086,-0.03637783786939538,-0.9981969721396456
4.467,0.01580793596804142,Empty,0.54876,0.03788,0.30045,0.12272,0.04084,0.04097,0.99773,0.06088,0.02163,0.01919,0.9916515767345073,0.12231116934711839,0.040830481418981185,0.12065024104456046,-0.9918506960004672,0.040935512446752004,0.045504611808636394,-0.03566755803709117,-0.9983271786382539
4.533,0.01580793596804142,Empty,0.55011,0.04148,0.29432,0.11436,0.03458,0.03831,0.99805,0.0568,0.01835,0.01813,0.9928738493568654,0.11404364106237103,0.034576974947466456,0.11271262784577352,-0.9928902129557851,0.038273862369981725,0.03869603064114966,-0.034103855351752206,-0.9986688861994076
4.6,0.01580793596804142,Empty,0.55232,0.04567,0.29002,0.1041,0.02563,0.0325,0.99844,0.05181,0.01364,0.01556,0.9942602285107859,0.10387618751669703,0.025619048941664155,0.10302746348042119,-0.9941479655297762,0.03248329419559745,0.02884336614318505,-0.029657381880457388,-0.9991438834970301
4.667,0.01580793596804142,Empty,0.55534,0.04951,0.28668,0.09456,0.01791,0.02814,0.99875,0.04713,0.00961,0.01363,0.9953736419159617,0.09439435021494114,0.017917020579708856,0.09387025044098535,-0.9951868919466207,0.028132297804688126,0.02048631399499081,-0.02632027251234329,-0.9994436223188252
4.733,0.01580793596804142,Empty,0.5587,0.05271,0.28358,0.08511,0.01235,0.02541,0.999,0.04246,0.00671,0.01243,0.9963046974789878,0.08499790286347014,0.0123412434590238,0.08466454647354354,-0.9960856390927821,0.025403034534341836,0.014452140039868652,-0.024264296856407883,-0.9996011102166366
4.8,0.01580793596804142,Empty,0.56192,0.05574,0.27998,0.07678,0.00621,0.0248,0.99918,0.03834,0.00358,0.01227,0.9970344486045166,0.07670577371713005,0.0062074611834406004,0.07653023095884681,-0.9967589961529804,0.024791678795282532,0.008089007681603595,-0.024243099359598008,-0.9996733666994274
4.867,0.01580793596804142,Empty,0.56457,0.05865,0.27694,0.06836,-0.00972,0.02494,0.99932,0.03423,-0.00443,0.01263,0.9976176851498155,0.06829579212235898,-0.009728260620636663,0.06851980930297547,-0.9973380855618916,0.024935493193932977,-0.007999375563591715,-0.025542667560776076,-0.9996417268824227
4.933,0.01580793596804142,Empty,0.56846,0.062,0.27528,0.06044,-0.02544,0.02537,0.99938,0.03037,-0.01233,0.01306,0.9978510089714357,0.06038576695643039,-0.02543468190820228,0.06102980321008933,-0.9978138544603536,0.025354979138435586,-0.02384799813035756,-0.026852765147306463,-0.9993548929129823
5.0,0.01580793596804142,Empty,0.57286,0.06515,0.2745,0.05284,-0.04073,0.02544,0.99936,0.02667,-0.02002,0.01325,0.9977757260487641,0.052784321809954904,-0.040711372844999934,0.053844853078337696,-0.9982260027391945,0.025408251657715403,-0.03929799364896019,-0.027543834634863165,-0.9988478386965524
5.067,0.01580793596804142,Empty,0.57739,0.06774,0.27403,0.04854,-0.05108,0.02528,0.99929,0.02458,-0.02522,0.01325,0.9975188594040869,0.048464742273648664,-0.051061667516031736,0.04980177666271152,-0.9984400088692927,0.02524542988985927,-0.04975849851438801,-0.027725754190557318,-0.9983763691014318
5.133,0.01580793596804142,Empty,0.58161,0.06912,0.2726,0.04644,-0.05588,0.02466,0.99926,0.02355,-0.02764,0.01297,0.9973627112603455,0.04634259894412601,-0.05585683226353376,0.047776721366628305,-0.9985546157599727,0.024618371999550928,-0.05463521833824964,-0.0272221025557652,-0.998135236353058
5.2,0.01580793596804142,Empty,0.58477,0.06986,0.26978,0.04334,-0.05659,0.02499,0.99928,0.02201,-0.02801,0.0131,0.9974621773906482,0.04324527995067107,-0.05656014884258031,0.044713589431237266,-0.9986880619077072,0.024956961417657644,-0.05540667464558338,-0.027422632350228,-0.9980872204570617
5.267,0.01580793596804142,Empty,0.58601,0.07047,0.26508,0.04002,-0.05571,0.02652,0.99932,0.02037,-0.02758,0.01381,0.9976494396233322,0.039940793420200016,-0.055680594826351806,0.041464308222209145,-0.9987890293246413,0.026479917756565236,-0.05455553833393174,-0.02872643245698503,-0.998097432776675
5.333,0.01580793596804142,Empty,0.58745,0.07182,0.25962,0.0357,-0.04814,0.02807,0.99945,0.01818,-0.02381,0.01446,0.9982052919186455,0.03565078607875405,-0.04811669811592435,0.03702824424306522,-0.9989205802977053,0.028046093952127708,-0.04706489470813659,-0.02977743625066765,-0.9984478954739949
5.4,0.01580793596804142,Empty,0.58818,0.07362,0.25304,0.03216,-0.04143,0.02941,0.99954,0.01638,-0.02047,0.01503,0.9986256903439064,0.03212849648602811,-0.04140640407839547,0.03335875779509656,-0.9990117670454624,0.029371458647317116,-0.04042182409941643,-0.030712359372901645,-0.9987105822600588
5.467,0.01580793596804142,Empty,0.58843,0.07494,0.24614,0.03168,-0.03454,0.02962,0.99961,0.01609,-0.01703,0.01508,0.9989027796674156,0.031645813125390554,-0.03452215642661976,0.03267269003836548,-0.9990277467358126,0.029598252948814675,-0.03355193136569096,-0.030693708860253164,-0.9989655470225357
5.533,0.01580793596804142,Empty,0.58841,0.07549,0.23859,0.0323,-0.02367,0.02977,0.99969,0.01632,-0.01159,0.01507,0.9991983623882915,0.032287166661493616,-0.02366794181016504,0.03298608669586528,-0.9990126452130272,0.029759919169302387,-0.02268370968446915,-0.030516775279237646,-0.9992768263807117
5.6,0.015808265656232834,Empty,0.58773,0.07536,0.23031,0.03092,-0.01297,0.03165,0.99973,0.01556,-0.00624,0.01592,0.9994379254171387,0.03090967597947275,-0.012977872272838717,0.03130729476241739,-0.9990087937254905,0.031643061700787,-0.011986931740242356,-0.03203157801271585,-0.9994149746113823
5.667,0.015808265656232834,Empty,0.587,0.07501,0.22208,0.03105,-0.00349,0.03265,0.99974,0.01555,-0.00149,0.01635,0.9995117463797912,0.031049843668342403,-0.0034894207243226835,0.031147333239292474,-0.9989816583706457,0.03264184233641196,-0.0024723432003444287,-0.032734590988833495,-0.9994610217871899
5.733,0.01580793596804142,Empty,0.58558,0.07473,0.21443,0.03131,0.00289,0.03135,0.99975,0.01563,0.00169,0.01565,0.99950562357647,0.03130762769031825,0.00288805945516148,0.03120185690886834,-0.9990212037779853,0.03135408310610022,0.0038668545939348972,-0.031248469568766948,-0.9995041673675799
5.8,0.01580793596804142,Empty,0.58442,0.074,0.20736,0.03128,0.01195,0.02885,0.99976,0.01555,0.0062,0.01433,0.9994393136812847,0.031273224924585286,0.011960086584082716,0.030917631749264707,-0.9991057007727859,0.028842654703356292,0.012851393515853442,-0.02845670546877269,-0.9995124099272423
5.867,0.01580793596804142,Empty,0.58318,0.07317,0.20091,0.03087,0.02109,0.02717,0.99974,0.01529,0.01075,0.01342,0.9993009966073049,0.030868728633524856,0.021086483163320215,0.030291591195940715,-0.9991719793536481,0.027162017180818232,0.02190748005739579,-0.026504287710913007,-0.9994086176586991
5.933,0.01580793596804142,Empty,0.58251,0.07231,0.19511,0.03217,0.03179,0.02506,0.99967,0.01588,0.01609,0.01227,0.9989781647642249,0.03214475188353555,0.031770131423196006,0.03135509465191,-0.9991943856624668,0.025048706552940656,0.0325497214069637,-0.024026955424096347,-0.9991812753696788
6.0,0.01580793596804142,Empty,0.58179,0.07083,0.18966,0.0363,0.03894,0.0229,0.99958,0.01792,0.01967,0.01109,0.9985840802495735,0.03626793442259452,0.03891621262188093,0.03539559845275564,-0.9991115352860532,0.02287556925011984,0.03971128658560884,-0.021465716644550166,-0.998980598773896
6.067,0.01580793596804142,Empty,0.58158,0.0689,0.18526,0.03852,0.04512,0.02154,0.99951,0.01901,0.02276,0.01033,0.998241444625923,0.038473634062501816,0.04509764642611631,0.03753290908486612,-0.9990635518440029,0.021524407366348038,0.04588353699070599,-0.01979390964084725,-0.9987506706752953
6.133,0.01580793596804142,Empty,0.58186,0.06674,0.18109,0.04097,0.05287,0.02023,0.9994,0.02021,0.02663,0.00957,0.9977643614692298,0.040908319073963195,0.052846839190657,0.03988926453945796,-0.9989999732247269,0.02019653612617816,0.053620197280516285,-0.018043362423276078,-0.998398373153753
6.2,0.01580793596804142,Empty,0.58244,0.06409,0.1768,0.04628,0.06064,0.01946,0.99923,0.02283,0.03053,0.00902,0.9970934352246392,0.046184394400213824,0.06059441513715351,0.045082754796509195,-0.998794396910791,0.019424158143057035,0.06141845530364653,-0.016635937409541175,-0.9979734560270728
6.267,0.01580793596804142,Empty,0.58259,0.06106,0.17275,0.05135,0.06491,0.0188,0.99911,0.02535,0.03268,0.00856,0.9965781114933321,0.05122112380232374,0.06487267659663265,0.0501018307856661,-0.9985678030984563,0.018765637933398496,0.0657409632140322,-0.01545118414717617,-0.9977170874873006
6.333,0.01580793596804142,Empty,0.5829,0.05741,0.16906,0.0562,0.06997,0.01889,0.99896,0.02775,0.03523,0.00845,0.9959776123224783,0.0560315852854153,0.0699217934754166,0.054840586934399915,-0.9983173715711424,0.018839735772457226,0.07085976133960752,-0.014929402857740573,-0.9973745571013959
6.4,0.01580793596804142,Empty,0.58318,0.05388,0.16585,0.05897,0.07535,0.01916,0.99882,0.0291,0.03793,0.00846,0.995429544208309,0.05876554106902804,0.07527704630298855,0.05748129745445835,-0.9981635423116466,0.019116569849666577,0.07626219876314837,-0.014702176122244783,-0.996979399514895
6.467,0.01580793596804142,Empty,0.5834,0.05095,0.16267,0.06221,0.07934,0.01947,0.99869,0.03069,0.03994,0.00849,0.9949263367358242,0.06198022020078203,0.07924668304286663,0.06062359593751865,-0.9979718791470218,0.019414119793760173,0.08028925261227952,-0.014511400195176924,-0.9966659697106834
6.533,0.01580793596804142,Empty,0.58383,0.04834,0.15973,0.06468,0.08484,0.01959,0.99854,0.03189,0.0427,0.00841,0.9943188509127237,0.06440530426207186,0.08474656041699286,0.06296955293597789,-0.9978247348161204,0.019509843468910132,0.08581875157938494,-0.014062552117173931,-0.9962115169507467
6.6,0.01580793596804142,Empty,0.58386,0.04598,0.15697,0.06623,0.08981,0.0198,0.99841,0.03263,0.04519,0.0084,0.9937856156591323,0.06592085311677287,0.08969164528180204,0.06440322663797254,-0.9977292174998454,0.019713775532965,0.09078752396457145,-0.013814835196377042,-0.9957744603176362
6.667,0.01580793596804142,Empty,0.5836,0.04445,0.15445,0.068,0.0934,0.01995,0.9983,0.03349,0.04699,0.00837,0.9933409667067246,0.06764959974879187,0.09325907739184523,0.06607552573060127,-0.99761680823425,0.01986778366934211,0.09438087073964999,-0.013573340868607372,-0.9954436275631535
6.733,0.01580793596804142,Empty,0.58315,0.04364,0.15229,0.06989,0.09676,0.02,0.99819,0.03441,0.04868,0.00829,0.9928918845918472,0.06951191999758599,0.09661158569188172,0.06789731758376272,-0.9974937410393518,0.019904543507646075,0.09775305507543085,-0.013203392199254527,-0.9951231133170673
6.8,0.01580793596804142,Empty,0.58272,0.04331,0.15042,0.07075,0.10096,0.02019,0.99807,0.03481,0.05078,0.00829,0.9924203018330313,0.07032122290706672,0.10078129845606157,0.06863794340498802,-0.9974395763595698,0.020077953998745783,0.10193516191564493,-0.013008348107916644,-0.99470598954904
6.867,0.01580793596804142,Empty,0.58254,0.04325,0.14908,0.07077,0.10437,0.01993,0.99798,0.03481,0.05248,0.0081,0.9920691319311346,0.07032736894800495,0.1041772462981062,0.06862678809452105,-0.997445426480173,0.019823853046645926,0.10530527729052701,-0.01251728287754556,-0.9943611598429059
6.933,0.01580793596804142,Empty,0.58259,0.04319,0.14808,0.07081,0.10831,0.01977,0.99788,0.03481,0.05444,0.00795,0.9916496432606143,0.0703331524984474,0.10809362923284156,0.06860291585295786,-0.9974505552072048,0.019647642436456385,0.10919993112437791,-0.012068039462522587,-0.9939465465838507
7.0,0.01580793596804142,Empty,0.58254,0.04297,0.14719,0.07036,0.11288,0.02154,0.99775,0.03451,0.05675,0.00876,0.991175458149991,0.06986908078624204,0.11264778165254971,0.06788069312074951,-0.9974639950343138,0.021396030277422547,0.11385702728686338,-0.01356061061572546,-0.9934045938977364
7.067,0.01580793596804142,Empty,0.58218,0.04299,0.14588,0.07106,0.11441,0.02279,0.99769,0.03481,0.05754,0.00934,0.9909533788762488,0.07053890795371426,0.11417382956896689,0.06838854995882515,-0.9974016712034248,0.022647571948108007,0.11547470341280527,-0.01463450529785291,-0.9932026098064846
7.133,0.01580793596804142,Empty,0.58253,0.04296,0.14531,0.07152,0.11634,0.02307,0.99763,0.03502,0.05851,0.00943,0.9907015581412819,0.07097079920645127,0.11607570097326105,0.06876312213892172,-0.997369706365774,0.02291946460014454,0.11739700051595893,-0.014724621687741827,-0.9929758958736151
7.2,0.01580793596804142,Empty,0.58323,0.04232,0.14476,0.07215,0.12012,0.02437,0.9975,0.03527,0.06042,0.00999,0.9902102747288781,0.07156662155695842,0.11984085488798418,0.06915215985228051,-0.9973127652502851,0.024191466606932215,0.12125011591385994,-0.015667384840896956,-0.9924983337230964
7.267,0.01580793596804142,Empty,0.58337,0.04149,0.14358,0.07217,0.12146,0.02572,0.99745,0.03523,0.06111,0.01064,0.9900486033646535,0.0715753229636838,0.1211640875769021,0.06897326777526486,-0.9972915210608064,0.025540367119996632,0.12266397722273811,-0.016929121739385898,-0.9923038614905378
7.333,0.01580793596804142,Empty,0.58289,0.04119,0.14266,0.07184,0.11971,0.02592,0.99751,0.03507,0.06024,0.01078,0.9902838201008242,0.07125628794478439,0.1194173231773736,0.06865880644869582,-0.9973083073736988,0.025731465959961237,0.1209294171968088,-0.017282403528968076,-0.9925106521265664
7.4,0.01580793596804142,Empty,0.58287,0.04122,0.14267,0.0719,0.11971,0.02594,0.99751,0.0351,0.06024,0.01079,0.9902777514186645,0.07131804249104834,0.11943078271718072,0.06871891429629662,-0.9973037759107206,0.025746638074848623,0.12094497039204088,-0.01728916913746971,-0.9925086391399344
7.467,0.01580793596804142,Empty,0.58287,0.0412,0.14265,0.07186,0.11967,0.02594,0.99751,0.03508,0.06022,0.01079,0.9902845985286234,0.0712903164328646,0.11939055532120223,0.06869005546406332,-0.9973054159324123,0.0257601170847917,0.12090529433133564,-0.01730890333846455,-0.9925131292168746
7.533,0.01580793596804142,Empty,0.58287,0.04121,0.14265,0.07188,0.11969,0.02594,0.99751,0.03509,0.06023,0.01079,0.9902820108737165,0.07129776362279194,0.11940757028889176,0.0686973601335959,-0.9973049347322092,0.025759267642126382,0.12092233726893938,-0.01730595450046551,-0.9925111043652078
7.6,0.01580793596804142,Empty,0.58287,0.04122,0.14266,0.0719,0.11971,0.02594,0.99751,0.0351,0.06024,0.01079,0.9902784521199968,0.07132412019479106,0.1194213429218672,0.06872346393025297,-0.997303094331198,0.025760891732333188,0.12093664776340704,-0.017303407637132444,-0.9925094051503457
7.667,0.01580793596804142,Empty,0.58287,0.0412,0.14266,0.07186,0.11971,0.02596,0.99751,0.03508,0.06024,0.0108,0.990281169873529,0.07129271939714604,0.11941755630925566,0.06869140322484157,-0.9973051963118205,0.025765025372450803,0.12093260816221879,-0.017311659955087436,-0.9925097534597243
7.733,0.01580793596804142,Empty,0.58287,0.04122,0.14266,0.0719,0.11971,0.02594,0.99751,0.0351,0.06024,0.01079,0.9902787586471755,0.07131780884301148,0.11942257037110175,0.0687166535792838,-0.9973034718769186,0.025764442612039994,0.1209380076447176,-0.017307660849348712,-0.992509165289092
7.8,0.01580793596804142,Empty,0.58287,0.0412,0.14266,0.07188,0.11971,0.02596,0.99751,0.03509,0.06024,0.0108,0.9902795343931056,0.07129979924945423,0.11942689139871832,0.06869807406346623,-0.9973046742201811,0.025767448429138917,0.1209422109196958,-0.017312579402427367,-0.9925085673243785
7.867,0.01580793596804142,Empty,0.58287,0.04121,0.14266,0.07188,0.11971,0.02596,0.99751,0.03509,0.06024,0.0108,0.9902784965927555,0.07130678615729402,0.11943132517857477,0.0687047515513764,-0.9973041546245711,0.025769755195442876,0.12094691521595796,-0.01731373490866089,-0.9925079739141931
7.933,0.01580793596804142,Empty,0.58285,0.04107,0.14255,0.07291,0.12035,0.02687,0.99747,0.03557,0.06058,0.01121,0.9901290360378369,0.07232321559970639,0.12005767147542867,0.06960633654544701,-0.9972177855444275,0.02667669594589958,0.12165298971873059,-0.018056596556006634,-0.9924084388059727
8.0,0.01580793596804142,Empty,0.58243,0.04185,0.14228,0.08433,0.11891,0.02215,0.99731,0.04142,0.05983,0.00854,0.9894090653197487,0.08363739943998882,0.11863594260601153,0.08159278267335923,-0.9964229859883721,0.021996609048544793,0.12005131935434561,-0.012083807716623216,-0.9926941433857404
8.067,0.01580793596804142,Empty,0.58208,0.04176,0.14171,0.10477,0.12032,0.01687,0.99681,0.05176,0.06048,0.00526,0.9873255306191651,0.10382312666086191,0.12003772306215502,0.10255160222848608,-0.9945868377924897,0.016738905887358407,0.12112582494230675,-0.004216688309337135,-0.9926282053577499
8.133,0.01580793596804142,Empty,0.58138,0.04126,0.14085,0.13011,0.11191,0.01091,0.99633,0.0646,0.05616,0.0018,0.9853454927862069,0.12893223385989006,0.11167246266562761,0.12852871337655042,-0.9916465916706521,0.010835454108971632,0.11213665628899358,0.003676452077436972,-0.9936859936702572
8.2,0.01580793596804142,Empty,0.58162,0.04109,0.14128,0.15735,0.10037,-0.00148,0.99565,0.07853,0.04995,-0.00468,0.9826766260451238,0.15590215990109357,0.10020561442726575,0.1568375230746974,-0.9876233143819342,-0.001476565283724765,0.09873520132336694,0.017166986556096542,-0.9949656549812245
8.267,0.01580793596804142,Empty,0.58276,0.04021,0.14297,0.18218,0.08734,-0.01021,0.99487,0.0911,0.04301,-0.00905,0.979703977429005,0.18047788315602664,0.08722299181584872,0.18203485367532246,-0.9832394560564401,-0.010172713563235701,0.08392513721878528,0.025843872491469893,-0.996136870915565
8.333,0.01580793596804142,Empty,0.5847,0.03977,0.14583,0.21071,0.07165,-0.02373,0.9937,0.10551,0.03437,-0.01556,0.975374656293584,0.20861492672213783,0.0715827647474585,0.21075390100766217,-0.9772524720377629,-0.023672750286647476,0.06501594473839097,0.038176147589803276,-0.9971537036410065
8.4,0.01580793596804142,Empty,0.58802,0.03886,0.14955,0.24238,0.06417,-0.0349,0.99194,0.12137,0.02973,-0.02119,0.9687709835487763,0.23952231825988507,0.0641236344053169,0.24204252818742472,-0.9696403756533264,-0.034827524338017765,0.05383489558433333,0.04926054159553946,-0.997334047879214
8.467,0.01580793596804142,Empty,0.59096,0.03814,0.1524,0.27395,0.05791,-0.04647,0.98986,0.13712,0.0255,-0.02696,0.9610945676136486,0.2700897268431258,0.05786857141263404,0.27283932570008007,-0.9609408256803191,-0.04638353039983096,0.043080557738487055,0.060367781097470055,-0.9972461063099263
8.533,0.01580793596804142,Empty,0.59354,0.03718,0.15454,0.30491,0.05165,-0.05589,0.98758,0.15247,0.02127,-0.03153,0.9526023240394663,0.2998042523692264,0.051635477105732984,0.3024875162624568,-0.95151907987908,-0.05579196296455805,0.03240547391996349,0.06876664080350198,-0.9971063305247964
8.6,0.01580793596804142,Empty,0.59659,0.03625,0.15625,0.34262,0.04693,-0.06169,0.9845,0.17106,0.01785,-0.03438,0.9408385040471187,0.3355937097739292,0.04690171918546199,0.33804793952757595,-0.9391115405361753,-0.061588188907712456,0.02337733696425764,0.07379956904984994,-0.996999059038932
8.667,0.01580793596804142,Empty,0.60022,0.03557,0.15743,0.38698,0.04697,-0.0662,0.98038,0.19289,0.01667,-0.03698,0.9250280220950202,0.37698590249952474,0.04695516644197639,0.3794520769736632,-0.9228482818252348,-0.06608456712868295,0.018419544493498845,0.07894731185310315,-0.9967086045238202
8.733,0.01580793596804142,Empty,0.60352,0.03455,0.15805,0.42945,0.04547,-0.07145,0.97599,0.21368,0.01459,-0.03973,0.908256938836711,0.4159354692347591,0.045464475004425894,0.4182547175120431,-0.9055252295233776,-0.07132355834894709,0.011503231454180536,0.0837958479227657,-0.996416545194336
8.8,0.01580793596804142,Empty,0.6061,0.03364,0.15832,0.46961,0.04203,-0.07751,0.97142,0.23322,0.01141,-0.04256,0.8909540539982476,0.4521460997418225,0.04200926269700067,0.4540875896179904,-0.8875923038434994,-0.0773586654015733,0.0023096794174435153,0.08799890139113571,-0.9961178939939499
8.867,0.01580793596804142,Empty,0.60878,0.03296,0.15873,0.50813,0.04278,-0.08164,0.96665,0.25192,0.01043,-0.04486,0.8728592307028824,0.4860942557498818,0.04276842180558797,0.48796600422711206,-0.8690515763185891,-0.08147721409573166,-0.0024376413596342043,0.09198767431098685,-0.9957571620025928
8.933,0.01580793596804142,Empty,0.61101,0.03243,0.15872,0.55007,0.04325,-0.08813,0.961,0.27217,0.00883,-0.04825,0.8516886361215008,0.5222610491474681,0.043241919995345435,0.5239659170764487,-0.8471892530599504,-0.08792091470156321,-0.009283579252308855,0.09753853619523677,-0.9951884490452834
