time,gr,gr_state,tx,ty,tz,rx,ry,rz,qw,qx,qy,qz,xx,xy,xz,yx,yy,yz,zx,zy,zz
0.0,0.015882140025496483,Empty,0.30835,0.00199,0.48569,0.01395,0.00401,-0.00419,0.99997,0.00698,0.00199,-0.00211,0.9998946571548981,0.013947386621884439,0.0040180840593880725,0.013964225522786644,-0.9998937011797402,-0.004193655521037814,0.003959166406881875,0.004249323181408662,-0.9999831339847
0.067,0.015882140025496483,Empty,0.30835,0.00199,0.48568,0.01393,0.00401,-0.00419,0.99997,0.00697,0.00199,-0.00211,0.999894809443368,0.013940511028186109,0.004004023037404606,0.013957298317311184,-0.9998937892533122,-0.004195716426870214,0.003945107336007907,0.004251160421126243,-0.9999831817401638
0.134,0.015882140025496483,Empty,0.30835,0.00199,0.48568,0.01393,0.00401,-0.00419,0.99997,0.00697,0.00199,-0.00211,0.9998948503803871,0.013934784187566496,0.004013723013553039,0.013951622381592421,-0.9998938582120916,-0.00419815943709097,0.003954796544075294,0.0042537159500524845,-0.9999831326002011
0.2,0.015882140025496483,Empty,0.30835,0.002,0.48568,0.01395,0.00401,-0.00419,0.99997,0.00698,0.00199,-0.00211,0.9998945094443229,0.013958590921495484,0.004015933587951733,0.013975441488332019,-0.9998935224019285,-0.004198915796941637,0.003956895033065971,0.0042545972958604236,-0.9999831205493157
0.267,0.015882140025496483,Empty,0.30853,0.00218,0.48561,0.01407,0.00421,-0.00489,0.99997,0.00704,0.00209,-0.00246,0.9998920234480623,0.014078825244603743,0.004210477962351288,0.01409934461563156,-0.9998886708732453,-0.004884090574936488,0.004141246955832947,0.004942928187464567,-0.9999792085511499
0.334,0.015882140025496483,Empty,0.31046,0.00343,0.48487,0.01766,0.00628,-0.0069,0.99995,0.00884,0.00311,-0.00348,0.9998242139049495,0.017665176305820707,0.006283536857043158,0.017708429318340935,-0.9998194132104503,-0.0068958319721132266,0.006160586045732751,0.007005891349040863,-0.9999564813860543
0.4,0.015882140025496483,Empty,0.3152,0.00677,0.48236,0.02683,0.00866,-0.00728,0.99989,0.01343,0.00428,-0.0037,0.9996025909574369,0.026826580137412404,0.008659950883846558,0.026889920877162465,-0.9996118729571446,-0.007282554382145136,0.008461223693980958,0.007512525623247457,-0.9999359827770777
0.467,0.015881812199950218,Empty,0.3227,0.01265,0.47766,0.04202,0.0099,-0.00555,0.99976,0.02102,0.00489,-0.00288,0.9990687743911395,0.04199466456722856,0.009901120364504766,0.04205107599061708,-0.9990999930192721,-0.0055597623080136434,0.00965872893386118,0.005970937679813285,-0.9999355263508773
0.533,0.015881812199950218,Empty,0.33191,0.02168,0.47069,0.0627,0.00804,-0.00373,0.9995,0.03135,0.00396,-0.00199,0.9980031310971267,0.06265169502606749,0.0080321498175693,0.06268316694568116,-0.9980265138589595,-0.003728031141480294,0.007782731011097996,0.004224067339972349,-0.9999607924079404
0.6,0.015881812199950218,Empty,0.34298,0.0348,0.46127,0.09054,0.00524,-0.00427,0.99897,0.04526,0.00252,-0.00225,0.9958907209573393,0.09041185004396068,0.005231565989188882,0.09043445595425831,-0.9958933040055343,-0.004258663311167602,0.004825047909419175,0.004714277099294393,-0.9999772469932017
0.667,0.015882140025496483,Empty,0.35515,0.0506,0.4503,0.12317,0.00427,-0.00561,0.9981,0.06155,0.00196,-0.00293,0.9924157977059829,0.12285195554703332,0.0042756849588524186,0.1228749472602258,-0.9924063104438143,-0.005609128906729261,0.0035541242795279707,0.006091962702227766,-0.9999751277862068
0.733,0.015882140025496483,Empty,0.36839,0.06929,0.43745,0.15862,0.00631,-0.00793,0.99684,0.07924,0.00283,-0.0042,0.9874260642073185,0.15795587912597975,0.006301426313371851,0.15800334644041314,-0.9874068077255085,-0.007920768330891522,0.004970939315144833,0.008816819543330632,-0.9999487754157536
0.8,0.015882140025496483,Empty,0.38192,0.08898,0.42312,0.19194,0.01092,-0.00759,0.99537,0.09584,0.00507,-0.0043,0.9815790617196517,0.19074380632578208,0.01092455682945316,0.19083100758446808,-0.9815936327164515,-0.007580683004642257,0.009277507093185753,0.0095257838980692,-0.9999115897434449
0.867,0.015882140025496483,Empty,0.39475,0.10773,0.40806,0.21117,0.01558,-0.0034,0.9944,0.1054,0.00757,-0.00251,0.9776662830055757,0.20958425576300166,0.015590984905713489,0.20966016792215353,-0.9777684507986236,-0.003386828858053776,0.014534547152072384,0.006579996894233097,-0.9998727171895211
0.933,0.015882140025496483,Empty,0.40718,0.12634,0.39282,0.21286,0.0211,-0.00131,0.99429,0.10623,0.01042,-0.00177,0.9772120762388995,0.211214766827443,0.02109218639420884,0.21128852623530003,-0.9774228622630237,-0.0013065247311511551,0.020340027880368157,0.005733288723498327,-0.9997766813975203
1.0,0.015882140025496483,Empty,0.41909,0.14454,0.37825,0.20306,0.02819,-0.00217,0.99475,0.10136,0.01391,-0.00251,0.9790639153440149,0.2015936959058413,0.028175014503479152,0.20173312796070053,-0.979438127861652,-0.0021676655769865116,0.027158695742610012,0.007806116953085799,-0.9996006551536843
1.067,0.015882140025496483,Empty,0.43021,0.16193,0.36433,0.18469,0.03457,-0.00584,0.99558,0.09225,0.01694,-0.0045,0.9824070354659782,0.1835259912322852,0.03456337959684759,0.18383091317309258,-0.9829405682051093,-0.005833929941608732,0.032903070204700964,0.01208511145268881,-0.9993854802088535
1.133,0.015882140025496483,Empty,0.44065,0.17939,0.35085,0.1635,0.03933,-0.01195,0.99644,0.08176,0.01911,-0.00756,0.9858994653513018,0.16265320462627691,0.039321485791099925,0.1632314519423046,-0.9865154240560958,-0.011950363853403223,0.036847487252516624,0.018200360552033702,-0.9991551478919335
1.2,0.015882140025496483,Empty,0.45044,0.19579,0.33743,0.14083,0.04129,-0.01961,0.99725,0.07054,0.0199,-0.01123,0.9892556744972573,0.14024766181817727,0.04127715868989354,0.14114127922909392,-0.9897957903514518,-0.01958143764180824,0.03810970706462354,0.025196959282406867,-0.998955836596578
1.267,0.015882140025496483,Empty,0.4592,0.21004,0.32258,0.11889,0.03607,-0.02721,0.99796,0.05964,0.01719,-0.01465,0.9922960269402675,0.11852706769963517,0.03605453010490954,0.1195342553613224,-0.9924577361890607,-0.027188300309114323,0.032560047815902646,0.03128859378448575,-0.9989799133041742
1.333,0.015882140025496483,Empty,0.46683,0.22141,0.306,0.0998,0.02312,-0.03337,0.99854,0.05006,0.01071,-0.01724,0.994758858790618,0.0996036849862218,0.02310668290241431,0.10034202020755101,-0.9943935620721006,-0.033360495952949126,0.019654308389120613,0.035504220125568246,-0.9991762399672145
1.4,0.015882140025496483,Empty,0.47331,0.23005,0.28759,0.08229,0.00256,-0.03695,0.99898,0.04115,0.00052,-0.01851,0.9966136078066596,0.08218751140158365,0.0025553285909013373,0.08222575793126463,-0.9959287529407416,-0.03694379242211186,-0.0004913931440198931,0.03702880008201155,-0.9993140780041398
1.467,0.015882140025496483,Empty,0.47941,0.23654,0.26797,0.06534,-0.02223,-0.03871,0.99922,0.03244,-0.01174,-0.01898,0.9976193164419209,0.06528126713555354,-0.022227362037165944,0.06439028342443281,-0.9971747349036995,-0.038683839910976146,-0.0246898939340769,0.0371605197879861,-0.9990042567009466
1.533,0.015882140025496483,Empty,0.48593,0.24132,0.24888,0.0519,-0.04535,-0.04022,0.99922,0.02548,-0.02318,-0.01951,0.9976269892469061,0.05182596921268323,-0.04532614302275864,0.050016842792847294,-0.9979399538204246,-0.04017665996476083,-0.04731496341739181,0.03781424974866565,-0.9981640029337645
1.6,0.015882140025496483,Empty,0.49337,0.24537,0.23102,0.03951,-0.06369,-0.04283,0.99908,0.01906,-0.03225,-0.02077,0.9971932269712402,0.03942203243528003,-0.06365195551871046,0.036742805694121417,-0.9984108871074452,-0.04272782155748349,-0.06523522294288728,0.04026914282668349,-0.9970570504357291
1.667,0.015882140025496483,Empty,0.50078,0.24947,0.21444,0.03408,-0.0788,-0.04633,0.99883,0.01611,-0.03977,-0.02247,0.9963177027395094,0.0339621875967025,-0.07872486914255879,0.030388367605907685,-0.9984718044987217,-0.04615845247963114,-0.0801722041739831,0.04359616307328589,-0.9958271899497284
1.734,0.015882140025496483,Empty,0.50623,0.25268,0.19875,0.03258,-0.0967,-0.04792,0.99843,0.01511,-0.0487,-0.02314,0.9947998324278613,0.03243452647413814,-0.09654685336093335,0.027927482573120388,-0.9984724795650035,-0.047673506987020504,-0.09794564369397551,0.04472928619720944,-0.9941860700279708
1.8,0.015882140025496483,Empty,0.50938,0.25487,0.18328,0.03097,-0.11863,-0.04701,0.99787,0.01406,-0.05962,-0.02254,0.9924961341935534,0.030749680492468068,-0.11834644380150758,0.025375141330479578,-0.9985886714079435,-0.046655841415370776,-0.11961407029823222,0.043302684504880055,-0.991875673510224
1.867,0.015882140025496483,Empty,0.51098,0.25623,0.16846,0.02815,-0.14013,-0.04503,0.99722,0.01246,-0.0703,-0.02147,0.9898064811191629,0.02787640905904759,-0.13966401022623065,0.021839395205358936,-0.998767375287022,-0.04457320808890949,-0.1407343978974726,0.041068672735379654,-0.9891952251038163
1.933,0.015882140025496483,Empty,0.51065,0.25625,0.15331,0.02328,-0.16313,-0.04102,0.99642,0.00993,-0.08169,-0.01949,0.9864563397091213,0.022971877254928552,-0.16240745888987912,0.016601836411102522,-0.9990427534059404,-0.04047166780423608,-0.1631817050881078,0.037227271219657555,-0.9858934330859881
2.0,0.015882140025496483,Empty,0.50895,0.25542,0.1386,0.01473,-0.18616,-0.0353,0.9955,0.00569,-0.09306,-0.01689,0.982613369009983,0.014465613491623952,-0.1850991979160406,0.00817826492595386,-0.9993647966416348,-0.03468600894055737,-0.18548337668279483,0.03256914582445254,-0.9821075133174646
2.067,0.015882140025496483,Empty,0.50718,0.2549,0.12535,0.00771,-0.20589,-0.03048,0.99459,0.00227,-0.10281,-0.01476,0.9788492258603574,0.007553144825149516,-0.2044434959489526,0.001482553620242355,-0.9995538827834938,-0.02983014326489672,-0.20457760157784183,0.028896114197093533,-0.9784237423105422
2.134,0.015882140025496483,Empty,0.50685,0.25534,0.11473,0.00552,-0.21655,-0.02969,0.99404,0.00114,-0.10809,-0.01446,0.9766306683207,0.005392257527766675,-0.2148568389747393,-0.0008582303433956606,-0.9995794055536413,-0.028987504785792692,-0.21492277947239688,0.02849448283059238,-0.9762152750864311
2.2,0.015882140025496483,Empty,0.50771,0.25657,0.10642,0.0047,-0.22026,-0.03157,0.99382,0.0006,-0.10993,-0.01543,0.9758301439956568,0.004577882382870602,-0.21848243193058797,-0.0022079370128937903,-0.9995229861655638,-0.030804628561646744,-0.2185192327543791,0.03054248057317106,-0.9753545518409573
2.267,0.015882140025496483,Empty,0.50856,0.25761,0.10031,0.00423,-0.22155,-0.03354,0.99373,0.00025,-0.11057,-0.01643,0.9755474342508044,0.00412653748994396,-0.21975025646177615,-0.00314072173381974,-0.9994599201253451,-0.03271091453978617,-0.2197665565859897,0.03260122315776762,-0.9750076004088144
2.333,0.015882140025496483,Empty,0.50823,0.25817,0.09517,0.00414,-0.22506,-0.03398,0.99353,0.00015,-0.11231,-0.01665,0.9747743856355012,0.004044868653138078,-0.2231558561779418,-0.0034345580288293043,-0.9994455369189457,-0.033118311308803064,-0.22316608371362792,0.03304932329684001,-0.9742200168902008
2.4,0.015882140025496483,Empty,0.50692,0.25838,0.09093,0.00433,-0.22969,-0.03356,0.99328,0.00023,-0.11461,-0.01642,0.9737305538317034,0.00421554619650627,-0.22766430924690256,-0.0033098998611995056,-0.9994609376094483,-0.03266311001345794,-0.2276792768292999,0.03255861426884668,-0.9731916992758309
2.467,0.015882140025496483,Empty,0.50582,0.25816,0.08738,0.0039,-0.23392,-0.0327,0.99304,3e-05,-0.11671,-0.01601,0.9727582588227964,0.0037921380205636623,-0.23179083152979696,-0.0036799984967559873,-0.9994876153406105,-0.03179566624248911,-0.23179263901838132,0.03178248684374588,-0.9722458773514658
2.534,0.015882140025496483,Empty,0.50557,0.25789,0.08438,0.0029,-0.23519,-0.03269,0.99296,-0.00048,-0.11733,-0.01606,0.9724689461515266,0.0028058957721799893,-0.2330156126096598,-0.004729069109063289,-0.999483961817084,-0.031771779550216164,-0.23298451595825215,0.03199901591207915,-0.9719538457685928
2.6,0.015882140025496483,Empty,0.50603,0.25772,0.08198,0.00154,-0.23344,-0.03359,0.99306,-0.00119,-0.11645,-0.01659,0.9728780750337191,0.0014941128256457104,-0.23131368041157704,-0.006235209795809771,-0.9994464090857574,-0.03268023140044586,-0.2312344552126418,0.03323616994252921,-0.9723301824637883
2.667,0.015882140025496483,Empty,0.50661,0.25777,0.08018,0.00066,-0.23096,-0.03487,0.99319,-0.00168,-0.11521,-0.01728,0.9734464524355968,0.000637567612807366,-0.22891395271606024,-0.007323724040160184,-0.999397468531684,-0.03392731876593777,-0.22879765581564662,0.0347029307119885,-0.9728552509460305
2.734,0.015882140025496483,Empty,0.50729,0.2581,0.07902,0.00029,-0.2277,-0.03653,0.99336,-0.00193,-0.11359,-0.01813,0.9741867029627655,0.0002816320419989915,-0.22574363435970712,-0.007956645258296313,-0.9993350393004266,-0.035583296961470764,-0.22560354511126332,0.03646093676535897,-0.9735366662449967
2.8,0.015882140025496483,Empty,0.5079,0.25835,0.0785,-1e-05,-0.22493,-0.03784,0.9935,-0.00213,-0.11221,-0.0188,0.9748091419931402,-2.1602544414411895e-05,-0.22304066046335053,-0.008458396574066496,-0.9992842357826075,-0.03687101359829782,-0.2228802194318586,0.037828767488514874,-0.9741115912134025
2.867,0.015882140025496483,Empty,0.50877,0.25853,0.07863,-0.00068,-0.22145,-0.03911,0.99369,-0.0025,-0.11047,-0.01947,0.975578878492035,-0.000658205609560869,-0.2196483976850248,-0.0092638183146736,-0.9992290301145981,-0.03815137017818057,-0.21945394393916914,0.03925445378062702,-0.974832834053064
2.933,0.015882140025496483,Empty,0.50975,0.25869,0.07881,-0.00164,-0.21759,-0.04044,0.99388,-0.00301,-0.10854,-0.02019,0.9764219675748491,-0.0016065309268238348,-0.2158646805191656,-0.010369712518104701,-0.9991669757292925,-0.03946927506645413,-0.21562145139005082,0.0407771218989364,-0.9756252436412698
3.0,0.015882140025496483,Empty,0.5108,0.25878,0.07898,-0.0027,-0.21343,-0.04181,0.99409,-0.00357,-0.10646,-0.02093,0.9773055185603801,-0.002641847716837731,-0.2118181862637572,-0.011553460510331237,-0.9990986800836019,-0.040845379242216415,-0.21151936304192814,0.04236564759147795,-0.9764551761153667
3.067,0.015882140025496483,Empty,0.51169,0.25878,0.07912,-0.00402,-0.21002,-0.04274,0.99426,-0.00424,-0.10475,-0.02146,0.9780184260885558,-0.003938918595784713,-0.2084812777003241,-0.012930467783465294,-0.9990430113101745,-0.041783544071792286,-0.2081171814967825,0.04356083645425585,-0.9771334055763528
3.134,0.015882140025496483,Empty,0.51253,0.25893,0.07925,-0.00745,-0.20662,-0.04335,0.99442,-0.00594,-0.10302,-0.02194,0.9787020366994921,-0.007300476289104574,-0.20515610253223882,-0.016341312262131757,-0.9989667105628077,-0.042408403658647065,-0.20463451535314797,0.04485771096785333,-0.9778100535855146
3.2,0.015882140025496483,Empty,0.513,0.25894,0.07923,-0.01517,-0.20485,-0.04215,0.99449,-0.0097,-0.10206,-0.02174,0.9789807495633902,-0.014858975858794865,-0.2034106752870405,-0.02373377921836889,-0.9988665064611163,-0.04126027137790507,-0.20256702522453113,0.04522071545865238,-0.9782237408615126
3.267,0.015882140025496483,Empty,0.51303,0.2588,0.07895,-0.02443,-0.20508,-0.0401,0.99445,-0.0142,-0.10209,-0.02119,0.97875154537635,-0.023910698322852086,-0.2036509045624889,-0.0325635077271168,-0.9986989325270546,-0.03924359990912446,-0.20244759911619695,0.04504132186154178,-0.978256739786163
3.333,0.015882140025496483,Empty,0.51277,0.25876,0.07859,-0.02896,-0.20599,-0.03894,0.99438,-0.0164,-0.1025,-0.02085,0.9784515582236366,-0.028343884336087255,-0.20452181406999168,-0.03689021963217948,-0.9985929455804604,-0.03809515366065888,-0.20315427611848877,0.04481911710065431,-0.9781204357527199
3.4,0.015882140025496483,Empty,0.51276,0.25872,0.07853,-0.03071,-0.20616,-0.03853,0.99436,-0.01725,-0.10257,-0.02074,0.9783632630975354,-0.030051108004579552,-0.20470040627424055,-0.03856024071512082,-0.9985446019214919,-0.03770657514865211,-0.20326936133400442,0.044784024843085454,-0.9780981330427534
3.467,0.015882140025496483,Empty,0.51248,0.25885,0.07842,-0.03034,-0.20661,-0.0385,0.99434,-0.01707,-0.1028,-0.02071,0.9782812422355207,-0.029679779602776013,-0.20514609860501226,-0.03819498923175846,-0.9985599190973671,-0.03767267935580686,-0.20373255480583527,0.044690028585694846,-0.9780060569635023
3.533,0.015882140025496483,Empty,0.51224,0.25908,0.07837,-0.02986,-0.20695,-0.03863,0.99433,-0.01684,-0.10297,-0.02075,0.9782282842848794,-0.029225846626019403,-0.20546355811689138,-0.03777013488863762,-0.9985717861888807,-0.03778630357738179,-0.2040657755125904,0.044724017222744154,-0.9779350293081359
3.6,0.015882140025496483,Empty,0.51223,0.25918,0.07843,-0.02969,-0.20688,-0.03873,0.99433,-0.01676,-0.10294,-0.02079,0.9782455725940828,-0.029052545048949885,-0.2054058161938312,-0.03761471049228188,-0.9985732611523952,-0.037902185504957955,-0.204011600784507,0.04480392547142654,-0.9779426747042457
3.667,0.015882140025496483,Empty,0.51219,0.25918,0.07842,-0.02967,-0.207,-0.03869,0.99432,-0.01675,-0.103,-0.02077,0.9782207079181513,-0.029024282257772593,-0.2055281918363824,-0.03758185336463954,-0.9985762663771696,-0.03785557456849331,-0.20413684355791942,0.044755237320934206,-0.9779187685255646
3.734,0.015882140025496483,Empty,0.51218,0.25917,0.07841,-0.02967,-0.20702,-0.03867,0.99432,-0.01675,-0.10301,-0.02076,0.9782149444732771,-0.029038973642580346,-0.2055535463545426,-0.03759447440434399,-0.9985764377097708,-0.03783851933051194,-0.20416213631181626,0.044741882622995735,-0.9779140995179205
3.8,0.015882140025496483,Empty,0.51219,0.25918,0.07842,-0.02967,-0.20702,-0.03869,0.99432,-0.01675,-0.10301,-0.02077,0.9782165883083013,-0.029023213295320982,-0.2055479492684893,-0.03758028371257377,-0.9985765799196901,-0.03784886143567716,-0.2041568726116014,0.0447489343550093,-0.9779148757634999
3.867,0.015882140025496483,Empty,0.51219,0.25917,0.07842,-0.02967,-0.20702,-0.03867,0.99432,-0.01675,-0.10301,-0.02076,0.9782151003649533,-0.029030425577446284,-0.205554011901439,-0.037586316176061785,-0.998576645711506,-0.03784113470643906,-0.20416289147222047,0.04474278746736841,-0.9779139004612585
3.934,0.015882140025496483,Empty,0.51218,0.25918,0.07842,-0.02965,-0.20704,-0.03869,0.99432,-0.01674,-0.10302,-0.02077,0.9782150112249913,-0.02901703676366041,-0.20555632656657957,-0.037573667896942886,-0.998576956323992,-0.03784549880081113,-0.2041656467059534,0.04474454018277901,-0.9779132450422028
4.0,0.015882140025496483,Empty,0.51218,0.25918,0.07842,-0.02967,-0.20704,-0.03869,0.99432,-0.01675,-0.10302,-0.02077,0.9782138087950614,-0.029029715587772065,-0.20556025855099522,-0.037586653296594275,-0.9985764932308289,-0.037844823434414435,-0.20416901767070483,0.04474665104466965,-0.9779124446716412
4.067,0.015882140025496483,Empty,0.51218,0.25918,0.07842,-0.02965,-0.20704,-0.03867,0.99432,-0.01674,-0.10302,-0.02076,0.9782140806978421,-0.029017898803583797,-0.2055606330830404,-0.03757416699496985,-0.9985770431950391,-0.03784271103511033,-0.20417001322209308,0.04474204234137833,-0.9779124476904938
4.133,0.015882140025496483,Empty,0.51218,0.25917,0.07842,-0.02967,-0.20704,-0.03867,0.99432,-0.01675,-0.10302,-0.02076,0.9782131156441775,-0.029036666954652457,-0.20556257527545124,-0.03759267383669623,-0.998576481458476,-0.03783915368791678,-0.20417123023462125,0.0447424032677573,-0.977912177086627
4.2,0.015882140025496483,Empty,0.51218,0.25918,0.07842,-0.02965,-0.20704,-0.03867,0.99432,-0.01674,-0.10302,-0.02076,0.9782122696059354,-0.029019595890653782,-0.2055690118834732,-0.037576145211238865,-0.9985769951725849,-0.037842013994433044,-0.20417832623338927,0.044742013437418154,-0.9779107133732086
4.267,0.015882140025496483,Empty,0.51218,0.25918,0.07842,-0.02965,-0.20704,-0.03867,0.99432,-0.01674,-0.10302,-0.02076,0.9782129919261198,-0.029018945751909497,-0.20556566642899526,-0.0375754472757176,-0.9985769992939385,-0.037842598260997465,-0.2041749940344778,0.04474234312774894,-0.9779113940140283
4.333,0.015882140025496483,Empty,0.51218,0.25917,0.07842,-0.02967,-0.20704,-0.03867,0.99432,-0.01675,-0.10302,-0.02076,0.9782126811852492,-0.029029659695905763,-0.20556563240558004,-0.037585387429062644,-0.9985768058396176,-0.03783783147795178,-0.20417465322652908,0.04473971051634677,-0.9779115856163789
4.4,0.015882140025496483,Empty,0.51218,0.25918,0.07842,-0.02967,-0.20704,-0.03867,0.99432,-0.01675,-0.10302,-0.02076,0.9782111978840484,-0.029023917878765015,-0.20557350151520493,-0.03758014614925986,-0.9985769572657636,-0.03783904112486558,-0.20418272441530286,0.044740055976895,-0.9779098846220591
4.467,0.015882140025496483,Empty,0.51218,0.25918,0.07842,-0.02967,-0.20704,-0.03867,0.99432,-0.01675,-0.10302,-0.02076,0.9782126081656486,-0.02902637793414642,-0.20556644329701118,-0.0375831699095,-0.9985766906186344,-0.03784307456708394,-0.20417541126519817,0.04474441123939745,-0.9779112122772325
4.534,0.015882140025496483,Empty,0.51218,0.25918,0.07842,-0.02965,-0.20704,-0.03867,0.99432,-0.01674,-0.10302,-0.02076,0.9782122238105369,-0.029018371558316602,-0.20556940263509021,-0.03757465779169855,-0.9985770975788869,-0.037840788611797224,-0.20417881937037727,0.04474052193514797,-0.9779106786498906
4.6,0.015882140025496483,Empty,0.51218,0.25918,0.07842,-0.02967,-0.20704,-0.03867,0.99432,-0.01675,-0.10302,-0.02076,0.9782115751174418,-0.029022260053713334,-0.20557194051627714,-0.03757783909529078,-0.9985771424134616,-0.03783644616362733,-0.204181341741065,0.044736998901795555,-0.977910313175027
4.667,0.015882140025496483,Empty,0.51218,0.25918,0.07842,-0.02967,-0.20704,-0.03867,0.99432,-0.01675,-0.10302,-0.02076,0.9782121646235866,-0.02902218664413264,-0.20556914570243803,-0.03757792884048683,-0.99857708546356,-0.03783786002353334,-0.20417850094095696,0.04473831768735079,-0.9779108459793302
4.733,0.015882140025496483,Empty,0.51218,0.25918,0.07842,-0.02965,-0.20704,-0.03867,0.99432,-0.01674,-0.10302,-0.02076,0.9782118651142826,-0.02901867908503869,-0.2055710660910139,-0.0375747653791485,-0.9985771450796999,-0.037839428261768615,-0.20418051806266546,0.04473926227191399,-0.9779103816071422
4.8,0.015882140025496483,Empty,0.51218,0.25918,0.07842,-0.02967,-0.20704,-0.03867,0.99432,-0.01675,-0.10302,-0.02076,0.978211926097299,-0.029023036042332584,-0.20557016082082083,-0.03757921850875673,-0.9985769688409203,-0.037839656932256605,-0.20417940634962142,0.0447403696829296,-0.9779105630595015
4.867,0.015882140025496483,Empty,0.51218,0.25918,0.07842,-0.02965,-0.20704,-0.03867,0.99432,-0.01674,-0.10302,-0.02076,0.9782130594657821,-0.029019982294653246,-0.2055651987039931,-0.03757600290704516,-0.998577065624396,-0.03784029617352547,-0.2041745681913491,0.04474019039508423,-0.9779115814158701
4.934,0.015882140025496483,Empty,0.51218,0.25917,0.07842,-0.02965,-0.20706,-0.03867,0.99432,-0.01674,-0.10303,-0.02076,0.9782108915415922,-0.02901865396709652,-0.2055757023369774,-0.03757416632318339,-0.9985773109747758,-0.03783564498596567,-0.20418529255194018,0.044735575645387486,-0.9779095533724755
5.0,0.015882140025496483,Empty,0.51218,0.25918,0.07842,-0.02965,-0.20704,-0.03867,0.99432,-0.01674,-0.10302,-0.02076,0.9782128837591224,-0.029013606437419348,-0.20556693481481053,-0.037569572213460745,-0.9985773081659891,-0.03784028091418343,-0.20417659339738148,0.04473891211754344,-0.9779112170596979
5.067,0.015882140025496483,Empty,0.51218,0.25918,0.07842,-0.02965,-0.20704,-0.03867,0.99432,-0.01674,-0.10302,-0.02076,0.9782131884861364,-0.029015195155019047,-0.2055652604938462,-0.037571480828818504,-0.9985771701047865,-0.03784202919831395,-0.20417478223354737,0.044740963284583726,-0.9779115013661774
5.133,0.015882140025496483,Empty,0.51218,0.25918,0.07842,-0.02965,-0.20704,-0.03867,0.99432,-0.01674,-0.10302,-0.02076,0.9782114963048097,-0.029015956872230575,-0.20557320531600004,-0.037571957391015987,-0.9985772741484173,-0.03783881039520219,-0.20418280171188047,0.04473814704595211,-0.9779099558159645
5.2,0.015882140025496483,Empty,0.51218,0.25918,0.07842,-0.02965,-0.20704,-0.03867,0.99432,-0.01674,-0.10302,-0.02076,0.9782119327510403,-0.02901652534735505,-0.2055710482539816,-0.03757211815890915,-0.9985773259565374,-0.0378372834984774,-0.20418068116383456,0.044736621936144,-0.9779104683442217
5.267,0.015882140025496483,Empty,0.51218,0.25918,0.07842,-0.02967,-0.20704,-0.03867,0.99432,-0.01675,-0.10302,-0.02076,0.9782113252088959,-0.029023144076475937,-0.20557300489357078,-0.037579157950523745,-0.9985770262310849,-0.03783820253675553,-0.20418229629619117,0.044739018668261514,-0.9779100214681387
5.333,0.015882140025496483,Empty,0.51218,0.25917,0.07842,-0.02965,-0.20706,-0.03867,0.99432,-0.01674,-0.10303,-0.02076,0.9782106975001768,-0.02902058562781329,-0.20557635298359622,-0.03757622591790322,-0.9985772230710306,-0.03783591956746121,-0.20418584314781513,0.044736284753737025,-0.9779094059699234
5.4,0.015882140025496483,Empty,0.51218,0.25917,0.07842,-0.02965,-0.20704,-0.03867,0.99432,-0.01674,-0.10302,-0.02076,0.9782109969665878,-0.02902094207431616,-0.20557487768390845,-0.03757591106855407,-0.9985773455772067,-0.03783299892089052,-0.2041844664047755,0.04473331891441945,-0.9779098291038383
5.467,0.015882140025496483,Empty,0.51218,0.25917,0.07842,-0.02965,-0.20704,-0.03867,0.99432,-0.01674,-0.10302,-0.02076,0.9782113729490769,-0.02901687424980326,-0.20557366281178593,-0.03757268394815305,-0.9985772887847009,-0.03783770268300758,-0.20418325899547923,0.04473722535167523,-0.9779099025032003
5.534,0.015553806908428669,Empty,0.51218,0.25917,0.07842,-0.02965,-0.20704,-0.03867,0.99432,-0.01674,-0.10302,-0.02076,0.978211358437058,-0.02902129394384706,-0.20557310797511963,-0.03757709760075456,-0.9985771357987006,-0.037837357148282236,-0.20418251629517334,0.044737773278160795,-0.9779100325088619
5.6,0.015553806908428669,Empty,0.51218,0.25917,0.07842,-0.02967,-0.20706,-0.03867,0.99432,-0.01675,-0.10303,-0.02076,0.978210353186414,-0.029022167525024567,-0.2055777680369657,-0.037577458858778445,-0.9985772579642893,-0.037833774094560124,-0.2041872657748956,0.044734479640103235,-0.9779091915033326
5.667,0.013913453556597233,Grasping,0.51218,0.25917,0.07842,-0.02965,-0.20706,-0.03867,0.99432,-0.01674,-0.10303,-0.02076,0.97821094277828,-0.02901955165319109,-0.2055753318145841,-0.03757509649207752,-0.998577270331385,-0.03783579391437486,-0.20418487591503853,0.044735900565069146,-0.9779096255013511
5.734,0.013913453556597233,Grasping,0.51218,0.25917,0.07841,-0.02967,-0.20706,-0.03867,0.99432,-0.01675,-0.10303,-0.02076,0.9782098767975085,-0.02902349700965129,-0.20557984715709343,-0.03757926796654387,-0.9985771254937839,-0.0378354735621271,-0.2041892150797925,0.044736574096621344,-0.9779086886735364
5.8,0.013913453556597233,Grasping,0.51218,0.25917,0.07842,-0.02967,-0.20706,-0.03867,0.99432,-0.01675,-0.10303,-0.02076,0.9782096567673813,-0.029029174576936823,-0.2055800924954167,-0.037585299330335,-0.9985768578275,-0.03783654695668484,-0.20418915906896598,0.04473886492455974,-0.9779085955670757
5.867,0.01213946845382452,Grasping,0.51218,0.25918,0.07842,-0.02967,-0.20706,-0.03867,0.99432,-0.01675,-0.10303,-0.02076,0.9782105610444286,-0.02902561605907833,-0.20557629209987954,-0.03758187191096657,-0.9985769173806047,-0.037838379699929425,-0.2041854577701646,0.04473984451290924,-0.9779093235817669
5.934,0.01213946845382452,Grasping,0.51218,0.25918,0.07842,-0.02965,-0.20706,-0.03867,0.99432,-0.01674,-0.10303,-0.02076,0.9782111421052015,-0.02900777962772705,-0.2055760447676395,-0.03756400685968986,-0.9985775252829365,-0.03784007648580383,-0.2041859614417272,0.044737844392365785,-0.9779093099205274
6.0,0.01213946845382452,Grasping,0.51218,0.25918,0.07842,-0.02965,-0.20706,-0.03867,0.99432,-0.01674,-0.10303,-0.02076,0.9782106717291907,-0.029015964081667567,-0.20557712796791472,-0.03757151748063753,-0.9985774051114615,-0.03783579092686978,-0.20418683304593166,0.0447352191150443,-0.9779092480293873
6.067,0.010145828127861023,Grasping,0.51218,0.25918,0.07842,-0.02965,-0.20704,-0.03867,0.99432,-0.01674,-0.10302,-0.02076,0.9782114108201979,-0.029016954158067376,-0.20557347132484577,-0.037572439275703085,-0.9985773555726809,-0.03783618300444044,-0.2041831225837048,0.04473568272487316,-0.9779100015559241
6.133,0.010145828127861023,Grasping,0.51218,0.25918,0.07842,-0.02965,-0.20706,-0.03867,0.99432,-0.01674,-0.10303,-0.02076,0.9782105918696002,-0.02901664432935691,-0.2055774119546936,-0.037572018714106814,-0.9985774237132274,-0.03783480223286273,-0.2041871234036882,0.044734362654637184,-0.9779092265819003
6.2,0.008411900140345097,Grasping,0.51218,0.25918,0.07842,-0.02965,-0.20706,-0.03867,0.99432,-0.01674,-0.10303,-0.02076,0.9782106334974479,-0.029013397828542065,-0.20557767208275407,-0.037568962513097826,-0.9985774941061076,-0.03783597917929077,-0.20418748631640252,0.04473489701797715,-0.9779091263612278
6.267,0.008411900140345097,Grasping,0.51218,0.25918,0.07842,-0.02965,-0.20706,-0.03867,0.99432,-0.01674,-0.10303,-0.02076,0.9782104862463894,-0.029018210338782158,-0.20557769350378657,-0.03757401007188671,-0.9985772799024659,-0.03783662022049614,-0.20418726298356704,0.044736556990078,-0.9779090970555254
6.334,0.006995141506195068,Grasping,0.51218,0.25917,0.07842,-0.02965,-0.20706,-0.03867,0.99432,-0.01674,-0.10303,-0.02076,0.9782109082520009,-0.02902010790774734,-0.2055754175815255,-0.037575537355998945,-0.9985772775099191,-0.03783516662162058,-0.20418496019345744,0.04473537948761102,-0.9779096317415508
6.4,0.006995141506195068,Grasping,0.51218,0.25918,0.07842,-0.02965,-0.20706,-0.03867,0.99432,-0.01674,-0.10303,-0.02076,0.9782099580146417,-0.029020054447858823,-0.2055799466894477,-0.03757528412790251,-0.9985773614635396,-0.0378332022861243,-0.20418955914468362,0.04473354012772421,-0.9779087556229062
6.467,0.006995141506195068,Grasping,0.51218,0.25918,0.07842,-0.02965,-0.20706,-0.03867,0.99432,-0.01674,-0.10303,-0.02076,0.9782106047451846,-0.029013433695544932,-0.205577803834107,-0.037568724652051355,-0.9985775539780615,-0.03783463518008545,-0.20418766782565173,0.04473353726664184,-0.9779091506635651
6.534,0.005077018402516842,Grasping,0.51218,0.25918,0.07842,-0.02965,-0.20706,-0.03867,0.99432,-0.01674,-0.10303,-0.02076,0.9782100298479821,-0.029021161655440608,-0.20557944858613497,-0.03757696765836782,-0.9985771934976422,-0.03783596342072129,-0.20418890519911348,0.04473657119785726,-0.9779087535097777
6.6,0.005077018402516842,Grasping,0.51218,0.25917,0.07842,-0.02965,-0.20706,-0.03867,0.99432,-0.01674,-0.10303,-0.02076,0.9782099607005104,-0.02901495198996573,-0.2055806541173703,-0.03757005773871391,-0.9985775673168369,-0.03783295934892818,-0.2041905079767803,0.04473225472305125,-0.9779086163029636
6.667,0.005077018402516842,Grasping,0.51218,0.25917,0.07842,-0.02967,-0.20706,-0.03867,0.99432,-0.01675,-0.10303,-0.02076,0.9782103064723328,-0.02903148826042845,-0.2055766742621586,-0.03758630985227124,-0.9985770360317513,-0.03783083955890433,-0.20418586048743473,0.044733385736238314,-0.977909534966082
6.734,0.003466871567070484,Grasping,0.51218,0.25917,0.07842,-0.02967,-0.20706,-0.03867,0.99432,-0.01675,-0.10303,-0.02076,0.9782094203867482,-0.029026351295402153,-0.20558161590253599,-0.03758069531983044,-0.9985773564519298,-0.037827959510842946,-0.2041911389015205,0.04472956641810653,-0.9779086075304524
6.8,0.003466871567070484,Grasping,0.51218,0.25917,0.07842,-0.02967,-0.20706,-0.03867,0.99432,-0.01675,-0.10303,-0.02076,0.9782101212812677,-0.029022537625092604,-0.20557881927058408,-0.03757752480718818,-0.998577320976282,-0.03783204542708414,-0.2041883646348453,0.04473283292651924,-0.9779090373885067
6.867,0.003466871567070484,Grasping,0.51218,0.25917,0.07842,-0.02967,-0.20706,-0.03867,0.99432,-0.01675,-0.10303,-0.02076,0.9782084414420467,-0.02902563282984505,-0.20558637535194135,-0.03758020653260441,-0.9985773707817334,-0.0378280668235587,-0.2041959185892047,0.044729712736254465,-0.977907602808181
6.934,0.001530033303424716,Grasping,0.51218,0.25917,0.07842,-0.02965,-0.20706,-0.03867,0.99432,-0.01674,-0.10303,-0.02076,0.978209612103415,-0.029022113473330835,-0.20558130196598037,-0.03757672460873579,-0.998577438749145,-0.037829731546448433,-0.20419095121029684,0.044730478990708665,-0.9779086049795738
7.0,0.001530033303424716,Grasping,0.51218,0.25917,0.07841,-0.02967,-0.20706,-0.03867,0.99432,-0.01675,-0.10303,-0.02076,0.9782071321375659,-0.02902595016761944,-0.20559256030329953,-0.03758134538260499,-0.9985772324750701,-0.03783058632459532,-0.20420198117166347,0.04473259437251721,-0.9779062050556135
7.067,0.0004386533400975168,Grasping,0.51218,0.25917,0.07842,-0.02965,-0.20706,-0.03867,0.99432,-0.01674,-0.10303,-0.02076,0.9782095419124215,-0.02901672486083695,-0.20558239659523653,-0.0375707076800903,-0.998577768058192,-0.037827015006953374,-0.20419239465736166,0.04472662314851821,-0.9779084799437128
7.133,0.0004386533400975168,Grasping,0.51218,0.25917,0.07842,-0.02965,-0.20706,-0.03867,0.99432,-0.01674,-0.10303,-0.02076,0.9782084055227136,-0.029016552090840697,-0.2055878281160374,-0.037571453451518355,-0.9985776187115715,-0.03783021667751085,-0.2041977013833659,0.04473006945094712,-0.9779072142267197
7.2,0.00023607166076544672,Grasping,0.51218,0.25917,0.07841,-0.02965,-0.20706,-0.03867,0.99432,-0.01674,-0.10303,-0.02076,0.9782069151175128,-0.029021593845192373,-0.2055942078633637,-0.03757626435054473,-0.9985775526594309,-0.03782718178980436,-0.20420395582294004,0.044728273109808585,-0.9779059903747789
7.267,0.00023607166076544672,Grasping,0.51218,0.25917,0.07841,-0.02967,-0.20706,-0.03867,0.99432,-0.01675,-0.10303,-0.02076,0.9782071121427096,-0.029029138958485856,-0.2055922052139849,-0.037583917927176524,-0.9985772564913052,-0.03782739657365759,-0.20420160348700409,0.044729988929424216,-0.9779064030998623
7.333,0.00023607166076544672,Grasping,0.51218,0.25917,0.07841,-0.02965,-0.20706,-0.03867,0.99432,-0.01674,-0.10303,-0.02076,0.9782073758581958,-0.02902073833400598,-0.20559213643320925,-0.03757540970565704,-0.9985775638845366,-0.037827734426951504,-0.20420190597071888,0.04472857758718797,-0.9779064044912237
7.4,0.00022556500334758312,Grasping,0.51218,0.25917,0.07842,-0.02967,-0.20706,-0.03867,0.99432,-0.01675,-0.10303,-0.02076,0.9782084827726008,-0.029022595512727123,-0.20558660749531144,-0.03757746673089257,-0.9985774104032417,-0.0378297426166814,-0.20419622480794142,0.04473079903221399,-0.9779074891788715
7.467,0.00022556500334758312,Grasping,0.51218,0.25917,0.07842,-0.02965,-0.20706,-0.03867,0.99432,-0.01674,-0.10303,-0.02076,0.9782083845180267,-0.029014433435952502,-0.20558822707300908,-0.0375692744323306,-0.9985777070221538,-0.03783004965640402,-0.20419820292368074,0.044729472283589915,-0.9779071368141103
7.533,0.00022556500334758312,Grasping,0.51218,0.25917,0.07841,-0.02965,-0.20706,-0.03867,0.99432,-0.01674,-0.10303,-0.02076,0.9782078141541936,-0.029017671525270294,-0.20559048389194964,-0.037572330708590396,-0.9985776563668444,-0.037828351405061675,-0.2042003729007339,0.044728502592329515,-0.9779067280487692
7.6,0.00018124000052921474,Grasping,0.51218,0.25917,0.07841,-0.02967,-0.20706,-0.03867,0.99432,-0.01675,-0.10303,-0.02076,0.9782074525408223,-0.029025599726846263,-0.20559108529819983,-0.03758082213011321,-0.9985772697000843,-0.03783012353072217,-0.2042005426085334,0.04473199077642097,-0.9779065330590438
7.667,0.00018124000052921474,Grasping,0.51218,0.25917,0.07841,-0.02965,-0.20706,-0.03867,0.99432,-0.01674,-0.10303,-0.02076,0.9782072166136249,-0.029019268694283062,-0.20559310156100458,-0.03757448684426401,-0.998577502038569,-0.037830283646855214,-0.20420283862722058,0.044730911759769634,-0.9779061029719187
7.734,0.00018124000052921474,Grasping,0.51217,0.25917,0.07841,-0.02965,-0.20706,-0.03867,0.99432,-0.01674,-0.10303,-0.02076,0.9782077013926099,-0.029015361951166718,-0.20559134638167387,-0.03757004264596664,-0.9985777371327333,-0.03782849188706476,-0.20420133405971386,0.04472819774719586,-0.9779065412883385
7.8,0.00017894167103804648,Grasping,0.51218,0.25917,0.07841,-0.02965,-0.20706,-0.03867,0.99432,-0.01674,-0.10303,-0.02076,0.9782072665284957,-0.029015639376976432,-0.2055933763096326,-0.03757019191648986,-0.9985777730077121,-0.03782739661034491,-0.2042033897617937,0.04472721684280689,-0.9779061568899594
7.867,0.00017894167103804648,Grasping,0.51217,0.25917,0.07841,-0.02965,-0.20706,-0.03867,0.99432,-0.01674,-0.10303,-0.02076,0.9782070134752272,-0.02901903567485492,-0.2055941009766034,-0.03757348048377779,-0.9985776877851806,-0.037826379973998805,-0.20420399690557334,0.044726916125568804,-0.9779060438619267
7.934,0.00017894167103804648,Grasping,0.51217,0.25918,0.07841,-0.02965,-0.20706,-0.03867,0.99432,-0.01674,-0.10303,-0.02076,0.9782074000316396,-0.029015383499482017,-0.2055927772168032,-0.03757070675663793,-0.9985776077734122,-0.037831246970408544,-0.20420265550953748,0.04473107168297341,-0.9779061338947342
8.0,0.00017467333236709237,Done,0.51218,0.25917,0.07842,-0.02965,-0.20706,-0.03867,0.99432,-0.01674,-0.10303,-0.02076,0.9782078930598668,-0.029019470752886467,-0.20558985449821876,-0.03757423433063556,-0.9985775672662465,-0.03782881265770144,-0.2041996446369161,0.04472932449576397,-0.9779068425265824
8.067,0.00017467333236709237,Done,0.51218,0.25917,0.07841,-0.02967,-0.20706,-0.03867,0.99432,-0.01675,-0.10303,-0.02076,0.9782073442485248,-0.029023413154783906,-0.2055919092452188,-0.037578556548239384,-0.9985773680148888,-0.03782977896059379,-0.204201478314919,0.044731214797983074,-0.9779063731649866
8.133,0.00017467333236709237,Done,0.51218,0.25916,0.07841,-0.02967,-0.20708,-0.03865,0.99432,-0.01675,-0.10304,-0.02075,0.9782060378129203,-0.029035661209739716,-0.20559639579637806,-0.03758826386139541,-0.9985775477744032,-0.03781538708972182,-0.20420594997755054,0.04471925154754477,-0.977905986552283
8.2,0.0001713899982860312,Done,0.51218,0.25916,0.07841,-0.02967,-0.20708,-0.03867,0.99432,-0.01675,-0.10304,-0.02076,0.9782061507259736,-0.029028208173072334,-0.20559691099852143,-0.03758244499322705,-0.998577446614276,-0.03782384091605864,-0.20420648008866973,0.04472634842654876,-0.9779055512912392
8.267,0.0001713899982860312,Done,0.51218,0.25917,0.07841,-0.02967,-0.20706,-0.03867,0.99432,-0.01675,-0.10303,-0.02076,0.9782070197032251,-0.029025980819487873,-0.2055930909364441,-0.03758090608592435,-0.99857733887672,-0.037828214068983304,-0.2042026006227521,0.044730199187513205,-0.9779061852650028
8.334,0.0001713899982860312,Done,0.51215,0.25919,0.07841,-0.02963,-0.20712,-0.03867,0.99432,-0.01673,-0.10306,-0.02076,0.9781995684547229,-0.028987238267627613,-0.2056340056814781,-0.03754311197010679,-0.9985787886207877,-0.037827472295145034,-0.20424524234016905,0.04472295757500516,-0.9778976112288802
8.4,0.00016843499906826764,Done,0.51249,0.25924,0.07882,-0.02967,-0.20626,-0.03896,0.99436,-0.01676,-0.10263,-0.0209,0.9783745805921489,-0.02903409621098868,-0.20479306948319295,-0.03761395952708774,-0.9985647362015693,-0.038126862752981605,-0.20339215840300104,0.045005431582211666,-0.9780624422951061
8.467,0.00016843499906826764,Done,0.51396,0.25929,0.08062,-0.03013,-0.20255,-0.04011,0.99453,-0.01701,-0.10077,-0.02147,0.9791141114808006,-0.029503043650528638,-0.201159456935331,-0.03815526099439065,-0.9984998892337293,-0.039270182819540575,-0.199699105550356,0.04612528173990044,-0.9787710281913756
8.533,0.00016646500444039702,Done,0.51671,0.25936,0.08541,-0.03085,-0.19397,-0.0428,0.99492,-0.01742,-0.09647,-0.02279,0.9807813921585277,-0.03026129637679248,-0.19274883848463492,-0.03905688187028067,-0.9983540729049927,-0.04199648905066998,-0.1911607197468948,0.048717543612214684,-0.9803490093687253
8.6,0.00016646500444039702,Done,0.52253,0.25972,0.09508,-0.03183,-0.17621,-0.04848,0.99567,-0.01798,-0.08757,-0.02554,0.9840148641421986,-0.03133869552532853,-0.17530725401414776,-0.04028680164321524,-0.9980480848501738,-0.047717857666289804,-0.17346965371663853,0.0540176497977356,-0.9833566864316114
8.667,0.00016646500444039702,Done,0.53094,0.25972,0.10916,-0.03362,-0.1503,-0.05615,0.99661,-0.01886,-0.07457,-0.02925,0.9881658426602773,-0.03323006711909676,-0.14974655267739828,-0.041954164851463804,-0.9975779190070057,-0.05548101982902647,-0.14754021638563727,0.06110694026796744,-0.9871665646687832
8.733,0.00016515166498720646,Done,0.54097,0.25733,0.12663,-0.03707,-0.11804,-0.0626,0.99756,-0.02034,-0.05837,-0.03233,0.9923587454605085,-0.036813235286427326,-0.11776631953063649,-0.044362332182686315,-0.9970812737322154,-0.062136278097870874,-0.11513515445492209,0.06688586756773887,-0.9910954428955631
