time,gr,gr_state,tx,ty,tz,rx,ry,rz,qw,qx,qy,qz,xx,xy,xz,yx,yy,yz,zx,zy,zz
0.0,0.015962909907102585,Empty,0.30824,-0.00163,0.48588,-0.01222,0.00379,0.00876,0.99997,-0.00612,0.00187,0.00439,0.9999180139584745,-0.012233106589098985,0.003783710417042683,-0.01226588298694431,-0.999886362672962,0.008764123183997215,0.0036760679932346693,-0.008809815197461846,-0.9999544358020998
0.067,0.015962909907102585,Empty,0.30824,-0.00163,0.48589,-0.01222,0.00379,0.00876,0.99997,-0.00612,0.00187,0.00439,0.9999180182129894,-0.012231274751966892,0.0037885051075557197,-0.012264097634160698,-0.9998863746062273,0.008765260180692661,0.0036808643316284958,-0.008811004185526015,-0.9999544076821776
0.133,0.015962909907102585,Empty,0.30824,-0.00163,0.48589,-0.01222,0.00379,0.00876,0.99997,-0.00612,0.00187,0.00439,0.9999180904386181,-0.01222356383875306,0.0037943247973271548,-0.012256442924236166,-0.9998864573345512,0.008766529861095072,0.003686735742174647,-0.008812316723793762,-0.9999543744859196
0.2,0.015962909907102585,Empty,0.30824,-0.00163,0.48589,-0.01222,0.00379,0.00876,0.99997,-0.00612,0.00187,0.00439,0.9999180583554574,-0.012228324713022154,0.0037874330838912674,-0.012261143991158963,-0.9998863971352048,0.008766822229726275,0.003679799271716275,-0.008812542124293834,-0.9999543980495448
0.267,0.015962909907102585,Empty,0.30824,-0.00162,0.48589,-0.01222,0.00379,0.00878,0.99997,-0.00612,0.00187,0.0044,0.9999180883915724,-0.01222514572898964,0.0037897650650881858,-0.012258009035711226,-0.9998863798902813,0.008773170714647057,0.0036820811810738302,-0.008818907064533883,-0.9999543335354684
0.334,0.015962909907102585,Empty,0.30824,-0.00162,0.48588,-0.01222,0.00377,0.00878,0.99997,-0.00612,0.00186,0.0044,0.9999181320177022,-0.012224473928538926,0.0037804099511934614,-0.012257236997267662,-0.999886431761848,0.008768336202044619,0.0036727923193972706,-0.008813955736770256,-0.9999544113512621
0.4,0.015962909907102585,Empty,0.30824,-0.00162,0.48586,-0.0122,0.00371,0.00876,0.99997,-0.00611,0.00183,0.00439,0.9999185988676321,-0.012204216854164174,0.003721925518767899,-0.012236453719146223,-0.9998867139357159,0.008765186547631375,0.0036145316390798136,-0.0088100162208775,-0.9999546583596767
0.467,0.015962909907102585,Empty,0.30825,-0.0016,0.48586,-0.01216,0.00371,0.00876,0.99997,-0.00609,0.00183,0.00439,0.9999191834405641,-0.012156971395711758,0.0037194937880342858,-0.012189171052065406,-0.9998873334018824,0.008760400192699788,0.0036125747907647665,-0.00880502975330638,-0.9999547093515908
0.533,0.015962909907102585,Empty,0.30839,-0.0013,0.48563,-0.01143,0.00311,0.0091,0.99997,-0.00572,0.00153,0.00456,0.9999298771592248,-0.011426598335560145,0.0031102435299542857,-0.011454498245790978,-0.9998929372318186,0.009105412888161886,0.003005866642919865,-0.00914040066980158,-0.9999537078491787
0.6,0.015962909907102585,Empty,0.30934,-0.00014,0.48455,-0.00836,0.00078,0.0104,0.99998,-0.00418,0.00037,0.0052,0.9999647604364539,-0.008358177393622712,0.0007866104002454202,-0.008365899526948273,-0.9999110540294522,0.01038728813570103,0.0006997216375430931,-0.010393502795776008,-0.9999457412726273
0.667,0.015962909907102585,Empty,0.3108,0.00205,0.48226,-0.00264,-0.0056,0.01287,0.99997,-0.0013,-0.00281,0.00643,0.9999808316668969,-0.0026408000320001235,-0.0056002208860269805,-0.0025685743105998693,-0.9999139414412608,0.01286515205559866,-0.005633713233048977,-0.012850520868577107,-0.9999015578488786
0.734,0.015962909907102585,Empty,0.31248,0.00567,0.4786,0.00597,-0.01719,0.01781,0.99992,0.00306,-0.00857,0.00893,0.9998343272944188,0.005965404684081799,-0.017196857581324942,0.006271431145951634,-0.9998219551304373,0.017796830912593493,-0.017087630470572157,-0.017901731371713445,-0.9996937235467652
0.8,0.015962909907102585,Empty,0.3149,0.01098,0.47414,0.01842,-0.02987,0.02431,0.99977,0.00939,-0.01482,0.01229,0.9993845699030413,0.01840752997135192,-0.029860413260146927,0.019135926733889086,-0.9995216982835022,0.024293846309283326,-0.029398941269171724,-0.024850301825483534,-0.9992588076926987
0.867,0.015962909907102585,Empty,0.3187,0.01777,0.46955,0.03223,-0.03782,0.03306,0.99955,0.01642,-0.01864,0.01683,0.9987655246326779,0.03220543032032008,-0.0378184751555974,0.033460070024737776,-0.998894284880935,0.033024708115965765,-0.0367130837597602,-0.03424934875421872,-0.9987387704453855
0.933,0.015962909907102585,Empty,0.32451,0.02603,0.46526,0.04492,-0.03676,0.04354,0.99933,0.02285,-0.01788,0.02217,0.998316059651954,0.044885023730305396,-0.036747512646791686,0.0464708673732111,-0.9979719259775077,0.043502798143627903,-0.03472036184399028,-0.0451372308130854,-0.9983772467699517
1.0,0.015962909907102585,Empty,0.3313,0.03492,0.4615,0.05721,-0.02868,0.05443,0.99911,0.02898,-0.01355,0.02761,0.9979525172621229,0.05716890310021411,-0.02867908311837115,0.0586657566692545,-0.9967946495260603,0.05439444521862424,-0.025477485837812147,-0.05596555364272242,-0.9981075866462731
1.067,0.015962909907102585,Empty,0.3383,0.04497,0.45781,0.06656,-0.01738,0.06557,0.99886,0.03354,-0.00759,0.03305,0.9976354452527272,0.06649242058068588,-0.01738609733994203,0.06749623769476598,-0.9955662778764215,0.06551369515101081,-0.012952848043747276,-0.06653228059077115,-0.9977001951322584
1.133,0.015962909907102585,Empty,0.34465,0.055,0.45396,0.07123,-0.00666,0.07601,0.99863,0.03571,-0.00197,0.03809,0.9974421827826949,0.07116721530409137,-0.0066572871016815915,0.07146754984426745,-0.994548470057923,0.07593240431266299,-0.0012170969354373862,-0.07621396309932771,-0.9970907433647873
1.2,0.015962909907102585,Empty,0.35048,0.06546,0.44932,0.07116,0.00184,0.08569,0.99845,0.0355,0.00244,0.04277,0.9974681040320591,0.07109162364013338,0.001833708509698738,0.07067432097039711,-0.9938206989519155,0.0855894776832944,0.00790707240779918,-0.08524317792606932,-0.9963288005588328
1.267,0.015962909907102585,Empty,0.35556,0.0757,0.44392,0.06275,0.00752,0.09352,0.99841,0.03116,0.00522,0.0466,0.9980043165233817,0.06269757224311073,0.007509902497216711,0.061725404869517386,-0.9937150229997427,0.09338322899918652,0.013317604679219035,-0.09273331385990831,-0.9956019153789168
1.333,0.015962909907102585,Empty,0.36014,0.08605,0.43766,0.05214,0.01062,0.09983,0.99841,0.02577,0.0066,0.04974,0.9985846717507826,0.05211371934294351,0.010621374705151045,0.05080014379028336,-0.9937246899799042,0.09965232518727221,0.01574797559271797,-0.09897171707406233,-0.9949656277902986
1.4,0.015962909907102585,Empty,0.36439,0.09691,0.43037,0.04353,0.01081,0.10253,0.99844,0.02146,0.00651,0.05111,0.9989942951075524,0.04351597227056753,0.01080548471433989,0.04218524914512889,-0.9938553098628301,0.10233292633371507,0.01519220514369223,-0.10177417754423451,-0.9946915168473422
1.467,0.015962909907102585,Empty,0.36842,0.10838,0.42224,0.03901,0.00875,0.10073,0.99854,0.01926,0.00535,0.05025,0.9992009010511538,0.03899898738778096,0.008754331573017478,0.03792314153058235,-0.9942085289166109,0.10055464368153326,0.01262516039557682,-0.10014229881621659,-0.9948930220444758
1.534,0.015962909907102585,Empty,0.37222,0.12035,0.41308,0.03739,0.00458,0.0977,0.99863,0.01856,0.0032,0.04878,0.9992905244365191,0.037381663819233635,0.004589006591011219,0.03675645181959325,-0.9945520731715798,0.09754556371125414,0.008210421488600073,-0.09730768191781271,-0.9952204801041634
1.6,0.015962909907102585,Empty,0.3761,0.13291,0.40303,0.03934,0.0003,0.09346,0.99872,0.01964,0.00107,0.0467,0.999226457607862,0.0393242862395512,0.0002948358750245114,0.039125187661977756,-0.9948670581760488,0.09332071713477626,0.003963093092318403,-0.09323699409506801,-0.9956360564108043
1.667,0.015962909907102585,Empty,0.37968,0.14515,0.39199,0.04114,-0.00642,0.08804,0.99881,0.02069,-0.0023,0.04406,0.9991333917027865,0.04112638857173062,-0.00640981649763607,0.04153103718739054,-0.9952617754964779,0.08791570500051757,-0.002763789902635089,-0.08810572284843643,-0.9961072949570888
1.733,0.015962909907102585,Empty,0.38291,0.15649,0.37983,0.04522,-0.0156,0.08602,0.99878,0.02292,-0.00682,0.04316,0.9988562454684018,0.04519663254072204,-0.015603374498691036,0.04637426995746613,-0.9952229421039858,0.0859111319666892,-0.011645942412681663,-0.08653646582143734,-0.996180612192616
1.8,0.015962909907102585,Empty,0.38637,0.16655,0.3668,0.04764,-0.02531,0.08489,0.99872,0.02433,-0.01163,0.04272,0.9985458505082248,0.04759769350977111,-0.02531094635440544,0.049585288261335736,-0.9951661128734441,0.0847685494531979,-0.02115380866052083,-0.08590033388124245,-0.9960791379294344
1.867,0.015962909907102585,Empty,0.39051,0.17548,0.35351,0.04603,-0.03249,0.08225,0.99874,0.02366,-0.01528,0.04147,0.9984128585184459,0.046000503691810135,-0.032491808277257624,0.04853561584030336,-0.9954409984661587,0.08210671451044277,-0.028566727849524326,-0.08355340946243087,-0.9960937555406995
1.933,0.015962909907102585,Empty,0.39509,0.18397,0.33953,0.04378,-0.03874,0.07761,0.9988,0.02262,-0.0185,0.0392,0.9982918551996854,0.04374375590992141,-0.038727970007006854,0.04664412134510454,-0.9959037311634501,0.0774602104222641,-0.03518092929292161,-0.07913432929905653,-0.9962429724422025
2.0,0.015962909907102585,Empty,0.39977,0.19154,0.32527,0.04467,-0.04485,0.07129,0.99885,0.02311,-0.02161,0.03612,0.9979980120973984,0.04460408518535597,-0.04483796866963032,0.047725924317355284,-0.9963230750470532,0.07115171309840874,-0.04149944575166403,-0.07314920172880707,-0.9964572194975272
2.067,0.015962909907102585,Empty,0.40459,0.19825,0.3111,0.046,-0.04947,0.06385,0.9989,0.02377,-0.02398,0.03247,0.9977197183629556,0.045937192466856236,-0.04944833604892506,0.0490519235412501,-0.9967604996987471,0.0637370774134406,-0.04636024575698196,-0.06601727492532973,-0.9967409126873371
2.133,0.015962909907102585,Empty,0.40971,0.20419,0.29687,0.04766,-0.05235,0.05495,0.99898,0.02453,-0.0255,0.02808,0.9974962795357868,0.047574155153016606,-0.05232467939452793,0.05043839164593261,-0.9972196293344084,0.05485416591578927,-0.04956955679078577,-0.05735599909008754,-0.9971224340109607
2.2,0.015962909907102585,Empty,0.41515,0.20908,0.28286,0.04959,-0.05342,0.04517,0.99907,0.02538,-0.02613,0.02323,0.9973458934329125,0.04950113911901377,-0.05339294034256682,0.0519288955350144,-0.9976326507873785,0.04508307766181957,-0.051034876908036056,-0.047736058790689186,-0.9975553668995588
2.267,0.015962909907102585,Empty,0.42061,0.21285,0.26928,0.05176,-0.0533,0.03505,0.99914,0.02633,-0.02618,0.0182,0.9972426307302364,0.0516714432921323,-0.053265348983601225,0.05357707786387422,-0.9979504647320481,0.034990951239678776,-0.051348146819580595,-0.0377482700159515,-0.9979671517284513
2.333,0.015962909907102585,Empty,0.42546,0.21578,0.25541,0.0524,-0.05497,0.02592,0.99919,0.02654,-0.02713,0.01367,0.9971193724320717,0.05230043282019209,-0.05493288493691073,0.053783740819315584,-0.9982171993008044,0.025879185526953362,-0.05348145794714268,-0.028759133277592917,-0.9981546202412578
2.4,0.015962909907102585,Empty,0.42953,0.21847,0.24142,0.05224,-0.05773,0.01775,0.9992,0.02636,-0.02862,0.00962,0.9969718847992824,0.05212927794194172,-0.05770268018920983,0.05323073239021159,-0.9984250433452079,0.017717842710697065,-0.05668818262184903,-0.02073574696921068,-0.9981765769384997
2.467,0.015962909907102585,Empty,0.43283,0.22103,0.22736,0.05119,-0.06132,0.0097,0.99919,0.02573,-0.03052,0.00563,0.9968129949755711,0.05106535684847796,-0.06128770168451271,0.051752152024959974,-0.9986131365953256,0.00967047982422524,-0.06070887751076977,-0.012811430411274092,-0.9980732936223671
2.533,0.015962909907102585,Empty,0.43542,0.22333,0.21263,0.0505,-0.06659,0.00222,0.99913,0.02527,-0.03325,0.00195,0.9965111978100303,0.0503673087310868,-0.06654747816713902,0.05062641561424136,-0.998715211552426,0.0022118444445400273,-0.06635057408397153,-0.005573188044567276,-0.9977808080403969
2.6,0.015962909907102585,Empty,0.43759,0.22566,0.1981,0.05001,-0.07108,-0.0053,0.99905,0.02489,-0.03559,-0.00176,0.9962271741956208,0.04985856175805786,-0.07103197317846005,0.04960760739548298,-0.9987547551641232,-0.005293800671311508,-0.07120746226838288,0.0017501018455719588,-0.9974599914085913
2.667,0.015962909907102585,Empty,0.44013,0.22827,0.18413,0.05096,-0.07182,-0.01344,0.99901,0.02522,-0.03606,-0.0058,0.9961263675571886,0.05081361036452192,-0.07176515072821123,0.04997691665790549,-0.9986603717167079,-0.01340782473094439,-0.07235031208425508,0.009769286789193223,-0.9973314360717511
2.733,0.015962909907102585,Empty,0.44357,0.23183,0.1717,0.05215,-0.06653,-0.02434,0.99904,0.02565,-0.03356,-0.01129,0.9964319608478416,0.0520027803230842,-0.06647599746972493,0.05048746192524339,-0.9984296043945766,-0.024276351802452398,-0.06763404164526111,0.02083352843755439,-0.9974926568669908
2.8,0.015962909907102585,Empty,0.44732,0.2364,0.16107,0.05424,-0.05733,-0.03636,0.99907,0.02658,-0.02914,-0.01739,0.9968887018481299,0.054130831979424254,-0.05729545493985701,0.05210431195984633,-0.9979819621429397,-0.03629247735439445,-0.059144372536538675,0.033194220378607336,-0.9976973924646267
2.867,0.015962909907102585,Empty,0.45088,0.24136,0.15187,0.05702,-0.04784,-0.0478,0.99904,0.02792,-0.02458,-0.0232,0.9972325861979526,0.05691990517333584,-0.047825656503610016,0.05463895738854091,-0.9973652742408601,-0.04771890688131118,-0.05041580466913159,0.04497370491200948,-0.9977151960885688
2.933,0.015962909907102585,Empty,0.45419,0.24594,0.14339,0.05877,-0.03957,-0.05809,0.99897,0.02879,-0.02062,-0.02844,0.9974924855420807,0.058686464988652154,-0.039555532030513034,0.056340700327099646,-0.9967246209860444,-0.05801513084427505,-0.04283067561611914,0.05564107068849476,-0.9975317561255403
3.0,0.015962909907102585,Empty,0.45702,0.24972,0.13528,0.05618,-0.03637,-0.06655,0.9989,0.02746,-0.0191,-0.03274,0.9977621123940372,0.056116303700458725,-0.03635557082464662,0.05361530441696116,-0.996347843339606,-0.06645580640389588,-0.03995204879933695,0.06435787078138455,-0.9971268215554238
3.067,0.015962909907102585,Empty,0.45932,0.25267,0.1273,0.04912,-0.03789,-0.0727,0.99888,0.02385,-0.01982,-0.03586,0.9980771763080702,0.049064944404741406,-0.03787586782462977,0.046222401102080535,-0.996290225455176,-0.07258978095319298,-0.04129697046113155,0.07069949004790477,-0.99664243454596
3.133,0.015962909907102585,Empty,0.4623,0.25525,0.11985,0.04266,-0.04086,-0.07712,0.99884,0.02052,-0.02123,-0.0381,0.9982568137229009,0.0426028858356145,-0.040845170758357405,0.03936799091404686,-0.9962556051133844,-0.07697357060417422,-0.0439715265506359,0.07523139902090008,-0.9961961360365563
3.2,0.01596323773264885,Empty,0.46547,0.25718,0.11285,0.04336,-0.04539,-0.07746,0.99878,0.02078,-0.02351,-0.03821,0.9980310978609306,0.04331168959720255,-0.045365463149193624,0.03971934985114767,-0.9962165140959758,-0.0772983200973003,-0.04854174440527861,0.07534424056753204,-0.9959753734221517
3.267,0.01596323773264885,Empty,0.46983,0.25901,0.10678,0.04506,-0.04876,-0.07584,0.99875,0.02158,-0.02521,-0.03734,0.9977979834785493,0.044986118050635515,-0.048738417586895025,0.04122104593892589,-0.9962798211127329,-0.07567921389180489,-0.051961616004905446,0.07350351846214483,-0.9959403713254341
3.333,0.01596323773264885,Empty,0.47484,0.26128,0.10111,0.04493,-0.05064,-0.07364,0.99877,0.02151,-0.02612,-0.03622,0.997709939132464,0.04485822727840105,-0.05062229550044569,0.04107370904106111,-0.9964510266403048,-0.07347313749318542,-0.05373851302283464,0.07122563409982126,-0.9960115869131108
3.4,0.015962909907102585,Empty,0.4796,0.26366,0.09526,0.04817,-0.05145,-0.06988,0.99879,0.02316,-0.02654,-0.03429,0.9975180347928843,0.04808595293320217,-0.051434535027042524,0.044445702990850544,-0.9965761162829134,-0.0697181751060241,-0.05461089404680443,0.06725909295382296,-0.9962398630181577
3.467,0.015962909907102585,Empty,0.4842,0.26583,0.08889,0.04606,-0.05281,-0.06505,0.99888,0.02215,-0.02713,-0.03189,0.9975471332873169,0.04597575816263988,-0.052782066382684595,0.04251545096517595,-0.9969851452099137,-0.06490806313544434,-0.0556071335305405,0.06250479895286104,-0.9964943536259395
3.534,0.015962909907102585,Empty,0.48927,0.2675,0.08253,0.04012,-0.05305,-0.05915,0.99903,0.01926,-0.0271,-0.02902,0.9977894231594165,0.04006087411986231,-0.05302257439950511,0.03691537020076696,-0.9975734404322357,-0.059029538259529724,-0.05525868686585708,0.05694170096638733,-0.9968470896867362
3.6,0.015962909907102585,Empty,0.49494,0.26813,0.07644,0.03826,-0.05032,-0.05057,0.99919,0.01848,-0.02563,-0.02479,0.9980028459503154,0.038205446540468146,-0.0503056987797037,0.035663688920130665,-0.9980876167321872,-0.05048970804501191,-0.05213847684463924,0.048594785527933275,-0.9974568291669647
3.667,0.015962909907102585,Empty,0.50107,0.26749,0.07109,0.03345,-0.04539,-0.04028,0.99941,0.01626,-0.02302,-0.01975,0.9984111802474489,0.03340920438304995,-0.04537554649134429,0.031589974358850914,-0.9986907566050961,-0.04023488774120984,-0.04666035444468538,0.03873754940664458,-0.9981594129141218
3.733,0.015962909907102585,Empty,0.50661,0.26601,0.06604,0.02719,-0.04061,-0.0296,0.9996,0.01329,-0.0205,-0.01452,0.9988068759504067,0.0271558714462673,-0.040587968662921754,0.02596510570831312,-0.9992250390993305,-0.029582672673328814,-0.041359857830324455,0.028493505978292505,-0.9987379447469293
3.8,0.015962909907102585,Empty,0.51038,0.2641,0.06042,0.02182,-0.03923,-0.02027,0.9997,0.01071,-0.01972,-0.00992,0.9989927921167899,0.021796555211303636,-0.039221314098595965,0.021013933453006728,-0.9995739463576043,-0.020256859675617144,-0.03964613347519186,0.019412262722455387,-0.9990251989596967
3.867,0.015962909907102585,Empty,0.51168,0.26221,0.05372,0.01498,-0.04374,-0.01369,0.99971,0.00734,-0.02192,-0.00668,0.9989309798339846,0.014965122746868731,-0.04373719960269583,0.014378983825412583,-0.9998029577523815,-0.013685411712400926,-0.04393338539269915,0.013041885245644085,-0.9989493314864255
3.933,0.015962909907102585,Empty,0.51216,0.26048,0.04668,0.00912,-0.0518,-0.01088,0.99964,0.00442,-0.02592,-0.00532,0.9986171290329581,0.009115205204985877,-0.05177588855869986,0.008563692108201293,-0.999904315831083,-0.01086380963794471,-0.05186996027999105,0.010405393622759624,-0.9985996369937791
4.0,0.015962909907102585,Empty,0.51271,0.25896,0.04038,0.00515,-0.05917,-0.00922,0.99955,0.00244,-0.02959,-0.00453,0.9982370958449758,0.005147668265899574,-0.059128690078614626,0.004611763939967095,-0.9999470789423711,-0.009196246407158333,-0.05917290015159503,0.00890734674543439,-0.9982080079129829
4.067,0.015962909907102585,Empty,0.51352,0.2596,0.03617,0.00393,-0.06299,-0.01029,0.99949,0.0018,-0.0315,-0.00508,0.9980093179961051,0.003909608966418732,-0.06294534256542796,0.0032698929654030318,-0.9999419891870556,-0.01026284856310717,-0.06298181477969794,0.010036593962304333,-0.9979642066670985
4.133,0.015962909907102585,Empty,0.51444,0.26227,0.0342,0.00624,-0.06359,-0.01238,0.99947,0.00292,-0.03181,-0.00609,0.9979597163058289,0.006227190391047299,-0.06354232235780205,0.005452899302137493,-0.9999088478606285,-0.01235159338835284,-0.06361344606284043,0.011979902748524411,-0.9979027063848187
4.2,0.015962909907102585,Empty,0.5151,0.26535,0.034,0.01112,-0.06189,-0.01407,0.99948,0.00534,-0.03098,-0.00686,0.9980237768996092,0.011103417944685168,-0.06184864471420831,0.010253959024246306,-0.9998489261682679,-0.014034997844333135,-0.061995137449382426,0.013373068088774554,-0.9979868556161072
4.267,0.015962909907102585,Empty,0.51574,0.26817,0.03525,0.01564,-0.05851,-0.01552,0.99951,0.00759,-0.02931,-0.00753,0.9981665218148346,0.01560516395530459,-0.05848139521252514,0.014722612409207692,-0.9997715986384276,-0.015491779749612942,-0.05870978974518415,0.0146023769945289,-0.9981682880026723
4.333,0.015962909907102585,Empty,0.51542,0.27072,0.03607,0.01977,-0.05673,-0.01635,0.99952,0.00965,-0.02844,-0.00789,0.998196679453605,0.019737850133028423,-0.05669044363844257,0.018840814381765936,-0.999689380840897,-0.016314580821341188,-0.05699484925174516,0.015217066276728435,-0.9982584976110649
4.4,0.015962909907102585,Empty,0.51416,0.27266,0.03594,0.02339,-0.05744,-0.01672,0.99949,0.01145,-0.02881,-0.00802,0.998078366386641,0.023340971969290414,-0.05740011827951639,0.02241665313213731,-0.9996093143891291,-0.016694677260980374,-0.05776736287322718,0.01537587766677599,-0.9982116580027751
4.467,0.015962909907102585,Empty,0.51372,0.27315,0.03588,0.0242,-0.05791,-0.01699,0.99947,0.01185,-0.02905,-0.00814,0.9980318796482666,0.02415930950338596,-0.05786790967425811,0.023214035636072827,-0.9995867831496745,-0.01695203533421796,-0.058253547147239085,0.015575323971110163,-0.998180311130188
4.534,0.015962909907102585,Empty,0.51401,0.27275,0.03597,0.02314,-0.05778,-0.0171,0.99948,0.01132,-0.02898,-0.00821,0.9980641541079084,0.023096854796936683,-0.057744952882089196,0.022144564263571753,-0.9996089160771893,-0.01707727064149642,-0.05811680099972824,0.01576547485728266,-0.9981852970486402
4.6,0.015962909907102585,Empty,0.51408,0.2724,0.03587,0.02209,-0.05814,-0.01719,0.99948,0.01079,-0.02916,-0.00827,0.9980664049008721,0.02206059048065473,-0.05811008308282903,0.021096059332205874,-0.9996301784687763,-0.01715991186266203,-0.05846715051121004,0.01590083778066819,-0.9981626899804322
4.667,0.015962909907102585,Empty,0.51406,0.27244,0.03588,0.02213,-0.05816,-0.01723,0.99948,0.01081,-0.02917,-0.00829,0.9980645778438413,0.022091785774075,-0.05812960910505459,0.02112489612742191,-0.9996289548298769,-0.017195680542894092,-0.05848792368514803,0.015934417687509316,-0.9981609374825084
4.733,0.015962909907102585,Empty,0.51405,0.27245,0.03588,0.02215,-0.05816,-0.01723,0.99948,0.01082,-0.02917,-0.00829,0.9980639414349082,0.0221081281221317,-0.05813432272205076,0.021140324914340314,-0.9996283749794084,-0.017210421219240053,-0.05849320875052282,0.015948122364810406,-0.9981604089138701
4.8,0.015962909907102585,Empty,0.51405,0.27243,0.03587,0.02211,-0.05818,-0.01723,0.99948,0.0108,-0.02918,-0.00829,0.9980636813169377,0.022066148484368275,-0.058154734348525264,0.021098778878683055,-0.9996294952601148,-0.01719632913839722,-0.058512644495956424,0.01593603768423843,-0.9981594627798787
4.867,0.015962909907102585,Empty,0.51405,0.27244,0.03587,0.02211,-0.05818,-0.01723,0.99948,0.0108,-0.02918,-0.00829,0.9980638661161034,0.02207163644452864,-0.05814947994640275,0.021103782664598225,-0.9996292203037209,-0.01720616959756971,-0.05850768761985008,0.015945682162751555,-0.9981595993175354
4.933,0.015962909907102585,Empty,0.51405,0.27244,0.03587,0.02211,-0.05818,-0.01723,0.99948,0.0108,-0.02918,-0.00829,0.9980635225660562,0.022066945709292574,-0.05815715631027991,0.02109922690620336,-0.9996293943165162,-0.017201646501288997,-0.058515190737070406,0.015941264863802533,-0.998159230046763
5.0,0.01596323773264885,Empty,0.51405,0.27244,0.03587,0.02211,-0.0582,-0.01723,0.99948,0.0108,-0.02919,-0.00829,0.9980631149967049,0.022067167220272854,-0.05816406634638043,0.021099175557001304,-0.9996293476504519,-0.01720442113955212,-0.05852216053674425,0.01594388430730522,-0.9981587795933605
5.067,0.01596323773264885,Empty,0.51405,0.27244,0.03587,0.02211,-0.0582,-0.01723,0.99948,0.0108,-0.02919,-0.00829,0.9980631625051852,0.02207027016497687,-0.05816207376798884,0.021102462610661288,-0.9996293215214298,-0.017201907637567508,-0.05852016508788815,0.01594122735082526,-0.9981589390215547
5.133,0.01596323773264885,Empty,0.51405,0.27244,0.03587,0.02211,-0.05818,-0.01723,0.99948,0.0108,-0.02918,-0.00829,0.9980634860171826,0.022066174351677348,-0.05815807621225097,0.021098044983295816,-0.9996293034005647,-0.017208378214824224,-0.05851624028516724,0.0159480322417216,-0.9981590604159768
5.2,0.015962909907102585,Empty,0.51405,0.27244,0.03587,0.02211,-0.05818,-0.01723,0.99948,0.0108,-0.02918,-0.00829,0.9980633376711543,0.022068275853324104,-0.05815982460063845,0.02110033587518051,-0.9996293178994431,-0.017204726729850024,-0.058517944450142884,0.015944215150199288,-0.9981590214893488
5.267,0.015962909907102585,Empty,0.51405,0.27244,0.03587,0.02211,-0.0582,-0.01723,0.99948,0.0108,-0.02919,-0.00829,0.9980629083940515,0.0220707415446994,-0.058166255300417934,0.021102730434496064,-0.9996292755358752,-0.017204251213874592,-0.05852440222860324,0.01594345819727276,-0.9981586549664819
5.333,0.015962909907102585,Empty,0.51405,0.27244,0.03587,0.02211,-0.0582,-0.01723,0.99948,0.0108,-0.02919,-0.00829,0.9980628833104301,0.02207497857031343,-0.058165077831893924,0.02110693842890682,-0.9996291706903633,-0.017205181052658138,-0.05852331251927229,0.015944165892783742,-0.9981587075539415
5.4,0.015962909907102585,Empty,0.51405,0.27244,0.03587,0.02211,-0.0582,-0.01723,0.99948,0.0108,-0.02919,-0.00829,0.9980627392154868,0.022066984843636006,-0.05817058336985763,0.021098834369911557,-0.9996293389243709,-0.017205346548555576,-0.05852869192037234,0.01594468380168143,-0.9981583838652833
5.467,0.015962909907102585,Empty,0.51405,0.27244,0.03587,0.02209,-0.0582,-0.01723,0.99948,0.01079,-0.02919,-0.00829,0.9980631940175535,0.022056707978290013,-0.05816667757952152,0.021088599722842327,-0.9996295536750389,-0.017205417204249607,-0.058524624810495765,0.01594543986859582,-0.9981586102610085
5.534,0.015962909907102585,Empty,0.51405,0.27244,0.03587,0.02211,-0.0582,-0.01723,0.99948,0.0108,-0.02919,-0.00829,0.9980628812654895,0.022063465938145566,-0.05816948092278217,0.02109535126683254,-0.9996294193880066,-0.017204942572572147,-0.058527525105360405,0.015944508922913263,-0.9981584550762711
5.6,0.015962909907102585,Empty,0.51405,0.27244,0.03587,0.02211,-0.0582,-0.01723,0.99948,0.0108,-0.02919,-0.00829,0.9980630332691756,0.022065322356076444,-0.058166168610758004,0.021097086694249978,-0.9996293308311154,-0.017207959645228005,-0.05852430738204405,0.01594749169803644,-0.9981585960928219
5.667,0.015962909907102585,Empty,0.51405,0.27244,0.03587,0.02209,-0.0582,-0.01723,0.99948,0.01079,-0.02919,-0.00829,0.9980630100622562,0.022057346006714773,-0.05816959199280404,0.021089228399795545,-0.999629551060644,-0.017204798510791604,-0.05852753532287592,0.015944721177736137,-0.9981584510865967
5.734,0.015962909907102585,Empty,0.51405,0.27244,0.03587,0.02209,-0.0582,-0.01723,0.99948,0.01079,-0.02919,-0.00829,0.9980629428258014,0.022057025658075657,-0.05817086708155561,0.021088959999059687,-0.999629578105697,-0.01720355609704625,-0.05852877859702059,0.01594346873629329,-0.9981583981916876
5.8,0.015962909907102585,Empty,0.51405,0.27245,0.03587,0.02211,-0.0582,-0.01723,0.99948,0.0108,-0.02919,-0.00829,0.9980631491494542,0.0220643750121301,-0.058164539585542824,0.021096191451557667,-0.9996293578047353,-0.017207490262430673,-0.05852265387107212,0.015947111657491884,-0.9981586991123558
5.867,0.015962909907102585,Empty,0.51405,0.27244,0.03587,0.02209,-0.0582,-0.01723,0.99948,0.01079,-0.02919,-0.00829,0.9980629193622398,0.022047894993630857,-0.05817473094456776,0.02107986696334513,-0.9996298032875871,-0.017201615855140424,-0.058532454270521526,0.015941979349189315,-0.9981582064439982
5.933,0.015962909907102585,Empty,0.51405,0.27244,0.03587,0.02209,-0.0582,-0.01723,0.99948,0.01079,-0.02919,-0.00829,0.9980630195401474,0.02205751442952425,-0.058169365507929775,0.021089423015935915,-0.9996295535020155,-0.01720441810163352,-0.05852730357071572,0.01594433512418213,-0.9981584708422752
6.0,0.015962909907102585,Empty,0.51404,0.27244,0.03587,0.02209,-0.0582,-0.01723,0.99948,0.01079,-0.02919,-0.00829,0.9980628315974751,0.02205804174351994,-0.05817239016983412,0.021089952217438424,-0.9996295568509861,-0.0172035747845567,-0.058530317777169334,0.015943395634017657,-0.9981583091056051
6.067,0.015962909907102585,Empty,0.51404,0.27244,0.03587,0.02209,-0.0582,-0.01723,0.99948,0.01079,-0.02919,-0.00829,0.9980626085875299,0.022055253817755027,-0.058177273212905625,0.021086900258119434,-0.9996295679552618,-0.017206670424014893,-0.058535219970192176,0.015946556010968328,-0.9981579711520768
6.133,0.015962909907102585,Empty,0.51405,0.27244,0.03587,0.02209,-0.0582,-0.01723,0.99948,0.01079,-0.02919,-0.00829,0.9980630913561275,0.02205316076602487,-0.0581697840195185,0.021085181485324844,-0.9996296798597759,-0.017202274999915758,-0.0585276071130579,0.01594243531176051,-0.998158483389261
6.2,0.015962909907102585,Empty,0.51405,0.27244,0.03587,0.02209,-0.0582,-0.01723,0.99948,0.01079,-0.02919,-0.00829,0.9980629290547958,0.02205253970997767,-0.05817280411756899,0.021084181097608512,-0.9996296040866663,-0.01720790344516657,-0.058530735122706644,0.015948044578404624,-0.9981582103655315
6.267,0.015962909907102585,Empty,0.51404,0.27244,0.03587,0.02209,-0.0582,-0.01723,0.99948,0.01079,-0.02919,-0.00829,0.9980626050490176,0.022053884896063913,-0.05817785286309221,0.021085941890433335,-0.9996297120040258,-0.017199474798400078,-0.05853562554002202,0.01593941779798489,-0.9981580613825146
6.333,0.015962909907102585,Empty,0.51405,0.27244,0.03587,0.02209,-0.0582,-0.01723,0.99948,0.01079,-0.02919,-0.00829,0.9980627942499118,0.022052197472809065,-0.058175246631863804,0.021084080669221517,-0.9996296888087096,-0.01720310421220223,-0.05853306993821269,0.015943206666865,-0.9981581507380413
6.4,0.015962909907102585,Empty,0.51404,0.27244,0.03587,0.02209,-0.0582,-0.01723,0.99948,0.01079,-0.02919,-0.00829,0.9980627774772248,0.02205280616070482,-0.05817530365099916,0.021084522461150113,-0.99962963049448,-0.017205951006978137,-0.058533196794919924,0.01594602075464789,-0.9981580983466796
6.467,0.015962909907102585,Empty,0.51404,0.27244,0.03587,0.02209,-0.0582,-0.01723,0.99948,0.01079,-0.02919,-0.00829,0.9980627511718478,0.022052052305161052,-0.058176040707599255,0.021083925443008134,-0.9996296929257621,-0.01720305522457372,-0.05853386038179505,0.015943149321150964,-0.9981581053012233
6.533,0.015962909907102585,Empty,0.51404,0.27244,0.03587,0.02209,-0.0582,-0.01723,0.99948,0.01079,-0.02919,-0.00829,0.9980625436730545,0.02205399553113918,-0.05817886384233205,0.02108590960727652,-0.9996296754446985,-0.017201639060279664,-0.0585366836514153,0.015941557371815167,-0.9981579651616549
6.6,0.015962909907102585,Empty,0.51405,0.27244,0.03587,0.02209,-0.0582,-0.01723,0.99948,0.01079,-0.02919,-0.00829,0.9980629972537909,0.022048022031433967,-0.058173346450765384,0.02107982353191251,-0.9996297476151575,-0.017204904031110663,-0.05853114173363424,0.015945294207311195,-0.9981582304624851
6.667,0.015962909907102585,Empty,0.51405,0.27244,0.03587,0.02209,-0.0582,-0.01723,0.99948,0.01079,-0.02919,-0.00829,0.9980627791904692,0.022052902991834655,-0.05817523755198001,0.02108469901906962,-0.9996296498158801,-0.01720461206350412,-0.05853310398288989,0.015944675556848493,-0.9981581252785127
6.733,0.015962909907102585,Empty,0.51404,0.27245,0.03587,0.02209,-0.0582,-0.01723,0.99948,0.01079,-0.02919,-0.00829,0.9980627531444817,0.02205950358894354,-0.058173181854413114,0.021091183126451973,-0.9996294661400384,-0.017207336194438195,-0.05853121201533178,0.01594706010496391,-0.9981581981299484
6.8,0.015962909907102585,Empty,0.51405,0.27244,0.03587,0.02209,-0.0582,-0.01723,0.99948,0.01079,-0.02919,-0.00829,0.9980628153623208,0.022052602101529373,-0.05817473104010992,0.021084389265232872,-0.9996296515080214,-0.01720489335229155,-0.058532598783495454,0.015944985622546645,-0.9981581499507716
6.867,0.015962909907102585,Empty,0.51405,0.27244,0.03587,0.02209,-0.0582,-0.01723,0.99948,0.01079,-0.02919,-0.00829,0.9980628985074426,0.022051581024234546,-0.058173691624773066,0.02108334832356057,-0.999629663222037,-0.01720548837041322,-0.058531555988116345,0.015945663389418194,-0.998158200273224
6.933,0.015962909907102585,Empty,0.51405,0.27244,0.03587,0.02209,-0.0582,-0.01723,0.99948,0.01079,-0.02919,-0.00829,0.9980626011763252,0.022054920803392553,-0.05817752660180482,0.02108671284470809,-0.9996296159857686,-0.01720410955410239,-0.05853541384967257,0.01594400553502239,-0.9981580005254413
7.0,0.015962909907102585,Empty,0.51404,0.27244,0.03587,0.02209,-0.0582,-0.01723,0.99948,0.01079,-0.02919,-0.00829,0.9980625386338993,0.02205856583926269,-0.05817721760939351,0.021090415900201276,-0.9996295517615503,-0.017203302071351526,-0.05853514613300588,0.01594298962292038,-0.9981580324523122
7.067,0.015962909907102585,Empty,0.51404,0.27244,0.03587,0.02209,-0.0582,-0.01723,0.99948,0.01079,-0.02919,-0.00829,0.9980625374807218,0.022059560872662975,-0.058176860104750025,0.021091407293852338,-0.9996295276393976,-0.017203488303233504,-0.05853480858350186,0.015943125337898417,-0.9981580500795219
7.133,0.015962909907102585,Empty,0.51404,0.27244,0.03587,0.02209,-0.0582,-0.01723,0.99948,0.01079,-0.02919,-0.00829,0.9980625459996786,0.0220564633705696,-0.05817788837885221,0.021088087370149555,-0.9996295386577441,-0.017206917619797858,-0.058535859468435286,0.015946719615278045,-0.9981579310358674
7.2,0.015962909907102585,Empty,0.51405,0.27244,0.03587,0.02209,-0.0582,-0.01723,0.99948,0.01079,-0.02919,-0.00829,0.9980627809421031,0.022049744785224867,-0.05817640460720788,0.021081647298106687,-0.9996297523651041,-0.01720239325437549,-0.05853417331194948,0.01594261400732057,-0.9981580955005577
7.267,0.015962909907102585,Empty,0.51404,0.27244,0.03587,0.02209,-0.0582,-0.01723,0.99948,0.01079,-0.02919,-0.00829,0.9980623288211934,0.022061170648251915,-0.05817982930229325,0.021092967585622402,-0.9996294933933179,-0.017203565230809577,-0.05853780407947646,0.015943045124678853,-0.9981578756918693
7.333,0.015962909907102585,Empty,0.51405,0.27244,0.03587,0.02209,-0.0582,-0.01723,0.99948,0.01079,-0.02919,-0.00829,0.998062917602782,0.02204574590552233,-0.05817557557679564,0.02107764396587919,-0.9996298334290192,-0.017202588279619374,-0.0585332848135994,0.015943061379158543,-0.9981581404581092
7.4,0.015962909907102585,Empty,0.51404,0.27244,0.03587,0.02209,-0.05822,-0.01723,0.99948,0.01079,-0.0292,-0.00829,0.9980622861954151,0.022057775411311265,-0.05818184784178904,0.02108946916071841,-0.9996295479664161,-0.01720468316993436,-0.05853979129532351,0.015944321132079477,-0.9981577387661417
7.467,0.015962909907102585,Empty,0.51404,0.27244,0.03587,0.02209,-0.05822,-0.01723,0.99948,0.01079,-0.0292,-0.00829,0.9980622418175218,0.022048295401589924,-0.05818620221381324,0.021080234022729016,-0.9996298394120491,-0.017199066561525728,-0.058543874075171344,0.015939160170004265,-0.9981575817381468
7.534,0.015962909907102585,Empty,0.51405,0.27244,0.03587,0.02209,-0.0582,-0.01723,0.99948,0.01079,-0.02919,-0.00829,0.9980627205740077,0.02204430210519337,-0.05817950279183691,0.02107619787451598,-0.9996298823475321,-0.017201517404385237,-0.05853716497717177,0.015941990545540245,-0.9981579300160277
7.6,0.014293991960585117,Grasping,0.51404,0.27244,0.03587,0.02209,-0.05822,-0.01723,0.99948,0.01079,-0.0292,-0.00829,0.9980622364550427,0.02205246824753021,-0.05818471282519144,0.021084226819879426,-0.9996296934686234,-0.017202654307806455,-0.05854252763390236,0.015942539948756468,-0.9981576067326322
7.667,0.014293991960585117,Grasping,0.51404,0.27244,0.03587,0.02209,-0.0582,-0.01723,0.99948,0.01079,-0.02919,-0.00829,0.9980627762838903,0.022043478331329136,-0.058178859214914086,0.021075371220708294,-0.99962989629,-0.01720172000566095,-0.05853651274548136,0.015942255370556484,-0.9981579640364034
7.733,0.014293991960585117,Grasping,0.51404,0.27244,0.03587,0.02209,-0.05822,-0.01723,0.99948,0.01079,-0.0292,-0.00829,0.9980622191493791,0.022056267144896446,-0.05818356972762568,0.02108816404535746,-0.9996296438872359,-0.017200709260777873,-0.05854140452545204,0.015940393392594576,-0.9981577068853783
7.8,0.012121410109102726,Grasping,0.51404,0.27244,0.03587,0.02209,-0.05822,-0.01723,0.99948,0.01079,-0.0292,-0.00829,0.9980625171615481,0.022049981900438442,-0.0581808399333044,0.021081768273849277,-0.9996297364448693,-0.017203170103458253,-0.05853862727808166,0.01594328427116392,-0.9981578235945691
7.867,0.012121410109102726,Grasping,0.51404,0.27245,0.03587,0.02209,-0.0582,-0.01723,0.99948,0.01079,-0.02919,-0.00829,0.9980624786040306,0.02205545896354455,-0.05817942533822787,0.02108703212838886,-0.9996295536789903,-0.017207338189248106,-0.05853738872545778,0.015947167192020287,-0.9981578342024643
7.933,0.010486310347914696,Grasping,0.51404,0.27244,0.03587,0.02209,-0.05822,-0.01723,0.99948,0.01079,-0.0292,-0.00829,0.9980624491889969,0.022047578794069045,-0.05818291663521588,0.021079428911041254,-0.9996298153373904,-0.017201452418886227,-0.05854062858942948,0.01594166107575241,-0.9981577321478305
8.0,0.010486310347914696,Grasping,0.51404,0.27244,0.03587,0.02209,-0.05822,-0.01723,0.99948,0.01079,-0.0292,-0.00829,0.9980624567426633,0.022046162806135805,-0.058183323610164414,0.0210779528388797,-0.9996298313958054,-0.01720232797372879,-0.05854103129362947,0.015942612368088485,-0.9981576933360577
8.067,0.010486310347914696,Grasping,0.51404,0.27244,0.03587,0.02209,-0.05822,-0.01723,0.99948,0.01079,-0.0292,-0.00829,0.9980625139704233,0.02204914345699721,-0.05818121243022626,0.021080922000532687,-0.9996297541294443,-0.017203179552453447,-0.058538986450448624,0.01594333503126826,-0.9981578017194651
8.133,0.010486310347914696,Grasping,0.51404,0.27244,0.03587,0.02207,-0.05822,-0.01723,0.99948,0.01078,-0.0292,-0.00829,0.9980622763825231,0.022041336467069683,-0.058188245796562565,0.021073397898489277,-0.9996300323640822,-0.017196229144659923,-0.05854574590136913,0.01593668354862896,-0.9981575114952165
8.2,0.008388588204979897,Grasping,0.51404,0.27244,0.03587,0.02209,-0.05822,-0.01723,0.99948,0.01079,-0.0292,-0.00829,0.9980620611250983,0.022044860700910607,-0.0581906028444277,0.021076807544847753,-0.999629936302373,-0.017197634483586303,-0.058548188071347686,0.015937834382093556,-0.9981573498746433
8.267,0.008388588204979897,Grasping,0.51404,0.27243,0.03587,0.02207,-0.05822,-0.01723,0.99948,0.01078,-0.0292,-0.00829,0.9980623935363061,0.02203620769508896,-0.05818817885961413,0.02106814189109829,-0.9996301078829819,-0.017198279306794597,-0.05854564036575285,0.015939039001046394,-0.9981574800751066
8.334,0.006781068164855242,Grasping,0.51404,0.27243,0.03586,0.02207,-0.05822,-0.01723,0.99948,0.01078,-0.0292,-0.00829,0.9980617254506662,0.022039968317312197,-0.058198212919395274,0.021072149274627694,-0.999630141092757,-0.017191438096413478,-0.05855558654293509,0.015931754939330713,-0.9981570129339202
8.4,0.006781068164855242,Grasping,0.51404,0.27243,0.03586,0.02207,-0.05822,-0.01723,0.99948,0.01078,-0.0292,-0.00829,0.9980618497777818,0.022035826037956174,-0.05819764934237182,0.0210680044669892,-0.9996302269823155,-0.017191523814463514,-0.058554958850055364,0.015932095722448886,-0.9981570443171552
8.467,0.006781068164855242,Grasping,0.51404,0.27243,0.03587,0.02207,-0.05822,-0.01723,0.99948,0.01078,-0.0292,-0.00829,0.9980620147591077,0.022039037020112118,-0.05819360396312452,0.021071191473288398,-0.9996301323380254,-0.017193121059255606,-0.058550999862400754,0.015933592472770104,-0.9981572526641406
8.533,0.004983115009963512,Grasping,0.51404,0.27244,0.03587,0.02209,-0.05822,-0.01723,0.99948,0.01079,-0.0292,-0.00829,0.9980617355735433,0.02205220402519692,-0.058193404106971824,0.02108421224173107,-0.9996298079035266,-0.017196021193986596,-0.058551071536495816,0.015935728674569556,-0.9981572143573069
8.6,0.004983115009963512,Grasping,0.51404,0.27243,0.03586,0.02209,-0.05824,-0.01721,0.99948,0.01079,-0.02921,-0.00828,0.9980613807175662,0.022043560056071443,-0.058202764369055554,0.021075857065057435,-0.9996301166138065,-0.017188316021095457,-0.058560127809958416,0.015928321277590994,-0.9981568013153842
8.667,0.004983115009963512,Grasping,0.51404,0.27243,0.03587,0.02207,-0.05822,-0.01721,0.99948,0.01078,-0.0292,-0.00828,0.9980616594328379,0.022040226050511147,-0.058199247467752124,0.0210724809093914,-0.9996301604948205,-0.017189903356998316,-0.05855659244264134,0.01593018093877072,-0.9981569790452625
8.733,0.002966491738334298,Grasping,0.51404,0.27243,0.03587,0.02209,-0.05822,-0.01721,0.99948,0.01079,-0.0292,-0.00828,0.9980617702318382,0.02204414373837249,-0.058195863500176186,0.021076562348894268,-0.9996301047886534,-0.017188138927145356,-0.05855323493405231,0.0159282556191084,-0.9981572067323313
8.8,0.002966491738334298,Grasping,0.51404,0.27243,0.03586,0.02209,-0.05824,-0.01721,0.99948,0.01079,-0.02921,-0.00828,0.9980613726485568,0.022042895671213425,-0.05820315435873015,0.021075102897899434,-0.9996301083325109,-0.017189722306519384,-0.05856053675233097,0.01592976037359973,-0.9981567543576103
