time,gr,gr_state,tx,ty,tz,rx,ry,rz,qw,qx,qy,qz,xx,xy,xz,yx,yy,yz,zx,zy,zz
0.0,0.016366103664040565,Empty,0.30818,0.00209,0.48525,-0.00984,0.00156,-0.00433,0.99999,-0.00492,0.00079,-0.00216,0.9999503933727203,-0.009836640055039203,0.0015656647689865826,-0.0098297891682253,-0.9999423337891846,-0.004324851575116782,0.0016081164912678126,0.004309246879229401,-0.9999894221203962
0.067,0.016366103664040565,Empty,0.30818,0.00209,0.48525,-0.00984,0.00156,-0.00433,0.99999,-0.00492,0.00079,-0.00216,0.99995038293202,-0.009837587411153259,0.0015663805521833548,-0.00983073823462316,-0.9999423373651168,-0.004321866558489314,0.0016088069706017565,0.004306253442958164,-0.9999894339048868
0.133,0.016366103664040565,Empty,0.30818,0.00209,0.48524,-0.00984,0.00156,-0.00433,0.99999,-0.00492,0.00079,-0.00216,0.9999503278226484,-0.00984344599253767,0.0015647550511015836,-0.009836610158956705,-0.9999422967960454,-0.004317890553323751,0.0016071676821849637,0.004302284188866457,-0.9999894536257867
0.2,0.01636643148958683,Empty,0.30818,0.00209,0.48525,-0.00984,0.00156,-0.00433,0.99999,-0.00492,0.00079,-0.00216,0.9999503409831544,-0.009842256198531796,0.0015638288257621223,-0.009835407847757105,-0.9999422641824618,-0.004328169834947174,0.0016063374932126617,0.0043125740079829784,-0.9999894106365748
0.267,0.01636643148958683,Empty,0.30818,0.00209,0.48525,-0.00984,0.00156,-0.00433,0.99999,-0.00492,0.00079,-0.00216,0.9999503772538125,-0.009838017089513762,0.0015673065126169026,-0.009831155891255827,-0.9999423116843215,-0.004326855354314677,0.0016097837742636131,0.004311232209214722,-0.9999894108804545
0.333,0.01636643148958683,Empty,0.30818,0.0021,0.48525,-0.00982,0.00156,-0.00433,0.99999,-0.00491,0.00079,-0.00216,0.9999505189426361,-0.009823944616450808,0.0015651768352599388,-0.00981710617149889,-0.9999424859089547,-0.004318483603908876,0.001607511359288919,0.004302904413605029,-0.9999894504047714
0.4,0.01636643148958683,Empty,0.30818,0.00209,0.48525,-0.00984,0.00158,-0.00433,0.99999,-0.00492,0.0008,-0.00216,0.9999503468781924,-0.009839701566199233,0.0015760873297409157,-0.009832794574823056,-0.999942274377161,-0.004331750717583487,0.001618619483438438,0.00431603828969214,-0.999989375885789
0.467,0.01636643148958683,Empty,0.30818,0.00209,0.48525,-0.00982,0.00156,-0.00433,0.99999,-0.00491,0.00079,-0.00216,0.9999504504862237,-0.009831033151482926,0.0015644039033519922,-0.00982417556852716,-0.9999423561588011,-0.004332428185671584,0.0016069059702215748,0.004316844537354893,-0.9999893912969491
0.533,0.01636643148958683,Empty,0.30818,0.00213,0.48525,-0.00976,0.00158,-0.00429,0.99999,-0.00488,0.0008,-0.00214,0.9999511276037508,-0.009758634225020824,0.0015847593033557273,-0.009751777492962688,-0.9999432981114366,-0.004278247041739942,0.001626419292514981,0.004262583733449039,-0.9999895925159422
0.6,0.01636643148958683,Empty,0.30818,0.00224,0.48525,-0.0095,0.0016,-0.00405,0.99999,-0.00475,0.00081,-0.00202,0.999953530555149,-0.009506971362288674,0.0015981945466404261,-0.009500426265704465,-0.9999466512812358,-0.004054194397487333,0.0016366523950430115,0.004038822471875756,-0.9999905045959077
0.666,0.01636643148958683,Empty,0.30822,0.00248,0.48516,-0.00902,0.00134,-0.00373,0.99999,-0.00451,0.00068,-0.00186,0.9999584125758659,-0.009021280518884789,0.0013377655077222148,-0.00901624319179517,-0.9999524151886412,-0.0037248781335290104,0.0013713050209441006,0.003712661606291006,-0.9999921678024963
0.733,0.01636643148958683,Empty,0.30842,0.00344,0.48473,-0.00708,-1e-05,-0.00338,0.99999,-0.00354,0.0,-0.00169,0.9999750062386357,-0.007070131365615628,-1.185383959685345e-05,-0.0070701310736650536,-0.9999693020083832,-0.0033776156483954893,1.2026710628927349e-05,0.003377615037275669,-0.9999942957697399
0.8,0.01636643148958683,Empty,0.3089,0.00461,0.48367,-0.00402,-0.0034,-0.00181,1.0,-0.00201,-0.0017,-0.00091,0.9999861128042214,-0.004024250472911106,-0.003402882136301856,-0.00403041165065493,-0.9999902476370447,-0.0018056612992592863,-0.0033955825168227095,0.0018193512394952711,-0.999992579962691
0.867,0.01636643148958683,Empty,0.3097,0.00616,0.48197,-6e-05,-0.00888,0.00012,0.99999,-3e-05,-0.00444,6e-05,0.9999605955684866,-6.708541159938797e-05,-0.008877094674777382,-6.603741617172698e-05,-0.9999999908162641,0.00011834919158601985,-0.008877102532756597,-0.00011775830770796926,-0.9999605908152599
0.933,0.01636643148958683,Empty,0.31075,0.00818,0.47968,0.00432,-0.01619,0.00279,0.99996,0.00217,-0.00809,0.00141,0.9998598078279142,0.004322887474128678,-0.016176443806116637,0.004368598969170467,-0.9999865612410364,0.00279153727774145,-0.01616415891325588,-0.0028618143218032757,-0.9998652559147232
1.0,0.01636643148958683,Empty,0.31209,0.01074,0.47667,0.01095,-0.02575,0.00544,0.9999,0.00551,-0.01286,0.00279,0.9996083545643357,0.010946175948738923,-0.025754974612304866,0.011089488211073473,-0.9999237759747986,0.005428212552674373,-0.02569359329478218,-0.0057116961053439615,-0.9996535478810661
1.067,0.01636643148958683,Empty,0.31375,0.01379,0.47292,0.01726,-0.03743,0.00788,0.99978,0.0087,-0.01868,0.0041,0.9991507263700494,0.017233679348226394,-0.03742761400790635,0.01754026893251026,-0.9998151157739925,0.007878656967617425,-0.03728491598458453,-0.008528456247216262,-0.9992682825318042
1.133,0.01636643148958683,Empty,0.31559,0.01729,0.46839,0.02084,-0.05157,0.01197,0.99959,0.01057,-0.02572,0.00625,0.9984538139992412,0.020801103830104695,-0.05154896109348844,0.021444336191494773,-0.9996985456398974,0.011956516665814633,-0.051284712689796064,-0.013043462919139154,-0.998598891607337
1.2,0.01636643148958683,Empty,0.31748,0.0211,0.46338,0.02772,-0.06714,0.01706,0.9993,0.01414,-0.03344,0.00899,0.99736393695584,0.02765336927541462,-0.0670855306878102,0.028855263395825503,-0.9994388025763798,0.017013338268827276,-0.06657740633507056,-0.018904260694604526,-0.9976021641382328
1.267,0.01636643148958683,Empty,0.31928,0.02531,0.45819,0.0362,-0.08313,0.02258,0.9989,0.01855,-0.04134,0.01203,0.9958936808365784,0.03607121878540387,-0.08303399090195715,0.03806124464306987,-0.9990218636357133,0.02250905671160152,-0.08214084322668691,-0.02557700438208597,-0.9962924764951544
1.333,0.01636643148958683,Empty,0.32117,0.0296,0.45277,0.04493,-0.09938,0.02847,0.9984,0.02314,-0.04933,0.01533,0.9940624571172849,0.044684435776852716,-0.09921256245682963,0.047709153850134634,-0.9984595559058318,0.028325816126512582,-0.09779400793939359,-0.032890977784692486,-0.9946630160971687
1.4,0.01636643148958683,Empty,0.32313,0.0344,0.44721,0.0547,-0.11511,0.03459,0.99779,0.02829,-0.05702,0.01883,0.9918962391778597,0.05431500673425321,-0.11485525999394194,0.058609388716289346,-0.9976899547756374,0.03434666933036666,-0.11272439957312201,-0.04079992871617168,-0.9927882833502993
1.466,0.016366103664040565,Empty,0.32526,0.03989,0.44145,0.06492,-0.1303,0.04055,0.99711,0.0337,-0.0644,0.02233,0.9894343748939871,0.06432166825936197,-0.1299320621343213,0.07007282141750432,-0.9967322496467013,0.040182361961640864,-0.12692288003640276,-0.04886251637562642,-0.990708351139076
1.533,0.016366103664040565,Empty,0.32711,0.04492,0.43567,0.07324,-0.14613,0.04652,0.99633,0.0382,-0.07208,0.02585,0.9866913423896795,0.07239042208810487,-0.14560158530441294,0.07984311973825003,-0.9957453558534971,0.04600285346210496,-0.1416519363923969,-0.05701590204581937,-0.988273198984059
1.6,0.016366103664040565,Empty,0.32924,0.05023,0.42997,0.07709,-0.15926,0.05309,0.99566,0.04051,-0.07844,0.0295,0.9844124968730606,0.07604405996036984,-0.15858542475552517,0.0853010715687777,-0.9949765279118694,0.0523969091994874,-0.1538043015957776,-0.06510767888033452,-0.9859539679728715
1.667,0.01636643148958683,Empty,0.33243,0.05548,0.42447,0.0784,-0.16646,0.05906,0.99524,0.04149,-0.08188,0.03266,0.9831491680283989,0.0772393306015664,-0.1656858449394189,0.08793444347177459,-0.9944242164479362,0.05820662671223282,-0.16026617564656778,-0.07179528919176982,-0.9844593386186622
1.733,0.01636643148958683,Empty,0.3368,0.0603,0.41942,0.07456,-0.16686,0.06534,0.9952,0.03984,-0.08202,0.03563,0.9833693255913427,0.07345684184323498,-0.1660989520510166,0.0851476684685799,-0.9942858084377126,0.06438637816905617,-0.16042021082267888,-0.07745852777959243,-0.9840048437044532
1.8,0.01636643148958683,Empty,0.34224,0.06535,0.41486,0.06815,-0.16038,0.07057,0.99549,0.03676,-0.07881,0.03787,0.9848748687347102,0.06722796893836747,-0.1596931217279233,0.07916708626970687,-0.9944279586389471,0.06961039813664031,-0.15412353936486212,-0.08119997087190786,-0.9847093476473394
1.867,0.01636643148958683,Empty,0.34789,0.07056,0.41069,0.06366,-0.15084,0.07373,0.99589,0.03449,-0.07409,0.03913,0.9866412152211808,0.06289265475309996,-0.15027849614958036,0.0744896756297525,-0.994559056693873,0.07282562030472287,-0.14488064277689516,-0.0830469549489973,-0.9859578097577264
1.933,0.01636643148958683,Empty,0.35285,0.07564,0.40684,0.05829,-0.14202,0.07573,0.99626,0.03173,-0.06977,0.03981,0.9882503023619889,0.057674269942355805,-0.1415451110708293,0.0687842051647588,-0.9948164726479471,0.07489271572154482,-0.1364920254128039,-0.08374881691649166,-0.9870947587054639
2.0,0.01636643148958683,Empty,0.35682,0.0809,0.40311,0.05553,-0.13577,0.07642,0.99651,0.03027,-0.0667,0.03998,0.9892691010359465,0.05498524382512088,-0.13536346884230785,0.06565288757929727,-0.9949710786005408,0.07564556233498945,-0.13052334690786402,-0.08372082005074147,-0.9879040845152939
2.067,0.01636643148958683,Empty,0.36008,0.086,0.3995,0.05401,-0.13132,0.07735,0.99667,0.02946,-0.0645,0.04034,0.9899442352837748,0.053521815346480706,-0.13094207234666633,0.06392846572799493,-0.9950099264514765,0.07660546672850223,-0.12618859813028646,-0.08420606596347034,-0.9884259082788495
2.133,0.01636643148958683,Empty,0.36282,0.09138,0.39576,0.05426,-0.12861,0.07758,0.99675,0.02954,-0.06314,0.04043,0.9902824673474382,0.0537771653015221,-0.12825229571591665,0.06398889082271697,-0.9949851328921503,0.07687657104000269,-0.12347492342799231,-0.08433624259903312,-0.9887574735336916
2.2,0.01636643148958683,Empty,0.36516,0.09716,0.39195,0.05717,-0.12715,0.07581,0.99679,0.03091,-0.06238,0.03962,0.9903056478912697,0.056677062520206434,-0.12681653811208193,0.06656393204691824,-0.9949495542790852,0.07513073532385615,-0.12191786868669334,-0.08284379894675685,-0.9890768111076934
2.267,0.01636643148958683,Empty,0.36758,0.10265,0.38813,0.0622,-0.12525,0.07483,0.99679,0.03335,-0.06135,0.03926,0.990248565842507,0.06167668307004487,-0.1249150295694455,0.0713106441276844,-0.9946921181083594,0.07417804396990144,-0.11967693963731277,-0.08236247287802323,-0.9893906474090323
2.333,0.01636643148958683,Empty,0.36945,0.10804,0.38432,0.06879,-0.12487,0.07418,0.9967,0.03661,-0.06104,0.03913,0.9898688292334685,0.06819950844489331,-0.12453324038118137,0.07775353064107887,-0.9942567541350313,0.07353839357586418,-0.11880273306960998,-0.08247626267446173,-0.9894865217426886
2.4,0.01636643148958683,Empty,0.37071,0.11362,0.38025,0.07501,-0.12653,0.0746,0.99652,0.03975,-0.06174,0.03956,0.9892151899541131,0.07434113843368939,-0.12620104239043012,0.08411156058774594,-0.9937094903416384,0.07393709610510144,-0.11991060561744354,-0.08375466519152279,-0.989245471417036
2.467,0.01636643148958683,Empty,0.37216,0.11918,0.37591,0.07576,-0.12739,0.07617,0.99644,0.04019,-0.06212,0.04038,0.9890522767292801,0.07506668256112992,-0.12704561017954882,0.08510138954044616,-0.9935086446801233,0.07548726014467363,-0.12055433378735322,-0.08547260447143837,-0.9890202659652414
2.533,0.016366103664040565,Empty,0.37405,0.12475,0.37137,0.07579,-0.12664,0.07746,0.99644,0.04023,-0.06172,0.04101,0.9891448854838979,0.0751176896605385,-0.12629223341563586,0.0852426125108034,-0.9933982027937779,0.07677048715766005,-0.11969165607250747,-0.08670261464427972,-0.9890179796548021
2.6,0.016366103664040565,Empty,0.37619,0.13013,0.36638,0.0726,-0.12598,0.07822,0.99651,0.03865,-0.06144,0.04128,0.9894613065774425,0.07195784176306619,-0.12565186745473383,0.08210477191896248,-0.9936034024704539,0.07753118744913187,-0.11926914611162288,-0.08703072795248123,-0.9890402030139449
2.667,0.01636643148958683,Empty,0.37833,0.13513,0.36119,0.06719,-0.12578,0.07846,0.99661,0.03596,-0.06145,0.04123,0.9898617389762102,0.06660052426845775,-0.12545161568572677,0.0767354084343988,-0.9940143359212543,0.0777635973668484,-0.11952160810246287,-0.08660179068699395,-0.9890473775539812
2.733,0.01636643148958683,Empty,0.38048,0.14014,0.35589,0.06173,-0.12568,0.07858,0.99671,0.03324,-0.06151,0.04112,0.9902231949092882,0.06120454269825848,-0.125347629481928,0.0713204613202395,-0.9944092022405253,0.07786995759874135,-0.1198808410911011,-0.08604848896092601,-0.989052193509944
2.8,0.01636643148958683,Empty,0.38273,0.14492,0.35047,0.05782,-0.1253,0.07813,0.99679,0.03127,-0.06141,0.04077,0.9905015655384249,0.057326359221341605,-0.12498134742574715,0.06734142308067359,-0.9947204452480322,0.07743622242223934,-0.11988236485571735,-0.08511712133279974,-0.9891325969012539
2.866,0.016366103664040565,Empty,0.38554,0.14956,0.34507,0.05808,-0.12323,0.0764,0.99689,0.03131,-0.0604,0.03989,0.9907440681042765,0.057601636724111005,-0.12291559283871406,0.06723838160142248,-0.9948573951487184,0.07574802543649775,-0.11792027627092172,-0.08331155240787654,-0.989522103684187
2.933,0.016366103664040565,Empty,0.38865,0.15394,0.33966,0.05955,-0.12029,0.07399,0.997,0.03192,-0.05894,0.03869,0.9910139340893732,0.05909145500272994,-0.11999825993056504,0.06821379242707953,-0.9949676959018405,0.07339048054412259,-0.11505764191664279,-0.08091652524325489,-0.9900577028532932
3.0,0.016366103664040565,Empty,0.39202,0.15801,0.334,0.06178,-0.11717,0.07104,0.99711,0.03289,-0.05739,0.03724,0.9912495364125387,0.061319890540031674,-0.1168940870450085,0.06986890560495607,-0.9950622258922196,0.0704946993183663,-0.11199416320279049,-0.07804509995239715,-0.9906393237611392
3.067,0.01636643148958683,Empty,0.39551,0.16189,0.3283,0.06313,-0.11376,0.06793,0.99725,0.03342,-0.05572,0.03568,0.9915566848959807,0.06267880732850029,-0.11351963596651463,0.07063129879426738,-0.9952201324379581,0.06743965910951508,-0.10874998974127849,-0.07488828414411319,-0.9912442608304082
3.133,0.01636643148958683,Empty,0.39878,0.16574,0.3224,0.06325,-0.11149,0.0652,0.99736,0.03337,-0.05463,0.03429,0.9918023813847552,0.06282502161631792,-0.11127017991554566,0.07031966702637915,-0.9954201173549431,0.06476059291243501,-0.10669198990002879,-0.07205419227206825,-0.9916778774719097
3.2,0.01636643148958683,Empty,0.40169,0.16905,0.31659,0.0603,-0.11101,0.06337,0.99745,0.03184,-0.05447,0.03329,0.9920388903637896,0.05988725182294835,-0.11078067103459681,0.06714065102621958,-0.9957560504131879,0.06294458710090911,-0.10654094511292912,-0.06988136471637706,-0.9918495964004928
3.267,0.01636643148958683,Empty,0.40491,0.17203,0.31091,0.05811,-0.11045,0.0611,0.99754,0.03068,-0.05426,0.03209,0.9922287005512558,0.057726170713248925,-0.11022656221234235,0.06469023810938235,-0.9960586155478502,0.0606828434258927,-0.10628912877485641,-0.067341841433724,-0.9920522655065093
3.333,0.01636643148958683,Empty,0.40841,0.17514,0.30545,0.05645,-0.10959,0.05849,0.99763,0.02977,-0.0539,0.03073,0.9924170740412883,0.05608810827230959,-0.10937310118014294,0.06271327491600687,-0.9963388089678933,0.05810355319383744,-0.10571374698040673,-0.06452210361475709,-0.992301114503299
3.4,0.01636643148958683,Empty,0.41204,0.17804,0.29985,0.05231,-0.10803,0.05585,0.99777,0.02761,-0.05322,0.02928,0.9928113839838517,0.051974912162596976,-0.10781541790374816,0.05820782958845094,-0.9967610309136665,0.055491403176770315,-0.10458204629223597,-0.061368198259484245,-0.9926210454326029
3.466,0.01636643148958683,Empty,0.41593,0.18108,0.29432,0.04656,-0.1047,0.05276,0.99798,0.02462,-0.05168,0.02755,0.9934448655554149,0.046297841331302825,-0.10451702727137577,0.0519934717913198,-0.9972694583320858,0.05244336344203484,-0.10180362465388565,-0.05753379325309294,-0.9931394084624986
3.533,0.01636643148958683,Empty,0.41974,0.18438,0.28906,0.03785,-0.10188,0.05007,0.99819,0.02017,-0.05042,0.02596,0.9941022659147296,0.037643445771202266,-0.10170376538590113,0.04287936297973882,-0.9978385478835221,0.04979550771059266,-0.099609463072801,-0.053862819719862814,-0.9935676884431045
3.6,0.01636643148958683,Empty,0.42309,0.1882,0.28371,0.03218,-0.10063,0.04761,0.9983,0.01726,-0.04989,0.02458,0.9944254590882461,0.03201326694187395,-0.100464705528058,0.03691884260402889,-0.9981956102463416,0.047355282131061216,-0.09876743075482974,-0.050800338824084475,-0.9938130207425582
3.667,0.01636643148958683,Empty,0.42634,0.19205,0.27848,0.02758,-0.09962,0.04511,0.9984,0.01489,-0.04946,0.02321,0.9946637301194627,0.027439018761019895,-0.09945433240572653,0.032030884987407915,-0.9984791257599381,0.04487157038251234,-0.09807184301194602,-0.04781773385577511,-0.9940298677289021
3.733,0.016366103664040565,Empty,0.42976,0.19584,0.27374,0.02401,-0.09836,0.04242,0.99848,0.01303,-0.04889,0.02177,0.9948803603416778,0.023886901981436115,-0.09819615328587206,0.02814316644576731,-0.998713144352369,0.04219025337930134,-0.09706199456439707,-0.044737805171164345,-0.9942723459895925
3.8,0.016366103664040565,Empty,0.43353,0.19995,0.26916,0.01937,-0.09642,0.03926,0.99859,0.01062,-0.04799,0.02007,0.9951688504185391,0.019287703264554312,-0.096264965898408,0.023140918275563693,-0.9989683857495307,0.039072524545265754,-0.09541203832854013,-0.04111141904331731,-0.9945885552157928
3.867,0.016366103664040565,Empty,0.4369,0.20423,0.26447,0.01687,-0.09544,0.0363,0.99865,0.00929,-0.04754,0.01853,0.9953066745927233,0.016788054509433048,-0.09530364493010195,0.02031168260412214,-0.9991408873904173,0.036123713741515545,-0.09461532149162746,-0.03788995078484357,-0.9947925877129152
3.933,0.01636643148958683,Empty,0.44066,0.20854,0.25985,0.01496,-0.09454,0.03301,0.99871,0.00825,-0.04712,0.01684,0.9954235138831216,0.014894347180797407,-0.09439378385591467,0.018067383865320752,-0.999296981059403,0.03284985975352686,-0.09383814602197987,-0.034404971553848356,-0.9949928141868848
4.0,0.01636643148958683,Empty,0.44426,0.21268,0.25495,0.01234,-0.09493,0.03021,0.99874,0.00688,-0.04735,0.01538,0.9954215863651324,0.012293543733480128,-0.0947878377261374,0.015206148032827105,-0.9994322199586787,0.030066771866481955,-0.09436439190885143,-0.03137047164038721,-0.9950433433015532
4.066,0.01636643148958683,Empty,0.44702,0.21653,0.24944,0.00913,-0.09862,0.02891,0.99867,0.00527,-0.04922,0.01466,0.9950984634748234,0.009074455200201614,-0.09847183482024294,0.011960185854406558,-0.9995149485381891,0.02875450578656031,-0.0981631394382523,-0.029791305972058653,-0.994724321681191
4.133,0.01636643148958683,Empty,0.44929,0.21981,0.24327,0.00245,-0.10538,0.02921,0.9985,0.00199,-0.05264,0.01465,0.9944501109556356,0.002436338511630276,-0.10518099198515272,0.005521353773370097,-0.9995627298393988,0.029049333357557883,-0.10506422546629891,-0.029468854247594777,-0.9940287194827425
4.2,0.01636643148958683,Empty,0.45129,0.22241,0.23667,-0.00372,-0.11432,0.03042,0.99825,-0.00099,-0.05715,0.01508,0.9934666268294888,-0.003694757829083184,-0.11406318486094325,-0.00024877630405384377,-0.9995435238853719,0.030210626758866127,-0.1141227386912347,-0.02998487324297717,-0.9930140522118581
4.266,0.01636643148958683,Empty,0.45373,0.22478,0.23043,-0.00785,-0.12243,0.031,0.998,-0.00297,-0.06123,0.01523,0.9924835161771901,-0.007790864151721644,-0.12213014596049054,-0.004060356702038581,-0.9995184130041821,0.03076451802082271,-0.1223110118509922,-0.03003738506213107,-0.9920371827097088
4.333,0.01636643148958683,Empty,0.45683,0.22724,0.22462,-0.01119,-0.12865,0.03056,0.9978,-0.0046,-0.06436,0.01489,0.991672848450581,-0.011105676192261826,-0.1283028666952677,-0.007271800597439149,-0.9995140536248331,0.030311343132981297,-0.12857714634406098,-0.029125943122358677,-0.9912717068872948
4.4,0.01636643148958683,Empty,0.46124,0.23019,0.21997,-0.01106,-0.12947,0.02717,0.9978,-0.00464,-0.06476,0.0132,0.9915684369491292,-0.010965741084530856,-0.12911927574428228,-0.007545086392116096,-0.9996082637310126,0.026951637278752133,-0.12936423971715097,-0.025750176759334102,-0.9912627410930298
4.467,0.01636643148958683,Empty,0.46623,0.23366,0.21641,-0.00968,-0.12719,0.0224,0.99791,-0.00412,-0.0636,0.01087,0.99187707030276,-0.009598058035955481,-0.1268375129429462,-0.006832820431813602,-0.9997297876201889,0.022218557780358042,-0.1270164948837758,-0.021171420047577175,-0.9916746346461671
4.533,0.01636643148958683,Empty,0.47112,0.23756,0.21373,-0.00745,-0.12382,0.01739,0.99804,-0.00318,-0.0619,0.00845,0.9923170871204984,-0.007395986209870087,-0.1234993846003802,-0.005305021339577609,-0.9998371123766985,0.01725124525394587,-0.12360685805114478,-0.016463538568867158,-0.9921946868132864
4.6,0.016366103664040565,Empty,0.4752,0.24139,0.21113,-0.00483,-0.12175,0.01322,0.99812,-0.00201,-0.06085,0.00645,0.9925862830114378,-0.004790776990754031,-0.12144759871385838,-0.003219901423481386,-0.999908645668488,0.01312754936130283,-0.12149939511108918,-0.012639176129607587,-0.9925110317847373
4.667,0.016366103664040565,Empty,0.47872,0.2447,0.2088,-0.00283,-0.1214,0.01025,0.99814,-0.0011,-0.06067,0.00503,0.9926354272078206,-0.002815943907059082,-0.1211073041226659,-0.0015957274702143587,-0.9999469977240752,0.01017130259354248,-0.1211295269774814,-0.009903141043168986,-0.992587308750062
4.733,0.016366103664040565,Empty,0.48157,0.24719,0.2061,-0.0016,-0.12307,0.00843,0.9981,-0.00054,-0.0615,0.00416,0.9924353066831855,-0.0015868045196717473,-0.12275847872985104,-0.0005641234527974381,-0.9999648524228375,0.008365146962379652,-0.12276743791975517,-0.008232616254177962,-0.9924013201403105
4.8,0.016366103664040565,Empty,0.48437,0.24921,0.20335,-0.00133,-0.12512,0.0069,0.99804,-0.00045,-0.06252,0.0034,0.9921811420830943,-0.001315808442669375,-0.12479923855067672,-0.0004650169823002259,-0.9999764566036357,0.0068461666385570205,-0.12480530859660051,-0.006734603669030432,-0.9921583946424726
4.867,0.016366103664040565,Empty,0.48609,0.25038,0.19964,-0.00233,-0.12978,0.00687,0.99789,-0.00094,-0.06485,0.00335,0.9915882248159136,-0.002306210197462244,-0.12941203112906635,-0.0014366222374872506,-0.9999757628367103,0.0068124779402376,-0.1294246055546323,-0.006569256705639443,-0.9915675046830464
4.933,0.016366103664040565,Empty,0.48754,0.25128,0.19552,-0.0034,-0.13471,0.007,0.99773,-0.00146,-0.06731,0.00338,0.9909354466833347,-0.0033662481835272096,-0.1342967195417177,-0.0024550817309929585,-0.9999728363740429,0.006949754509717146,-0.13431646615435502,-0.006557048666746952,-0.9909167936979311
5.0,0.01636643148958683,Empty,0.48883,0.25213,0.19057,-0.00451,-0.1387,0.00667,0.99759,-0.00202,-0.0693,0.00317,0.9903855928708298,-0.00447883979976893,-0.13826177139015125,-0.0035994937801346327,-0.9999716793933192,0.006609391487228181,-0.13828745813855,-0.006048173720444748,-0.9903736661059935
5.066,0.01636643148958683,Empty,0.49052,0.2532,0.18531,-0.00537,-0.1409,0.00529,0.99751,-0.00249,-0.0704,0.00245,0.9900746876503922,-0.0053048868385381365,-0.14044205584371267,-0.004616114458684151,-0.9999756709436683,0.005229627908783993,-0.14046638160528846,-0.004529425613729606,-0.9900750880323811
5.133,0.016366103664040565,Empty,0.49204,0.2542,0.17915,-0.00597,-0.14203,0.00325,0.99747,-0.00286,-0.07096,0.00141,0.9899127055138799,-0.005912280331987763,-0.14155522033279577,-0.005511187500981951,-0.9999796117540196,0.0032253509280509435,-0.14157140344899966,-0.0024126785024218013,-0.9899251066156088
5.2,0.016366103664040565,Empty,0.49383,0.25536,0.17261,-0.00654,-0.14026,-0.00016,0.99754,-0.00327,-0.07007,-0.00031,0.9901583658907558,-0.006476400690765438,-0.13980152606692342,-0.006564116982745949,-0.9999784421176228,-0.00016633775413159302,-0.1397974349721225,0.001082374290286609,-0.9901795320249307
5.266,0.01636643148958683,Empty,0.49569,0.25655,0.16577,-0.00727,-0.13726,-0.00421,0.99764,-0.00377,-0.06857,-0.00235,0.9905684592979287,-0.007191302556784629,-0.13682986739621245,-0.007836275809396998,-0.9999605777410077,-0.004175613165661174,-0.1367944451561077,0.005208467280013173,-0.9905857618818403
5.333,0.01636643148958683,Empty,0.49767,0.2578,0.15897,-0.00804,-0.13356,-0.00862,0.99775,-0.0043,-0.06671,-0.00457,0.9910621221845785,-0.007964231970747027,-0.13316321181210514,-0.00918252556854815,-0.9999213952230043,-0.00853724776866023,-0.13308475192591546,0.009683717488478622,-0.9910573517311805
5.4,0.01636643148958683,Empty,0.50002,0.25923,0.15256,-0.00882,-0.12867,-0.0136,0.9979,-0.00484,-0.06426,-0.00707,0.9916951875760094,-0.008754109669874666,-0.12831219935170435,-0.010570821544981623,-0.9998532040708288,-0.013484362838554032,-0.12817532005205948,0.014728743095913883,-0.9916421488905999
5.466,0.01636643148958683,Empty,0.50238,0.26058,0.14669,-0.00972,-0.12244,-0.01894,0.99807,-0.00543,-0.06113,-0.00975,0.9924677743386578,-0.009654564516899555,-0.122124961753362,-0.012038836309110124,-0.9997507745421673,-0.018800404853587666,-0.12191301538225344,0.02012903838551093,-0.9923366558250689
5.533,0.01636643148958683,Empty,0.50508,0.26198,0.14183,-0.01063,-0.11295,-0.02534,0.99831,-0.00602,-0.05637,-0.01295,0.9935716095175023,-0.01056570110084315,-0.11271123600177377,-0.013486604921841339,-0.9995918556989025,-0.02518399309297141,-0.11239914700958387,0.02654219246166956,-0.9933085843638148
5.6,0.016366103664040565,Empty,0.50765,0.26307,0.13771,-0.01187,-0.10315,-0.03147,0.99852,-0.00674,-0.05145,-0.01602,0.9946142940245963,-0.011811053864327015,-0.10297040899485518,-0.015107776517475746,-0.9993959970262538,-0.031295306622524145,-0.10253858400939507,0.032682413229652464,-0.9941919827954933
5.667,0.016366103664040565,Empty,0.50995,0.26386,0.13449,-0.01325,-0.09442,-0.0367,0.99869,-0.00748,-0.04706,-0.01864,0.9954594991278568,-0.013176150640991369,-0.09426969104862024,-0.01668538119348134,-0.9991930860861423,-0.03653456954829787,-0.09371223853128592,0.03794161003353841,-0.9948760981034361
5.733,0.016366103664040565,Empty,0.51185,0.26428,0.13182,-0.01468,-0.08749,-0.0407,0.9988,-0.00822,-0.04357,-0.02065,0.9960682118402251,-0.01462584582413462,-0.08737392056755643,-0.018224431901080862,-0.9990120527451983,-0.040531328027932995,-0.08669479478780638,0.041964307497606754,-0.9953506967159597
5.8,0.01636643148958683,Empty,0.51336,0.26405,0.12952,-0.01661,-0.08276,-0.04313,0.99887,-0.00919,-0.04118,-0.02189,0.9964385709282939,-0.016563557223219394,-0.08267903566499081,-0.020169150944353453,-0.9988729060824189,-0.04296653168045013,-0.08187417002060884,0.044481075375673695,-0.995649563961568
5.867,0.01636643148958683,Empty,0.51428,0.26277,0.12738,-0.0194,-0.08182,-0.04305,0.99888,-0.01057,-0.04068,-0.0219,0.9964658739004272,-0.019343913052428496,-0.08174090273344325,-0.022907820525540468,-0.9988171603307245,-0.04288953237839871,-0.08081456496590048,0.04461046129203512,-0.9957303414241649
5.933,0.01636643148958683,Empty,0.51465,0.26047,0.12522,-0.02305,-0.0844,-0.04061,0.99883,-0.01237,-0.04194,-0.02077,0.9961760715416685,-0.022961399676586225,-0.08429714474820674,-0.026445466051330246,-0.9988315586097893,-0.040449411002717636,-0.08326987338249064,0.042524012628524406,-0.9956193231033802
6.0,0.01636643148958683,Empty,0.51497,0.25795,0.12273,-0.02711,-0.08777,-0.03793,0.99875,-0.01437,-0.0436,-0.01954,0.9957847628151572,-0.02700399761033212,-0.08765552040928379,-0.030411102808014012,-0.9988236330023792,-0.03776923327165161,-0.0865324850629033,0.04027572803797864,-0.9954345758310031
6.067,0.01636643148958683,Empty,0.5152,0.25555,0.11999,-0.03061,-0.0915,-0.03524,0.99867,-0.01609,-0.04545,-0.0183,0.9953500895583478,-0.030482728008295212,-0.09137287622353443,-0.03380903795742202,-0.9988124896012187,-0.035079332505172846,-0.09019505623138468,0.03800544579119117,-0.995198692684848
6.133,0.01636643148958683,Empty,0.51559,0.25332,0.11732,-0.03399,-0.09496,-0.03273,0.99858,-0.01775,-0.04717,-0.01715,0.9949196112450125,-0.0338232751287576,-0.09482063709782593,-0.03705851472696825,-0.9987822414072005,-0.03256840087937801,-0.09360359846877853,0.03591685271809277,-0.9949614796787473
6.2,0.01636643148958683,Empty,0.51649,0.25143,0.11475,-0.03606,-0.09758,-0.03048,0.99852,-0.01875,-0.04848,-0.0161,0.9945969576793359,-0.035883460787943244,-0.09741287911200076,-0.03900509898990806,-0.9987785416832944,-0.030331945631283566,-0.09620547815897296,0.03396765983802524,-0.9947817368937427
6.267,0.01636643148958683,Empty,0.51797,0.25062,0.11262,-0.0343,-0.09888,-0.02975,0.99851,-0.01786,-0.04915,-0.0157,0.9945311507166944,-0.0341210564102753,-0.0987093904528561,-0.037208076734540074,-0.9988689611525923,-0.029603335481968696,-0.09758764921773719,0.03311422587632427,-0.9946758762354536
6.333,0.01636643148958683,Empty,0.5193,0.25107,0.11021,-0.03044,-0.10052,-0.02997,0.9985,-0.01595,-0.05,-0.01573,0.994491808771677,-0.030280694769115657,-0.1003450138788026,-0.03342567031496757,-0.9989965524273842,-0.029809609225810177,-0.09934166724004863,0.032999511549416514,-0.9945060409004399
6.4,0.01636643148958683,Empty,0.52072,0.25227,0.10746,-0.02685,-0.10248,-0.03073,0.99847,-0.01419,-0.051,-0.01603,0.9943955844274552,-0.026707463021566014,-0.10229434534778506,-0.029978389534968952,-0.9990828841310941,-0.030572647860210855,-0.10138401171816934,0.033467925768509696,-0.9942842551869578
6.467,0.01636643148958683,Empty,0.52204,0.25363,0.10434,-0.02582,-0.10503,-0.03127,0.99841,-0.01371,-0.05228,-0.01629,0.9941568957494393,-0.025667149581486248,-0.10484876759504858,-0.02907320165005345,-0.9990937626964389,-0.03108701154641976,-0.10395583475521805,0.03395365626016611,-0.9940021799004832
6.533,0.01636643148958683,Empty,0.52292,0.25484,0.10043,-0.02512,-0.10884,-0.03096,0.99831,-0.01338,-0.05419,-0.01614,0.9937688101481006,-0.024960459670279433,-0.10863023257766106,-0.028459721822360395,-0.9991208665226909,-0.03078211027108224,-0.10776639648156681,0.03368188729859953,-0.9936055224571682
6.6,0.01636643148958683,Empty,0.52335,0.25603,0.0962,-0.02422,-0.11337,-0.03036,0.9982,-0.01295,-0.05646,-0.01584,0.9932885439726641,-0.02405868002017708,-0.11313287907744699,-0.027636602528132548,-0.999162813989529,-0.030164372050940677,-0.11231245083857593,0.03308853360625527,-0.9931218768763583
6.667,0.01636643148958683,Empty,0.52311,0.25708,0.09206,-0.0232,-0.11843,-0.02946,0.99806,-0.01245,-0.059,-0.01539,0.9927286363098826,-0.023031671908436857,-0.11814989098354267,-0.026664009608510453,-0.9992162733743554,-0.02925524936592936,-0.11738349646316631,0.03219287363637417,-0.9925647251666332
6.733,0.01636643148958683,Empty,0.5225,0.25815,0.08811,-0.02185,-0.12347,-0.02841,0.99792,-0.01178,-0.06153,-0.01485,0.9921498364469161,-0.021681438311437318,-0.12316094052541471,-0.02533772553975505,-0.9992811606457679,-0.028198610655831312,-0.12246102115705822,0.031097865058464246,-0.9919859984324254
6.8,0.01636643148958683,Empty,0.52151,0.25935,0.08483,-0.01998,-0.12802,-0.02754,0.9978,-0.01085,-0.06382,-0.01438,0.9916194591050503,-0.01980934418030067,-0.12766533674946495,-0.023480466234464648,-0.9993510645395199,-0.027315151640451285,-0.1270413949451911,0.030083877523934145,-0.9914410947118871
6.867,0.01636643148958683,Empty,0.51981,0.26069,0.082,-0.01758,-0.13273,-0.02684,0.99766,-0.00966,-0.06619,-0.01397,0.9910508756954505,-0.0174198792996218,-0.13234315089368098,-0.021117377478753196,-0.9994234372410835,-0.02658664066101446,-0.13180371069018065,0.029143453783048126,-0.9908473348351372
6.933,0.01636643148958683,Empty,0.5183,0.26181,0.08003,-0.01567,-0.13616,-0.02602,0.99756,-0.0087,-0.06792,-0.01351,0.9906214687825261,-0.015519829881076919,-0.13575065549607274,-0.019189797851561996,-0.9994837504951879,-0.025767889989076774,-0.13528066101837005,0.028131252665592448,-0.9904078833379194
7.0,0.01636643148958683,Empty,0.51733,0.26243,0.07877,-0.01423,-0.13828,-0.02528,0.9975,-0.00797,-0.06899,-0.0131,0.9903531403970729,-0.014092870160255344,-0.13784791734480994,-0.017706738256390075,-0.9995299939028202,-0.025025241436347198,-0.137430450504883,0.02722466343729446,-0.9901372071459343
7.067,0.01636643148958683,Empty,0.51667,0.2626,0.07811,-0.01363,-0.1396,-0.02473,0.99746,-0.00766,-0.06965,-0.01281,0.9901794336389942,-0.013495488049504234,-0.1391494196921651,-0.017064876305339594,-0.9995544076282177,-0.024490328451988792,-0.1387569068372599,0.026624387191229778,-0.989968516070914
7.133,0.01636643148958683,Empty,0.51623,0.26264,0.07772,-0.01387,-0.14046,-0.02429,0.99743,-0.00777,-0.07008,-0.0126,0.9900560544569753,-0.01373832113326956,-0.14000095558790335,-0.017269799789010387,-0.9995617951365644,-0.02404104237790544,-0.13960932292771275,0.026219768034975274,-0.989859465134247
7.2,0.016366103664040565,Empty,0.51591,0.26269,0.07714,-0.01415,-0.14142,-0.02388,0.9974,-0.0079,-0.07056,-0.01241,0.9899173707200196,-0.014011807051012626,-0.1409512980072503,-0.017514000638230387,-0.9995671814767135,-0.02363703653894718,-0.14055909407934994,0.025867334185506075,-0.9897343189430826
7.267,0.016366103664040565,Empty,0.5154,0.26241,0.07584,-0.01446,-0.14354,-0.02306,0.99733,-0.00804,-0.07162,-0.01202,0.9896124854555247,-0.01431209892626828,-0.14304646956448874,-0.017755198065688704,-0.9995818600778739,-0.02282231243555065,-0.1426600209315406,0.02512506373290289,-0.9894528031190929
7.333,0.016366103664040565,Empty,0.51489,0.26181,0.07414,-0.01523,-0.14617,-0.02183,0.99724,-0.00839,-0.07293,-0.01144,0.9892210785851696,-0.015056529221510129,-0.14565355680722553,-0.018394526241131304,-0.9995975090598374,-0.021597714826629914,-0.1452697459458033,0.024044142928578326,-0.9890998837850867
7.4,0.01636643148958683,Empty,0.51458,0.2609,0.07219,-0.01662,-0.14896,-0.02032,0.99714,-0.00904,-0.07432,-0.01075,0.9887910734922748,-0.016428691433770126,-0.14839916131760544,-0.019625226365453163,-0.9996053127921609,-0.020101470786761222,-0.14801034920605885,0.022788522011316575,-0.9887232270926178
7.467,0.01636643148958683,Empty,0.51405,0.25992,0.06983,-0.01809,-0.15251,-0.01866,0.997,-0.00973,-0.07609,-0.00999,0.9882329103292047,-0.017874621348454134,-0.15190856741447878,-0.020916165790033525,-0.9996110211726703,-0.018447773816230847,-0.1515197312263775,0.02140804198847653,-0.9882223771941748
7.533,0.016366103664040565,Empty,0.51304,0.25909,0.06709,-0.01908,-0.15697,-0.01686,0.99683,-0.01017,-0.07832,-0.00915,0.9875246317666428,-0.01883666327685135,-0.15633387915212416,-0.021703163589291308,-0.9996258227144763,-0.01664894148654253,-0.15596177206088976,0.019834179564589348,-0.9875639376651147
7.6,0.016366103664040565,Empty,0.51207,0.25793,0.06405,-0.02063,-0.16174,-0.0146,0.99665,-0.01087,-0.0807,-0.00811,0.9867376439929897,-0.020362251598820436,-0.16104099054896082,-0.02297958257708327,-0.9996321262017587,-0.014406632150987392,-0.16068839631954504,0.01791622100715421,-0.9868425651100966
7.667,0.016366103664040565,Empty,0.51133,0.25646,0.06114,-0.02278,-0.1662,-0.01229,0.99646,-0.01186,-0.08293,-0.00707,0.9859642766574923,-0.022454888590136057,-0.16543948480841286,-0.024799066683188598,-0.9996190175349848,-0.012117180944217126,-0.1651043653175506,0.016049852360589267,-0.9861455018364641
7.733,0.01636643148958683,Empty,0.51111,0.25492,0.05895,-0.02529,-0.16933,-0.01042,0.99632,-0.01304,-0.08449,-0.00626,0.9853830223740714,-0.02492022499385238,-0.16852086399967112,-0.0270370734071943,-0.999581591087216,-0.010278103965380425,-0.16819422070485598,0.014684180120284425,-0.985644499287487
7.8,0.01636643148958683,Empty,0.51194,0.25381,0.05748,-0.02765,-0.16818,-0.01011,0.99635,-0.0142,-0.08391,-0.0062,0.9855147400887068,-0.027259585493632665,-0.16738462314861666,-0.0293404003069343,-0.9995197500262497,-0.009970467255468712,-0.16703244588318147,0.014737174294241942,-0.9858412538112324
7.867,0.01636643148958683,Empty,0.51354,0.25347,0.05646,-0.0293,-0.1622,-0.01231,0.99658,-0.0151,-0.08091,-0.00732,0.9864523801280237,-0.028907067738182524,-0.1614809065324347,-0.0312768126778043,-0.9994368878610084,-0.012151879336940008,-0.16103869947461164,0.017037858359609956,-0.9868010177609482
7.933,0.01636643148958683,Empty,0.51556,0.25423,0.05587,-0.0297,-0.1529,-0.01682,0.99692,-0.01545,-0.07624,-0.00952,0.9878978209165338,-0.029354692311137687,-0.15230297918190017,-0.03225742136105564,-0.999341356326778,-0.016622644256893512,-0.15171471318069066,0.021334375413270424,-0.9881940549458019
8.0,0.01636643148958683,Empty,0.51723,0.25592,0.05566,-0.02844,-0.14279,-0.02187,0.99728,-0.01496,-0.07117,-0.01192,0.989420367269914,-0.028151536189807647,-0.14231945700297755,-0.03154540934138733,-0.9992678860962952,-0.02164668487611253,-0.1416058755170588,0.025907196428702144,-0.9895840505951234
8.067,0.01636643148958683,Empty,0.51812,0.25829,0.05561,-0.02556,-0.13414,-0.02623,0.99757,-0.01363,-0.06684,-0.01394,0.9906944347331543,-0.02533545045124691,-0.13372603313935535,-0.029060900890488184,-0.9992399481676686,-0.025980570149788038,-0.13296616497511227,0.029625005254130178,-0.9906777266273346
8.133,0.01636643148958683,Empty,0.5186,0.26115,0.05571,-0.0216,-0.12623,-0.02998,0.99783,-0.01172,-0.0629,-0.01564,0.9918124179881176,-0.021423245531666413,-0.1258934949687774,-0.025359391882639026,-0.9992357322655661,-0.029746472178069853,-0.12516001265542606,0.03269550297193584,-0.9915976882372738
8.2,0.01636643148958683,Empty,0.51898,0.26389,0.05595,-0.01775,-0.11965,-0.03316,0.99803,-0.00985,-0.05963,-0.01708,0.9926939166347185,-0.01761909894232877,-0.11936647447622306,-0.021692505203649848,-0.9992228093826456,-0.03291219268663211,-0.11869382079287873,0.03526109133184607,-0.9923046066322957
8.267,0.01636643148958683,Empty,0.51923,0.26601,0.05604,-0.01479,-0.11461,-0.03557,0.99817,-0.0084,-0.05713,-0.01818,0.9933302994203225,-0.014695745759036205,-0.1143632428279204,-0.018850618113285422,-0.9991977523576445,-0.035334202696228244,-0.11375223272656752,0.03725435196076885,-0.992810426420726
8.333,0.01636643148958683,Empty,0.51911,0.26717,0.05586,-0.01292,-0.11259,-0.03623,0.99822,-0.00747,-0.05614,-0.01845,0.9935843389068533,-0.012840337904252652,-0.11236230329401546,-0.016983615041813394,-0.9992076415785898,-0.03599508065089242,-0.11181108307830322,0.03767246651677276,-0.9930151393445114
8.4,0.01636643148958683,Empty,0.51877,0.26729,0.05557,-0.01233,-0.1129,-0.03562,0.99822,-0.00716,-0.0563,-0.01813,0.9935579821583185,-0.012262343630523753,-0.11265953585106481,-0.01634449913978825,-0.9992401777451838,-0.03538254552236933,-0.11214006169679011,0.03699597421963675,-0.9930034765569453
8.467,0.01636643148958683,Empty,0.51858,0.26691,0.0553,-0.0127,-0.1134,-0.03504,0.99821,-0.00733,-0.05655,-0.01785,0.9934966697726515,-0.012611435304693497,-0.1131605887674969,-0.016648117918845295,-0.9992556806309817,-0.034798346174398954,-0.11263750405797872,0.03645595186342861,-0.9929671476203631
8.533,0.01636643148958683,Empty,0.51844,0.26661,0.05503,-0.01297,-0.11388,-0.0346,0.9982,-0.00746,-0.05679,-0.01764,0.9934389081820192,-0.01288146487632813,-0.11363627753828293,-0.01688739695130631,-0.9992668239982322,-0.034360300940104616,-0.11311035113696175,0.03605388077760085,-0.9929280770259987
8.6,0.01636643148958683,Empty,0.51854,0.2663,0.05497,-0.01341,-0.11387,-0.03429,0.9982,-0.00767,-0.05678,-0.0175,0.9934354799532683,-0.0133275824618449,-0.113614799721437,-0.017301342180054302,-0.9992699652753205,-0.03406170954941106,-0.11307789672959175,0.03580379930094695,-0.9929408226207791
8.667,0.01636643148958683,Empty,0.51887,0.2656,0.05491,-0.01451,-0.11366,-0.03367,0.99821,-0.0082,-0.05667,-0.01722,0.9934431589194377,-0.014417452916443585,-0.11341440405685452,-0.018320165608974703,-0.9992726573030789,-0.033444400106787335,-0.11284972985447984,0.03530288115501707,-0.9929847154180804
8.733,0.01636643148958683,Empty,0.51913,0.26473,0.05467,-0.01578,-0.11372,-0.0328,0.99821,-0.00881,-0.05669,-0.01682,0.9934164898240025,-0.015690629879376805,-0.11347899312095625,-0.01950487570396814,-0.9992787899399382,-0.03258005217837643,-0.11288594938933012,0.03457895472916128,-0.9930060716432243
8.8,0.01636643148958683,Empty,0.51897,0.26434,0.05411,-0.01623,-0.11456,-0.03219,0.99819,-0.00902,-0.05711,-0.01653,0.9933148842884532,-0.016112051092413093,-0.1143063535443809,-0.019887105019629647,-0.9992911968894036,-0.031962585522475634,-0.1137103500344442,0.034022134397165546,-0.9929312416608239
