time,gr,gr_state,tx,ty,tz,rx,ry,rz,qw,qx,qy,qz,xx,xy,xz,yx,yy,yz,zx,zy,zz
0.0,0.01613200083374977,Empty,0.30824,0.00199,0.48534,0.01331,0.0022,-0.00549,0.99997,0.00666,0.00108,-0.00275,0.9999088732162427,0.01332123299264576,0.0021886102850908504,0.013333054687115153,-0.9998961013131813,-0.00547870709296823,0.002115399757672416,0.005507388696631597,-0.9999825967253677
0.067,0.01613200083374977,Empty,0.30824,0.00199,0.48534,0.01333,0.00218,-0.00549,0.99997,0.00667,0.00107,-0.00275,0.9999088484725651,0.013324154025759372,0.0021821241409043105,0.013335934488994228,-0.9998960771226777,-0.005476112305712424,0.0021089328044610893,0.0055047138143013066,-0.9999826251131808
0.133,0.01613200083374977,Empty,0.30824,0.00199,0.48534,0.01331,0.0022,-0.00549,0.99997,0.00666,0.00108,-0.00275,0.9999089219883921,0.013317406073581894,0.0021896172000480446,0.013329234342174201,-0.9998961497114869,-0.005479170009679046,0.002116421475705102,0.005507856898548397,-0.9999825919847416
0.2,0.016132330521941185,Empty,0.30824,0.00199,0.48534,0.01331,0.0022,-0.00549,0.99997,0.00666,0.00108,-0.00275,0.9999089103883605,0.013318727965007382,0.002186872505614934,0.013330543101456094,-0.999896127073056,-0.005480117236264216,0.002113657158080782,0.005508770252706913,-0.999982592800355
0.267,0.016132330521941185,Empty,0.30824,0.00199,0.48534,0.01331,0.0022,-0.00549,0.99997,0.00666,0.00108,-0.00275,0.99990898049963,0.013313335049655428,0.0021876530909425724,0.01332515205801127,-0.9998962054032043,-0.005478936293130747,0.002114483109786061,0.005507588413173775,-0.9999825975641023
0.334,0.016132330521941185,Empty,0.30824,0.00199,0.48534,0.01331,0.0022,-0.00549,0.99997,0.00666,0.00108,-0.00275,0.9999088975337058,0.013319315557709044,0.0021891701630644515,0.013331140285517351,-0.9998961270320769,-0.00547867182268146,0.002115970608619008,0.005507356836719077,-0.9999825956930732
0.4,0.016132330521941185,Empty,0.30824,0.00199,0.48534,0.01331,0.00218,-0.00549,0.99997,0.00666,0.00107,-0.00275,0.9999088587927538,0.013323394656919507,0.002182031757040943,0.013335191882555941,-0.9998960421653302,-0.005484297545083151,0.002108735457135254,0.005512895511757967,-0.9999825804572039
0.467,0.016132330521941185,Empty,0.30824,0.00199,0.48534,0.01331,0.0022,-0.00547,0.99997,0.00666,0.00108,-0.00274,0.9999089490729691,0.013315622092148038,0.002188097824501644,0.013327432848057097,-0.9998961974663385,-0.00547483570872197,0.002114969851089714,0.005503498946676374,-0.9999826190498876
0.533,0.016132330521941185,Empty,0.30824,0.00199,0.48534,0.01331,0.0022,-0.00549,0.99997,0.00666,0.00108,-0.00275,0.9999088467247379,0.01332301721782625,0.0021898524648986777,0.013334842058519703,-0.9998960869824021,-0.005476972206860771,0.0021166551157074573,0.005505674299656479,-0.9999826035094946
0.6,0.016132330521941185,Empty,0.30824,0.00199,0.48534,0.01331,0.0022,-0.00549,0.99997,0.00666,0.00108,-0.00275,0.9999088854757585,0.013320232787196351,0.0021890968734394746,0.013332053646807118,-0.9998961237940911,-0.0054770399953035075,0.0021159140306399233,0.005505726114364837,-0.9999826047925877
0.667,0.016132330521941185,Empty,0.30824,0.00199,0.48534,0.01331,0.0022,-0.00547,0.99997,0.00666,0.00108,-0.00274,0.9999089121837041,0.013318360548671249,0.0021882888057255983,0.013330172015348196,-0.9998961617432307,-0.005474691333390262,0.0021151476645597644,0.005503362921911392,-0.9999826194224111
0.733,0.016132330521941185,Empty,0.30824,0.00199,0.48534,0.01331,0.00218,-0.00549,0.99997,0.00666,0.00107,-0.00275,0.9999088508223795,0.013323567127062064,0.0021846295060889203,0.013335360574041777,-0.9998960868912895,-0.005475726239200654,0.002111446288327984,0.005504359953441464,-0.9999826217570357
0.8,0.016132330521941185,Empty,0.30824,0.00201,0.48534,0.01337,0.0022,-0.00547,0.99997,0.00669,0.00108,-0.00274,0.9999081246683841,0.013377041548810198,0.002190201259492518,0.013388860431454375,-0.9998953837189226,-0.0054735759733148676,0.0021167518755661942,0.0055023973856873345,-0.9999826213412447
0.867,0.016132330521941185,Empty,0.30826,0.00199,0.48533,0.01439,0.0022,-0.00548,0.99997,0.0072,0.00108,-0.00275,0.9998939151703382,0.014399434041077075,0.0021942435209636475,0.014411289700980823,-0.999881098873251,-0.005486605979506405,0.002114978602025332,0.005517645812900754,-0.9999825410726909
0.933,0.016132330521941185,Empty,0.30862,0.00199,0.48524,0.01567,0.0028,-0.00548,0.99996,0.00784,0.00138,-0.00275,0.9998731318449672,0.015680763529225594,0.002798905085470359,0.01569593526750601,-0.9998617746596081,-0.005483538147703321,0.0027125321408643546,0.005526773894376903,-0.999981048290269
1.0,0.016132330521941185,Empty,0.31045,0.00199,0.48475,0.01576,0.0057,-0.00546,0.99996,0.00789,0.00283,-0.00275,0.9998593584976243,0.015773261141620254,0.005698022260190453,0.015804314565328104,-0.9998602694863654,-0.005446571744904482,0.005611315874154224,0.0055358590670717715,-0.9999689332167024
1.067,0.016132330521941185,Empty,0.31439,0.002,0.4834,0.01571,0.01058,-0.0054,0.99995,0.00787,0.00527,-0.00274,0.9998206143074695,0.01571411011192847,0.010573833232304191,0.015771759124666385,-0.9998610851393895,-0.005390921813164395,0.010487650830757412,0.005556722709685856,-0.9999295635257416
1.133,0.01613200083374977,Empty,0.31816,0.00218,0.48064,0.01616,0.00892,-0.00539,0.99995,0.00809,0.00444,-0.00273,0.9998295348343407,0.016162359615291444,0.008926332091736868,0.016210932070521544,-0.9998540327254328,-0.005396195335085106,0.008837813889809474,0.005539979634931443,-0.9999455993559317
1.2,0.01613200083374977,Empty,0.32145,0.00251,0.47643,0.01728,-0.00033,-0.0055,0.99996,0.00864,-0.00019,-0.00275,0.99985077663565,0.017271863113333397,-0.0003274227872839242,0.017269797227138506,-0.9998356731750153,-0.0055118735832067785,-0.0004225693089640726,0.0055053965577428815,-0.9999847559057693
1.267,0.01613200083374977,Empty,0.32432,0.00266,0.47076,0.01977,-0.01662,-0.00572,0.99991,0.00986,-0.00834,-0.00278,0.999666653817888,0.019759553284485087,-0.016617499768157313,0.019666715849493088,-0.9997901617881235,-0.005731725688903049,-0.016727269120882154,0.005403003393958374,-0.9998454910745372
1.333,0.01613200083374977,Empty,0.32742,0.00268,0.46417,0.02566,-0.0357,-0.00624,0.99975,0.01277,-0.01789,-0.00289,0.9990333450071507,0.025647048623924196,-0.0357016030551249,0.02544034924051325,-0.9996569165578061,-0.006231998769256291,-0.03584918680171628,0.005317713326362003,-0.9993430630822602
1.4,0.01613200083374977,Empty,0.33044,0.00285,0.45702,0.03378,-0.05676,-0.00708,0.99945,0.01678,-0.02843,-0.00306,0.9978203691322846,0.03371773201171102,-0.05672411738139238,0.033369488748943965,-0.9994180376099819,-0.007075543826939701,-0.05692967736906339,0.0051672669564564785,-0.9983648186844603
1.467,0.016132330521941185,Empty,0.33354,0.00299,0.45005,0.04798,-0.07673,-0.00873,0.99897,0.0238,-0.03845,-0.00344,0.9959108144350479,0.04780589822497128,-0.07665667476627655,0.04727711649788885,-0.9988439322000988,-0.008699043780179348,-0.07698392005454145,0.005039365232658516,-0.9970195990305748
1.533,0.016132330521941185,Empty,0.3374,0.00332,0.44344,0.06375,-0.09234,-0.01072,0.99842,0.03159,-0.0463,-0.00388,0.9937170652888515,0.06343652775918618,-0.09220738093867895,0.06271752737486164,-0.9979741998517332,-0.010677461789965169,-0.09269792831393897,0.004827357056472151,-0.9956825752769571
1.6,0.016132330521941185,Empty,0.34314,0.00389,0.43666,0.07704,-0.10028,-0.01234,0.998,0.03815,-0.05032,-0.00423,0.992026236052336,0.07656810703961114,-0.10010630333902736,0.07571579676960222,-0.9970536782592645,-0.012291492554410671,-0.10075249427869779,0.0046138545752433995,-0.9949008228173195
1.667,0.016132330521941185,Empty,0.34988,0.00488,0.42969,0.0873,-0.10422,-0.0134,0.99768,0.04323,-0.05233,-0.00441,0.9907856445061427,0.08671387583036827,-0.10404090723856205,0.08579125656294184,-0.9962241052302188,-0.013318875913579685,-0.10480299107324689,0.00427035089018867,-0.9944838345420081
1.733,0.016132330521941185,Empty,0.35662,0.006,0.42272,0.09366,-0.10726,-0.01395,0.99746,0.04637,-0.05387,-0.00445,0.9898959547041118,0.09297648247932633,-0.10705780011847207,0.09201815169570288,-0.9956607596535405,-0.013867640197274898,-0.10788261499862627,0.0038762600410647526,-0.9941560823075781
1.8,0.016132330521941185,Empty,0.36133,0.0065,0.41583,0.1025,-0.11587,-0.0155,0.99701,0.05069,-0.05822,-0.00476,0.9880834084605556,0.10162662321935523,-0.1155993398683646,0.10051835187863545,-0.9948161395337435,-0.015391863395378333,-0.11656431212242174,0.0035885897244384486,-0.993176662615074
1.867,0.016132330521941185,Empty,0.36487,0.0067,0.40967,0.1095,-0.12543,-0.01698,0.99653,0.05408,-0.06304,-0.00503,0.9862031319207945,0.10841431828184178,-0.12509883365203667,0.10714468816648981,-0.9941005918530412,-0.016853162170305663,-0.12618794866120178,0.0032169657934854445,-0.9920011354548752
1.933,0.016132330521941185,Empty,0.36915,0.00678,0.40442,0.11363,-0.12899,-0.01781,0.9963,0.05609,-0.06485,-0.00521,0.9852984238229883,0.11243596957241003,-0.12862802477783358,0.11108508137404072,-0.993654125191995,-0.017651747365457174,-0.12979645876547483,0.0031035842574787557,-0.9915358022062032
2.0,0.016132330521941185,Empty,0.37341,0.00685,0.40009,0.12146,-0.12893,-0.01879,0.99608,0.05996,-0.06487,-0.00545,0.9843942933784566,0.12015214058736218,-0.12857425199550446,0.11873791670385742,-0.9927507147754957,-0.018636669487056903,-0.12988141630255082,0.0030791922669362467,-0.9915247532332344
2.067,0.016132330521941185,Empty,0.3781,0.00696,0.39659,0.13296,-0.12408,-0.01966,0.99586,0.06569,-0.06251,-0.00567,0.9835534221230452,0.13154800499660885,-0.12376505246417221,0.13012968752261428,-0.9913050043805975,-0.019510323299475753,-0.12525545998204596,0.00308393764454368,-0.9921197302106689
2.133,0.016132330521941185,Empty,0.3832,0.00707,0.39392,0.14396,-0.11494,-0.01981,0.99576,0.07123,-0.058,-0.00573,0.9831248320396688,0.14251681647541203,-0.1146931630424678,0.14118797664747212,-0.9897873869564064,-0.01966936379757671,-0.11632506126009654,0.003144144354555094,-0.9932062195129026
2.2,0.01613200083374977,Empty,0.38804,0.00713,0.39168,0.15961,-0.10468,-0.02013,0.99544,0.07908,-0.05295,-0.00585,0.9818867366379413,0.15805452194582026,-0.10448542724692322,0.1568149565419299,-0.9874249433038523,-0.020026251424976528,-0.1063367566707135,0.0032786329257698957,-0.9943247682457133
2.267,0.01613200083374977,Empty,0.39281,0.0072,0.3895,0.17741,-0.09397,-0.0203,0.99496,0.08801,-0.04768,-0.00594,0.9799623376626919,0.1756950516505239,-0.09383531098788103,0.17456290156973675,-0.9844386993822012,-0.02020496360388041,-0.09592502362901464,0.003419939209905134,-0.9953826871397621
2.333,0.016132330521941185,Empty,0.39658,0.00724,0.38715,0.19408,-0.08724,-0.02069,0.99434,0.09634,-0.0444,-0.00606,0.9774920103179896,0.192136223643619,-0.08713805901249097,0.19105925113030958,-0.9813620169313153,-0.02061441927453038,-0.08947475801599274,0.0035018978383233607,-0.995982933784264
2.4,0.016132330521941185,Empty,0.3994,0.00729,0.3843,0.2096,-0.08523,-0.02169,0.9936,0.10405,-0.0435,-0.00632,0.9745642119511847,0.20731253153350537,-0.08512409208406027,0.2062124754880953,-0.9782684594875674,-0.021615645373045098,-0.08775540859136792,0.0035121846464673226,-0.9961358606244287
2.467,0.01613200083374977,Empty,0.40228,0.00733,0.38111,0.22121,-0.08387,-0.02245,0.993,0.10981,-0.0429,-0.00652,0.9721998136433201,0.21865225140631628,-0.08377777334617328,0.21753381507501407,-0.9757964977808018,-0.022365916427251553,-0.08664041580465372,0.003519641128053123,-0.9962334317194571
2.534,0.01613200083374977,Empty,0.40546,0.00737,0.3776,0.23304,-0.0822,-0.02311,0.99237,0.11568,-0.04215,-0.00669,0.969680399385114,0.23016715444247948,-0.08211579667869992,0.22903836235543906,-0.9731446935752677,-0.02303983367641297,-0.08521356475271026,0.0035336075263091024,-0.9963564432470868
2.6,0.01613200083374977,Empty,0.40877,0.00746,0.37382,0.24761,-0.08057,-0.02395,0.99153,0.1229,-0.04144,-0.0069,0.966354923495151,0.24429881334131248,-0.08047516161342987,0.24315583680663255,-0.9696937202648248,-0.02386059315755662,-0.08386537344785082,0.003489796411057036,-0.996470983249117
2.667,0.01613200083374977,Empty,0.41224,0.00761,0.36975,0.2642,-0.07878,-0.02485,0.99051,0.13112,-0.04067,-0.00712,0.9623059951092852,0.26033644543673673,-0.0786899418864548,0.25917749585624394,-0.9655117974688363,-0.02477891422526837,-0.0824269216846975,0.0034502356240697844,-0.9965911390614126
2.733,0.01613200083374977,Empty,0.41527,0.00775,0.36513,0.28272,-0.07963,-0.02662,0.98923,0.14024,-0.04128,-0.00756,0.9572569036575242,0.278081730699385,-0.07955986080457819,0.27683397430572226,-0.9605515066792343,-0.026528356269314914,-0.08379839539100857,0.0033695797197466418,-0.9964770317786581
2.8,0.01613200083374977,Empty,0.4179,0.00785,0.35995,0.3008,-0.08298,-0.02908,0.98785,0.14909,-0.04318,-0.00815,0.951813694433989,0.295264977121552,-0.08288114606670424,0.29385653076113477,-0.9554099286649828,-0.028986333631601153,-0.08774411898783452,0.0032344232533219044,-0.9961377957337363
2.867,0.01613200083374977,Empty,0.42052,0.00796,0.35407,0.31956,-0.08768,-0.03221,0.9863,0.15823,-0.04582,-0.00891,0.9457258924312093,0.31294677792052833,-0.08756055375768271,0.31131417954833057,-0.9497656945921504,-0.03207190340530631,-0.09319880899100788,0.003072387516080368,-0.995642778529332
2.933,0.01613200083374977,Empty,0.42304,0.00809,0.34788,0.33904,-0.09287,-0.03575,0.98459,0.16768,-0.04876,-0.00977,0.9390133725220298,0.33113892193967615,-0.09274104054534389,0.3292340149835812,-0.9435776152372857,-0.035584370177200744,-0.09929173985078066,0.0028806943166669445,-0.9950541955077918
3.0,0.01613200083374977,Empty,0.42563,0.00841,0.34151,0.36114,-0.09763,-0.03968,0.98255,0.17839,-0.05155,-0.01073,0.9310421564791206,0.3516544638331277,-0.0974661014145137,0.3494428523310208,-0.9361260126143238,-0.03946874030884735,-0.10511991159370887,0.00268822860679142,-0.9944559203974245
3.067,0.01613200083374977,Empty,0.42807,0.00894,0.3353,0.38522,-0.10197,-0.04384,0.98021,0.19003,-0.0542,-0.01173,0.9219023676910386,0.37381051243358804,-0.10179255984498688,0.37126707901699074,-0.9275019864092491,-0.04359840874491014,-0.11071034497213157,0.002401249890183823,-0.9938498143658913
3.133,0.01613200083374977,Empty,0.43089,0.00943,0.3296,0.4102,-0.10339,-0.04726,0.97771,0.20214,-0.05538,-0.01258,0.9121463427081032,0.39665876454952553,-0.10320307161260064,0.3938718761232851,-0.9179634683178591,-0.04698953109970949,-0.11337545891133147,0.0022125415004279362,-0.9935497521396469
3.2,0.016132330521941185,Empty,0.43361,0.00973,0.32462,0.43028,-0.10379,-0.04982,0.9756,0.21187,-0.05597,-0.01323,0.9039565618093652,0.414883942756362,-0.10360428757887807,0.411920989244209,-0.9098719040954137,-0.04954005205748326,-0.11482000253380682,0.002105274500306574,-0.9933840822347692
3.267,0.016132330521941185,Empty,0.43602,0.00994,0.32051,0.44456,-0.10382,-0.05157,0.97405,0.21878,-0.05627,-0.01368,0.8979379903211587,0.42774666845734416,-0.10363471021642194,0.4246667063124097,-0.9038963687987026,-0.051279070021689084,-0.11560948960949802,0.002035214033564533,-0.9932926576875867
3.333,0.016132330521941185,Empty,0.43841,0.01008,0.31723,0.45643,-0.10236,-0.05237,0.97277,0.22456,-0.05573,-0.0139,0.8929316360716721,0.4384431964201717,-0.10217953227153398,0.4353441833621754,-0.8987566376493379,-0.05207636982334009,-0.11466706290425015,0.002017373073948501,-0.9934019301827401
3.4,0.01613200083374977,Empty,0.44103,0.01033,0.3149,0.46841,-0.0984,-0.05192,0.97149,0.23047,-0.05384,-0.01381,0.8879691301032598,0.44928696338418317,-0.09824483964402099,0.4463124286548428,-0.8933852189876414,-0.051653330218096795,-0.11097765546214866,0.0020186697163712413,-0.9938208515425208
3.467,0.01613200083374977,Empty,0.44449,0.01099,0.31316,0.4872,-0.09123,-0.0505,0.96944,0.23975,-0.05032,-0.01348,0.8799746627816545,0.46620297724381404,-0.09110091586431565,0.4634894642132499,-0.8846755034908039,-0.05026698803993599,-0.10402936809203422,0.0020093611662041133,-0.9945721959928681
3.533,0.016132330521941185,Empty,0.44816,0.01218,0.31182,0.5115,-0.08234,-0.04836,0.96662,0.25172,-0.04592,-0.01296,0.8690613454601969,0.4878190642982019,-0.08224924518886723,0.4854380084762558,-0.8729426012539692,-0.0481783648805143,-0.09530119492177498,0.0019430448219730971,-0.9954465866249689
3.6,0.016132330521941185,Empty,0.45195,0.01389,0.31025,0.53971,-0.0722,-0.04535,0.96315,0.26556,-0.04082,-0.01222,0.8556243162328168,0.5125458010723483,-0.07213758572498578,0.5105499620507573,-0.8586578576515431,-0.04522631693198857,-0.08512206365622886,0.001866894846336636,-0.9963687816177993
3.667,0.016132330521941185,Empty,0.45564,0.0157,0.30857,0.56713,-0.06149,-0.04131,0.95958,0.27898,-0.03528,-0.01122,0.8418477084635545,0.5362056048997563,-0.061449044164643724,0.5346221863030114,-0.844085383515063,-0.041218724492846526,-0.0739699511102305,0.001847866422561302,-0.9972587586591729
3.734,0.016132330521941185,Empty,0.4595,0.01743,0.30648,0.59396,-0.05096,-0.03673,0.95589,0.29204,-0.02973,-0.0101,0.827656774718604,0.558918255809706,-0.05093767353378616,0.5577171381612116,-0.82922047799153,-0.036674141854538995,-0.0627364093941196,0.0019447884550469884,-0.9980282364413336
3.8,0.016132330521941185,Empty,0.46307,0.01934,0.30421,0.61918,-0.04189,-0.03239,0.95223,0.30424,-0.02488,-0.00904,0.8136403487045355,0.5798574052904262,-0.041890004652853384,0.5789581502781117,-0.8147153609919926,-0.03234719138093117,-0.05288518872528539,0.0020664204658356984,-0.9985984612044768
3.867,0.016132330521941185,Empty,0.46619,0.02136,0.30154,0.64311,-0.03506,-0.02893,0.94858,0.31572,-0.0212,-0.00818,0.7997414082157697,0.5993205291963171,-0.035051152176556105,0.5986265630087888,-0.800506292890977,-0.028912161839439447,-0.045386320024234934,0.0021397022670857327,-0.9989672184956151
3.933,0.01613200083374977,Empty,0.4688,0.02302,0.29842,0.6641,-0.03075,-0.02675,0.94525,0.32572,-0.01889,-0.00763,0.7870985232458318,0.6160608572154388,-0.03073979361038793,0.6154844753198795,-0.7876957151000349,-0.02672678531468572,-0.04067892998154035,0.002116747510566523,-0.9991700275906665
4.0,0.01613200083374977,Empty,0.47117,0.02425,0.29522,0.68166,-0.02742,-0.02501,0.94237,0.33405,-0.0171,-0.0072,0.7762323607225927,0.629850301295139,-0.02742116200041395,0.6293579117172927,-0.7767135956866731,-0.024992183464585413,-0.03703972362044084,0.0021420163168851796,-0.9993114983028163
4.067,0.01613200083374977,Empty,0.47362,0.02547,0.29182,0.69796,-0.02405,-0.0231,0.93964,0.34176,-0.01525,-0.00674,0.7659321657635576,0.6424714814726693,-0.024048138037277417,0.642060612360349,-0.766306324008485,-0.02308219747027615,-0.03325789386296773,0.0022390352646501897,-0.9994442952045318
4.134,0.016132330521941185,Empty,0.47598,0.02699,0.28795,0.71683,-0.02136,-0.02165,0.93639,0.35064,-0.0138,-0.00639,0.75372657512521,0.6568405233033331,-0.02137233952155739,0.6564877198348039,-0.7540260649704733,-0.021646409661738635,-0.03033354011850757,0.0022847957780570516,-0.9995372209438383
4.2,0.016132330521941185,Empty,0.47849,0.02869,0.28377,0.73832,-0.01858,-0.02005,0.93258,0.36071,-0.01228,-0.006,0.739473900661097,0.672928936841144,-0.018574073406486508,0.6726339832618135,-0.7397034361972228,-0.020058689871660613,-0.02723737877272018,0.0023393246607457843,-0.9996262565367734
4.267,0.016132330521941185,Empty,0.4811,0.03038,0.27915,0.76404,-0.01572,-0.01843,0.92787,0.3727,-0.01073,-0.00562,0.7219633613144286,0.6917525240367898,-0.015727377667699008,0.6915113630597733,-0.7221305684369704,-0.018424898591642792,-0.024102690281089148,0.002426441350753537,-0.9997065432933734
4.333,0.016132330521941185,Empty,0.48374,0.03217,0.27417,0.7901,-0.0135,-0.01716,0.92294,0.38478,-0.00953,-0.00532,0.703700222451599,0.7103686629362332,-0.01350406012124903,0.7101656470281027,-0.7038253860009076,-0.017163327236574173,-0.02169679014800007,0.0024877176008736156,-0.9997615018385196
4.4,0.016132330521941185,Empty,0.48627,0.03412,0.26917,0.81607,-0.01223,-0.01662,0.91787,0.39674,-0.00891,-0.0052,0.6850369846996837,0.7284055595777353,-0.012233984216582191,0.7282201720726071,-0.6851417479220115,-0.016618250236209477,-0.020486839192708484,0.0024750819414646966,-0.9997870590227077
4.467,0.01613200083374977,Empty,0.48931,0.03569,0.26485,0.83962,-0.01042,-0.01543,0.91315,0.40753,-0.0079,-0.00492,0.6677195450991454,0.7443401440927819,-0.010409562167879681,0.7441846901735729,-0.6677958029263049,-0.015424412639548043,-0.018432471452678147,0.002552544994354442,-0.9998268492645103
4.533,0.01613200083374977,Empty,0.49243,0.03673,0.2611,0.86289,-0.00985,-0.01543,0.90834,0.41813,-0.0077,-0.00495,0.6502086538170749,0.7596918333478891,-0.009850119080995895,0.7595394968373878,-0.6502782688998473,-0.015424841672620251,-0.018123444633821185,0.0025478110487279397,-0.9998325106803965
4.6,0.016132330521941185,Empty,0.49489,0.03747,0.25716,0.88772,-0.01149,-0.0178,0.90307,0.42936,-0.00901,-0.00557,0.6311429381259015,0.7755814817834258,-0.01148724372640979,0.7753808213154298,-0.6312431917238116,-0.017793674115947566,-0.02105168853118604,0.002323363286359809,-0.9997756890388092
4.667,0.016132330521941185,Empty,0.49716,0.03793,0.2532,0.91323,-0.01451,-0.02199,0.89751,0.4408,-0.01136,-0.00667,0.6111251366894901,0.7914008461376133,-0.014517852421117392,0.7910978372810163,-0.611294444202182,-0.021984411223492633,-0.026273164170885408,0.0019501846616839765,-0.999652898572417
4.733,0.016132330521941185,Empty,0.49998,0.03834,0.24943,0.94084,-0.01695,-0.02598,0.89132,0.45311,-0.01344,-0.00774,0.5890277872451964,0.8079350329361884,-0.016948404273787264,0.8075190845857604,-0.5892693643876992,-0.025971989217087196,-0.03097085537732602,0.0016120634345388979,-0.9995189879980668
4.8,0.016132330521941185,Empty,0.50295,0.03881,0.24574,0.9698,-0.01916,-0.03019,0.88464,0.46592,-0.01551,-0.00889,0.5653468110677804,0.8246307477751376,-0.019160194135465436,0.8240794167627559,-0.565669970703103,-0.030176134820523975,-0.03572251507728651,0.0012704599829191003,-0.9993609397249748
4.867,0.01613200083374977,Empty,0.50649,0.03945,0.24236,1.001,-0.02034,-0.0336,0.87726,0.47962,-0.01698,-0.00986,0.5393517771290042,0.8418350431908775,-0.020332746090927854,0.8411655703448309,-0.5397339543734907,-0.033581866577214854,-0.03924466555138861,0.0010092334554779767,-0.999229121710127
4.933,0.01613200083374977,Empty,0.51035,0.04017,0.23928,1.03262,-0.02047,-0.03593,0.86955,0.49341,-0.01777,-0.01057,0.5124534836251584,0.8584710174332044,-0.020468007905946585,0.857719634537092,-0.5128613723102066,-0.03591992931018718,-0.041333468884145165,0.0008514806457840327,-0.9991450441906387
5.0,0.016132330521941185,Empty,0.51463,0.04097,0.23621,1.06313,-0.01952,-0.03677,0.86192,0.50662,-0.01773,-0.0109,0.4860532269370027,0.873710979254519,-0.019529088924881553,0.87293785984511,-0.4864447098571764,-0.03675645658937479,-0.04161434167646764,0.0008179132452245437,-0.9991334133061296
5.067,0.016132330521941185,Empty,0.51862,0.04182,0.23325,1.09212,-0.01911,-0.03834,0.85447,0.51905,-0.01812,-0.01142,0.46051235834311377,0.8874476875676547,-0.019104178707434062,0.8866197436487535,-0.4609078994295799,-0.03833195032385732,-0.0428228675532361,0.0007141948153254579,-0.9990824249981999
5.133,0.016132330521941185,Empty,0.52198,0.04278,0.23026,1.11973,-0.01958,-0.04142,0.84721,0.53076,-0.01929,-0.01235,0.435846597278412,0.8998081451671874,-0.01957154903464217,0.8988549826343111,-0.4362855651375249,-0.04140804083874352,-0.04579807675331243,0.00045556933187205454,-0.998950613705343
5.2,0.01613200083374977,Empty,0.52509,0.04379,0.22749,1.1427,-0.02008,-0.04441,0.84105,0.54042,-0.02045,-0.01325,0.415064758368588,0.9095701864479249,-0.020082885388117894,0.9084858741641872,-0.4155502882886876,-0.04440016156863293,-0.0487305120490005,0.00018392464544742204,-0.9988119459473673
5.267,0.01613200083374977,Empty,0.52772,0.04465,0.22495,1.16091,-0.0206,-0.04719,0.83607,0.54802,-0.02155,-0.01408,0.3984153999506075,0.9169738364744731,-0.020594958205431675,0.9157604611294101,-0.3989473374413303,-0.047157181643129174,-0.05145820550939611,-7.190103825628699e-05,-0.9986751463393857
5.333,0.016132330521941185,Empty,0.53027,0.04525,0.22287,1.17735,-0.0207,-0.04922,0.83152,0.55485,-0.02227,-0.01472,0.38328357570968397,0.9233985815851471,-0.020706523555088868,0.9220876412617206,-0.38384241772533284,-0.049187195357812616,-0.05336742848962766,-0.00024058534776895323,-0.9985749144130824
5.4,0.016132330521941185,Empty,0.5329,0.04562,0.22149,1.1918,-0.02025,-0.05005,0.82748,0.56084,-0.02242,-0.01503,0.3699059922069565,0.9288483543217143,-0.020255656079975086,0.927500547066179,-0.3704600571463939,-0.05002080818049001,-0.053965656869215804,-0.0002841354143632727,-0.9985427517866925
5.467,0.016132330521941185,Empty,0.53516,0.04581,0.22026,1.20613,-0.01978,-0.05085,0.82344,0.56675,-0.02256,-0.01533,0.35657777908620936,0.9340564560112429,-0.019769280352688802,0.9326729975235044,-0.35712523914649547,-0.050819713252630364,-0.05452859022996772,-0.0003170934800038511,-0.9985121593146762
5.533,0.016132330521941185,Empty,0.53737,0.04598,0.21909,1.22201,-0.01913,-0.05157,0.81891,0.57327,-0.02262,-0.01563,0.3417089948559677,0.9396112073648457,-0.019124377869653045,0.9381976235869419,-0.34224357636835256,-0.05152235951909369,-0.05495618191195113,-0.00033679218600989134,-0.9984887103220969
5.6,0.016132330521941185,Empty,0.53986,0.0462,0.21801,1.23852,-0.01827,-0.05191,0.81414,0.58002,-0.0225,-0.01583,0.3261460256171333,0.9451426736420738,-0.01827830503248257,0.943717494489458,-0.32665764840515465,-0.051885174500564554,-0.05500964068859209,-0.0003274127769579448,-0.9984857696693457
5.667,0.016132330521941185,Empty,0.54204,0.04642,0.21631,1.25975,-0.01765,-0.05349,0.80792,0.58862,-0.02288,-0.01641,0.30600774544249093,0.9518654478747504,-0.01764734743253398,0.9503634136571077,-0.30651590142838125,-0.05345450545609301,-0.05629068938299019,-0.000413900649613648,-0.9984143363228715
5.734,0.01613200083374977,Empty,0.54445,0.04669,0.21438,1.28118,-0.017,-0.05521,0.80155,0.59723,-0.02331,-0.01705,0.2855571068659688,0.9582107888656821,-0.017006552259184227,0.9566215263294875,-0.2860626128315752,-0.05516735359806364,-0.05772689218535161,-0.000515404092868075,-0.9983322794927758
5.8,0.01613200083374977,Empty,0.54715,0.04707,0.21267,1.30089,-0.01618,-0.0563,0.79561,0.6051,-0.02348,-0.0175,0.26659749910576375,0.9636721501415213,-0.01617901456114702,0.962029067905262,-0.2670873727756914,-0.05625306933058502,-0.058530726767101596,-0.0005677546973288476,-0.9982854459916356
5.867,0.01613200083374977,Empty,0.54929,0.0479,0.21044,1.32093,-0.01574,-0.05845,0.78949,0.61302,-0.02414,-0.01825,0.2472439129596587,0.968825400695605,-0.01574136180250391,0.9670631083330725,-0.24774328248635608,-0.05841412914750676,-0.060492908721375686,-0.0007803524115645095,-0.9981683220001228
5.933,0.01613200083374977,Empty,0.55151,0.04915,0.20789,1.34565,-0.01511,-0.06107,0.78182,0.62271,-0.02493,-0.01917,0.22322174260258598,0.974650598494261,-0.015108424280636492,0.9727392007474562,-0.22372986798457561,-0.06101961570515006,-0.06285301073667608,-0.0010756516086560667,-0.9980222151911009
6.0,0.01613200083374977,Empty,0.55375,0.05047,0.20522,1.36975,-0.01444,-0.06373,0.77423,0.63206,-0.02574,-0.02011,0.19966334943996283,0.9797581895098966,-0.014437346664308622,0.9776873309853529,-0.2001797444118878,-0.0636832219499671,-0.06528422260510369,-0.0014000055290791784,-0.9978657275722851
6.067,0.01613200083374977,Empty,0.55576,0.05196,0.20212,1.39256,-0.01396,-0.06715,0.76693,0.64081,-0.02688,-0.02128,0.17726686920656226,0.984063665348438,-0.013969954284124994,0.9817758090544733,-0.1778071427895625,-0.06708860356607889,-0.06850341478450504,-0.001822776456151818,-0.9976492167334432
6.133,0.01613200083374977,Empty,0.55814,0.05356,0.19944,1.41152,-0.01337,-0.06947,0.76079,0.64803,-0.02761,-0.0221,0.15857779938262412,0.987255842373203,-0.013378461904914228,0.984815124550474,-0.15912636715545464,-0.06941159652782672,-0.0706558702416051,-0.002168173398164523,-0.9974983944972126
6.2,0.016132330521941185,Empty,0.56074,0.0552,0.19689,1.42898,-0.0127,-0.07134,0.75508,0.65463,-0.02816,-0.02278,0.14132113896659187,0.9898822900494681,-0.012703839089249082,0.987317117336092,-0.1418694474409573,-0.07125987438907817,-0.07234117428086871,-0.0024721911774181686,-0.9973768810106074
6.267,0.016132330521941185,Empty,0.56318,0.05667,0.19443,1.44467,-0.01208,-0.07308,0.7499,0.66052,-0.02868,-0.02342,0.1257846336800339,0.991983999139489,-0.012081861661418922,0.9892975627300016,-0.12633319833565082,-0.07300859795094479,-0.07394970119248127,-0.0027691965461303213,-0.9972581276901338
6.333,0.016132330521941185,Empty,0.56561,0.05777,0.19231,1.45895,-0.01139,-0.07428,0.74514,0.66585,-0.02899,-0.02389,0.11161278018857101,0.9936865884050319,-0.011382061436605771,0.9909157696036257,-0.1121516492405385,-0.07421553155156402,-0.07502349531601207,-0.0029952623584872983,-0.9971772678686434
6.4,0.01613200083374977,Empty,0.568,0.05821,0.19031,1.47228,-0.01119,-0.07519,0.74067,0.67079,-0.02938,-0.0241,0.09835408068682316,0.9950886315953225,-0.011184367751395842,0.9922570136425968,-0.09891838356552235,-0.0751077377495793,-0.07584519555861938,-0.003710614845653727,-0.9971127005750865
6.467,0.01613200083374977,Empty,0.57037,0.05843,0.18835,1.48436,-0.01053,-0.07613,0.73659,0.67525,-0.0296,-0.02449,0.086330960352485,0.996210905359589,-0.010526030935047836,0.9933114650944821,-0.08688324842572404,-0.07605021009074986,-0.0766765844079593,-0.003890139537579506,-0.9970484282209704
6.533,0.01613200083374977,Empty,0.57243,0.05856,0.18614,1.50053,-0.00984,-0.07767,0.73108,0.68117,-0.03007,-0.02505,0.07021159380840891,0.9974835708485176,-0.009841645298084047,0.9944703163823515,-0.07076509054637187,-0.07759569443177716,-0.07809687528492378,-0.00433910673458319,-0.99693633208118
6.6,0.016132330521941185,Empty,0.57436,0.05869,0.18376,1.52138,-0.00889,-0.07955,0.72391,0.68874,-0.03063,-0.02574,0.04940967083429981,0.9987390642798919,-0.008886276462739366,0.995584627273763,-0.04996068150966504,-0.07946810831555479,-0.07981186856733197,-0.00492054716631195,-0.9967977998828925
6.667,0.016132330521941185,Empty,0.57561,0.0588,0.18054,1.5436,-0.0077,-0.08328,0.71614,0.6967,-0.03179,-0.02715,0.027198380704138325,0.9996003341865891,-0.007708435712370142,0.9961485506148593,-0.027745872733121346,-0.08317590789521195,-0.08335654260457387,-0.0054164970540390165,-0.9965050669036638
6.734,0.016132330521941185,Empty,0.57643,0.05885,0.17687,1.56456,-0.0065,-0.088,0.70872,0.70411,-0.03331,-0.02891,0.006229674777630534,0.9999593753662288,-0.006514504535760857,0.9961076523828138,-0.006778222912288356,-0.08788401765139435,-0.0879246041592696,-0.005941658971434201,-0.9961094119985531
6.8,0.016132330521941185,Empty,0.57678,0.05867,0.17297,1.58,-0.00573,-0.09347,0.70317,0.70948,-0.0352,-0.03085,-0.009190234134521191,0.9999413723808621,-0.005726377356625331,0.9955986558044791,0.008615890213517552,-0.0933224677992559,-0.09326765868653075,-0.006558828927971851,-0.995619468274012
6.867,0.016132330521941185,Empty,0.57692,0.05807,0.16926,1.58811,-0.00563,-0.09878,0.70021,0.71223,-0.03718,-0.0326,-0.01729992100344724,0.9998344501834248,-0.0056378151515968575,0.9949860163719402,0.016659954248570086,-0.0986167995259083,-0.09850654779034793,-0.007315610080139732,-0.9951095125118558
6.933,0.01613200083374977,Empty,0.57698,0.05703,0.1658,1.5881,-0.00642,-0.10373,0.70013,0.71212,-0.03922,-0.03405,-0.017316064285243515,0.999829456777734,-0.006419601016493699,0.9944875424810629,0.01655875479018626,-0.10353905296927937,-0.10341509448647268,-0.00817710213585102,-0.9946046718334948
7.0,0.01613200083374977,Empty,0.57668,0.05574,0.16263,1.58613,-0.00734,-0.10865,0.70077,0.71131,-0.04126,-0.03549,-0.015336765351253168,0.9998554909469222,-0.007333542926167849,0.9939992030913136,0.014451656066593654,-0.10842847361632128,-0.10830682288015372,-0.008952477881694846,-0.9940772028657454
7.067,0.01613200083374977,Empty,0.57613,0.05478,0.15986,1.58465,-0.00773,-0.11321,0.70122,0.71069,-0.04299,-0.03698,-0.013858896495839823,0.9998740555300709,-0.007733308849778665,0.9935143190853362,0.012896979025518007,-0.11297329642183643,-0.112859331737869,-0.009248838298068529,-0.9935679293484758
7.133,0.01613200083374977,Empty,0.57552,0.05443,0.15771,1.58476,-0.00798,-0.11693,0.70111,0.71064,-0.0444,-0.03819,-0.01396383392481959,0.9998706095343999,-0.007985958391312269,0.9930878003648135,0.012937355792485783,-0.11665867130940033,-0.1165402596045509,-0.009559760164687788,-0.9931399593596552
7.2,0.01613200083374977,Empty,0.57502,0.05444,0.15606,1.58597,-0.00807,-0.11975,0.70063,0.711,-0.04546,-0.03912,-0.015183415190138216,0.9998521535435471,-0.00807062311689466,0.9927371106865253,0.014111000683012409,-0.1194734645245263,-0.11934191622784161,-0.009826022290586014,-0.9928045912046398
7.267,0.01613200083374977,Empty,0.57501,0.05447,0.15515,1.58754,-0.00793,-0.12031,0.70006,0.71154,-0.04564,-0.03933,-0.016734076886002425,0.999828517935619,-0.007931292040800807,0.9926468864213231,0.015661733006402945,-0.12002861740971868,-0.11988381687628169,-0.009881540461853933,-0.9927387499283358
7.333,0.016132330521941185,Empty,0.57612,0.05454,0.1549,1.5886,-0.00748,-0.11583,0.69976,0.71202,-0.04391,-0.0379,-0.01779580873497122,0.9998136410341173,-0.007482806530270836,0.9931576818136882,0.016812430255569444,-0.11556453280900061,-0.11541719215926766,-0.009488171109479417,-0.9932717887683451
7.4,0.016132330521941185,Empty,0.57789,0.05472,0.15521,1.5909,-0.00668,-0.10844,0.69906,0.713,-0.04104,-0.03555,-0.020115196805857605,0.999775308940589,-0.006686590327791876,0.9939405213311017,0.019274042341655917,-0.1082162249751388,-0.10806303213180446,-0.00882286373929485,-0.994104892937319
7.467,0.016132330521941185,Empty,0.57973,0.05477,0.15581,1.59284,-0.00593,-0.10042,0.69849,0.71385,-0.03795,-0.03298,-0.02204180472014622,0.9997394204830601,-0.005937169095945355,0.9947331587208252,0.02133605322543647,-0.1002532581717469,-0.10010045847032129,-0.008115661707849423,-0.9949442367535354
7.533,0.016132330521941185,Empty,0.5813,0.05428,0.1566,1.59191,-0.00591,-0.09477,0.69892,0.71363,-0.03591,-0.03103,-0.021102233770054546,0.9997598580164478,-0.005909486343668245,0.9953031192728219,0.020448855368412122,-0.09462317411666504,-0.09447960888839921,-0.007878490531427572,-0.9954956217338383
7.6,0.016132330521941185,Empty,0.58324,0.05357,0.15793,1.59058,-0.00604,-0.0892,0.69947,0.71326,-0.03395,-0.02906,-0.019785817435795217,0.99978599818489,-0.006039806440644058,0.9958395017463892,0.01916954208628635,-0.08908543886464146,-0.08895059409526758,-0.007777306066059107,-0.9960056753455042
7.667,0.01613200083374977,Empty,0.58545,0.05266,0.15979,1.59078,-0.00618,-0.08415,0.69948,0.71341,-0.0322,-0.02724,-0.019976065771453333,0.9997813223061558,-0.006185819593955699,0.9962731510488507,0.01938595418947192,-0.08404756557662695,-0.08390926823354085,-0.007841705676579226,-0.9964425434296719
7.733,0.01613200083374977,Empty,0.58735,0.05173,0.16143,1.59494,-0.00607,-0.07999,0.69805,0.71493,-0.03073,-0.02576,-0.02413797136425183,0.9996901968605152,-0.006071955154918061,0.996524194253747,0.023576239354252515,-0.07989800501158027,-0.07973009849070847,-0.007979425975329978,-0.9967845505202043
7.8,0.016132330521941185,Empty,0.58889,0.05069,0.16274,1.59887,-0.00611,-0.07665,0.69668,0.71635,-0.0296,-0.02452,-0.028076500290867668,0.9995870910903843,-0.006112074678912047,0.9966831551063708,0.02752665926472808,-0.07658310098796903,-0.07638323414615797,-0.00824198733238805,-0.9970444680084163
7.867,0.016132330521941185,Empty,0.5905,0.0497,0.16402,1.59908,-0.00639,-0.0733,0.69665,0.71647,-0.0285,-0.02325,-0.02828399635759765,0.9995793979251105,-0.006406464993775042,0.9969289655735951,0.027739634516796896,-0.0732335324645503,-0.07302501729137217,-0.00845812748470895,-0.9972942429037919
7.933,0.016132330521941185,Empty,0.59206,0.04897,0.1651,1.59785,-0.00669,-0.07023,0.69713,0.71608,-0.02749,-0.02209,-0.027045512852118647,0.9996118075511761,-0.006691370475189647,0.9971824776544973,0.026510045454876507,-0.0701735259825127,-0.06996889661416626,-0.008570396388192292,-0.9975123567216326
8.0,0.01613200083374977,Empty,0.59354,0.04863,0.16549,1.59715,-0.00679,-0.06675,0.69742,0.71588,-0.02627,-0.02085,-0.026346988254132175,0.9996297927801148,-0.0067906992512601,0.9974382931514196,0.025836096777152207,-0.06670342913602297,-0.06650328988192582,-0.00853073793443863,-0.9977497376322253
8.067,0.01613200083374977,Empty,0.59591,0.04851,0.16484,1.59665,-0.00665,-0.05947,0.69766,0.7158,-0.02361,-0.01837,-0.025866153713243356,0.9996434042803928,-0.006633729779696888,0.9979084112465052,0.025426857215191834,-0.0594329680870275,-0.05924309964509147,-0.008157157033269278,-0.9982102563756675
8.133,0.01613200083374977,Empty,0.59925,0.04829,0.16278,1.59593,-0.00651,-0.05011,0.698,0.71565,-0.02021,-0.01516,-0.02513415309067779,0.9996628846309612,-0.006510870887971865,0.9984378301318064,0.024777178643072884,-0.05007984405106844,-0.04990164035484665,-0.007759414268791813,-0.9987239947954093
8.2,0.016132330521941185,Empty,0.60251,0.04838,0.15947,1.59569,-0.0063,-0.04166,0.69814,0.71565,-0.01711,-0.01229,-0.024906023977180836,0.9996699332241679,-0.006301950272387901,0.9988286758313827,0.024622480047711115,-0.041653448995573064,-0.04148453093111739,-0.007331990445140462,-0.9991122437491885
8.267,0.016132330521941185,Empty,0.60505,0.04875,0.15554,1.59587,-0.0061,-0.03585,0.69811,0.71576,-0.01496,-0.01033,-0.02507107677748588,0.9996671112989453,-0.006091608690616352,0.999048788559446,0.0248371627752349,-0.03584178320312814,-0.035678553601862166,-0.006984406381266075,-0.9993389109208048
8.333,0.016132330521941185,Empty,0.6054,0.04875,0.15052,1.59382,-0.00662,-0.0406,0.69882,0.715,-0.01683,-0.01182,-0.023023317177671865,0.9997129791788483,-0.0066246605564181,0.9989174807503898,0.022736074575587406,-0.04058247853677252,-0.04042021174400969,-0.007551832509051831,-0.9991542304911312
8.4,0.01613200083374977,Empty,0.6046,0.04871,0.145,1.59373,-0.00725,-0.04874,0.69881,0.71489,-0.01996,-0.01444,-0.022919856408973427,0.9997110213199785,-0.007249416083866096,0.9985578906759475,0.022540092433730896,-0.04872456466590025,-0.04854708179689764,-0.008355721659069804,-0.998785944416801
8.467,0.01613200083374977,Empty,0.60254,0.04864,0.13846,1.59401,-0.00801,-0.05949,0.69863,0.71486,-0.02407,-0.01792,-0.023197482113835155,0.9996988170008548,-0.008009501274679004,0.9979728122694586,0.022681019369225786,-0.05946290718893704,-0.05926333431866307,-0.009372654237919224,-0.9981983823659358
8.533,0.01613200083374977,Empty,0.60033,0.04848,0.13161,1.59417,-0.0088,-0.07078,0.69846,0.71476,-0.02838,-0.02158,-0.02337239668553892,0.9996881131903907,-0.00879814861265086,0.997237717779178,0.022692667030756508,-0.07072465695645092,-0.0705029454118779,-0.010426850380996807,-0.9974570745046534
8.6,0.01613200083374977,Empty,0.5984,0.04896,0.12576,1.59529,-0.00921,-0.08038,0.69796,0.715,-0.03197,-0.02477,-0.024484884933692053,0.999657729044803,-0.009214942798045807,0.9964900030844428,0.02366711520028031,-0.08029658405476695,-0.08005100975347787,-0.011148650998397118,-0.9967284200916336
8.667,0.01613200083374977,Empty,0.59678,0.04989,0.12104,1.59702,-0.00938,-0.08812,0.69724,0.71547,-0.03482,-0.02738,-0.02621181575454301,0.9996124017077179,-0.00938014216191449,0.9957994535981758,0.025286056741486762,-0.0880003610676757,-0.08772906547105651,-0.01164738969014683,-0.9960762768909724
8.733,0.01613200083374977,Empty,0.59569,0.05079,0.11764,1.59868,-0.00955,-0.09353,0.69657,0.71595,-0.03684,-0.02917,-0.02787374966022005,0.9995658065284575,-0.009552617389700431,0.9952664548107433,0.02686127720825282,-0.09339783570937935,-0.09310068747508886,-0.01211074753498021,-0.9955830411300756
8.8,0.01613200083374977,Empty,0.59516,0.05163,0.11573,1.60017,-0.00968,-0.09644,0.696,0.71641,-0.03795,-0.03011,-0.029363178599314144,0.999521862417684,-0.009687636018594174,0.9949511157198382,0.02829564058745848,-0.09628932470214205,-0.09596916729030201,-0.012466084903824354,-0.9953062421469971
