time,gr,gr_state,tx,ty,tz,rx,ry,rz,qw,qx,qy,qz,xx,xy,xz,yx,yy,yz,zx,zy,zz
0.0,0.015881482511758804,Empty,0.30835,-0.00047,0.48579,0.01077,0.00399,0.0027,0.99998,0.00538,0.002,0.00134,0.9999341801683614,0.01075930343771847,0.003984058303016351,0.01074858940779716,-0.9999385844819619,0.0027009424193943084,0.004012873879069919,-0.00265794163694315,-0.9999884160276488
0.067,0.015881482511758804,Empty,0.30835,-0.00047,0.48579,0.01077,0.00399,0.0027,0.99998,0.00538,0.002,0.00134,0.9999342049147677,0.010755805427954013,0.0039872911942347945,0.010745087297038658,-0.9999386251517585,0.002699820103331337,0.004016085214564612,-0.0026567986764767584,-0.9999884061729628
0.133,0.015881482511758804,Empty,0.30835,-0.00047,0.48579,0.01077,0.00397,0.0027,0.99998,0.00538,0.00199,0.00134,0.999934182021743,0.010762934389628609,0.00397377249374496,0.010752220298648196,-0.9999385269208951,0.002707792074682947,0.004002672002154601,-0.002664886976013598,-0.9999884384302892
0.2,0.015881482511758804,Empty,0.30835,-0.00045,0.48578,0.01089,0.00397,0.00272,0.99998,0.00544,0.00199,0.00135,0.9999329212925943,0.010885624661867932,0.003956777853183295,0.010874927079477292,-0.9999371800025704,0.002715144475537759,0.003986085332072239,-0.0026719326765328607,-0.9999884858834615
0.267,0.015881482511758804,Empty,0.30851,0.00042,0.48511,0.0132,0.0025,0.00346,0.99998,0.0066,0.00126,0.00172,0.9999095609457033,0.013213339262603652,0.0025055129019811396,0.013204620304947345,-0.9999068112232489,0.003465093354594045,0.002551064870369417,-0.0034316956282881977,-0.9999908577247804
0.333,0.015881812199950218,Empty,0.31031,0.00402,0.4808,0.02218,-0.00503,0.0063,0.99993,0.0111,-0.00248,0.00318,0.9997411064524961,0.02218829676141082,-0.0050397972147979975,0.02221985938022447,-0.9997332868106168,0.006295481869124937,-0.0048987670144409355,-0.00640583559490825,-0.9999674831473615
0.4,0.015881812199950218,Empty,0.31341,0.01063,0.47152,0.039,-0.02143,0.01173,0.99973,0.01956,-0.0106,0.00607,0.9990104404778285,0.03897237376170082,-0.021431143219006094,0.03922968298065754,-0.9991614880153894,0.011719762800918986,-0.020956425972297178,-0.012548902352436423,-0.9997016321184118
0.467,0.015881812199950218,Empty,0.31925,0.02008,0.45819,0.06177,-0.03651,0.01911,0.99931,0.03105,-0.01795,0.01011,0.997427452960888,0.06169634385919909,-0.036497085285858905,0.06242197452814535,-0.997867314323319,0.019087171115014442,-0.035241639802417984,-0.021316288597542914,-0.9991514613232887
0.533,0.015881812199950218,Empty,0.32739,0.03152,0.44217,0.08491,-0.04995,0.03006,0.99866,0.0428,-0.02431,0.01607,0.9951544053041952,0.08470171459131937,-0.04993324692971371,0.08626412021720753,-0.9958202517862034,0.03000879363809617,-0.04718274225608643,-0.034170830802796245,-0.9983016293462825
0.6,0.015881812199950218,Empty,0.33676,0.04452,0.4252,0.10139,-0.05978,0.04305,0.99801,0.05128,-0.02875,0.023,0.9930869380381941,0.10103406730275949,-0.0597532488002605,0.10367986173097904,-0.9936822481397013,0.042965986587931944,-0.055034714220839415,-0.04886416863398723,-0.9972880593160333
0.666,0.015881482511758804,Empty,0.34789,0.05829,0.40873,0.11125,-0.0626,0.05454,0.99755,0.0564,-0.02972,0.02895,0.9918707812708389,0.11080722674316668,-0.06256286248777157,0.11424946988544399,-0.9919607797741211,0.054413877097785265,-0.05603045504072172,-0.061119308662699524,-0.9965565805394712
0.733,0.015881482511758804,Empty,0.35981,0.07329,0.39256,0.11329,-0.06015,0.06454,0.99737,0.05753,-0.02818,0.0339,0.991792652403517,0.11284469149131127,-0.060111648127689675,0.11666563298115379,-0.9910827302036693,0.06437508814089132,-0.05231122938244801,-0.07085970289432206,-0.9961136671014132
0.8,0.015881482511758804,Empty,0.37189,0.08863,0.37662,0.10993,-0.05453,0.07106,0.99744,0.05585,-0.02525,0.03695,0.992486648268148,0.10954548262068076,-0.05449807562528086,0.11327722247280725,-0.9910315739731467,0.0708850496025307,-0.046244176696129395,-0.0765258559292819,-0.9959946131862301
0.867,0.015881482511758804,Empty,0.38322,0.10445,0.36004,0.10549,-0.04664,0.07396,0.99761,0.05353,-0.02132,0.03814,0.9933611764045459,0.105169232823151,-0.04661550900254516,0.10842141590517962,-0.9913606537732182,0.07381633100780197,-0.03844957457882432,-0.07838039689697406,-0.9961817824056913
0.933,0.015881482511758804,Empty,0.39355,0.11972,0.3427,0.10107,-0.03853,0.07276,0.99784,0.05117,-0.01739,0.03729,0.9941578644646625,0.10082723813804556,-0.03852283183406777,0.1034214634484883,-0.9919810954477126,0.07264645326875005,-0.030889179678893885,-0.07620613048705174,-0.9966135079633204
1.0,0.015881482511758804,Empty,0.403,0.13438,0.3243,0.09436,-0.03123,0.06829,0.99816,0.04766,-0.01398,0.03483,0.9950658103904467,0.09417565524947263,-0.03122465292578967,0.09612314943588385,-0.9930300874812958,0.06820253293988669,-0.024584001597182402,-0.07086742068977875,-0.9971827493244394
1.067,0.015881482511758804,Empty,0.4111,0.14799,0.30506,0.0847,-0.02666,0.0614,0.99853,0.04272,-0.01201,0.03123,0.9960605581572357,0.08457252480081823,-0.02666181787333152,0.08607342738226376,-0.9943984048744992,0.06134474290207184,-0.0213243893738101,-0.06339795289964927,-0.997760477261937
1.133,0.015881482511758804,Empty,0.41792,0.16034,0.2857,0.07423,-0.02473,0.05291,0.99887,0.03742,-0.01137,0.02689,0.9969417212213694,0.074136764223032,-0.02471729513340931,0.07535928191433727,-0.9957537538391397,0.05287192397310318,-0.02069258605223029,-0.054572904502149355,-0.9982953545803317
1.2,0.015881812199950218,Empty,0.42504,0.17162,0.26655,0.06426,-0.02121,0.04215,0.9992,0.03234,-0.00992,0.0214,0.9977114527389469,0.06420562738668228,-0.02120128499460745,0.0650545432986605,-0.9969920555963159,0.04212775182745018,-0.018432673971585014,-0.04341058038906011,-0.9988872599250337
1.267,0.015881812199950218,Empty,0.43279,0.18178,0.24859,0.05769,-0.01544,0.02891,0.99945,0.02895,-0.0073,0.01467,0.9982176064848232,0.05764843908255046,-0.015435918341845066,0.05807666418372548,-0.9978936538750913,0.02890253679368062,-0.01373721882337967,-0.029747487745434124,-0.9994630437349016
1.333,0.015881812199950218,Empty,0.44078,0.19023,0.23229,0.05388,-0.00945,0.01497,0.9996,0.02697,-0.00452,0.00761,0.9985048700268426,0.053840459283139075,-0.009446135551581901,0.0539780611271492,-0.9984298600798829,0.014972755852531956,-0.008625163745226806,-0.015460253718694706,-0.9998432812722811
1.4,0.015881482511758804,Empty,0.44792,0.19772,0.21671,0.05242,-0.00654,0.00221,0.99965,0.02621,-0.00324,0.00119,0.9986054037789156,0.052388989405140585,-0.006530033128276314,0.05240434562646229,-0.9986235182762206,0.0022030218075800422,-0.00640563057088282,-0.0025421515946986704,-0.999976252399155
1.467,0.015881482511758804,Empty,0.45449,0.20451,0.20262,0.05225,-0.00572,-0.00917,0.99964,0.02611,-0.00298,-0.00451,0.998619213396587,0.05222081715280463,-0.005714270826180573,0.052167145015830696,-0.9985962651459607,-0.009169962782673518,-0.0061851124548283395,0.00885920382606044,-0.9999416277420847
1.533,0.015881812199950218,Empty,0.46023,0.21069,0.18902,0.04837,-0.00853,-0.01881,0.99966,0.02414,-0.00449,-0.0093,0.9987946204434145,0.048339599129031074,-0.008519937167620409,0.04817274025336932,-0.9986619269697741,-0.018808049274153624,-0.009417710431788698,0.018374949715908463,-0.9997868112518594
1.6,0.015881812199950218,Empty,0.46534,0.21661,0.1766,0.04239,-0.01362,-0.02686,0.99966,0.0211,-0.00709,-0.01328,0.9990090905690574,0.04237301988419129,-0.013614850211380338,0.04199630735715587,-0.9987567474837438,-0.026856461495446418,-0.014735912891562177,0.02625807574037015,-0.9995465803701523
1.666,0.015881812199950218,Empty,0.47056,0.22287,0.16526,0.0377,-0.01819,-0.03467,0.99963,0.01869,-0.00942,-0.01716,0.9991237582001304,0.037691462288350186,-0.01819531452361868,0.03704476330914935,-0.9987123980060622,-0.0346587879238407,-0.019478226598349243,0.03395437732526591,-0.9992335557561292
1.733,0.015881812199950218,Empty,0.47551,0.22926,0.1559,0.03377,-0.02223,-0.04153,0.99958,0.01665,-0.01146,-0.02057,0.9991827408074333,0.0337621622280555,-0.022225365559023,0.032819127852049934,-0.9985989694685883,-0.04150907157844303,-0.02359566315187064,0.04074573079428044,-0.9988908999998268
1.8,0.015881812199950218,Empty,0.48051,0.23591,0.14839,0.03112,-0.02557,-0.04781,0.99952,0.01525,-0.01315,-0.0237,0.9991891184251039,0.031100007890715098,-0.025571373253322843,0.029853241461756275,-0.9984120616727403,-0.04777173935093712,-0.027016468960420703,0.046969613747456604,-0.9985309037728005
1.867,0.015881482511758804,Empty,0.48491,0.24246,0.14259,0.02554,-0.03017,-0.05238,0.99947,0.01237,-0.01541,-0.02599,0.9992191469994465,0.025523062445637068,-0.030160728656562212,0.02392091902109439,-0.9983429296716222,-0.0523372181900133,-0.03144655629611795,0.05157487816833817,-0.9981739057093388
1.933,0.015881482511758804,Empty,0.48873,0.2487,0.13753,0.01713,-0.0351,-0.0558,0.99942,0.00807,-0.01778,-0.02774,0.9992377739722474,0.017116751853625656,-0.035084011643040224,0.015144394509816417,-0.9983308576707647,-0.05573280844607115,-0.035979416086404474,0.05515900133556471,-0.9978291267495375
2.0,0.015881482511758804,Empty,0.4922,0.25398,0.13267,0.00563,-0.03996,-0.05843,0.99937,0.00223,-0.02005,-0.02915,0.9991863904639926,0.005617760552863116,-0.039937424527739115,0.00328045291959006,-0.9982907595938618,-0.05835064642446684,-0.040196961827736626,0.05817215894121078,-0.9974969695111549
2.067,0.015881482511758804,Empty,0.49538,0.25779,0.12767,-0.00534,-0.04504,-0.05986,0.99929,-0.00334,-0.02243,-0.02998,0.9989717236893148,-0.005320560147381137,-0.04502429243105452,-0.008010015187816133,-0.9981803053922567,-0.05976552169697755,-0.04462437591597207,0.06006471149301418,-0.9971965179980176
2.133,0.015881482511758804,Empty,0.49846,0.25979,0.12241,-0.01042,-0.05012,-0.06037,0.99921,-0.00596,-0.02489,-0.0303,0.9986895066553383,-0.010399321278533769,-0.050111110678802855,-0.013416852151288128,-0.9980924325374717,-0.06026179710051051,-0.04938883856569063,0.06085515777958728,-0.9969239652033417
2.2,0.015881482511758804,Empty,0.50138,0.2596,0.11686,-0.01251,-0.05538,-0.05925,0.99915,-0.00707,-0.02749,-0.02978,0.9983883570176535,-0.012498795924444861,-0.055357643302703465,-0.015773423801092534,-0.9981263844154609,-0.05911784701179978,-0.05451502245419508,0.05989574971697508,-0.9967149098376425
2.267,0.015881482511758804,Empty,0.50363,0.25739,0.11062,-0.01535,-0.06166,-0.05536,0.99911,-0.00852,-0.0306,-0.0279,0.9979820738912519,-0.015319732670538988,-0.06162049969465544,-0.01873526204368342,-0.9982974156291091,-0.05523821054665172,-0.06066935097617506,0.05628122012843124,-0.9965699444158372
2.333,0.015881482511758804,Empty,0.50464,0.25346,0.10323,-0.02064,-0.07083,-0.04973,0.999,-0.01119,-0.03514,-0.02521,0.997279838369135,-0.020582455517068332,-0.07077631317976367,-0.024125665511153083,-0.9984788688050708,-0.04957722071062679,-0.06964823218198749,0.051149888314972324,-0.9962594103341208
2.4,0.015881812199950218,Empty,0.50511,0.25027,0.09602,-0.0266,-0.08059,-0.04543,0.99883,-0.0142,-0.03997,-0.02323,0.996400637881319,-0.026517871737201604,-0.08051441677258792,-0.03023148994145458,-0.9985176794268963,-0.045260367738737345,-0.07919485996969985,0.047531530066423563,-0.9957253274894258
2.467,0.015881812199950218,Empty,0.50512,0.2485,0.08919,-0.02967,-0.08997,-0.04234,0.99864,-0.01577,-0.04464,-0.02181,0.995517535538612,-0.02954236593366094,-0.08984478309935494,-0.033436820872486395,-0.9985514357962917,-0.04215458550508016,-0.08846929097189442,0.04496975299248963,-0.9950632672703403
2.533,0.015881812199950218,Empty,0.5056,0.24776,0.08306,-0.03084,-0.09772,-0.04067,0.99847,-0.01639,-0.04851,-0.02106,0.9947568203959354,-0.03068208712495879,-0.0975575614979439,-0.034767714525785975,-0.9985761491437022,-0.04045837846464129,-0.09617730658748017,0.043638101367854246,-0.9944071810916223
2.6,0.015881482511758804,Empty,0.50613,0.24816,0.07733,-0.03209,-0.10435,-0.04021,0.99829,-0.01707,-0.05181,-0.02091,0.9940491348713343,-0.031918984861198596,-0.10415131236322592,-0.036253135337045994,-0.9985422182429111,-0.03998935564321641,-0.10272306284270118,0.04352719600383633,-0.9937571914548635
2.667,0.015881482511758804,Empty,0.50777,0.25026,0.0734,-0.03137,-0.10675,-0.04207,0.99821,-0.01678,-0.053,-0.02184,0.9938191234778606,-0.031192466081857995,-0.1065391001906304,-0.035821373788466004,-0.9984830621502142,-0.04181391848462084,-0.10507320776298781,0.04537184874857606,-0.9934289186205181
2.733,0.015881482511758804,Empty,0.50905,0.25319,0.07098,-0.02895,-0.10819,-0.04443,0.99817,-0.01565,-0.05373,-0.02296,0.9937352029789936,-0.02878382493837406,-0.10798998926852105,-0.033718838559845754,-0.998455523911624,-0.044154350822307405,-0.10655227020797503,0.047519029791036164,-0.9931709598660469
2.8,0.015881482511758804,Empty,0.5104,0.25603,0.07013,-0.02649,-0.10766,-0.04723,0.99817,-0.01449,-0.05347,-0.02429,0.9938615366333847,-0.0263283240213274,-0.10745261911630993,-0.031524082458162905,-0.9983999136074777,-0.046945124706958566,-0.10604469918811471,0.05004429900407182,-0.9931012485700003
2.867,0.015881482511758804,Empty,0.51125,0.25766,0.07063,-0.02516,-0.10617,-0.04938,0.99819,-0.01387,-0.05273,-0.02532,0.994053776746112,-0.02501375495566388,-0.10597830438259147,-0.030354425488302916,-0.9983332829099623,-0.04908426517217507,-0.10457388675030815,0.05200930971696638,-0.9931562484889767
2.933,0.015881482511758804,Empty,0.51235,0.25816,0.07182,-0.02539,-0.10371,-0.05074,0.99824,-0.01399,-0.05149,-0.02599,0.9943055859865373,-0.02526383481645189,-0.10352845177213818,-0.030616245225019267,-0.9982576534713608,-0.050441082603114515,-0.10207373415472938,0.05332350266270749,-0.9933466448624517
3.0,0.015881482511758804,Empty,0.51317,0.25838,0.07296,-0.02564,-0.10155,-0.05162,0.99828,-0.01411,-0.0504,-0.02642,0.9945211174407929,-0.025508180832064964,-0.10137593242459436,-0.03083375990775672,-0.9982062677556638,-0.05131789418184174,-0.09988506502109344,0.05416253062723846,-0.9935237259682255
3.067,0.015881482511758804,Empty,0.51335,0.25826,0.07312,-0.02595,-0.10125,-0.05168,0.99828,-0.01426,-0.05025,-0.02646,0.9945428309495987,-0.025818806671356997,-0.10108385938825847,-0.031138201859617687,-0.9981923742229276,-0.051404245234656476,-0.09957394132858167,0.05427129319688349,-0.9935490209058786
3.133,0.015881812199950218,Empty,0.5133,0.25826,0.07307,-0.02593,-0.10139,-0.05166,0.99828,-0.01425,-0.05032,-0.02645,0.9945290876697015,-0.025797993539018016,-0.10122429208560721,-0.031121123676817075,-0.998194900960123,-0.051365507476341166,-0.09971644518314808,0.05423470500123132,-0.9935367267159606
3.2,0.015881812199950218,Empty,0.5133,0.25824,0.07306,-0.02597,-0.10142,-0.05164,0.99828,-0.01427,-0.05033,-0.02644,0.9945256227291475,-0.02582687772131015,-0.10125096603178818,-0.0311498319611781,-0.9981948992289258,-0.05134813650119335,-0.09974203579229876,0.05422098800762767,-0.9935349066618065
3.267,0.015881812199950218,Empty,0.51331,0.25826,0.07308,-0.02595,-0.10139,-0.05166,0.99828,-0.01426,-0.05032,-0.02645,0.994529793199318,-0.025804498875453497,-0.10121570173005956,-0.031127676191119114,-0.9981944434060099,-0.051370428539256704,-0.09970736288691265,0.05424003126061754,-0.9935373474585566
3.333,0.015881482511758804,Empty,0.5133,0.25825,0.07306,-0.02597,-0.10144,-0.05164,0.99828,-0.01427,-0.05034,-0.02644,0.9945252562916485,-0.025827871430883775,-0.10125431178661191,-0.031151456693288837,-0.9981946209684137,-0.051352559971343845,-0.09974518205866806,0.05422563717536253,-0.9935343370659161
3.4,0.015881482511758804,Empty,0.5133,0.25825,0.07306,-0.02597,-0.10144,-0.05164,0.99828,-0.01427,-0.05034,-0.02644,0.9945249615353347,-0.025832609742989954,-0.10125599812854236,-0.03115639474673154,-0.9981944207928035,-0.05135345523433865,-0.09974657863569467,0.05422706493980436,-0.9935341189302396
3.466,0.015881482511758804,Empty,0.5133,0.25826,0.07308,-0.02594,-0.10141,-0.05166,0.99828,-0.01426,-0.05033,-0.02645,0.9945278568989728,-0.02580626663832747,-0.10123427509558137,-0.0311299865352902,-0.9981946182951145,-0.051365629996946355,-0.09972595344366955,0.054235971539763936,-0.9935357032341056
3.533,0.015881482511758804,Empty,0.5133,0.25825,0.07306,-0.02597,-0.10144,-0.05164,0.99828,-0.01427,-0.05034,-0.02644,0.9945234589809991,-0.025834548449532035,-0.10127026040688145,-0.03115869753661149,-0.9981945663429694,-0.05134922873026483,-0.09976083953280844,0.05422346198630136,-0.9935328837365823
3.6,0.015881482511758804,Empty,0.5133,0.25826,0.07307,-0.02597,-0.10142,-0.05164,0.99828,-0.01427,-0.05033,-0.02644,0.9945262562216999,-0.025825664210010035,-0.1012450529841398,-0.031149624978985768,-0.9981942215503558,-0.051361434239593134,-0.09973578369531176,0.05423404033991307,-0.9935348218955844
3.667,0.015881812199950218,Empty,0.5133,0.25825,0.07307,-0.02597,-0.10144,-0.05164,0.99828,-0.01427,-0.05034,-0.02644,0.9945252727872683,-0.02583160088791514,-0.10125319838393534,-0.031155336912554732,-0.9981943984052454,-0.05135453216859581,-0.09974380566869458,0.05422795762296062,-0.9935343485973539
3.733,0.015881812199950218,Empty,0.5133,0.25825,0.07306,-0.02597,-0.10144,-0.05164,0.99828,-0.01427,-0.05034,-0.02644,0.9945240645995486,-0.025828250235518546,-0.1012659193517947,-0.031152564994313015,-0.9981945391213215,-0.05135347858371042,-0.09975671720073712,0.05422696338671328,-0.9935331065521612
3.8,0.015881482511758804,Empty,0.5133,0.25825,0.07307,-0.02597,-0.10144,-0.05164,0.99828,-0.01427,-0.05034,-0.02644,0.9945245621542989,-0.025834482611405363,-0.1012594429176916,-0.031158317425213078,-0.9981944354941701,-0.051352002918142764,-0.09974996003522954,0.05422590208264196,-0.993533842914419
3.866,0.015881482511758804,Empty,0.5133,0.25826,0.07307,-0.02597,-0.10144,-0.05164,0.99828,-0.01427,-0.05034,-0.02644,0.9945254225768767,-0.025824791577670148,-0.10125346408026772,-0.031149026373246735,-0.9981943343210156,-0.051359605580878764,-0.09974428306566209,0.05423238026672406,-0.9935340592683889
3.933,0.015881482511758804,Empty,0.5133,0.25825,0.07307,-0.02599,-0.10144,-0.05164,0.99828,-0.01428,-0.05034,-0.02644,0.9945241844314068,-0.025841732218572333,-0.10126130286041662,-0.03116560904847654,-0.9981942522477192,-0.051351140126138714,-0.09975144807812546,0.05422582093025809,-0.9935336979442401
4.0,0.015881482511758804,Empty,0.5133,0.25825,0.07306,-0.02597,-0.10144,-0.05164,0.99828,-0.01427,-0.05034,-0.02644,0.9945241244622167,-0.025829599253058,-0.10126498736032871,-0.031153638556377206,-0.9981946231442159,-0.051351194053059886,-0.09975578513229068,0.05422477412034862,-0.9935333196245799
4.067,0.015881482511758804,Empty,0.5133,0.25825,0.07307,-0.02597,-0.10144,-0.05164,0.99828,-0.01427,-0.05034,-0.02644,0.9945248607358061,-0.025837116223069778,-0.10125583836846508,-0.031161340806343862,-0.9981940451694751,-0.05135775527951891,-0.09974603860593181,0.054231832105098986,-0.9935339129435633
4.133,0.015881482511758804,Empty,0.5133,0.25826,0.07307,-0.02597,-0.10144,-0.05164,0.99828,-0.01427,-0.05034,-0.02644,0.9945250196739214,-0.02581990965200809,-0.10125866633601534,-0.0311446106976489,-0.9981943699915181,-0.05136159014017916,-0.09974967903245732,0.05423404818744384,-0.9935334264885725
4.2,0.015881812199950218,Empty,0.5133,0.25825,0.07307,-0.02599,-0.10144,-0.05164,0.99828,-0.01428,-0.05034,-0.02644,0.9945240964399682,-0.025842643910100993,-0.10126193438800385,-0.03116674771885891,-0.9981941198432178,-0.05135302276451163,-0.0997519695890446,0.05422782372693167,-0.9935335362719001
4.267,0.015881812199950218,Empty,0.5133,0.25826,0.07307,-0.02597,-0.10144,-0.05164,0.99828,-0.01427,-0.05034,-0.02644,0.9945254315859942,-0.025821026199777275,-0.10125433588090238,-0.0311455565151722,-0.9981943084943168,-0.051362211779794664,-0.09974527677064415,0.05423464847809637,-0.9935338356927785
4.333,0.015881812199950218,Empty,0.5133,0.25825,0.07307,-0.02597,-0.10144,-0.05164,0.99828,-0.01427,-0.05034,-0.02644,0.9945246416516962,-0.025831664884793548,-0.10125938098193621,-0.031155727522255428,-0.9981943925270098,-0.051354409452284575,-0.09974997639159706,0.05422803534071319,-0.9935337248392536
4.4,0.015881482511758804,Empty,0.5133,0.25825,0.07307,-0.02597,-0.10144,-0.05164,0.99828,-0.01427,-0.05034,-0.02644,0.9945251181461744,-0.0258290498265884,-0.10125536806211097,-0.03115337077788033,-0.9981942160996493,-0.05135926824228225,-0.09974596165015327,0.0542325283410465,-0.9935338826654196
4.466,0.015881482511758804,Empty,0.5133,0.25826,0.07307,-0.02597,-0.10144,-0.05164,0.99828,-0.01427,-0.05034,-0.02644,0.9945249806052361,-0.02583209025716121,-0.10125594335692423,-0.031156669766945755,-0.9981940025233043,-0.05136141796659203,-0.09974630259407237,0.05423501119619456,-0.9935337129052846
4.533,0.015881482511758804,Empty,0.5133,0.25825,0.07307,-0.02597,-0.10144,-0.05164,0.99828,-0.01427,-0.05034,-0.02644,0.9945246054903674,-0.025833845286518442,-0.1012591798897327,-0.031157938087164383,-0.9981943065493558,-0.051354739475608105,-0.09974964645744597,0.05422857927480106,-0.9935337282757194
4.6,0.015881482511758804,Empty,0.5133,0.25825,0.07307,-0.02597,-0.10144,-0.05164,0.99828,-0.01427,-0.05034,-0.02644,0.994524555344913,-0.025831841843282244,-0.10126018350263023,-0.031155891369630317,-0.9981944169940377,-0.05135383447121367,-0.09975078570601051,0.05422750067001696,-0.993533672767117
4.667,0.015881482511758804,Empty,0.5133,0.25825,0.07307,-0.02597,-0.10144,-0.05164,0.99828,-0.01427,-0.05034,-0.02644,0.9945243294211175,-0.025835872503653934,-0.1012613740843533,-0.03116007299945167,-0.9981942501505725,-0.051354540373805616,-0.09975173201576613,0.05422865163648204,-0.993533514936232
4.733,0.015881482511758804,Empty,0.5133,0.25826,0.07307,-0.02597,-0.10144,-0.05164,0.99828,-0.01427,-0.05034,-0.02644,0.994525119608108,-0.025829169774311322,-0.1012553231057417,-0.031153439186884513,-0.9981942393424392,-0.051358775008737596,-0.09974592570780717,0.054232043409213754,-0.9935339127439755
4.8,0.015881482511758804,Empty,0.5133,0.25825,0.07307,-0.02597,-0.10144,-0.05164,0.99828,-0.01427,-0.05034,-0.02644,0.9945240091018155,-0.025833606220548977,-0.1012650981814236,-0.03115829314740093,-0.9981941567111721,-0.05135743642173768,-0.09975548149446416,0.05423145118207533,-0.9935329856700752
4.866,0.015881482511758804,Empty,0.5133,0.25825,0.07307,-0.02597,-0.10144,-0.05164,0.99828,-0.01427,-0.05034,-0.02644,0.9945243189985502,-0.02583826218645696,-0.10126086671391925,-0.031162838121903125,-0.998193961713308,-0.05135846881751325,-0.0997509721288884,0.05423282222303509,-0.99353336358326
4.933,0.015881812199950218,Empty,0.5133,0.25825,0.07307,-0.02597,-0.10144,-0.05164,0.99828,-0.01427,-0.05034,-0.02644,0.9945240019772108,-0.025838217355422632,-0.1012639917005381,-0.031162742062626703,-0.9981940786124434,-0.05135625502500578,-0.09975416281224005,0.054230691927626896,-0.9935331595144069
5.0,0.015881812199950218,Empty,0.5133,0.25825,0.07307,-0.02597,-0.10144,-0.05164,0.99828,-0.01427,-0.05034,-0.02644,0.9945240437516162,-0.025831742433837568,-0.10126523333684498,-0.031156523647412226,-0.9981941638981674,-0.051358370241343876,-0.09975568873072874,0.05423220669003411,-0.9935329236232624
5.067,0.015881482511758804,Empty,0.5133,0.25826,0.07307,-0.02597,-0.10144,-0.05164,0.99828,-0.01427,-0.05034,-0.02644,0.994524679672578,-0.0258346851626004,-0.10125823702151358,-0.03115909365601932,-0.9981940838179073,-0.05135836751167016,-0.09974854587757723,0.054232278888847095,-0.9935336368346224
5.133,0.015881482511758804,Empty,0.5133,0.25826,0.07307,-0.02597,-0.10144,-0.05164,0.99828,-0.01427,-0.05034,-0.02644,0.9945248831200737,-0.025831528682796145,-0.10125704410515615,-0.03115612957412539,-0.9981940382732208,-0.051361050863080675,-0.09974744330038712,0.0542346206929627,-0.9935336196995683
5.2,0.015881482511758804,Empty,0.5133,0.25825,0.07307,-0.02597,-0.10144,-0.05164,0.99828,-0.01427,-0.05034,-0.02644,0.9945243109881511,-0.025832173208121145,-0.10126249888724409,-0.031156566555212428,-0.9981942853624108,-0.051355983393529814,-0.09975301105246934,0.05422976578569679,-0.9935333257061861
5.266,0.015881482511758804,Empty,0.5133,0.25826,0.07307,-0.02597,-0.10144,-0.05164,0.99828,-0.01427,-0.05034,-0.02644,0.9945245881108382,-0.025834341155935137,-0.10125922407369202,-0.031158692385001463,-0.9981941527517786,-0.051357271160129225,-0.0997495841185528,0.05423117396108032,-0.9935335929091571
5.333,0.015881482511758804,Empty,0.5133,0.25825,0.07307,-0.02599,-0.10144,-0.05164,0.99828,-0.01428,-0.05034,-0.02644,0.9945236870891989,-0.025841492973125046,-0.1012662483724225,-0.031166080836778187,-0.9981940115559483,-0.051355532312679364,-0.09975625907070028,0.054230365430846514,-0.9935329668619238
5.4,0.015881482511758804,Empty,0.5133,0.25825,0.07307,-0.02597,-0.10144,-0.05164,0.99828,-0.01427,-0.05034,-0.02644,0.9945241519626056,-0.025837344795484884,-0.10126274130685944,-0.03116184761504648,-0.9981940809987291,-0.05135675138012104,-0.09975294690522833,0.05423106372755548,-0.9935332613006473
5.466,0.015881482511758804,Empty,0.5133,0.25825,0.07307,-0.02597,-0.10144,-0.05164,0.99828,-0.01427,-0.05034,-0.02644,0.9945240116640834,-0.025836457523453205,-0.10126434558232623,-0.031161001419194423,-0.9981941297263615,-0.051356317726103703,-0.09975460998936829,0.05423058954566464,-0.993533120204555
5.533,0.015881482511758804,Empty,0.5133,0.25825,0.07307,-0.02599,-0.10144,-0.05164,0.99828,-0.01428,-0.05034,-0.02644,0.9945243973298632,-0.02584094500189421,-0.10125941278262253,-0.03116535927553432,-0.9981939300992758,-0.05135755342877049,-0.09974940349144606,0.05423212585148436,-0.993533559085313
5.6,0.015881482511758804,Empty,0.5133,0.25825,0.07307,-0.02597,-0.10144,-0.05164,0.99828,-0.01427,-0.05034,-0.02644,0.9945241178519443,-0.02583470327487758,-0.10126375026390554,-0.03115909816284035,-0.9981942454641737,-0.05135522294652137,-0.09975414584111307,0.054229294932789544,-0.9935332374704947
5.667,0.01577838696539402,Empty,0.5133,0.25825,0.07307,-0.02597,-0.10144,-0.05164,0.99828,-0.01427,-0.05034,-0.02644,0.994524249670669,-0.025829046466868566,-0.10126389867867533,-0.031153459143710815,-0.9981944058268887,-0.05135552705684236,-0.09975459287859288,0.05422903774286696,-0.9935332066242725
5.733,0.01577838696539402,Empty,0.5133,0.25825,0.07307,-0.02597,-0.10144,-0.05164,0.99828,-0.01427,-0.05034,-0.02644,0.9945245103617175,-0.025832632638871256,-0.10126042356582994,-0.031157096738879952,-0.9981941751627281,-0.051357803632989724,-0.09975085770353169,0.054231575324212904,-0.9935334431337799
5.8,0.013873068615794182,Grasping,0.5133,0.25825,0.07307,-0.02597,-0.10144,-0.05164,0.99828,-0.01427,-0.05034,-0.02644,0.9945239903181919,-0.02583541192381128,-0.10126482198822997,-0.031160053096431994,-0.9981941208800329,-0.05135706505989132,-0.09975511902959404,0.05423125050434806,-0.9935330330170841
5.867,0.013873068615794182,Grasping,0.5133,0.25825,0.07307,-0.02599,-0.10144,-0.05164,0.99828,-0.01428,-0.05034,-0.02644,0.994524351695882,-0.025839875769372855,-0.10126013383414413,-0.0311644599768916,-0.9981938893139769,-0.05135889183564005,-0.0997501394396726,0.054233385994787754,-0.9935334164109964
5.933,0.013873068615794182,Grasping,0.5133,0.25826,0.07308,-0.02596,-0.10144,-0.05166,0.99828,-0.01427,-0.05034,-0.02645,0.9945252019513129,-0.02582423698480696,-0.10125577251619994,-0.031148962690833504,-0.9981941484791998,-0.05136325598294848,-0.0997465027305967,0.054236064809657494,-0.9935336352972544
6.0,0.012239609844982624,Grasping,0.5133,0.25825,0.07307,-0.02597,-0.10144,-0.05164,0.99828,-0.01427,-0.05034,-0.02644,0.9945238277578259,-0.025837908640862384,-0.10126578148115485,-0.031162507599938716,-0.998194097544566,-0.051356029317630336,-0.09975597296406001,0.05423049054043315,-0.9935329887596777
6.067,0.012239609844982624,Grasping,0.5133,0.25825,0.07307,-0.02599,-0.10144,-0.05164,0.99828,-0.01428,-0.05034,-0.02644,0.9945237206783174,-0.025838545642577038,-0.10126667056456795,-0.031163395975576547,-0.998193967165178,-0.05135802436146589,-0.09975676297587899,0.05423258682858455,-0.9935327950130558
6.133,0.010428194887936115,Grasping,0.5133,0.25826,0.07307,-0.02599,-0.10144,-0.05164,0.99828,-0.01428,-0.05034,-0.02644,0.9945239538095152,-0.025840995583192305,-0.10126375583770708,-0.03116570361063753,-0.9981938908433825,-0.051358107455426974,-0.0997537178131384,0.054232824287683105,-0.993533087799414
6.2,0.010428194887936115,Grasping,0.5133,0.25825,0.07307,-0.02599,-0.10144,-0.05164,0.99828,-0.01428,-0.05034,-0.02644,0.9945239918655195,-0.02584352609679763,-0.10126273629897592,-0.03116806453442078,-0.9981938801940957,-0.05135688168330907,-0.09975260075331371,0.05423181448134827,-0.9935332550755465
6.266,0.010428194887936115,Grasping,0.5133,0.25825,0.07307,-0.02599,-0.10144,-0.05164,0.99828,-0.01428,-0.05034,-0.02644,0.9945234509036043,-0.025839618775753526,-0.1012690461311351,-0.031164416184558008,-0.9981940311521064,-0.05135616161847921,-0.09975913375055893,0.05423089777821706,-0.9935326491663505
6.333,0.008414526470005512,Grasping,0.5133,0.25825,0.07307,-0.02597,-0.10144,-0.05164,0.99828,-0.01427,-0.05034,-0.02644,0.9945244143032702,-0.02583677866557571,-0.10126030921799077,-0.031161089275627496,-0.9981941338190743,-0.051356184869440234,-0.0997505682685238,0.054230361213750036,-0.9935335384639681
6.4,0.008414526470005512,Grasping,0.5133,0.25826,0.07307,-0.02597,-0.10144,-0.05164,0.99828,-0.01427,-0.05034,-0.02644,0.9945248322955463,-0.025832858942107406,-0.1012572039234348,-0.031157265958759506,-0.998194109165961,-0.051358983677137246,-0.09974759508624745,0.05423268226125752,-0.9935337102732142
6.467,0.008414526470005512,Grasping,0.5133,0.25825,0.07307,-0.02599,-0.10144,-0.05164,0.99828,-0.01428,-0.05034,-0.02644,0.9945238235313822,-0.02584149140766384,-0.1012649087806216,-0.031165968942317712,-0.9981940339749582,-0.05135516445973519,-0.09975493375470922,0.054229953518582355,-0.9935331224136243
6.533,0.006775486748665571,Grasping,0.5133,0.25825,0.07307,-0.02599,-0.10144,-0.05164,0.99828,-0.01428,-0.05034,-0.02644,0.9945244205669777,-0.02583878872353712,-0.101259734807164,-0.031163211394600543,-0.998193997818118,-0.05135754059004485,-0.09974984286449864,0.0542319068186163,-0.9935335269286711
6.6,0.006775486748665571,Grasping,0.5133,0.25825,0.07307,-0.02599,-0.10144,-0.05164,0.99828,-0.01428,-0.05034,-0.02644,0.9945241891988921,-0.025839198174532285,-0.10126190268794959,-0.03116361498971415,-0.9981940498558588,-0.051356284261348494,-0.09975202353365774,0.05423075391377862,-0.9935333709196102
6.667,0.005162056535482407,Grasping,0.5133,0.25825,0.07307,-0.02597,-0.10144,-0.05164,0.99828,-0.01427,-0.05034,-0.02644,0.9945238675553534,-0.025831876819760624,-0.10126692946224168,-0.03115663291880355,-0.9981942212277983,-0.051357189687446084,-0.09975741119287766,0.05423108746280219,-0.9935328117705511
6.733,0.005162056535482407,Grasping,0.5133,0.25825,0.07307,-0.02597,-0.10144,-0.05164,0.99828,-0.01427,-0.05034,-0.02644,0.9945241074728621,-0.025835087808822987,-0.10126375409403492,-0.031159598984541237,-0.9981941710771796,-0.051356364928459824,-0.09975409288058988,0.054230480962766496,-0.9935331780509989
6.8,0.005162056535482407,Grasping,0.5133,0.25825,0.07307,-0.02597,-0.10144,-0.05164,0.99828,-0.01427,-0.05034,-0.02644,0.9945241499560173,-0.0258308880923514,-0.10126440823221972,-0.0311549805666963,-0.9981945401984098,-0.05135199221037055,-0.09975511184971927,0.05422568707213953,-0.9935333373980988
6.867,0.0035634017549455166,Grasping,0.5133,0.25825,0.07307,-0.02599,-0.10144,-0.05164,0.99828,-0.01428,-0.05034,-0.02644,0.9945239563024968,-0.025842949190864606,-0.1012632328021761,-0.031167735882750458,-0.9981937760872239,-0.05135910455480843,-0.09975305800010544,0.05423400554861341,-0.9935330895656072
6.933,0.0035634017549455166,Grasping,0.5133,0.25825,0.07307,-0.02599,-0.10144,-0.05164,0.99828,-0.01428,-0.05034,-0.02644,0.9945238155029563,-0.025838872205553753,-0.10126565597766582,-0.031163334460084846,-0.9981941400778773,-0.05135470085120042,-0.09975583683559958,0.0542292485411008,-0.9935330702195557
7.0,0.0017723432974889874,Grasping,0.5133,0.25825,0.07307,-0.02599,-0.10144,-0.05164,0.99828,-0.01428,-0.05034,-0.02644,0.9945241287966857,-0.025842027143135382,-0.10126177400345679,-0.031166462225878155,-0.998193953336765,-0.051356432452451944,-0.09975173619299382,0.05423118249728469,-0.9935333763751624
7.066,0.0017723432974889874,Grasping,0.5133,0.25825,0.07307,-0.02599,-0.10144,-0.05164,0.99828,-0.01428,-0.05034,-0.02644,0.9945231504330836,-0.025841974130656864,-0.10127139589086666,-0.031166321583543377,-0.9981942726112395,-0.05135031183030833,-0.0997615339276886,0.05422533078874854,-0.9935327120177
7.133,0.0017723432974889874,Grasping,0.5133,0.25825,0.07307,-0.02599,-0.10144,-0.05164,0.99828,-0.01428,-0.05034,-0.02644,0.9945232231199439,-0.0258450139124507,-0.10126990634430134,-0.03116922794806737,-0.9981942141602244,-0.05134968399292865,-0.09975990128423211,0.05422495802596299,-0.9935328962962638
7.2,0.0004537566564977169,Grasping,0.5133,0.25825,0.07307,-0.02599,-0.10144,-0.05164,0.99828,-0.01428,-0.05034,-0.02644,0.9945240607212382,-0.025839872134039765,-0.1012629925226171,-0.0311642283978949,-0.9981940936026237,-0.0513550617291062,-0.09975311280808732,0.05422962755664976,-0.9935333230345945
7.267,0.0004537566564977169,Grasping,0.5133,0.25825,0.07307,-0.02599,-0.10144,-0.05164,0.99828,-0.01428,-0.05034,-0.02644,0.9945239342383629,-0.025844051976330273,-0.10126316805479238,-0.03116792311494032,-0.9981942396497718,-0.05134998051328492,-0.09975321947561176,0.0542249472794424,-0.9935335677755393
7.333,0.0004537566564977169,Grasping,0.5133,0.25825,0.07307,-0.02599,-0.10144,-0.05164,0.99828,-0.01428,-0.05034,-0.02644,0.9945235651338171,-0.025840914909249724,-0.10126759358341157,-0.031165261986485115,-0.9981941971651342,-0.05135242147325394,-0.09975773072216423,0.05422722436660282,-0.9935329905436749
7.4,0.00022556500334758312,Grasping,0.5133,0.25825,0.07307,-0.02599,-0.10144,-0.05164,0.99828,-0.01428,-0.05034,-0.02644,0.9945238672965513,-0.025847659240788856,-0.10126290480370123,-0.031171910224368382,-0.9981939199511344,-0.051353774793603285,-0.0997526410200517,0.05422911288561024,-0.9935333984950704
7.466,0.00022556500334758312,Grasping,0.5133,0.25825,0.07307,-0.02599,-0.10144,-0.05164,0.99828,-0.01428,-0.05034,-0.02644,0.9945236123403597,-0.025844714739430508,-0.10126616027834498,-0.0311691382488834,-0.9981940039257022,-0.051353825053222224,-0.09975604903114396,0.05422897054907474,-0.9935330640873928
7.533,0.0001740166626404971,Grasping,0.5133,0.25825,0.07307,-0.02597,-0.10144,-0.05164,0.99828,-0.01427,-0.05034,-0.02644,0.9945237094572675,-0.025837081299281306,-0.10126715438527473,-0.03116150078754426,-0.9981942579099312,-0.051353523192761985,-0.09975746686852366,0.05422793289049458,-0.9935329783647846
7.6,0.0001740166626404971,Grasping,0.5133,0.25825,0.07307,-0.02598,-0.10146,-0.05164,0.99828,-0.01428,-0.05035,-0.02644,0.9945227005577951,-0.02585191698566619,-0.10127327615613427,-0.031176340475570608,-0.9981939923620363,-0.051349677768124075,-0.09976288823897238,0.05422575034524748,-0.9935325531303507
7.667,0.0001740166626404971,Grasping,0.5133,0.25825,0.07307,-0.02599,-0.10144,-0.05164,0.99828,-0.01428,-0.05034,-0.02644,0.9945238019867826,-0.025840489500613295,-0.10126537603802918,-0.031164984864560763,-0.9981940667860154,-0.05135512390781881,-0.09975545599187272,0.05422982699183557,-0.9935330768848561
7.733,0.0001740166626404971,Grasping,0.5133,0.25825,0.07307,-0.02599,-0.10144,-0.05164,0.99828,-0.01428,-0.05034,-0.02644,0.9945231799543577,-0.02584660508817499,-0.10126992415761195,-0.03117090115277743,-0.9981941233948521,-0.05135043272754899,-0.09975980881495468,0.05422587044390054,-0.9935328557827391
7.8,0.00016613666957709938,Grasping,0.5133,0.25825,0.07307,-0.02597,-0.10144,-0.05164,0.99828,-0.01427,-0.05034,-0.02644,0.9945241321369798,-0.025832675971036945,-0.10126412715943324,-0.03115684223380022,-0.9981944397752369,-0.05135281476042616,-0.09975470805533214,0.05422668396625387,-0.9935333235311332
7.867,0.00016613666957709938,Grasping,0.5133,0.25825,0.07307,-0.02599,-0.10144,-0.05164,0.99828,-0.01428,-0.05034,-0.02644,0.9945231334750705,-0.02584132545447393,-0.101271727948539,-0.03116615367338149,-0.9981940396269717,-0.05135494249237176,-0.09976175543831473,0.05422992856295865,-0.9935324388261928
7.933,0.00016055500600486994,Grasping,0.5133,0.25825,0.07307,-0.02599,-0.10144,-0.05164,0.99828,-0.01428,-0.05034,-0.02644,0.9945231651440807,-0.025844904987250894,-0.10127050349435257,-0.031169377413050647,-0.9981940936634754,-0.051351935572435226,-0.09976043255460801,0.05422722804599836,-0.9935327190560788
8.0,0.00016055500600486994,Grasping,0.5133,0.25825,0.07307,-0.02599,-0.10144,-0.05164,0.99828,-0.01428,-0.05034,-0.02644,0.9945236135248627,-0.025841494194226544,-0.10126697052474326,-0.03116594461346628,-0.9981941065089239,-0.05135376935728547,-0.09975703502911362,0.05422861706387763,-0.9935329843812633
8.067,0.0001569433370605111,Grasping,0.51329,0.25824,0.07306,-0.02599,-0.10146,-0.05162,0.99828,-0.01428,-0.05035,-0.02643,0.9945216911198309,-0.025839270709274498,-0.10128641558158014,-0.031163418053848868,-0.9981948820700706,-0.05134022579147156,-0.09977698766425444,0.054215399088552885,-0.9935317021788062
8.133,0.0001569433370605111,Done,0.51324,0.25824,0.07302,-0.02594,-0.10161,-0.05158,0.99828,-0.01426,-0.05043,-0.02641,0.994507942568688,-0.025798877243207452,-0.10143160306721342,-0.03112504507721653,-0.9981990345077383,-0.05128273663485415,-0.09992589122312638,0.054158152117741956,-0.9935198592994783
8.2,0.0001569433370605111,Done,0.51333,0.25818,0.07308,-0.02607,-0.10146,-0.05158,0.99828,-0.01432,-0.05035,-0.02641,0.994519573714245,-0.025929853930169222,-0.10128405686185823,-0.03124979479825163,-0.9981944403463412,-0.05129629213424317,-0.09977107709302953,0.054180272579736406,-0.9935342119116393
8.267,0.00015398833784274757,Done,0.51468,0.25671,0.07343,-0.02904,-0.10007,-0.05126,0.9983,-0.01578,-0.04962,-0.02632,0.9945778420970887,-0.028890535269981976,-0.09990121611528281,-0.034114619065960305,-0.9981165574278604,-0.05098559163470614,-0.09824005687845937,0.05411723163808846,-0.9936902014533235
8.333,0.00015398833784274757,Done,0.51798,0.25223,0.07439,-0.03721,-0.0965,-0.04942,0.99834,-0.01977,-0.04775,-0.02557,0.9946586091091377,-0.03703078775750035,-0.09634818152479291,-0.041914514767820654,-0.9979106747251282,-0.049167659303828895,-0.09432616167773218,0.05294342289367198,-0.994132571237583
8.4,0.00015398833784274757,Done,0.52268,0.2443,0.07645,-0.04636,-0.0903,-0.04565,0.99843,-0.02418,-0.04458,-0.02384,0.9948561459381953,-0.04616588080735706,-0.09016629269456342,-0.05041699742417349,-0.9976934485511988,-0.0454522726466757,-0.08785997530008571,0.049764386535932854,-0.9948890041471816
8.467,0.00015201832866296172,Done,0.53028,0.23226,0.08093,-0.06173,-0.07838,-0.0403,0.99853,-0.03162,-0.03853,-0.02133,0.995030285588355,-0.0615120468133048,-0.078300695136088,-0.06479914209131743,-0.997090147063019,-0.04015357784901014,-0.07560292286800843,0.04502784390446713,-0.9961208216512337
8.533,0.00015201832866296172,Done,0.53969,0.21739,0.08785,-0.07918,-0.06194,-0.03512,0.99856,-0.0401,-0.03024,-0.01876,0.9949557332438815,-0.07894390550093816,-0.06189465784208564,-0.08121255593951815,-0.9960809108874281,-0.03503340867575019,-0.05888641305853602,0.03988331417937134,-0.9974676494038135
8.6,0.00015201832866296172,Done,0.55056,0.19914,0.09737,-0.08907,-0.04068,-0.02995,0.99868,-0.04481,-0.01965,-0.01586,0.9952122310357618,-0.08887732288056249,-0.04066247255646714,-0.0901236721908582,-0.9954811517054686,-0.029916555784191362,-0.03781982162379788,0.03343797357403979,-0.9987249686553379
8.667,0.00015070500376168638,Done,0.5607,0.17843,0.10801,-0.08814,-0.02004,-0.02354,0.9989,-0.04417,-0.00949,-0.0122,0.9959183466370598,-0.08800584873105821,-0.020040394727437533,-0.08846891243299398,-0.9958010423778111,-0.02352733584976786,-0.01788570279940567,0.02520425734653998,-0.9995223094293497
8.733,0.00015070500376168638,Done,0.56832,0.15464,0.11768,-0.07832,-0.00557,-0.01393,0.9992,-0.03917,-0.00251,-0.00707,0.9969191889832625,-0.07823803573702487,-0.005562409636693478,-0.07830889662318546,-0.9968318359533798,-0.013928658925893648,-0.004455036095656919,0.014321333521242024,-0.9998875197038712
