time,gr,gr_state,tx,ty,tz,rx,ry,rz,qw,qx,qy,qz,xx,xy,xz,yx,yy,yz,zx,zy,zz
0.0,0.03999888151884079,Empty,0.30775,0.00152,0.48525,0.0071,0.00052,-0.00474,0.99999,0.00355,0.00025,-0.00237,0.9999746382171417,0.007103419389361709,0.0005141551081069918,0.007105780490646363,-0.9999634905777954,-0.004746092612856481,0.0004804228503113565,0.004749625716822564,-0.9999886050597951
0.067,0.03999888151884079,Empty,0.30775,0.00152,0.48525,0.0071,0.00052,-0.00476,0.99999,0.00355,0.00025,-0.00238,0.9999746838310635,0.007097400383571151,0.0005085319655284558,0.007099736170134763,-0.9999635202535218,-0.004748884974265975,0.0004748086763734845,0.004752375193481038,-0.9999885946783299
0.133,0.03999888151884079,Empty,0.30775,0.00152,0.48525,0.0071,0.00052,-0.00476,0.99999,0.00355,0.00025,-0.00238,0.999974708059294,0.0070938941769493336,0.0005098108819622657,0.007096239566597606,-0.999963510272253,-0.004756207313297136,0.0004760522477378845,0.004759704759735847,-0.9999885592269832
0.2,0.03999888151884079,Empty,0.30775,0.00155,0.48525,0.00716,0.0005,-0.00472,0.99999,0.00358,0.00024,-0.00236,0.9999742569119641,0.0071577024619309815,0.0005028009860906096,0.007160000594456761,-0.99996318904877,-0.004728100982513675,0.00046894013746522187,0.004731579321953142,-0.9999886960622444
0.267,0.03999888151884079,Empty,0.30775,0.00154,0.48525,0.00714,0.0005,-0.00474,0.99999,0.00357,0.00024,-0.00237,0.9999743398999041,0.007146192067323809,0.0005014785021906516,0.007148491224666931,-0.9999631989308143,-0.004743401444462846,0.00046756278947104353,0.0047468645429792535,-0.9999886242663206
0.333,0.03999888151884079,Empty,0.30776,0.0016,0.48523,0.00732,0.00048,-0.00472,0.99999,0.00366,0.00023,-0.00236,0.9999730882723299,0.00732067628510763,0.00048003106970928664,0.007322860410015619,-0.9999620570246398,-0.0047180744447534,0.00044547336020322635,0.004721462673734767,-0.9999887546086236
0.4,0.039999209344387054,Empty,0.30794,0.00186,0.48486,0.00848,-0.0007,-0.00452,0.99999,0.00424,-0.00036,-0.00226,0.9999638392898951,0.008475790072185907,-0.0006936103121696995,0.008472562374392478,-0.9999538412026998,-0.0045311312911363085,-0.0007319832135651379,0.004525090785577862,-0.9999894938217888
0.467,0.039999209344387054,Empty,0.30844,0.00219,0.48385,0.00961,-0.00394,-0.0047,0.99998,0.0048,-0.00198,-0.00234,0.9999460568497508,0.009612504842061498,-0.0039348622970033584,0.009593952191454813,-0.9999428986121963,-0.004706973166121339,-0.0039798834132563675,0.004668968376403213,-0.999981180454071
0.533,0.039999209344387054,Empty,0.30966,0.00303,0.48194,0.01184,-0.00923,-0.00451,0.99997,0.00591,-0.00463,-0.00223,0.9998872793053588,0.011835582831321856,-0.009238379856321501,0.01179422398988822,-0.9999202362325393,-0.004518567598097326,-0.009291122849424946,0.004409098740689762,-0.9999471160438893
0.6,0.03999888151884079,Empty,0.31168,0.00423,0.47859,0.0152,-0.01877,-0.0037,0.99993,0.00758,-0.0094,-0.00178,0.9997081547994545,0.015195993122948226,-0.018779963271451545,0.015129088578855643,-0.9998787047895261,-0.0036995117506105164,-0.01883390310697426,0.0034143083380202928,-0.9998167965144065
0.666,0.03999888151884079,Empty,0.314,0.00614,0.47378,0.02077,-0.03373,-0.00285,0.9998,0.01036,-0.01688,-0.00125,0.9992158245584912,0.020755784575622382,-0.033718442409827805,0.02067144742464949,-0.9997822665572024,-0.0028479359391143638,-0.03377021192211355,0.0021486936481760867,-0.9994273139665245
0.733,0.039999209344387054,Empty,0.31643,0.00833,0.46821,0.02716,-0.05118,-0.00212,0.99958,0.01355,-0.0256,-0.00071,0.9983215110807493,0.027127201386444755,-0.05116908694112815,0.027054308033392704,-0.99963172402791,-0.002116774390911961,-0.05120766476108598,0.0007288771686595194,-0.9986877609181909
0.8,0.039999209344387054,Empty,0.32022,0.011,0.46236,0.03436,-0.06521,-0.0006,0.99932,0.01716,-0.0326,0.00026,0.9972862743238227,0.03427661433820506,-0.06515520512452753,0.03431009629307319,-0.9994110520162713,-0.000605309912164155,-0.06513758007225433,-0.0016318140947040127,-0.9978749585219037
0.867,0.039999209344387054,Empty,0.3254,0.0145,0.45716,0.04206,-0.07103,0.00195,0.99915,0.02105,-0.03548,0.00172,0.996595642761544,0.04194248629234404,-0.0709785367017493,0.042186127611167024,-0.9991078925946474,0.0019363863913581178,-0.07083399936386027,-0.004924103847284151,-0.9974759634875527
0.933,0.03999888151884079,Empty,0.33097,0.0181,0.45301,0.05052,-0.07031,0.00515,0.99906,0.02533,-0.03507,0.00346,0.9962576533165148,0.050360503194435635,-0.07024605274514745,0.0508463706038112,-0.9986932357249829,0.005144658743127514,-0.06989517010989171,-0.008697162477877147,-0.9975164282156673
1.0,0.03999888151884079,Empty,0.33709,0.02225,0.45016,0.05821,-0.06163,0.00865,0.99909,0.02922,-0.03067,0.00522,0.9964115921494714,0.058057108452914674,-0.06158986270680296,0.058697665257332,-0.9982384069114209,0.00864101037417702,-0.060979694353895865,-0.012225184049122775,-0.9980641370931382
1.067,0.03999888151884079,Empty,0.34317,0.02637,0.44856,0.06109,-0.04756,0.01356,0.99922,0.03069,-0.02356,0.0075,0.9970063584221578,0.06097369299488942,-0.04754503158430881,0.06168016966787715,-0.998004189072035,0.01353496451460173,-0.04662486391969245,-0.01642703129706095,-0.9987773899659701
1.133,0.03999888151884079,Empty,0.34936,0.03079,0.4479,0.06395,-0.02913,0.01976,0.99933,0.03211,-0.01424,0.01034,0.9975318410456733,0.06388883024436526,-0.029128052973650558,0.06447766954509687,-0.9977237997863442,0.019744606097167328,-0.02780029190606478,-0.02157398224495608,-0.9993806617400758
1.2,0.03999888151884079,Empty,0.35435,0.03541,0.44722,0.06639,-0.01425,0.02652,0.99933,0.03328,-0.00668,0.01349,0.9976955292100478,0.06633564761605953,-0.014255274449846759,0.0666962383633663,-0.9974209680573931,0.026514604798657103,-0.012459646161087171,-0.027404275849033658,-0.9995467787366085
1.267,0.03999888151884079,Empty,0.35854,0.04017,0.44598,0.06992,-0.00374,0.03319,0.99925,0.03498,-0.00129,0.01665,0.997549560872065,0.06986341736724999,-0.003738518118114594,0.06994917878053902,-0.9969986067716661,0.03317966972838804,-0.001409252240808874,-0.03335987123965193,-0.9994424110467772
1.333,0.03999888151884079,Empty,0.3628,0.04544,0.44395,0.07066,0.00476,0.04018,0.99917,0.03527,0.00309,0.01999,0.997492712330228,0.07060911648502266,0.004758310339784442,0.0703622809240051,-0.9967124880729947,0.04016672182929198,0.007578804078255987,-0.03973120673406272,-0.9991816616312562
1.4,0.03999888151884079,Empty,0.36682,0.05072,0.44117,0.06758,0.01047,0.04665,0.99915,0.03365,0.00602,0.02313,0.9976623624631134,0.06752923755740259,0.010469603594965658,0.06697251226915396,-0.9966651216667914,0.04661885727125753,0.01358282462810482,-0.04580870362535644,-0.9988578825575171
1.467,0.03999888151884079,Empty,0.37083,0.05629,0.43777,0.06419,0.01479,0.05297,0.99911,0.03188,0.00824,0.02623,0.9978319609049957,0.0641279163058397,0.014798248097749545,0.06326302475839218,-0.9965915724356529,0.05294362519371061,0.018142973706379,-0.051892659408670654,-0.9984878489018207
1.533,0.03999888151884079,Empty,0.37515,0.06182,0.43415,0.06498,0.01972,0.05848,0.99901,0.03218,0.0108,0.0289,0.9976963563061585,0.06491177447360119,0.019708935742536543,0.06366377954848357,-0.9962588005673823,0.05844078597728447,0.02342869580273662,-0.05705141388895666,-0.9980963041642094
1.6,0.03999888151884079,Empty,0.37982,0.06749,0.43042,0.07013,0.02578,0.06312,0.99882,0.03463,0.01398,0.03108,0.9972108534856858,0.07004063623343271,0.025784161153033988,0.06830230141666854,-0.9956705857795121,0.06304665125658987,0.03008835840547358,-0.06110968736214791,-0.9976774512832113
1.667,0.039999209344387054,Empty,0.38442,0.0729,0.42648,0.08033,0.031,0.06674,0.99854,0.03961,0.01682,0.03271,0.9962955383533556,0.08021201438614511,0.03100375792244942,0.07801103687353622,-0.9947217038182992,0.06665590805574112,0.03618671556127747,-0.06399034849832,-0.9972942178293979
1.733,0.039999209344387054,Empty,0.38856,0.07841,0.42204,0.09227,0.03361,0.07087,0.9982,0.04549,0.01841,0.03461,0.9951829871403455,0.09209826025531215,0.03359661537064926,0.08955034691975078,-0.9934652301489426,0.07076419894029025,0.039894328832189026,-0.0674147383222207,-0.9969271265162643
1.8,0.039999209344387054,Empty,0.39229,0.08354,0.41709,0.10338,0.0336,0.07424,0.99787,0.051,0.01868,0.03619,0.994100374856974,0.10313032678062223,0.03359435082488846,0.10042605848317132,-0.9921794130371763,0.07412569812648583,0.04097623075342909,-0.07031463605343001,-0.9966828986542888
1.867,0.039999209344387054,Empty,0.39579,0.08874,0.4118,0.11374,0.03241,0.07685,0.99755,0.05617,0.01835,0.03743,0.9930168308290923,0.11343596233513181,0.03240148359640803,0.11068852104966126,-0.990887472288041,0.0767467821504979,0.04081206926859358,-0.07262437408831691,-0.9965239963444409
1.933,0.039999209344387054,Empty,0.39914,0.09372,0.40597,0.11916,0.02983,0.07846,0.99738,0.05891,0.01721,0.03826,0.9924670141120469,0.11882640565127389,0.029824674675802507,0.1161924343362769,-0.9901318913952488,0.0783463837396302,0.0388399807225561,-0.07429079998267839,-0.9964799711662073
2.0,0.039999209344387054,Empty,0.40251,0.09878,0.39983,0.11945,0.02747,0.07843,0.99739,0.0591,0.01604,0.03831,0.9924984869896456,0.11912938092354963,0.02747624290247048,0.1166705687862622,-0.9900776509198611,0.07832128400440855,0.03653398010556429,-0.07452808698592107,-0.9965494631717308
2.067,0.039999209344387054,Empty,0.40604,0.1043,0.39336,0.11919,0.02566,0.07563,0.99746,0.05903,0.01505,0.03697,0.9925765817330563,0.11888168398753379,0.025668552888890306,0.11665568381905678,-0.9902970429649403,0.07551965391607476,0.0343973956547559,-0.07196465734778179,-0.9968138779456205
2.133,0.039999209344387054,Empty,0.40919,0.10983,0.38728,0.11931,0.02433,0.072,0.99753,0.05914,0.01428,0.0352,0.9925973295242774,0.11898918482969895,0.02433341971111215,0.11697821930054564,-0.9905276731557648,0.07190983883933856,0.03265941871109839,-0.06853103389114994,-0.9971142661517101
2.2,0.03999888151884079,Empty,0.41228,0.11489,0.38155,0.12244,0.02341,0.06721,0.99752,0.06075,0.01373,0.03282,0.9922415751650606,0.12210045474853265,0.023412293013722267,0.12029734239565704,-0.9904643013767331,0.06714921526601264,0.031387990163451125,-0.06381180649770697,-0.9974682187543611
2.267,0.03999888151884079,Empty,0.41526,0.11996,0.37615,0.12716,0.02327,0.06087,0.99747,0.06315,0.01354,0.02963,0.991658272756945,0.1267752464539506,0.02327889514674169,0.12516967848065325,-0.9902688489525733,0.0608289271908983,0.030763966938006832,-0.05740769705088172,-0.9978767131552634
2.333,0.03999888151884079,Empty,0.41805,0.12462,0.37115,0.1305,0.0236,0.0533,0.99747,0.06486,0.01351,0.02582,0.9912206914764874,0.13009479783607897,0.023598397506282485,0.1286996965021372,-0.990252320542455,0.05326095925291382,0.030297341618242928,-0.0497562582623789,-0.9983017509022986
2.4,0.03999888151884079,Empty,0.42065,0.12872,0.3661,0.13228,0.02355,0.04885,0.99747,0.06578,0.01336,0.02359,0.9909884043188353,0.13186264388559538,0.023541997644843358,0.13060224930063008,-0.9902321390840343,0.048819700968708045,0.02974953752960244,-0.04530511971685602,-0.9985301253063006
2.467,0.03999888151884079,Empty,0.42289,0.13207,0.36082,0.12985,0.02166,0.04611,0.99759,0.06461,0.0123,0.0223,0.9913496187018749,0.12944979757210517,0.021649097167966383,0.12835288834017555,-0.9906570595650349,0.046088245667341765,0.027412945014746084,-0.042910840617492,-0.998702753677549
2.534,0.03999888151884079,Empty,0.42493,0.13506,0.35542,0.1231,0.01892,0.04351,0.99784,0.06129,0.01078,0.02113,0.9922548598259269,0.12276985752833969,0.018917061989146357,0.12185915428290123,-0.9915944573658586,0.043483084512996165,0.024096465908637045,-0.040841084752727366,-0.9988750503075619
2.6,0.03999888151884079,Empty,0.42674,0.13761,0.34968,0.11665,0.0144,0.04125,0.99807,0.05813,0.00839,0.02017,0.9931005043269522,0.11637903265973026,0.014398231236439922,0.11570211735481856,-0.9924271784832164,0.041247005314978956,0.019089482579797038,-0.03929651594006176,-0.999045231953893
2.667,0.03999888151884079,Empty,0.42858,0.14006,0.34407,0.11321,0.01053,0.03938,0.9982,0.05646,0.00637,0.01936,0.9935439323710906,0.1129582693101222,0.010530139745128071,0.11246490617096366,-0.9928751930841735,0.03937633601570129,0.014902997300754818,-0.03793784854900234,-0.9991689648497529
2.733,0.03999888151884079,Empty,0.43062,0.14244,0.3389,0.11174,0.00854,0.0371,0.99826,0.05575,0.0053,0.01828,0.9937283473806713,0.11149435377153438,0.008542873588425029,0.11110677813337216,-0.9931160282719298,0.0370922935690018,0.012619645989545654,-0.035910492428472295,-0.9992753279595384
2.8,0.03999888151884079,Empty,0.43275,0.14544,0.33413,0.11077,0.00883,0.03438,0.99831,0.05527,0.00536,0.01692,0.9938323324154159,0.11054071304987695,0.008834353635630128,0.11017781373545271,-0.9933171509957355,0.03437858196887602,0.01257554794871613,-0.033193196533923025,-0.9993698350949212
2.867,0.03999888151884079,Empty,0.43513,0.14877,0.32952,0.10648,0.01117,0.03126,0.99845,0.05312,0.00641,0.01531,0.9942755003320607,0.1062617092903847,0.011165956211446785,0.10586933043092145,-0.9938886401463889,0.031257892796392614,0.014419234152289262,-0.02989682469173228,-0.9994489809689202
2.933,0.03999888151884079,Empty,0.43728,0.15245,0.32487,0.10248,0.01336,0.02808,0.99857,0.05112,0.00739,0.01368,0.9946634946127104,0.10230345091974069,0.013361751933874781,0.10189898388378338,-0.994398388695922,0.0280792030229915,0.01615950396152787,-0.026567809259819476,-0.9995163940340605
3.0,0.03999888151884079,Empty,0.43881,0.15598,0.31992,0.09945,0.01283,0.02549,0.99867,0.04962,0.00704,0.01241,0.9949768240310959,0.09928063898579836,0.012824755887158736,0.09893117082295161,-0.9947676650365589,0.02549345087100557,0.01528865856095914,-0.0240966246657908,-0.9995927218618202
3.067,0.03999888151884079,Empty,0.43938,0.15922,0.31483,0.09901,0.00847,0.02395,0.9987,0.04943,0.00482,0.01175,0.9950674840398344,0.09883778737296028,0.008473133650057384,0.09861107974656086,-0.9948378983942641,0.02394599903326537,0.010796164034119787,-0.02299234015278259,-0.9996773455152653
3.134,0.03999888151884079,Empty,0.43986,0.16238,0.30958,0.09925,0.00351,0.02248,0.99871,0.04958,0.00231,0.01114,0.9950735226802612,0.09907773049942414,0.003505392956481326,0.09897492859229828,-0.9948361368505643,0.02247274630290473,0.005713840288750132,-0.022015088810375564,-0.9997413104867808
3.2,0.03999888151884079,Empty,0.44103,0.16544,0.30447,0.09854,0.00158,0.0203,0.99873,0.04924,0.00129,0.0101,0.9951467772665729,0.0983889535226477,0.0015828836570953662,0.0983368518984104,-0.9949462672618785,0.020292580426457922,0.003571449938570359,-0.02003844021805211,-0.9997928313700613
3.267,0.03999888151884079,Empty,0.44265,0.16888,0.29935,0.10096,0.00201,0.01736,0.99869,0.05045,0.00144,0.00862,0.9949054749639668,0.10079228629869769,0.0020027254941529923,0.10074271787810052,-0.9947610856563549,0.017357628245908786,0.0037417484224634254,-0.017067439364799073,-0.9998473392634857
3.333,0.03999888151884079,Empty,0.44446,0.17242,0.29419,0.10424,0.00356,0.01421,0.99862,0.05208,0.00215,0.007,0.9945653175110889,0.10405321984224347,0.0035716445132644254,0.10399291986422998,-0.9944765777021833,0.014205950157053351,0.005030091667079716,-0.013757319586845028,-0.9998927114123826
3.4,0.03999888151884079,Empty,0.44681,0.17573,0.28919,0.10344,0.00696,0.01057,0.99864,0.05168,0.00375,0.0051,0.9946301823536097,0.10325863853573847,0.006960884927283865,0.10318222602438837,-0.9946063582209996,0.010565056507758115,0.008014273758565588,-0.00979008447899088,-0.9999199596277781
3.467,0.03999888151884079,Empty,0.44884,0.17876,0.2839,0.09903,0.00908,0.007,0.99876,0.04948,0.00471,0.00327,0.9950587221867895,0.09887193523171373,0.009081840316233731,0.09881039941569492,-0.9950817102771713,0.006992484477658224,0.009728533666725749,-0.006060552400172904,-0.9999343105110957
3.533,0.03999888151884079,Empty,0.45059,0.18148,0.27827,0.09586,0.00965,0.00371,0.99884,0.0479,0.00491,0.00162,0.9953635883630854,0.09569851060931572,0.009649975550281159,0.09566677030036802,-0.9954065401084408,0.00369986075946242,0.009959719938778958,-0.002759524687609333,-0.9999465930749699
3.6,0.03999888151884079,Empty,0.45221,0.18391,0.27224,0.09364,0.00886,0.00062,0.99889,0.0468,0.00444,0.0001,0.9955804588274589,0.09349324009912685,0.008863636763423301,0.09349138467931928,-0.9956198929178443,0.000624353268467874,0.008883185895297668,0.00020707976081538873,-0.9999605222839163
3.667,0.03999888151884079,Empty,0.45381,0.18602,0.26636,0.09154,0.00808,-0.00239,0.99894,0.04576,0.00398,-0.00138,0.9957800779043282,0.09141629277286273,0.008068324765161854,0.09143816832355506,-0.9958079006629985,-0.0023846070504432116,0.007816509609991602,0.003112297032427508,-0.9999646072660267
3.733,0.03999888151884079,Empty,0.45502,0.18811,0.26042,0.09354,0.00586,-0.00495,0.9989,0.04676,0.00281,-0.00261,0.9956109161598333,0.09340555318362248,0.005857154414785993,0.09343490463445336,-0.9956130605602069,-0.004955021482102304,0.005368632910506213,0.005480536141562368,-0.9999705703190838
3.8,0.03999888151884079,Empty,0.45613,0.19014,0.25465,0.09603,0.00318,-0.00736,0.99884,0.048,0.00141,-0.00375,0.9953886449054565,0.09587167934638191,0.003172805159998493,0.09589280779775411,-0.9953644610901109,-0.007359280634378511,0.0024525509050269258,0.007629593573520495,-0.9999678866323463
3.867,0.03999888151884079,Empty,0.45778,0.19187,0.24952,0.09746,0.00066,-0.00988,0.9988,0.04871,9e-05,-0.00495,0.9952552071258394,0.09729666474330845,0.0006570530651780516,0.09729839490708042,-0.99520612256463,-0.009889183908713958,-0.0003082813780358933,0.009906191987983199,-0.9999508849553009
3.933,0.03999888151884079,Empty,0.45992,0.19325,0.24512,0.09784,-0.00295,-0.01222,0.99878,0.04889,-0.00177,-0.00603,0.9952132362943238,0.09768267384262769,-0.002951192222399533,0.09763988178524641,-0.9951466892868523,-0.012227848804258687,-0.004131318136113469,0.011881162921683308,-0.9999208819592111
4.0,0.03999888151884079,Empty,0.46225,0.19457,0.24195,0.09822,-0.00828,-0.014,0.99876,0.04906,-0.00448,-0.00679,0.9951457102863734,0.09806349620953592,-0.00828045951570074,0.09794189899581618,-0.9950936912057484,-0.013997504906651425,-0.009612477293714785,0.013118553033040874,-0.999867743177365
4.067,0.03999888151884079,Empty,0.46517,0.19625,0.23958,0.0994,-0.01209,-0.01622,0.99872,0.04963,-0.00644,-0.0078,0.9949908133840756,0.09923304177139541,-0.012086550462886418,0.09903215462839932,-0.9949520446384588,-0.016219162105581806,-0.01363501488639491,0.014940960161476542,-0.9997954061099207
4.133,0.03999888151884079,Empty,0.46821,0.19844,0.23776,0.10115,-0.01467,-0.01869,0.99865,0.05048,-0.0078,-0.00896,0.9947811503974004,0.10097050445264077,-0.014677194711663457,0.10069095552237223,-0.9947423679405412,-0.018680281048110585,-0.01648618482294926,0.01710493071088089,-0.9997177737018382
4.2,0.03999888151884079,Empty,0.47081,0.20123,0.23586,0.10358,-0.0178,-0.02099,0.99857,0.05167,-0.00943,-0.01002,0.9944813912660457,0.10339099551081071,-0.017806304300259878,0.10301293980935605,-0.9944586807445532,-0.02098252900955224,-0.019877038446004518,0.01903245488858989,-0.9996212627808241
4.267,0.03999888151884079,Empty,0.47283,0.20424,0.2334,0.10635,-0.02154,-0.02312,0.99847,0.05302,-0.01137,-0.01097,0.9941202025064009,0.10611820996248628,-0.021539463386780703,0.10561925198692607,-0.9941379309266425,-0.023115966400220466,-0.023866222540548706,0.020705067187806795,-0.9995007271705175
4.333,0.03999888151884079,Empty,0.47474,0.2075,0.2307,0.10823,-0.02568,-0.02523,0.99838,0.05392,-0.0135,-0.0119,0.9938197400943289,0.10799615141830143,-0.025674023402579692,0.10735337505725079,-0.9939009309373041,-0.025222853640646622,-0.028241406881706888,0.022310776786018942,-0.9993521162115717
4.4,0.03999888151884079,Empty,0.4756,0.21111,0.22704,0.1089,-0.03186,-0.02668,0.99831,0.0542,-0.01663,-0.01245,0.9935723906483712,0.1086243289176454,-0.031853723620188165,0.10779609604555118,-0.9938154245317772,-0.026662776300706178,-0.0345529480452608,0.023057691339645078,-0.9991368458081542
4.467,0.03999888151884079,Empty,0.47645,0.21466,0.22321,0.10361,-0.0384,-0.02785,0.99839,0.0515,-0.01989,-0.01291,0.9939047176190874,0.10334349955563571,-0.03838663040846659,0.10231597016704819,-0.9943623844260894,-0.02783685842974365,-0.04104697970981032,0.023739619585330763,-0.9988751553215478
4.533,0.03999888151884079,Empty,0.47763,0.21784,0.21961,0.09208,-0.04447,-0.02882,0.9986,0.04569,-0.02287,-0.01337,0.9947791844295908,0.09185775016321496,-0.04445815966220899,0.0906345075620345,-0.9954678820736578,-0.028793780557153058,-0.04690160194050521,0.024614010131190717,-0.9985962098068848
4.6,0.03999888151884079,Empty,0.47886,0.22111,0.21614,0.07837,-0.04972,-0.02972,0.99883,0.03879,-0.02542,-0.01387,0.9956988097829463,0.07819343883877938,-0.04969573743682855,0.07678314308545031,-0.9966058525884319,-0.029683724907831412,-0.05184813530632896,0.025740254642303093,-0.9983231992477215
4.667,0.03999888151884079,Empty,0.48004,0.22447,0.21305,0.06451,-0.05404,-0.03053,0.99901,0.03182,-0.02749,-0.01438,0.9964639716089922,0.06436306213203413,-0.054008791119793266,0.06278161985072533,-0.9975615725216387,-0.03048568905362891,-0.05583924689815043,0.02698713139893574,-0.9980749837786258
4.733,0.03999888151884079,Empty,0.48185,0.22803,0.21071,0.05288,-0.05492,-0.03238,0.99915,0.02598,-0.02787,-0.01545,0.9970967499632902,0.05277884625015017,-0.05488592352458726,0.051056965050870484,-0.9981727736691,-0.03231563438229497,-0.05649121641846669,0.02941950533640867,-0.9979695562357215
4.8,0.03999854996800423,Empty,0.4844,0.23162,0.20877,0.04509,-0.05015,-0.03623,0.99928,0.02208,-0.02547,-0.01754,0.9977274204718042,0.04502686253982313,-0.050125603123551236,0.043239908415316275,-0.998409354783762,-0.03618108069844451,-0.05167499161988282,0.03393142982681638,-0.9980873475357722
4.867,0.03999854996800423,Empty,0.48761,0.23529,0.20739,0.039,-0.04155,-0.04159,0.99939,0.01906,-0.02117,-0.02038,0.9983766068564873,0.03896697030417123,-0.04154185969646558,0.037240867310709413,-0.9984423462903002,-0.041545143353541494,-0.043096040231941544,0.039930644367878895,-0.9982726456017378
4.933,0.03999854996800423,Empty,0.48993,0.23841,0.2056,0.0336,-0.03398,-0.04637,0.99945,0.0164,-0.01737,-0.02289,0.998858924074716,0.03357312250526401,-0.033966089582809215,0.03198294028582821,-0.998414337034788,-0.04632389377047642,-0.03546746857296174,0.045184699275659365,-0.9983488376436335
5.0,0.03999854996800423,Empty,0.49152,0.24097,0.20334,0.02701,-0.02876,-0.05016,0.9995,0.01314,-0.01471,-0.02488,0.9992217787180391,0.02700630776624674,-0.02874884826200922,0.025542731773401328,-0.9984168607383583,-0.05011328214070129,-0.030056709552267157,0.049339958798079765,-0.9983296863645268
5.067,0.03999854996800423,Empty,0.4935,0.24302,0.2011,0.01811,-0.02368,-0.05409,0.99953,0.00873,-0.01208,-0.02693,0.9995555415732744,0.018104624346902465,-0.02368421177527011,0.016802823344954643,-0.9983965981897496,-0.054054582144104156,-0.02462487437118311,0.053632595503042765,-0.9982570612130977
5.133,0.03999822214245796,Empty,0.4956,0.24441,0.19811,0.00756,-0.01979,-0.05795,0.99953,0.00349,-0.01,-0.02893,0.9997757000492384,0.007563731706758503,-0.019782304054965397,0.006406917110653276,-0.9983017951083392,-0.0579005811422032,-0.02018665411087593,0.05776085046236608,-0.9981263362669436
5.2,0.03999822214245796,Empty,0.4972,0.24535,0.19367,-0.00152,-0.01762,-0.06144,0.99949,-0.00103,-0.00878,-0.03072,0.9998435627319715,-0.0015232772141061668,-0.017621852625842083,-0.0026024745297293927,-0.998110943218594,-0.061382181075703784,-0.017495061867853663,0.0614184390376161,-0.9979587657595993
5.267,0.03999822214245796,Empty,0.49841,0.24624,0.18782,-0.0105,-0.01689,-0.06477,0.99942,-0.00552,-0.00827,-0.03242,0.9998022148149777,-0.010488839469817268,-0.016897203840932143,-0.011561848222308213,-0.9978371710992464,-0.06470937828736664,-0.016181931799075046,0.0648919426371997,-0.9977610840597163
5.333,0.03999822214245796,Empty,0.49976,0.24704,0.18121,-0.02042,-0.01617,-0.06821,0.99933,-0.01048,-0.00773,-0.03418,0.9996608909333919,-0.020413615893594472,-0.016167480459429995,-0.02147060645231713,-0.99744369344272,-0.06815490789308058,-0.014734863312124251,0.06847892155615004,-0.997543743955963
5.4,0.03999822214245796,Empty,0.50152,0.24794,0.17453,-0.02903,-0.01345,-0.07267,0.99921,-0.01475,-0.00619,-0.03642,0.9994882770645492,-0.029028215202184737,-0.013436767941516173,-0.029929359604378425,-0.9969122289314976,-0.07259642718829248,-0.011287933566880745,0.07296143179111068,-0.9972708819707818
5.467,0.03999822214245796,Empty,0.50333,0.24918,0.16847,-0.03768,-0.0096,-0.07791,0.99905,-0.01901,-0.00406,-0.03903,0.9992442703701626,-0.037666434769319024,-0.009598324029218973,-0.03830040308715538,-0.9962311177597879,-0.07782441217538874,-0.00663078093158477,0.07813321764046322,-0.9969208760204519
5.533,0.03999822214245796,Empty,0.50485,0.25052,0.1631,-0.0449,-0.00588,-0.08269,0.99889,-0.02255,-0.00201,-0.04139,0.9989747269661409,-0.044887502945034574,-0.0058827682500617665,-0.04522032259315756,-0.9955560754342483,-0.0826028031638664,-0.0021487921014345193,0.08278413341526984,-0.9965651859999866
5.6,0.03999822214245796,Empty,0.50655,0.25173,0.15946,-0.0504,-0.00168,-0.08659,0.99874,-0.02521,0.00025,-0.04329,0.9987285805136834,-0.050382083839406955,-0.0016935445440627722,-0.05033965827092113,-0.9949804226907307,-0.08648628369482722,0.0026723155297742615,0.0864615758020531,-0.9962516020762704
5.667,0.03999822214245796,Empty,0.50753,0.2527,0.15695,-0.0554,-0.00183,-0.08785,0.99865,-0.02771,0.0003,-0.04392,0.9984643239802011,-0.055368019688076864,-0.0018374260748583726,-0.05531556819441441,-0.9946069504863939,-0.08773369910977724,0.0030301244345590297,0.08770060683927217,-0.9961422699122522
5.733,0.03999822214245796,Empty,0.5084,0.25382,0.1554,-0.0603,-0.00389,-0.08829,0.99857,-0.0302,-0.00061,-0.04417,0.9981752343685623,-0.06025883285093131,-0.0038825966451914024,-0.06036630850535174,-0.9942745460957878,-0.0881704927027866,0.0014526839650907993,0.08824398024488107,-0.9960978313699106
5.8,0.03999822214245796,Empty,0.50908,0.25492,0.15428,-0.06423,-0.00506,-0.08815,0.99851,-0.03219,-0.00111,-0.04412,0.9979253541835063,-0.0641824252570159,-0.005060016388406169,-0.06437858036046346,-0.9940338459486365,-0.08804607600190584,0.0006211831410351625,0.0881891682503561,-0.9961035512108244
5.867,0.03999822214245796,Empty,0.50978,0.25593,0.15315,-0.06708,-0.00543,-0.08665,0.99849,-0.03362,-0.00126,-0.04338,0.9977360221747527,-0.06703175361332708,-0.005438203970398556,-0.06725082774099433,-0.9939762337066668,-0.08653654138259095,0.0003952506198819538,0.0867063482902608,-0.9962338344701587
5.933,0.03999822214245796,Empty,0.5107,0.25689,0.15223,-0.06449,-0.00235,-0.08075,0.99866,-0.03226,0.00013,-0.04038,0.9979182571551808,-0.06444878703719192,-0.002346462401271933,-0.06442784309940042,-0.994657316485781,-0.08065900938434403,0.0028644493231584967,0.08064227558011589,-0.9967389920733188
6.0,0.03999822214245796,Empty,0.51135,0.25781,0.15113,-0.06315,0.00209,-0.07146,0.99886,-0.03151,0.00217,-0.03567,0.9980046092901468,-0.06310674712578912,0.0020828592902421075,-0.06279740887917823,-0.9954690992515347,-0.07139858453358347,0.006579154480825057,0.0711253182948213,-0.9974456896612356
6.067,0.03999822214245796,Empty,0.51107,0.25907,0.14955,-0.06627,0.0047,-0.06232,0.99897,-0.03304,0.00338,-0.03106,0.9977935475284642,-0.06622695640398141,0.004693267095280677,-0.06580743654454418,-0.9958866795301209,-0.06228244399432149,0.008798738886812428,0.06183616886527768,-0.9980475291357955
6.133,0.03999822214245796,Empty,0.51054,0.2603,0.14833,-0.07333,0.00593,-0.0562,0.99893,-0.03656,0.00399,-0.02797,0.9972950991524214,-0.07326165565995807,0.005934224172006442,-0.07281490092808807,-0.9957628247884333,-0.056163929458262915,0.010023742284926487,0.055579911652698266,-0.9984039252783833
6.2,0.03999822214245796,Empty,0.51087,0.26093,0.14758,-0.07919,0.00697,-0.05302,0.99886,-0.03948,0.00453,-0.02635,0.9968414090840125,-0.0791116187262823,0.006968279408006633,-0.07863423485345888,-0.9954939808554522,-0.05299425619419568,0.011129341598307595,0.052278923698487474,-0.9985705042171614
6.267,0.03999822214245796,Empty,0.51152,0.26116,0.14645,-0.07775,0.00747,-0.05049,0.99892,-0.03876,0.00471,-0.02508,0.9969513672298435,-0.07766673434467175,0.007473269350127123,-0.07719396270424184,-0.9957382759190971,-0.050461648721380495,0.011360611804012167,0.04973091840995995,-0.9986980385749942
6.333,0.03999822214245796,Empty,0.51124,0.26091,0.14369,-0.07169,0.00581,-0.04558,0.9991,-0.03576,0.00372,-0.02267,0.9974140874372357,-0.071633899848986,0.005807114100102876,-0.07129671903572393,-0.9964135793139703,-0.04557144734878167,0.009050747841324121,0.045039575388175684,-0.9989442029524801
6.4,0.0399978943169117,Empty,0.51141,0.26004,0.1406,-0.05797,0.0075,-0.03535,0.99942,-0.02891,0.00426,-0.01756,0.9982926172497513,-0.05792689536592294,0.007505007522107893,-0.05762750476617168,-0.9977122913080425,-0.03534479406193614,0.009535252438522332,0.03485195211349336,-0.9993469969909411
6.467,0.0399978943169117,Empty,0.51248,0.25957,0.13859,-0.0469,0.01163,-0.02554,0.99963,-0.02337,0.00611,-0.01263,0.9988326644256085,-0.046884177159985885,0.01162679699963455,-0.046575574698036415,-0.9985885484111183,-0.02552698226824505,0.012807197897560173,0.02495565896158121,-0.9996065179698488
6.533,0.0399978943169117,Empty,0.51381,0.2596,0.13699,-0.04795,0.0148,-0.01858,0.99964,-0.0239,0.00762,-0.00911,0.9987410434652054,-0.04793182025161585,0.014794211888417239,-0.047654098224866326,-0.9986909587842022,-0.018586440354890595,0.015665727573507912,0.017858036007857153,-0.9997177979457678
6.6,0.03999822214245796,Empty,0.51414,0.25985,0.13529,-0.05504,0.01508,-0.01468,0.99957,-0.02746,0.00774,-0.00713,0.9983724671831955,-0.05500228207977881,0.015072018330522298,-0.05478174368030053,-0.9983905166365201,-0.01467436027934551,0.015854883471190215,0.013824805831497849,-0.9997787242254341
6.667,0.03999822214245796,Empty,0.51449,0.26023,0.13399,-0.05718,0.01605,-0.011,0.99955,-0.02854,0.00818,-0.00527,0.9982370990378462,-0.05713924112741098,0.016056189706437178,-0.05696666212622681,-0.9983153914866282,-0.011008111876986785,0.016658136471461932,0.010074038131926068,-0.9998104921658978
6.734,0.03999822214245796,Empty,0.51481,0.26046,0.13286,-0.0543,0.01683,-0.00786,0.99959,-0.02711,0.00852,-0.0037,0.9983853932393816,-0.054252280352320714,0.016831418324616848,-0.05412631082646052,-0.9985032248317229,-0.007851909128821017,0.017232209450979624,0.006928208803369494,-0.9998275105638045
6.8,0.0399978943169117,Empty,0.51476,0.2608,0.13141,-0.05115,0.01641,-0.00516,0.99964,-0.02555,0.00827,-0.00237,0.9985573695448153,-0.051126253694039725,0.016409933301258405,-0.05104800565857964,-0.9986829086531774,-0.005152580160546823,0.016651752040572253,0.004307452523464861,-0.9998520715619573
6.867,0.0399978943169117,Empty,0.51443,0.2608,0.1296,-0.04905,0.01594,-0.00097,0.99967,-0.02452,0.00798,-0.00029,0.9986706655115185,-0.04902120395902648,0.015931836340728346,-0.049011845034588886,-0.9987977189426954,-0.000977589470980222,0.01596060440853296,0.00019544123373274898,-0.9998726023397372
6.933,0.03999822214245796,Empty,0.51412,0.26059,0.12726,-0.05033,0.01535,0.0042,0.99965,-0.02518,0.00762,0.00229,0.9986157435742922,-0.050307853819348824,0.0153530625496743,-0.050377787091958726,-0.9987213912750375,0.004202520359293525,0.015122012210035266,-0.004970156309819,-0.9998733031204379
7.0,0.03999822214245796,Empty,0.51411,0.25978,0.12461,-0.04715,0.01586,0.01169,0.99967,-0.02362,0.00779,0.00603,0.9987631472706362,-0.047122826403093454,0.015862373272548143,-0.04731079977084757,-0.9988117974782994,0.01169108391943346,0.015292608642625912,-0.012427085336166484,-0.9998058329850606
7.067,0.03999822214245796,Empty,0.51399,0.2578,0.1212,-0.04281,0.01599,0.0216,0.99968,-0.02149,0.00776,0.01097,0.9989558089942348,-0.04279519707193663,0.015995711433005842,-0.04313576724509266,-0.998835913782201,0.021589880107421924,0.015053147871826158,-0.022257323434092084,-0.9996389419648973
7.133,0.0399978943169117,Empty,0.51368,0.25567,0.11749,-0.03685,0.01588,0.03222,0.99967,-0.01855,0.00764,0.01625,0.9991951599969715,-0.036838508543316384,0.015873138534333902,-0.03733505198422782,-0.9987834935445754,0.03221221687849877,0.014667178732161513,-0.032778915650100875,-0.9993550002660929
7.2,0.0399978943169117,Empty,0.51355,0.2548,0.11508,-0.03095,0.01572,0.0385,0.99966,-0.01562,0.00756,0.01937,0.9993973801444097,-0.03094301936234467,0.015729148522148094,-0.031529113773321626,-0.9987614401605541,0.03849026673179481,0.014518661961736217,-0.038962997846127514,-0.999135172663681
7.267,0.0399978943169117,Empty,0.51404,0.25497,0.1139,-0.02555,0.01643,0.04142,0.99967,-0.01294,0.00795,0.02081,0.9995386259270044,-0.025546941054938876,0.01642830127222617,-0.026208617641112097,-0.9987984790402129,0.04140901626818926,0.015350688626167421,-0.04182047428823166,-0.9990072093278455
7.333,0.0399978943169117,Empty,0.51443,0.25558,0.11313,-0.02039,0.01743,0.04361,0.99967,-0.01038,0.00849,0.02189,0.9996403068749875,-0.02038955000873599,0.017421914972880582,-0.021132751337092026,-0.9988256621270197,0.043597058357706116,0.01651253135668989,-0.043949549792481904,-0.9988972786934761
7.4,0.0399978943169117,Empty,0.51457,0.25698,0.1125,-0.01748,0.01745,0.04365,0.99968,-0.00893,0.00853,0.0219,0.9996950980533414,-0.017479232814974544,0.01744096752819531,-0.018226337326910036,-0.9988810970616853,0.04363891108276447,0.01665867809177329,-0.04394349045130186,-0.9988951186642124
7.467,0.0399978943169117,Empty,0.5146,0.25929,0.11197,-0.01454,0.01721,0.04236,0.99971,-0.00745,0.00845,0.02124,0.9997461893806416,-0.014529251741531246,0.017217945949421023,-0.01524735946733402,-0.9989870371538532,0.042336953454869194,0.016585380555172027,-0.04258873609767106,-0.9989550163593168
7.533,0.0399978943169117,Empty,0.51438,0.26137,0.11104,-0.01178,0.01633,0.04167,0.99973,-0.00606,0.00804,0.02088,0.9997974204023091,-0.011781164615488005,0.016319384706267877,-0.012452214419847396,-0.9990547630849904,0.04164760153040925,0.01581330177194324,-0.04184237705360886,-0.9989990765609211
7.6,0.0399978943169117,Empty,0.51419,0.26258,0.10991,-0.01173,0.01509,0.04152,0.99974,-0.00602,0.00742,0.0208,0.9998175907507628,-0.011718441013362557,0.015081888660117317,-0.012335741414402746,-0.999061952608582,0.04150956918211389,0.014581313695851344,-0.04168804373131541,-0.999024270125986
7.667,0.0399978943169117,Empty,0.51436,0.26346,0.10901,-0.01366,0.01445,0.04137,0.99974,-0.00698,0.00708,0.02073,0.9998024963428651,-0.013654195935127511,0.014440610788333665,-0.014241171052019497,-0.9990429058735599,0.04135772323013948,0.013862083308150927,-0.04155520613688309,-0.9990400429859051
7.733,0.0399978943169117,Empty,0.51453,0.26449,0.10778,-0.01531,0.01334,0.04108,0.99974,-0.00779,0.00651,0.02059,0.9997938665924316,-0.015316491500501073,0.013327768465501636,-0.015852367024964675,-0.9990302317537247,0.041076739181746695,0.012685692092304586,-0.04127954857086636,-0.9990671008925902
7.8,0.0399978943169117,Empty,0.51414,0.26546,0.10595,-0.01444,0.01163,0.0423,0.99973,-0.00734,0.00566,0.02119,0.9998283168466,-0.014429305064592668,0.011624628469205025,-0.014909001351129936,-0.9989939595985717,0.042294093728073336,0.011002659242480266,-0.042460144146245854,-0.9990375756940647
7.867,0.0399978943169117,Empty,0.5137,0.26597,0.10413,-0.0114,0.01066,0.04512,0.99971,-0.00582,0.0052,0.02259,0.999878202763185,-0.011407102399627222,0.010651650290315881,-0.0118765735210144,-0.9989116649341436,0.045104685564770985,0.010125543958855185,-0.04522569704649491,-0.9989254775438439
7.933,0.0399978943169117,Empty,0.51387,0.26627,0.10286,-0.00757,0.01145,0.04842,0.99968,-0.00392,0.00563,0.02423,0.9999058035856798,-0.007559102891208425,0.01145617384452555,-0.008105244180899918,-0.9987951178288796,0.04840059522322114,0.01107650542562292,-0.04848889114708888,-0.9987623032848616
8.0,0.0399978943169117,Empty,0.51437,0.26672,0.10189,-0.00471,0.01303,0.05144,0.99964,-0.00252,0.00645,0.02573,0.9999041563386335,-0.004711278239965644,0.013018525034414283,-0.005374806889914208,-0.998663049957764,0.05141229522159923,0.01275890228907545,-0.0514773397370373,-0.9985926566453286
8.067,0.0399978943169117,Empty,0.5147,0.26757,0.10081,-0.00375,0.01391,0.05344,0.99962,-0.00206,0.0069,0.02673,0.99989630636189,-0.003756036699896992,0.013902111787724145,-0.004493558639335704,-0.998562778190135,0.053405860576849595,0.013681536997143418,-0.053462792683398715,-0.9984761115539458
8.133,0.0399978943169117,Empty,0.51483,0.26851,0.09967,-0.00256,0.01452,0.05541,0.99959,-0.00148,0.00722,0.02771,0.9998914168716126,-0.0025518978951147298,0.01451352071730011,-0.003352021442258546,-0.9984599881883687,0.055375228569578744,0.014349857794739018,-0.05541786538667252,-0.9983601262957447
8.2,0.0399978943169117,Empty,0.5148,0.26886,0.09838,-0.00145,0.01527,0.05866,0.99954,-0.00095,0.00761,0.02933,0.9998822208708413,-0.0014591733380208693,0.015277931782933022,-0.0023524786292790645,-0.9982777939606493,0.05861665232131895,0.015166088180316397,-0.05864568951107318,-0.998163650345512
8.267,0.0399978943169117,Empty,0.51465,0.26872,0.09686,0.00229,0.01608,0.06325,0.99947,0.00089,0.00807,0.03161,0.999868099550485,0.00229522371764046,0.016078415636750307,0.0012744805345242805,-0.9979994233853796,0.063210178150493,0.01619133103451477,-0.06318134907182593,-0.9978707120307694
8.333,0.0399978943169117,Empty,0.51446,0.26841,0.09556,0.0064,0.01643,0.06715,0.9994,0.00292,0.00832,0.03354,0.999844521889911,0.0063848858367649974,0.016436705253401088,0.005268650005096187,-0.9977336468541238,0.06708063254244671,0.016827756055383614,-0.06698360372525841,-0.9976121608411348
8.4,0.0399978943169117,Empty,0.51416,0.26813,0.09445,0.01068,0.01634,0.07027,0.99934,0.00505,0.00835,0.03508,0.999809681674978,0.010670339745427027,0.016332307819062985,0.00949883348612085,-0.9974877965143569,0.07019877468542784,0.01704032251403764,-0.07003027669979375,-0.9973993120881767
8.467,0.0399978943169117,Empty,0.51374,0.26805,0.09338,0.01355,0.01546,0.0722,0.9993,0.00649,0.00797,0.03604,0.9997888828476491,0.013539093582613793,0.015455829942483835,0.012390685689115721,-0.9973187702254358,0.07212309938000304,0.016390870703025705,-0.07191636462576136,-0.9972759777797777
8.533,0.0399978943169117,Empty,0.51298,0.26824,0.09194,0.01427,0.01305,0.07285,0.99929,0.00689,0.00678,0.03637,0.9998131546010676,0.014269763097625232,0.013039545536523315,0.01328402934246381,-0.9972590707286516,0.07278654005964774,0.014042451747824057,-0.07259972252401385,-0.9972622974114412
8.6,0.0399978943169117,Empty,0.5124,0.26834,0.09075,0.01474,0.01107,0.0734,0.99929,0.00716,0.0058,0.03665,0.9998300272623508,0.014739550270546242,0.011075298749417692,0.013888703969265115,-0.9972113387571868,0.07332564187344967,0.012125200477556459,-0.07315935696765868,-0.9972465532662711
8.667,0.0399978943169117,Empty,0.51229,0.26839,0.09029,0.01483,0.01042,0.07358,0.99928,0.00722,0.00548,0.03674,0.9998356830730435,0.014830083415168727,0.010424753222958175,0.014024496064911907,-0.9971959761683766,0.07350849354818767,0.011485659057525268,-0.07335021294786967,-0.9972401044364976
8.733,0.0399978943169117,Empty,0.51229,0.26872,0.0904,0.01532,0.01069,0.07342,0.99928,0.00746,0.00562,0.03666,0.9998254745761139,0.015326287977605824,0.010682943670932588,0.01450228617307825,-0.9972005777205053,0.0733531968604259,0.011777269819570528,-0.07318546775636367,-0.9972488070812016
8.8,0.0399978943169117,Empty,0.51191,0.26962,0.09046,0.01701,0.01084,0.07333,0.99928,0.0083,0.00573,0.03661,0.9997968125226022,0.016998560399693607,0.01083432572808795,0.016160148615554037,-0.9971815166963892,0.07326576523733103,0.012049201897534044,-0.07307579423739771,-0.997253601161814
8.867,0.0399978943169117,Empty,0.51143,0.27054,0.09045,0.01875,0.01084,0.07334,0.99927,0.00917,0.00576,0.03661,0.9997654335555544,0.018755776475171404,0.010830453189391444,0.017913023132736627,-0.9971513933597669,0.07326815353836252,0.012173802599033796,-0.07305696112957623,-0.997253467760725
