time,gr,gr_state,tx,ty,tz,rx,ry,rz,qw,qx,qy,qz,xx,xy,xz,yx,yy,yz,zx,zy,zz
0.0,0.015929419547319412,Empty,0.30816,0.00164,0.48565,-0.00959,0.00292,-0.00501,0.99998,-0.00479,0.00147,-0.0025,0.9999496855827847,-0.009597155356748321,0.00291906011388101,-0.009582431784377454,-0.9999415027196578,-0.005016785808722016,0.0029670362296011035,0.004988561697651993,-0.9999831553322289
0.067,0.015929419547319412,Empty,0.30816,0.00164,0.48565,-0.00959,0.00292,-0.00501,0.99998,-0.00479,0.00147,-0.0025,0.9999496921948484,-0.00959660384344313,0.0029186082470796333,-0.009581876688607882,-0.9999414981586712,-0.005018754757505749,0.0029666005043183126,0.004990536530643434,-0.9999831467712765
0.133,0.015929419547319412,Empty,0.30816,0.00164,0.48565,-0.00961,0.00292,-0.00501,0.99998,-0.0048,0.00147,-0.0025,0.9999496493279996,-0.009601039723377558,0.0029187060559261297,-0.009586310061499459,-0.9999414523120793,-0.005019423016093748,0.002966726852200706,0.004991190663541347,-0.9999831431316955
0.2,0.015929419547319412,Empty,0.30816,0.00162,0.48565,-0.00965,0.00292,-0.00505,0.99998,-0.00482,0.00147,-0.00252,0.999949200895589,-0.009649123210050292,0.0029137689595469182,-0.009634314834565172,-0.9999408158658184,-0.005054180771357304,0.0029623649236423725,0.00502585185598913,-0.9999829824587918
0.267,0.015929091721773148,Empty,0.30818,0.00156,0.48572,-0.00979,0.00307,-0.00518,0.99998,-0.00489,0.00155,-0.00258,0.9999473155119434,-0.009793541553147267,0.00307453155853863,-0.00977752155123679,-0.9999387661931165,-0.005183043170090489,0.003125103641924948,0.005152708805540929,-0.9999818414947306
0.334,0.015929091721773148,Empty,0.30823,0.00148,0.48589,-0.00999,0.00343,-0.00536,0.99998,-0.00499,0.00173,-0.00267,0.9999441609256282,-0.009992307468472517,0.0034393054817617916,-0.0099737790060056,-0.999935879422999,-0.005362907317222719,0.0034926727703484184,0.005328304984632947,-0.9999797049955114
0.4,0.015929091721773148,Empty,0.30826,0.0015,0.48569,-0.01003,0.00291,-0.00533,0.99998,-0.00501,0.00147,-0.00266,0.9999454944524426,-0.010028150331001018,0.002905912111363293,-0.01001255553224406,-0.9999356554256256,-0.005332329719564386,0.002959198535727517,0.005302943471626419,-0.9999815607972793
0.467,0.015929419547319412,Empty,0.30839,0.00168,0.48494,-0.01028,0.00083,-0.00496,0.99998,-0.00514,0.00043,-0.00248,0.9999468484232097,-0.010276472305142614,0.0008333339376846082,-0.010272221059759057,-0.9999349642599589,-0.004954666985149628,0.0008841962392493914,0.004945843446362401,-0.999987378335154
0.533,0.015929419547319412,Empty,0.30893,0.00231,0.48327,-0.00887,-0.00414,-0.00398,0.99999,-0.00444,-0.00206,-0.002,0.9999520325491242,-0.00887370536191473,-0.004146076943880254,-0.008890192729367252,-0.9999525797788934,-0.003975256818163593,-0.004110605078252654,0.004011925558329332,-0.9999835035535359
0.6,0.015929091721773148,Empty,0.31014,0.00359,0.48059,-0.00568,-0.01267,-0.00248,0.99998,-0.00285,-0.00633,-0.00126,0.999903555322254,-0.005692723223967688,-0.01266779208116019,-0.0057247223079039955,-0.999980510566455,-0.0024911928366828998,-0.01265336352175141,0.002563472166311468,-0.999916657027994
0.667,0.015929091721773148,Empty,0.31193,0.00544,0.47674,-0.00119,-0.02472,-0.00071,0.99992,-0.0006,-0.01236,-0.00036,0.9996936143885236,-0.0011947769543126374,-0.02472346777536219,-0.001212749507888633,-0.9999990111739845,-0.0007119618559557599,-0.024722592692536162,0.000741727094465051,-0.9996940748306336
0.733,0.015929091721773148,Empty,0.31426,0.00831,0.47139,0.00603,-0.04165,0.00129,0.99978,0.00303,-0.02082,0.00071,0.9991143678996086,0.006027892379870392,-0.04164305908578568,0.006086826056794281,-0.9999806448910957,0.0012885618893016364,-0.041634485767448486,-0.0015408947546571138,-0.9991317206646154
0.8,0.015929419547319412,Empty,0.31704,0.01188,0.46466,0.01547,-0.06287,0.0045,0.99947,0.0078,-0.03141,0.00249,0.9979053722589795,0.015433849794258991,-0.06282248241828498,0.01574628788904875,-0.9998659773757512,0.004481261446125758,-0.06274489966828108,-0.0054610957656489635,-0.9980146562043344
0.867,0.015929419547319412,Empty,0.32003,0.01648,0.45687,0.02669,-0.0871,0.00636,0.99896,0.01347,-0.04349,0.00376,0.9958547557045199,0.026585419570530455,-0.08698575174676518,0.027239626029232022,-0.9996088123638003,0.006342319640324057,-0.08678311076746789,-0.008685488523468385,-0.9961893665235694
0.933,0.015929419547319412,Empty,0.32302,0.02126,0.44829,0.03921,-0.11341,0.01048,0.99818,0.01987,-0.05656,0.00634,0.9928135588204937,0.03894663927856268,-0.11315651422296145,0.04038163904358216,-0.9991300326562582,0.010416384807498048,-0.11265238856917151,-0.014910973583557457,-0.9935225725752038
1.0,0.015929419547319412,Empty,0.32619,0.02658,0.43891,0.05304,-0.141,0.01477,0.99712,0.02697,-0.07022,0.00923,0.988682908851747,0.052481559419650436,-0.14054106754016554,0.05507421572771515,-0.9983752298525113,0.014619547835774724,-0.13954546394069847,-0.022194286152681486,-0.9899669071013173
1.067,0.015929419547319412,Empty,0.32934,0.03238,0.42931,0.06778,-0.16818,0.01897,0.99582,0.03456,-0.08362,0.01229,0.9836281973616029,0.06676876856737501,-0.16738429107643232,0.0708809900934596,-0.9973093281913875,0.018707996841293997,-0.16568480497177296,-0.030266077486837958,-0.9857142131241827
1.133,0.015929419547319412,Empty,0.33318,0.03867,0.41964,0.08283,-0.19211,0.02232,0.99443,0.04228,-0.09536,0.01507,0.9782367871396564,0.08120906007256118,-0.1909394585956854,0.08695708461601953,-0.9959711787628003,0.02190608383349052,-0.1883912251718872,-0.03803287572572772,-0.9813573491049358
1.2,0.015929419547319412,Empty,0.33826,0.04562,0.40989,0.09727,-0.2087,0.02605,0.99323,0.0497,-0.1034,0.018,0.973675686622453,0.09500008475575167,-0.2071971070664228,0.1024439563122978,-0.9944125739866883,0.025472897602206737,-0.2036194811293328,-0.046028432447439205,-0.9779675302948727
1.267,0.015929419547319412,Empty,0.34454,0.05355,0.40013,0.11159,-0.21689,0.02959,0.99238,0.05703,-0.10723,0.02072,0.9704998025977207,0.10874765027623362,-0.21518383237869632,0.11763299251062503,-0.9926369231500688,0.028886292115113607,-0.21045810089131767,-0.05334685893810866,-0.976146249498843
1.333,0.015929419547319412,Empty,0.35222,0.06244,0.39015,0.12834,-0.21722,0.03292,0.99181,0.06552,-0.10711,0.02328,0.9684697688396182,0.12497287709983779,-0.21551818214045215,0.13494767357527443,-0.9903311115085817,0.032146772385391986,-0.20941688623498678,-0.06021685451404667,-0.9759705416620302
1.4,0.015929419547319412,Empty,0.36075,0.07228,0.38015,0.14699,-0.21105,0.03581,0.99146,0.07489,-0.10372,0.02549,0.9672672375645981,0.14321048825627453,-0.20948710506269996,0.1537841549749041,-0.9874843613911174,0.035000995509148494,-0.20185273050619335,-0.06607111366835125,-0.9771847743010622
1.467,0.015929419547319412,Empty,0.36973,0.08286,0.37023,0.16358,-0.19943,0.03814,0.99137,0.08317,-0.09765,0.02704,0.9670958463917745,0.159615610300743,-0.19811229351077264,0.17017572908991302,-0.9847051755154987,0.0373622609287374,-0.18911860067294742,-0.06984679134585818,-0.9794669880185826
1.534,0.015929091721773148,Empty,0.37891,0.09432,0.36008,0.17859,-0.18432,0.03996,0.99143,0.09061,-0.08987,0.02802,0.9674263352857418,0.17463120007931088,-0.1832763753309702,0.18470491795459543,-0.982008758362771,0.03927966117718486,-0.17311955140591476,-0.07185222653243206,-0.9822763758043592
1.6,0.015929091721773148,Empty,0.3879,0.10594,0.34987,0.19337,-0.16745,0.04095,0.99147,0.09788,-0.08125,0.02838,0.9676351920969916,0.18948268435355559,-0.16666867535799776,0.19870760624978923,-0.9792266288189346,0.040379408494714955,-0.15555520638634227,-0.07219087021275739,-0.9851857977173784
1.667,0.015929091721773148,Empty,0.39619,0.11768,0.3396,0.20506,-0.15042,0.04128,0.99157,0.10358,-0.07262,0.02816,0.9679955971962695,0.2013274874910978,-0.1498391357061291,0.20950591285095194,-0.9769560029078856,0.04079510831873126,-0.13817306643889468,-0.07088167014658703,-0.9878684085181101
1.733,0.015929091721773148,Empty,0.40352,0.12883,0.3297,0.21145,-0.13429,0.0408,0.99182,0.10663,-0.06456,0.02732,0.9689224886770312,0.2079958247788702,-0.1338915524238382,0.21505157625043253,-0.9757654836506746,0.040429450505412266,-0.1222375985043564,-0.0679665931949128,-0.9901709507561637
1.8,0.015929091721773148,Empty,0.41063,0.13958,0.31993,0.2117,-0.11701,0.0399,0.99238,0.10661,-0.05603,0.02598,0.9709882257477636,0.20868761347534848,-0.11675335301897577,0.21450989051639513,-0.9759183458552307,0.03960920466046015,-0.10567578875908254,-0.06350482033006276,-0.9923707802353877
1.867,0.015929419547319412,Empty,0.4179,0.15005,0.30999,0.20486,-0.0975,0.0379,0.9933,0.10303,-0.04653,0.02381,0.9744394313099678,0.20246377461375625,-0.09734585084869514,0.20689588816502802,-0.9776356314748493,0.03771821219485244,-0.08753220075326823,-0.05689456951170187,-0.9945356312326712
1.933,0.015929419547319412,Empty,0.42554,0.16062,0.29991,0.19219,-0.07479,0.03417,0.99448,0.0965,-0.03557,0.02058,0.9788465200159538,0.19046519558005087,-0.07471612627345132,0.19339317241138387,-0.9805296653186243,0.03406840610899714,-0.06677253265616062,-0.04779732945259439,-0.9966227190767236
2.0,0.015929419547319412,Empty,0.43362,0.17104,0.28934,0.17347,-0.05002,0.02802,0.9958,0.08694,-0.0237,0.01612,0.9837583737296806,0.17239101950029928,-0.05000798448629669,0.1739190814734939,-0.9843624334522478,0.02797771805178008,-0.04440287396273519,-0.03622065713948426,-0.9983568744593455
2.067,0.015929419547319412,Empty,0.44128,0.18092,0.27856,0.15346,-0.02725,0.01991,0.99691,0.07678,-0.01282,0.01097,0.9878822200737769,0.15279697627001554,-0.02723606625133176,0.1533594522245677,-0.9879698758623452,0.01990986694889979,-0.023866245525576608,-0.023845511763908925,-0.9994307349152469
2.133,0.015929419547319412,Empty,0.44846,0.18978,0.26734,0.1342,-0.0081,0.01076,0.99773,0.06707,-0.00368,0.00564,0.9909773274942408,0.13378460525459446,-0.008100357352867254,0.13386764564534298,-0.9909407745520733,0.010762656712428448,-0.006587096609635935,-0.011749924553334623,-0.999909270599711
2.2,0.015929419547319412,Empty,0.45539,0.1976,0.25614,0.11966,0.00772,0.0012,0.9982,0.05979,0.00389,0.00037,0.992819456865409,0.11937282496765023,0.00772364737134972,0.1193671377799756,-0.9928494643226122,0.001194827400938131,0.007811049077460076,-0.00026429821130749857,-0.9999694583629867
2.267,0.015929419547319412,Empty,0.46192,0.20406,0.24529,0.11005,0.0195,-0.00776,0.99843,0.05503,0.00952,-0.00441,0.9937629824947873,0.10979551349051014,0.01949563644563446,0.10996352990442554,-0.9939053074259824,-0.0077628578127988835,0.01852448957525332,0.00985824973402528,-0.9997798048561284
2.333,0.015929419547319412,Empty,0.46808,0.20889,0.23482,0.10379,0.02741,-0.01558,0.99852,0.05197,0.01328,-0.00849,0.9942448131404388,0.10357017459726398,0.02739471622825266,0.10402104063400197,-0.9944531238255121,-0.015575866560148678,0.02562956591036114,0.018335851427531476,-0.9995033376150746
2.4,0.015929419547319412,Empty,0.47324,0.21269,0.22423,0.09837,0.02988,-0.02164,0.99861,0.04932,0.01439,-0.01154,0.9947205777312138,0.09817720709602207,0.029869855120259164,0.09884152438440508,-0.9948678886428096,-0.021638789355342875,0.027592123793712155,0.024476931062178433,-0.9993195457661826
2.467,0.015929419547319412,Empty,0.47808,0.2159,0.21364,0.09246,0.02949,-0.02681,0.99872,0.0464,0.01411,-0.01407,0.9952955603950409,0.09228984229503401,0.029484444493314572,0.09308403628915873,-0.9952974093756202,-0.026803527348051165,0.02687209790917299,0.029421962873623805,-0.9992058038535517
2.533,0.015929419547319412,Empty,0.48252,0.21865,0.20356,0.08689,0.02694,-0.03104,0.99884,0.04363,0.01278,-0.01609,0.9958652305284839,0.08675621252523602,0.02694071663348313,0.08757902049645949,-0.99567415654331,-0.031030455372890026,0.024132090529630276,0.03326159316756002,-0.9991552975522001
2.6,0.015929091721773148,Empty,0.48652,0.22096,0.19367,0.08025,0.0224,-0.03445,0.99898,0.0403,0.0105,-0.01766,0.9965313440966008,0.08014603647409946,0.022402970127085132,0.08088762817917017,-0.9961284231760682,-0.034429001558398835,0.0195568872924877,0.036121702316643876,-0.9991560192388257
2.667,0.015929091721773148,Empty,0.49059,0.22345,0.18461,0.07362,0.01859,-0.03787,0.99909,0.03697,0.00859,-0.01926,0.9971183957399425,0.07354648089687849,0.018596236842123123,0.07420849206813002,-0.9965243491612821,-0.037846020050432756,0.015748161225283646,0.03911696149202494,-0.9991105337957629
2.733,0.015929091721773148,Empty,0.49441,0.22625,0.17593,0.0688,0.01511,-0.04115,0.99916,0.03454,0.00684,-0.02082,0.9975203274455252,0.0687397593489586,0.015101053526818278,0.06930923687647728,-0.9967465868283318,-0.04113965641168254,0.012223993478930025,0.04208428603075262,-0.999039281936756
2.8,0.015929091721773148,Empty,0.49827,0.22942,0.16782,0.06375,0.01251,-0.04463,0.99922,0.032,0.00554,-0.0225,0.997890378320768,0.06370495898223993,0.012508839111016887,0.06420342806370105,-0.9969392970547509,-0.0446089431935743,0.009628742373920463,0.04531794555195007,-0.9989262090521238
2.867,0.015929091721773148,Empty,0.50164,0.23292,0.16,0.05657,0.00964,-0.04789,0.9993,0.02839,0.00414,-0.02407,0.9983536827862819,0.05654108087502763,0.009645218533101862,0.05693986926922351,-0.9972294019452563,-0.04786826906740878,0.006911971836708461,0.048338660194400175,-0.9988070877681732
2.933,0.015929419547319412,Empty,0.50345,0.23665,0.1519,0.05191,0.00291,-0.04949,0.99936,0.02598,0.00081,-0.02477,0.9986491675589663,0.051878957663392955,0.0029006698440621273,0.051958954481385766,-0.9974237877626885,-0.04945760461580139,0.0003273881269175518,0.049541511451423735,-0.9987720117524933
3.0,0.015929419547319412,Empty,0.50435,0.2412,0.14391,0.04453,-0.00456,-0.05048,0.99943,0.0222,-0.00284,-0.02518,0.9989985234331921,0.044509921856162926,-0.00456256886634793,0.04422362938255603,-0.9977461144655707,-0.05046743180597271,-0.006798586804345422,0.050215116501054216,-0.9987152854003234
3.067,0.015929419547319412,Empty,0.50513,0.24606,0.13631,0.03225,-0.00997,-0.05199,0.99952,0.01599,-0.0054,-0.02591,0.999430218426832,0.03224725695156494,-0.009967593209704691,0.03168747800599808,-0.9981456807989766,-0.05197214292259732,-0.01162506915737661,0.05162668226263666,-0.998598790028127
3.134,0.015929419547319412,Empty,0.50599,0.25095,0.12938,0.01864,-0.01318,-0.05403,0.99957,0.00914,-0.00684,-0.02695,0.9997394632315398,0.01864171421818961,-0.013171641830850706,0.01790496462400648,-0.9983805714842471,-0.05399672883241122,-0.014156902886081499,0.053746822918152366,-0.9984542358700669
3.2,0.015929419547319412,Empty,0.50714,0.25537,0.12303,0.0053,-0.01412,-0.05675,0.99957,0.00245,-0.00713,-0.02835,0.9998861893673217,0.005311270100644361,-0.014120861249035006,0.004502511080942573,-0.9983810285541515,-0.05670140401365503,-0.014399156449684269,0.05663137145674427,-0.9982913162301201
3.267,0.015929419547319412,Empty,0.50819,0.25885,0.11708,-0.00426,-0.01361,-0.0597,0.99953,-0.00233,-0.00674,-0.02986,0.9998982044129769,-0.004257780526249477,-0.013618080506985396,-0.005063194672883353,-0.998205544196998,-0.05966620143833033,-0.013339597872834561,0.059729078675007354,-0.9981254892493358
3.333,0.015929419547319412,Empty,0.50987,0.26123,0.11177,-0.00958,-0.01015,-0.06356,0.99947,-0.00495,-0.00492,-0.0318,0.9999027037297841,-0.00957249987338632,-0.010146443714019366,-0.01019810719116343,-0.9979288401597598,-0.06351400307896012,-0.00951744102084599,0.06361129792395884,-0.9979293667854672
3.4,0.015929419547319412,Empty,0.51201,0.26221,0.10721,-0.01113,-0.00398,-0.06813,0.9994,-0.00563,-0.0018,-0.03407,0.9999301320241372,-0.011131015025114821,-0.003978891139744291,-0.011376123308191932,-0.9976154716347081,-0.06807315604212766,-0.0032116800382473065,0.06811366426473997,-0.9976723980604869
3.467,0.015929419547319412,Empty,0.51445,0.26199,0.10326,-0.01435,0.00233,-0.07181,0.99933,-0.00713,0.00142,-0.03589,0.9998942497820309,-0.014354739517981496,0.0023303875643414865,-0.014150591100229315,-0.997322235435508,-0.07175039705419659,0.0033541055951249853,0.07170983307254072,-0.9974198964409949
3.533,0.015929419547319412,Empty,0.51636,0.26143,0.09989,-0.01744,0.0068,-0.07422,0.99927,-0.00859,0.00372,-0.03707,0.9998249113397044,-0.01743679791189684,0.006790047358573151,-0.016885803665448784,-0.9971043691042109,-0.07414679189193132,0.008063268513692655,0.07401915422289779,-0.9972242217821442
3.6,0.015929419547319412,Empty,0.51741,0.26104,0.09655,-0.01957,0.0094,-0.07601,0.99922,-0.0096,0.00507,-0.03795,0.9997644178191263,-0.019566778680856878,0.009394148968240548,-0.018797920560234493,-0.9969356967453529,-0.07593322551734957,0.010851131065204103,0.07573874653644547,-0.9970686512109853
3.667,0.015929419547319412,Empty,0.5177,0.26078,0.09343,-0.02084,0.01052,-0.07713,0.99919,-0.01021,0.00566,-0.0385,0.9997275130638293,-0.02084032409194775,0.010515727029252783,-0.01996929208013437,-0.9968264958681757,-0.07705948682019684,0.012088300005768531,0.07682849749224825,-0.9969710401892595
3.734,0.015929419547319412,Empty,0.51766,0.26044,0.09053,-0.02176,0.01046,-0.07758,0.99918,-0.01067,0.00565,-0.03872,0.9997084379224477,-0.021757453274770744,0.010471502932052554,-0.020881794156875244,-0.9967735898753106,-0.07750071741523218,0.012123935806894857,0.07725945737631047,-0.9969373031572589
3.8,0.015929091721773148,Empty,0.51703,0.25977,0.08748,-0.02255,0.00724,-0.07639,0.9992,-0.01113,0.00405,-0.03814,0.9997195343806402,-0.022543991389005757,0.0072540354291968645,-0.021925478467984094,-0.9968435870769459,-0.07630292456726201,0.008951311172424075,0.07612247602265546,-0.9970582945206737
3.867,0.015929091721773148,Empty,0.51602,0.2584,0.08388,-0.02386,0.00174,-0.07368,0.99925,-0.01189,0.00131,-0.03682,0.9997137288244592,-0.023863240891163706,0.0017338206555347208,-0.023670897429991233,-0.9970050868874916,-0.073624352868627,0.003485543681278597,0.07356223524768364,-0.9972845373967303
3.933,0.015929091721773148,Empty,0.51531,0.25653,0.08033,-0.02462,-0.00323,-0.07038,0.9993,-0.01236,-0.00118,-0.0352,0.9996917813830674,-0.02461673672204323,-0.0032184636563453092,-0.024782175448421984,-0.9972167714561557,-0.07031752631175603,-0.0014785179042675965,0.07037561367205614,-0.997519466970489
4.0,0.015929091721773148,Empty,0.51483,0.25458,0.07693,-0.02664,-0.00766,-0.06754,0.99933,-0.01344,-0.00338,-0.03381,0.9996156841117725,-0.026640626087010122,-0.007665580176676828,-0.027097753083476173,-0.9973529388829683,-0.06747464026827059,-0.0058477222557090135,0.06765642869083233,-0.9976915414100805
4.067,0.015929091721773148,Empty,0.51447,0.25278,0.07439,-0.02897,-0.01123,-0.06504,0.99935,-0.01466,-0.00514,-0.03259,0.9995170712474766,-0.028970873882994796,-0.01123889457741473,-0.02964151736545606,-0.9974461570835023,-0.06498110623578451,-0.00932763277257472,0.06528286287999743,-0.9978232023164482
4.133,0.015929091721773148,Empty,0.51429,0.25157,0.07288,-0.03065,-0.01344,-0.06351,0.99935,-0.01553,-0.00623,-0.03185,0.9994402618852685,-0.030634874029256243,-0.01344125797378001,-0.03142857697397905,-0.9974891561352844,-0.06346359540641228,-0.011463309822943125,0.06385051202402145,-0.9978936339320809
4.2,0.015929419547319412,Empty,0.5141,0.2515,0.07249,-0.03075,-0.01418,-0.0633,0.99935,-0.01559,-0.0066,-0.03175,0.999426720637369,-0.03074149304827073,-0.014184170091960182,-0.03157996198889296,-0.9974972519735186,-0.06326087500231509,-0.012203936939144065,0.06367254440056237,-0.9978962225666271
4.267,0.015929419547319412,Empty,0.51397,0.25174,0.07251,-0.03046,-0.0143,-0.06348,0.99935,-0.01545,-0.00666,-0.03184,0.9994337210428728,-0.03045990393835829,-0.014297954205505559,-0.031308249914492936,-0.9974950911079203,-0.0634297777301231,-0.012330074196386782,0.06384150270527125,-0.9978838769128622
4.333,0.015929419547319412,Empty,0.51371,0.25209,0.07247,-0.02985,-0.01464,-0.06364,0.99935,-0.01515,-0.00684,-0.03192,0.9994475559994835,-0.02983814905944654,-0.014637884661572263,-0.03071158003181018,-0.9975027670659827,-0.06360053889439449,-0.012703608094119051,0.0640149557245329,-0.9978680793496589
4.4,0.015929419547319412,Empty,0.5136,0.2523,0.07248,-0.02949,-0.01475,-0.06378,0.99935,-0.01497,-0.0069,-0.03199,0.999456393341596,-0.029486790759608528,-0.014746083524382222,-0.030369640790756935,-0.9975042614777414,-0.06374114253749816,-0.012829759422896563,0.06415432568770646,-0.9978575147628573
4.467,0.015929419547319412,Empty,0.51354,0.2524,0.07248,-0.02932,-0.01481,-0.06386,0.99935,-0.01489,-0.00693,-0.03203,0.999460236610281,-0.029326385165672653,-0.0148053560590637,-0.03021417442384433,-0.9975049135556574,-0.06380478897548235,-0.012897251598947584,0.0642176810966802,-0.9978525694388718
4.533,0.015929091721773148,Empty,0.51354,0.25239,0.07248,-0.02934,-0.01481,-0.06384,0.99935,-0.0149,-0.00693,-0.03202,0.9994596143428146,-0.02934456417401965,-0.014811341976642852,-0.030232609403261335,-0.9975048147481509,-0.0637976009182694,-0.012902272140287947,0.06421091112648833,-0.9978529402000699
4.6,0.015929091721773148,Empty,0.51353,0.2524,0.07248,-0.02934,-0.01483,-0.06384,0.99935,-0.0149,-0.00694,-0.03202,0.9994596979714098,-0.029333156043987063,-0.014828286731710324,-0.03022228014488293,-0.9975052842888422,-0.06379515341058677,-0.01291998118198828,0.06420882939545919,-0.9978528450197063
4.667,0.015929091721773148,Empty,0.51353,0.25239,0.07247,-0.02934,-0.01485,-0.06384,0.99935,-0.0149,-0.00695,-0.03202,0.9994595152584301,-0.029334942805242292,-0.014837064736578871,-0.030224550497906733,-0.9975055938307228,-0.06378923752182951,-0.012928801436473089,0.06420320402464405,-0.9978530927377969
4.733,0.015929091721773148,Empty,0.51353,0.25239,0.07247,-0.02934,-0.01485,-0.06384,0.99935,-0.0149,-0.00695,-0.03202,0.9994595803074074,-0.029329866752366707,-0.014842717002938328,-0.030219816326619964,-0.9975058902226202,-0.06378684560599428,-0.01293483795516077,0.06420091812011725,-0.997853161582208
4.8,0.015929091721773148,Empty,0.51353,0.25239,0.07247,-0.02934,-0.01485,-0.06384,0.99935,-0.0149,-0.00695,-0.03202,0.9994595540809899,-0.02933028845706559,-0.014843649660869842,-0.030220302565918178,-0.9975058485099095,-0.06378726754886097,-0.012935728392853634,0.06420137356436348,-0.9978531207364115
4.867,0.015929419547319412,Empty,0.51353,0.25239,0.07247,-0.02932,-0.01485,-0.06384,0.99935,-0.01489,-0.00695,-0.03202,0.999459715636831,-0.029324616436526174,-0.014843978240190521,-0.0302146157320628,-0.9975062526033982,-0.06378364220776915,-0.012936530265431298,0.0641976860017208,-0.9978533475900735
4.933,0.015929419547319412,Empty,0.51353,0.25239,0.07247,-0.02934,-0.01485,-0.06384,0.99935,-0.0149,-0.00695,-0.03202,0.9994594289855567,-0.02933069511118014,-0.01485126715668814,-0.03022113199629578,-0.9975061466592448,-0.06378221192375672,-0.012943453663022617,0.06419655521380828,-0.9978533305581304
5.0,0.015929419547319412,Empty,0.51353,0.25239,0.07247,-0.02934,-0.01487,-0.06382,0.99935,-0.0149,-0.00696,-0.03201,0.9994593554655984,-0.029330919101980435,-0.014855771838693244,-0.030221619444415315,-0.9975062567884192,-0.06378025859239886,-0.012947991753440552,0.06419474162725043,-0.9978533883577104
5.067,0.015929091721773148,Empty,0.51352,0.2524,0.07247,-0.02932,-0.01487,-0.06384,0.99935,-0.01489,-0.00696,-0.03202,0.9994597354116276,-0.02931678600280091,-0.014858107193908041,-0.030207704741130825,-0.9975064771104636,-0.06378340455749379,-0.012951133741582703,0.06419777395781123,-0.9978531524997399
5.133,0.015929091721773148,Empty,0.51352,0.25239,0.07247,-0.02932,-0.01485,-0.06384,0.99935,-0.01489,-0.00695,-0.03202,0.9994597339674012,-0.0293186874641439,-0.014854451965369872,-0.03020935232886418,-0.9975065033767596,-0.06378221345282048,-0.012947401657559395,0.064196497462482,-0.997853283055113
5.2,0.015929091721773148,Empty,0.51352,0.25239,0.07247,-0.02934,-0.01487,-0.06382,0.99935,-0.0149,-0.00696,-0.03201,0.9994593669885539,-0.029327383431913656,-0.014861975638416455,-0.030218494705320176,-0.9975063234139654,-0.06378069713399429,-0.0129543937173413,0.06419532171577079,-0.9978532679473594
5.267,0.015929419547319412,Empty,0.51352,0.25239,0.07247,-0.02934,-0.01487,-0.06382,0.99935,-0.0149,-0.00696,-0.03201,0.9994590231945379,-0.02933822330378094,-0.014863701032970432,-0.030229343669175235,-0.997506391168315,-0.0637744961539885,-0.012955606367551295,0.06418931555751076,-0.997853638582286
5.334,0.015929419547319412,Empty,0.51352,0.25239,0.07247,-0.02932,-0.01486,-0.06382,0.99935,-0.01489,-0.00696,-0.03201,0.9994595630394807,-0.029322683278564965,-0.01485806495730086,-0.03021351547639367,-0.9975066573320144,-0.06377783361692804,-0.012950881494636907,0.06419228009391631,-0.9978535092110746
5.4,0.015929419547319412,Empty,0.51352,0.25239,0.07247,-0.02932,-0.01486,-0.06382,0.99935,-0.01489,-0.00696,-0.03201,0.9994598400362056,-0.029313006608357173,-0.014858526117393432,-0.03020388467774293,-0.9975069620211536,-0.06377762985328272,-0.012951969162118502,0.06419196494038129,-0.9978535153678202
5.467,0.015929419547319412,Empty,0.51352,0.25239,0.07247,-0.02934,-0.01487,-0.06382,0.99935,-0.0149,-0.00696,-0.03201,0.9994593764160247,-0.029325316754948483,-0.014865419311721882,-0.03021656637460185,-0.9975068092057002,-0.06377401277003064,-0.012958163859924968,0.06418871696400134,-0.9978536438796498
5.533,0.015929419547319412,Empty,0.51352,0.25239,0.07247,-0.02932,-0.01486,-0.06382,0.99935,-0.01489,-0.00696,-0.03201,0.999459633984839,-0.029315379405872477,-0.014867702081396476,-0.030206822755598717,-0.9975069676709323,-0.06377614998534667,-0.012961014385582288,0.06419079356287255,-0.9978534732754432
5.6,0.015929091721773148,Empty,0.51352,0.25239,0.07247,-0.02934,-0.01487,-0.06382,0.99935,-0.0149,-0.00696,-0.03201,0.9994593367328983,-0.029328486414912647,-0.014861833737640221,-0.030219516465441743,-0.9975066369979213,-0.06377530846410781,-0.012954344523359357,0.06418994492681446,-0.9978536144787286
5.667,0.015929091721773148,Empty,0.51352,0.25239,0.07247,-0.02932,-0.01486,-0.06382,0.99935,-0.01489,-0.00696,-0.03201,0.9994595803617372,-0.02931873078603292,-0.01486469805399027,-0.030209985617264123,-0.9975068182332757,-0.06377698916640112,-0.01295777728412059,0.06419158514340233,-0.9978534643947641
5.734,0.015929091721773148,Empty,0.51352,0.25239,0.07247,-0.02932,-0.01486,-0.06382,0.99935,-0.01489,-0.00696,-0.03201,0.9994593489405423,-0.029322202318400825,-0.014873408034000168,-0.030213970571369042,-0.9975068894912043,-0.06377398685902012,-0.012966333238797803,0.06418889209809418,-0.9978535264925208
5.8,0.015929091721773148,Empty,0.51352,0.25239,0.07247,-0.02932,-0.01486,-0.06382,0.99935,-0.01489,-0.00696,-0.03201,0.9994593564525807,-0.029324958407024704,-0.014867468305646413,-0.030216317590330666,-0.9975069284020003,-0.06377226623922636,-0.012960283587692457,0.06418702831906732,-0.9978537249742038
5.867,0.015929091721773148,Empty,0.51352,0.25239,0.07247,-0.02932,-0.01486,-0.06382,0.99935,-0.01489,-0.00696,-0.03201,0.9994594132539161,-0.029322982542501264,-0.014867546971511988,-0.03021436596151328,-0.9975069120817384,-0.06377344618804068,-0.012960453220535836,0.06418818461342658,-0.9978536483915621
5.933,0.015929091721773148,Empty,0.51352,0.25239,0.07247,-0.02934,-0.01487,-0.06382,0.99935,-0.0149,-0.00696,-0.03201,0.9994590054395642,-0.029335954970310274,-0.014869370926066772,-0.03022742269511719,-0.997506553182876,-0.06377287255901667,-0.01296145682273987,0.06418783454205165,-0.9978536578746577
6.0,0.015929091721773148,Empty,0.51352,0.25239,0.07247,-0.02932,-0.01486,-0.06382,0.99935,-0.01489,-0.00696,-0.03201,0.9994594522895218,-0.0293186566235073,-0.014873452958951948,-0.03021043069446272,-0.9975070163507019,-0.0637736795894318,-0.012966615070416418,0.06418854029274473,-0.9978535454608068
6.067,0.015929091721773148,Empty,0.51352,0.25239,0.07247,-0.02934,-0.01489,-0.06382,0.99935,-0.0149,-0.00697,-0.03201,0.9994590474346299,-0.029330578504689453,-0.01487715247090991,-0.030222546187959165,-0.9975067507314948,-0.06377209379510815,-0.012969587617928555,0.06418722154506798,-0.99785359165929
6.133,0.015929091721773148,Empty,0.51352,0.25239,0.07247,-0.02932,-0.01488,-0.06382,0.99935,-0.01489,-0.00697,-0.03201,0.9994592078099681,-0.029324166738915802,-0.014879017741065547,-0.03021625925389293,-0.9975069777939601,-0.06377152130113702,-0.012971877295603946,0.06418662241797825,-0.9978536004354545
6.2,0.015929091721773148,Empty,0.51352,0.25239,0.07247,-0.02932,-0.01488,-0.06382,0.99935,-0.01489,-0.00697,-0.03201,0.9994594370675325,-0.029314674027705767,-0.014882323182218129,-0.030206954215590498,-0.9975074713825014,-0.06376820879642892,-0.01297588431159349,0.06418328772147057,-0.997853762834813
6.267,0.015929091721773148,Empty,0.51352,0.25239,0.07247,-0.02934,-0.01489,-0.06382,0.99935,-0.0149,-0.00697,-0.03201,0.9994591057504594,-0.029328942518721812,-0.014876460036763139,-0.03022084958741844,-0.9975068973454391,-0.06377060450152941,-0.012969047100945326,0.06418569060942914,-0.9978536971612041
6.333,0.015929419547319412,Empty,0.51352,0.25239,0.07247,-0.02934,-0.01489,-0.06382,0.99935,-0.0149,-0.00697,-0.03201,0.9994590535489614,-0.029330542341954535,-0.014876812996805367,-0.030222496413399136,-0.9975067123390647,-0.06377271790548567,-0.01296923241973786,0.06418783470750028,-0.9978535568338701
6.4,0.014443054795265198,Grasping,0.51352,0.25239,0.07247,-0.02932,-0.01486,-0.06382,0.99935,-0.01489,-0.00696,-0.03201,0.9994594251480106,-0.02931952115830505,-0.014873572598940128,-0.030211257542512526,-0.9975072062013645,-0.06377031828404141,-0.01296678065320093,0.06418519498603749,-0.9978537584957509
6.467,0.014443054795265198,Grasping,0.51352,0.25239,0.07247,-0.02934,-0.01489,-0.06382,0.99935,-0.0149,-0.00697,-0.03201,0.999459169053138,-0.029327296976239092,-0.014875451175626445,-0.030219143385888658,-0.997506944639369,-0.06377067326956666,-0.012968144378979796,0.06418570750796625,-0.9978537078064439
6.533,0.012802701443433762,Grasping,0.51352,0.25239,0.07247,-0.02932,-0.01486,-0.06382,0.99935,-0.01489,-0.00696,-0.03201,0.9994593102271272,-0.029323158050259313,-0.01487412526081467,-0.030214921158072894,-0.9975071033633932,-0.06377019114746368,-0.012967102210067175,0.06418513177934691,-0.9978537583828312
6.6,0.012802701443433762,Grasping,0.51352,0.25239,0.07247,-0.02934,-0.01489,-0.06382,0.99935,-0.0149,-0.00697,-0.03201,0.9994591242798025,-0.029324927520970268,-0.01488312869460819,-0.030217258271930447,-0.9975070664922752,-0.06376966050171087,-0.012975985372135948,0.06418489638431966,-0.9978536580479905
6.667,0.012802701443433762,Grasping,0.51352,0.25239,0.07247,-0.02934,-0.01487,-0.06382,0.99935,-0.0149,-0.00696,-0.03201,0.9994592693792596,-0.029325832567417276,-0.014871596958796397,-0.03021742903011615,-0.9975070230179154,-0.06377025962583154,-0.012964406453323406,0.0641851585194262,-0.9978537916905209
6.733,0.0111918980255723,Grasping,0.51352,0.25239,0.07247,-0.02932,-0.01488,-0.06382,0.99935,-0.01489,-0.00697,-0.03201,0.9994594525069861,-0.029317808843670135,-0.014875109379160874,-0.030209687385528983,-0.9975070562226493,-0.06377340804828532,-0.012968329981327601,0.06418830789661382,-0.9978535381241401
6.8,0.0111918980255723,Grasping,0.51352,0.25239,0.07247,-0.02932,-0.01488,-0.06382,0.99935,-0.01489,-0.00697,-0.03201,0.9994592353348397,-0.029323366152318953,-0.014878746633865219,-0.03021542159442131,-0.9975071075828756,-0.06376988803123712,-0.012971707742973002,0.06418497113142739,-0.9978537088567087
6.867,0.009595870040357113,Grasping,0.51352,0.25239,0.07247,-0.02932,-0.01488,-0.06382,0.99935,-0.01489,-0.00697,-0.03201,0.9994594016987444,-0.029318582736724885,-0.01487699775822781,-0.030210515231839985,-0.9975073546367599,-0.06376834806548554,-0.012970317090004483,0.06418331677222645,-0.9978538333456964
6.934,0.009595870040357113,Grasping,0.51352,0.25239,0.07247,-0.02934,-0.01489,-0.06382,0.99935,-0.0149,-0.00697,-0.03201,0.9994591104102682,-0.029326676936401008,-0.014880612816116391,-0.03021879624360435,-0.9975072486116399,-0.06376608284051685,-0.012973471836895676,0.06418126663680068,-0.9978539242000269
7.0,0.009595870040357113,Grasping,0.51352,0.25239,0.07247,-0.02932,-0.01488,-0.06382,0.99935,-0.01489,-0.00697,-0.03201,0.9994593206416305,-0.02931922276531629,-0.014881181371397389,-0.030211405398270164,-0.997507412155947,-0.0637670265717871,-0.012974489062465596,0.06418213045999165,-0.9978538554132989
7.067,0.007800871506333351,Grasping,0.51352,0.25239,0.07247,-0.02934,-0.01489,-0.06382,0.99935,-0.0149,-0.00697,-0.03201,0.999458910554061,-0.029332630357709333,-0.014882301918296429,-0.030224863994334605,-0.9975069786096935,-0.0637674307266987,-0.012974733546910151,0.06418274239434094,-0.9978538128744754
7.133,0.007800871506333351,Grasping,0.51352,0.25239,0.07247,-0.02932,-0.01486,-0.06382,0.99935,-0.01489,-0.00696,-0.03201,0.9994595627219762,-0.029315936320225222,-0.01487139405922135,-0.030207561934707472,-0.9975072094534709,-0.06377201808245973,-0.012964786367579043,0.06418678186369256,-0.9978536823344522
7.2,0.007800871506333351,Grasping,0.51352,0.25239,0.07247,-0.02932,-0.01488,-0.06382,0.99935,-0.01489,-0.00697,-0.03201,0.9994591551209062,-0.029324249963864513,-0.01488239258524979,-0.030216502594849037,-0.9975072476247957,-0.0637671851890913,-0.012975369587807319,0.06418239088769731,-0.9978538272131839
7.267,0.006008499767631292,Grasping,0.51352,0.25239,0.07247,-0.02932,-0.01488,-0.06382,0.99935,-0.01489,-0.00697,-0.03201,0.9994591987065335,-0.02932327504149762,-0.014881386418428951,-0.030215454214351067,-0.9975073323397114,-0.06376635676540454,-0.012974453649937347,0.06418151968715823,-0.997853895158571
7.333,0.006008499767631292,Grasping,0.51352,0.25239,0.07247,-0.02932,-0.01488,-0.06382,0.99935,-0.01489,-0.00697,-0.03201,0.9994594259852883,-0.029316110884784585,-0.014880236952054017,-0.030208241069037856,-0.9975074976612057,-0.06376718812363276,-0.01297374196880575,0.06418222302375395,-0.997853859173304
7.4,0.004166221711784601,Grasping,0.51352,0.25239,0.07247,-0.02932,-0.01488,-0.06382,0.99935,-0.01489,-0.00697,-0.03201,0.9994593113985066,-0.029318769591113514,-0.014882694933588268,-0.030211098472438358,-0.9975071844920513,-0.06377073322323755,-0.012975915686829237,0.0641858756768487,-0.9978535959626965
7.467,0.004166221711784601,Grasping,0.51352,0.2524,0.07247,-0.02932,-0.01488,-0.06382,0.99935,-0.01489,-0.00697,-0.03201,0.9994596385508421,-0.029309282592296648,-0.014879410665236157,-0.030201483744179358,-0.997507158049269,-0.06377570085949669,-0.012973098607115081,0.06419061920868825,-0.9978533274575655
7.534,0.004166221711784601,Grasping,0.51351,0.25239,0.07247,-0.02932,-0.01488,-0.06382,0.99935,-0.01489,-0.00697,-0.03201,0.9994594819314857,-0.029312386678308155,-0.014883815521152092,-0.030204790050676777,-0.9975074242746327,-0.06376997079333474,-0.01297746644152459,0.0641850644948617,-0.9978536279738376
7.6,0.004166221711784601,Grasping,0.51352,0.25239,0.07247,-0.02932,-0.01488,-0.06382,0.99935,-0.01489,-0.00697,-0.03201,0.9994594220937091,-0.02931809963336418,-0.014876579647128966,-0.030210067307994748,-0.9975070677929224,-0.06377304709994969,-0.01296978879379574,0.06418799527212313,-0.9978535392739709
7.667,0.0019552248995751143,Grasping,0.51352,0.2524,0.07247,-0.02932,-0.01488,-0.06382,0.99935,-0.01489,-0.00697,-0.03201,0.9994596622152445,-0.02931013161093854,-0.014876148343553938,-0.03020213966603591,-0.997507049585181,-0.06377708669624477,-0.012969748038540863,0.06419191703646586,-0.9978532875242734
7.733,0.0019552248995751143,Grasping,0.51353,0.25238,0.07247,-0.02936,-0.01489,-0.06382,0.99935,-0.01491,-0.00697,-0.03201,0.9994585886363434,-0.02934691397410072,-0.014875760190500287,-0.03023862975226632,-0.9975069058116387,-0.0637620430098956,-0.012967454328197486,0.06417734411992414,-0.9978542547035409
7.8,0.0005998649867251515,Grasping,0.51352,0.25238,0.07247,-0.02934,-0.01489,-0.06382,0.99935,-0.0149,-0.00697,-0.03201,0.9994589174940962,-0.02933336331290254,-0.014880391066188044,-0.030225410745197634,-0.9975072674137941,-0.06376265366144337,-0.012972925144836094,0.06417791873704191,-0.9978541466365554
7.867,0.0005998649867251515,Grasping,0.51352,0.25238,0.07247,-0.02934,-0.01489,-0.06382,0.99935,-0.0149,-0.00697,-0.03201,0.9994588401433429,-0.029334126538749172,-0.014884081413793868,-0.030226455241461447,-0.9975070102592267,-0.06376618137567215,-0.012976450318161659,0.06418156669876368,-0.9978538661714113
7.934,0.0005998649867251515,Grasping,0.51352,0.25238,0.07247,-0.02934,-0.01489,-0.06382,0.99935,-0.0149,-0.00697,-0.03201,0.9994591190958841,-0.029327066914931754,-0.014879260809812923,-0.0302191101511316,-0.9975071826462891,-0.06376696598346476,-0.012972071451896564,0.06418211367063006,-0.9978538879249893
8.0,0.0002820383233483881,Grasping,0.51352,0.25238,0.07247,-0.02934,-0.01489,-0.06382,0.99935,-0.0149,-0.00697,-0.03201,0.9994589454131066,-0.02933355710156882,-0.014878133669565419,-0.03022551013388236,-0.9975070141777489,-0.06376656806931758,-0.012970542427633137,0.06418176605517595,-0.9978539301597061
8.067,0.0002820383233483881,Grasping,0.51352,0.25238,0.07247,-0.02934,-0.01489,-0.06382,0.99935,-0.0149,-0.00697,-0.03201,0.9994590951804756,-0.029328737561756746,-0.014877574199411076,-0.030220627356036756,-0.9975073427836725,-0.06376374185118631,-0.012970379456012378,0.06417886136175038,-0.9978541191031264
8.133,0.0002820383233483881,Grasping,0.51352,0.25239,0.07247,-0.02934,-0.01489,-0.06382,0.99935,-0.0149,-0.00697,-0.03201,0.9994589713871547,-0.02933188297286904,-0.01487968934476807,-0.030223945041328748,-0.9975070325817068,-0.06376702201119447,-0.01297218793687644,0.06418224514071888,-0.9978538779544965
8.2,0.0002580700092948973,Grasping,0.51352,0.25238,0.07247,-0.02932,-0.01488,-0.06382,0.99935,-0.01489,-0.00697,-0.03201,0.9994592552033239,-0.02932277955860635,-0.014878568055235152,-0.03021476769441872,-0.9975074076351867,-0.06376550420173564,-0.012971700026950425,0.0641805758145457,-0.9978539916673803
8.267,0.0002580700092948973,Grasping,0.51352,0.25238,0.07247,-0.02934,-0.01489,-0.06382,0.99935,-0.0149,-0.00697,-0.03201,0.99945920017168,-0.029326435633567183,-0.014875058494539739,-0.030218221862668537,-0.9975071528625638,-0.06376785283730288,-0.012967893415828281,0.06418286501124434,-0.9978538939039644
8.334,0.00022162499953992665,Grasping,0.51352,0.25238,0.07247,-0.02934,-0.01489,-0.06382,0.99935,-0.0149,-0.00697,-0.03201,0.9994591317396655,-0.02932845854376348,-0.014875668107357364,-0.03022025431059666,-0.9975072174357429,-0.0637658795360363,-0.012968431346788331,0.06418093706894742,-0.9978540109181078
8.4,0.00022162499953992665,Grasping,0.51352,0.25239,0.07247,-0.02932,-0.01488,-0.06382,0.99935,-0.01489,-0.00697,-0.03201,0.9994592888370342,-0.02932307799386885,-0.014875720296362974,-0.030214894822876204,-0.9975073443578957,-0.0637664338261212,-0.012968812135761567,0.06418142292769805,-0.9978539747191285
8.467,0.00022162499953992665,Grasping,0.51352,0.25238,0.07247,-0.02934,-0.01489,-0.06382,0.99935,-0.0149,-0.00697,-0.03201,0.9994588246253202,-0.029337765260313953,-0.014877950399977018,-0.030229719991149873,-0.9975067799696458,-0.06376823616696264,-0.012970038852298514,0.06418348264249583,-0.9978538262932354
8.533,0.0002160433359676972,Grasping,0.51352,0.25238,0.07247,-0.02932,-0.01488,-0.06382,0.99935,-0.01489,-0.00697,-0.03201,0.9994592488646725,-0.029322646218716275,-0.014879256621095804,-0.030214665684905773,-0.9975074752927007,-0.06376449413843792,-0.012972426003404428,0.06417958518028535,-0.9978540459454341
8.6,0.0002160433359676972,Grasping,0.51352,0.25238,0.07247,-0.02934,-0.01489,-0.06382,0.99935,-0.0149,-0.00697,-0.03201,0.9994590287920859,-0.029329559096532953,-0.014880414281317075,-0.03022167086991029,-0.9975071082248566,-0.06376691658466033,-0.012973063470570995,0.06418213150158847,-0.9978538738813922
8.667,0.00021144666243344545,Grasping,0.51352,0.25239,0.07247,-0.02934,-0.01489,-0.06382,0.99935,-0.0149,-0.00697,-0.03201,0.9994591839538103,-0.02932636054229143,-0.01487629616965314,-0.03021822754938447,-0.9975071468941654,-0.06376794350483113,-0.012969130046280202,0.06418299208049785,-0.9978538696589986
8.733,0.00021144666243344545,Done,0.51352,0.25239,0.07247,-0.02934,-0.01489,-0.06382,0.99935,-0.0149,-0.00697,-0.03201,0.9994590563951831,-0.029330605319275005,-0.014876497613857339,-0.03022246134886991,-0.9975070954501751,-0.06376674177478177,-0.012969094789777931,0.06418185193776013,-0.9978539434517325
