time,gr,gr_state,tx,ty,tz,rx,ry,rz,qw,qx,qy,qz,xx,xy,xz,yx,yy,yz,zx,zy,zz
0.0,0.015967179089784622,Empty,0.30819,0.00206,0.48553,0.01447,0.0032,-0.00544,0.99997,0.00724,0.00158,-0.00273,0.9998902260676763,0.01446742691445424,0.0031983390698961745,0.014484646021275804,-0.9998803598331245,-0.0054278033880572445,0.003119430071253217,0.005473534366018922,-0.9999801545918672
0.067,0.015967179089784622,Empty,0.30819,0.00206,0.48553,0.01447,0.0032,-0.00544,0.99997,0.00724,0.00158,-0.00273,0.9998900741011709,0.014478002495044051,0.003197992762462962,0.014495218307922941,-0.9998802088751122,-0.005427388512658433,0.0031190319268846614,0.005473147505336942,-0.9999801579512585
0.133,0.015967179089784622,Empty,0.30819,0.00206,0.48553,0.01447,0.0032,-0.00544,0.99997,0.00724,0.00158,-0.00273,0.999890110499333,0.014474941499300509,0.0032004678132877486,0.014492175905279736,-0.9998802442518093,-0.005428995530725612,0.0031215001461628645,0.005474780683646969,-0.999980141309468
0.2,0.015967179089784622,Empty,0.30819,0.00206,0.48553,0.01447,0.0032,-0.00544,0.99997,0.00724,0.00158,-0.00273,0.9998900957029057,0.014477478310101932,0.003193608776082602,0.014494686089694064,-0.9998801887706761,-0.005432511304945144,0.0031145770813024247,0.005478204605311329,-0.999980144144826
0.267,0.015967179089784622,Empty,0.30819,0.00207,0.48553,0.01449,0.0032,-0.00544,0.99997,0.00725,0.00158,-0.00273,0.9998900211225946,0.014482051211076652,0.0031962246755448858,0.014499266498001429,-0.9998801341719463,-0.00543033694261887,0.0031171991397311934,0.005476082633616204,-0.9999801475971974
0.333,0.015967179089784622,Empty,0.30819,0.00207,0.48553,0.01451,0.0032,-0.00544,0.99997,0.00726,0.00158,-0.00273,0.9998896844243984,0.014504509327906812,0.0031997173051942617,0.014521749494970704,-0.9998797974912849,-0.005432251871215224,0.003120540543209485,0.0054781181023839925,-0.9999801260268999
0.4,0.015967179089784622,Empty,0.3082,0.00207,0.48552,0.01487,0.00318,-0.00544,0.99997,0.00744,0.00157,-0.00273,0.9998844190946952,0.014865486664474625,0.0031883785678123665,0.014882654185636002,-0.9998745028914495,-0.005430015834902926,0.003107258607539403,0.005476839764394557,-0.999980174388543
0.467,0.015967179089784622,Empty,0.30836,0.00207,0.48542,0.01771,0.00317,-0.00543,0.99996,0.00886,0.00156,-0.00273,0.9998380525553735,0.01771452880662855,0.0031724015251956643,0.017731561753330904,-0.9998280713717986,-0.005423966697625561,0.003075773084242153,0.005479339933629512,-0.9999802580320404
0.533,0.015967179089784622,Empty,0.30931,0.00207,0.48451,0.02234,0.00178,-0.00544,0.99993,0.01117,0.00086,-0.00273,0.999748973719973,0.022334674732376825,0.0017753451663587727,0.022344032596176067,-0.9997355480082014,-0.005438589530595209,0.0016534065446245467,0.0054768926719633345,-0.9999836348128196
0.6,0.015967179089784622,Empty,0.31116,0.00218,0.48182,0.03087,-0.00455,-0.00559,0.99987,0.01543,-0.00232,-0.00276,0.9995127523410628,0.030878151984757962,-0.0045604426977717575,0.030852516650324013,-0.9995083244654153,-0.005588518648055647,-0.004730763567854652,0.005445094521161602,-0.9999739850724723
0.667,0.015967179089784622,Empty,0.31412,0.00274,0.47666,0.04984,-0.01707,-0.00619,0.99965,0.02489,-0.00861,-0.00288,0.9986129001451898,0.04980832353756448,-0.017070634727234198,0.04970897759777404,-0.9987445274128645,-0.006195684710990736,-0.017357799681910917,0.005338526878391802,-0.9998350898628088
0.733,0.015967179089784622,Empty,0.31818,0.00331,0.46909,0.07409,-0.03658,-0.00788,0.99914,0.03696,-0.01842,-0.00326,0.9965884022885667,0.07398593552122912,-0.03657373058590987,0.07374534332150096,-0.9972459255466906,-0.007885957070529,-0.037056453720184304,0.0051619110388287145,-0.9992998418453349
0.8,0.015967179089784622,Empty,0.32341,0.00366,0.46038,0.09829,-0.05801,-0.01069,0.99837,0.04895,-0.02923,-0.00391,0.9934991787878604,0.09796829457320344,-0.057979263588502,0.09751156089297203,-0.9951772810719448,-0.010661835229804326,-0.05874416771104351,0.004938876053242186,-0.9982608528151685
0.867,0.015967179089784622,Empty,0.33067,0.00388,0.45016,0.12263,-0.07797,-0.01437,0.99735,0.06095,-0.03934,-0.00478,0.9894737733379245,0.12196180408004581,-0.07789075825763617,0.12120961443775902,-0.992523482722965,-0.014330583076962257,-0.07905619042338692,0.0047386273346216685,-0.9968588988250668
0.933,0.015967179089784622,Empty,0.3399,0.00407,0.43897,0.14723,-0.09284,-0.01834,0.99621,0.07304,-0.04695,-0.00572,0.9849207863683562,0.1460680966710825,-0.09271006263845197,0.1449935075149381,-0.9892641135225972,-0.018259147703675566,-0.09438181688256474,0.004541456950841331,-0.9955257142890432
1.0,0.015967179089784622,Empty,0.35052,0.00428,0.42648,0.17744,-0.10474,-0.02318,0.99469,0.08787,-0.05316,-0.00689,0.9789053655337502,0.17554655770589356,-0.10453559875394738,0.17408226736811805,-0.9844614815360968,-0.0230424729516678,-0.10695629723027046,0.004358606355782935,-0.9942541692311002
1.067,0.015967179089784622,Empty,0.36214,0.0044,0.41329,0.21214,-0.11281,-0.02856,0.99278,0.10489,-0.05756,-0.00821,0.9713679414329643,0.20921492227126653,-0.11257636810322648,0.20732493997598755,-0.977860570263116,-0.028373832815582305,-0.11602022073862145,0.004221542812919163,-0.9932378803469187
1.133,0.015967179089784622,Empty,0.37395,0.00451,0.39994,0.24803,-0.11789,-0.03399,0.99058,0.12247,-0.06055,-0.00955,0.9626697175294012,0.24378886710693315,-0.11761803954572997,0.24147476154818615,-0.9698196709963034,-0.03376011380117927,-0.12229862831246076,0.004098051163671407,-0.9924848872852173
1.2,0.015967179089784622,Empty,0.38688,0.00458,0.38623,0.28766,-0.11666,-0.03866,0.98797,0.14195,-0.06045,-0.01074,0.9523934414459165,0.2817755980466512,-0.11640122437610251,0.2791796889822447,-0.959471783937051,-0.03837443274407902,-0.12249666914075989,0.004050700446195496,-0.992460658099511
1.267,0.015967179089784622,Empty,0.40039,0.0047,0.37252,0.3299,-0.10819,-0.04119,0.98496,0.16283,-0.0567,-0.01141,0.9405447456646274,0.3220518009318716,-0.10797323241988849,0.3194641181600683,-0.9467135433516003,-0.04094073818175653,-0.1154047599142735,0.004013022700570535,-0.9933104434354515
1.333,0.015967179089784622,Empty,0.41517,0.00486,0.35832,0.38134,-0.09153,-0.04098,0.98082,0.18836,-0.04879,-0.01143,0.9242827480729198,0.37060322580987815,-0.0914037780077167,0.3683733538521261,-0.9287825241130673,-0.04079332143740985,-0.10001236816768093,0.00403384698173331,-0.9949780169893306
1.4,0.015967179089784622,Empty,0.43041,0.00531,0.34457,0.43888,-0.06882,-0.03676,0.97541,0.2169,-0.03757,-0.01044,0.9030858775189843,0.42391873768386357,-0.06876628291747391,0.42235046075646165,-0.9056911279247719,-0.03665609222433223,-0.07782021668288323,0.004060127938123581,-0.9969591412071789
1.467,0.015967179089784622,Empty,0.44608,0.00631,0.33046,0.50354,-0.04324,-0.02846,0.96822,0.24874,-0.02448,-0.00839,0.8750598492265914,0.48207990124768496,-0.043234582044438016,0.4812581710821935,-0.8761178053066205,-0.028428225258229786,-0.051583263159256494,0.0040694026260368575,-0.9986604062062889
1.534,0.015967179089784622,Empty,0.46092,0.00781,0.31618,0.56994,-0.01978,-0.01749,0.95961,0.28102,-0.01195,-0.00561,0.8417672808099435,0.5394781775985994,-0.01977728122690285,0.5392101869985301,-0.841989851743679,-0.017477522641030425,-0.026081012151454364,0.004047895200153599,-0.999651636996411
1.6,0.015967179089784622,Empty,0.47374,0.00984,0.30101,0.63253,-0.00356,-0.00739,0.9504,0.31101,-0.00284,-0.00296,0.8065233545133346,0.5911915595187637,-0.003552263831725601,0.5911579425198369,-0.8065219226715672,-0.007394271152163192,-0.007236409349352138,0.003863703395773297,-0.9999663525218228
1.667,0.015967179089784622,Empty,0.48394,0.01258,0.2847,0.69073,0.004,-0.00156,0.94095,0.33854,0.00162,-0.00141,0.7707763195920861,0.6370932913729286,0.004000405440280017,0.6371024120425898,-0.7707775950653448,-0.0015541926512284278,0.002093257172946621,0.0037466028468016153,-0.9999907905783515
1.733,0.015967179089784622,Empty,0.49174,0.01638,0.26776,0.74787,0.0041,-0.00131,0.9309,0.36528,0.00167,-0.00136,0.7331408832896429,0.6800644009735866,0.004105578853084598,0.6800734805533347,-0.7331427959290172,-0.0013045403237629284,0.0021228041254318032,0.0037485071455539256,-0.9999907211553637
1.8,0.015967179089784622,Empty,0.49848,0.02087,0.25037,0.80489,0.0016,-0.00365,0.9201,0.39167,2e-05,-0.00199,0.6931854587229452,0.7207575008029724,0.0015952590111364797,0.7207576470927209,-0.6931775123413464,-0.003653839299518062,-0.0015277344089767552,0.0036825834023065445,-0.9999920522719471
1.867,0.015967179089784622,Empty,0.50439,0.0259,0.23345,0.85987,-0.00294,-0.00865,0.90899,0.4168,-0.00314,-0.00332,0.6525298981426514,0.757757256973935,-0.002944746725671581,0.7577156089647357,-0.6525276315390289,-0.00864557743961444,-0.008472777651982852,0.0034102172075668605,-0.9999582903588817
1.933,0.015967179089784622,Empty,0.50921,0.03122,0.21738,0.91115,-0.00871,-0.01591,0.89799,0.43993,-0.00741,-0.00523,0.6128176850319391,0.7901763786405611,-0.008704915311665534,0.7900213664823719,-0.6128727665407341,-0.015912653268149345,-0.01790880826355238,0.002874486248867876,-0.9998354924263212
2.0,0.015967179089784622,Empty,0.51422,0.03633,0.20251,0.96139,-0.01382,-0.02358,0.88663,0.46228,-0.01158,-0.00726,0.5723216788393792,0.8199127248209154,-0.013820984307055703,0.8195761542055091,-0.5724844070830755,-0.023590911479774622,-0.027254786518720223,0.0021742408977443806,-0.9996261547640387
2.067,0.015967179089784622,Empty,0.5196,0.04112,0.18936,1.01128,-0.01674,-0.02964,0.8748,0.48419,-0.0145,-0.00891,0.5306990990838635,0.8473949359501713,-0.01674182659031915,0.8468785031892082,-0.5309608719631141,-0.02962014990129995,-0.03398921987309769,0.0015410938238861166,-0.9994210113672036
2.133,0.015967179089784622,Empty,0.52602,0.0453,0.17844,1.06077,-0.01647,-0.03198,0.86254,0.50567,-0.01519,-0.00963,0.4881392355255322,0.8726102703450611,-0.016474308145372995,0.8720251610638756,-0.4884155750900854,-0.03197412205116855,-0.03594725597414982,0.0012418122807726732,-0.9993529169868812
2.2,0.015967179089784622,Empty,0.53383,0.04841,0.16976,1.1101,-0.0128,-0.02923,0.84982,0.52684,-0.01314,-0.00905,0.4445382189748677,0.8956683938612101,-0.012802347782053707,0.8951929669829211,-0.4447199028949752,-0.02921916893750287,-0.031864144974675226,0.0015284656240394073,-0.999491040509053
2.267,0.015967179089784622,Empty,0.54247,0.05053,0.163,1.15662,-0.0078,-0.02322,0.83735,0.54653,-0.00961,-0.00759,0.4024221275649699,0.9154210586609908,-0.007792086118223755,0.9151294056055534,-0.4024914920475553,-0.023211415841328582,-0.024384467230376412,0.0022100202088653044,-0.9997002118478153
2.333,0.015967179089784622,Empty,0.55052,0.05196,0.15737,1.20028,-0.00405,-0.01816,0.82523,0.56472,-0.0068,-0.00635,0.362088958691476,0.932134753034816,-0.004048231520687506,0.9319619441607371,-0.3621007247646284,-0.018165895548252414,-0.018398930128182396,0.0028048724843321537,-0.9998267910295687
2.4,0.015967179089784622,Empty,0.55704,0.05269,0.15181,1.24084,-0.00319,-0.01824,0.81361,0.58134,-0.0066,-0.00649,0.32399988025907916,0.9460517373152817,-0.003191851318541973,0.9458803785492265,-0.3240027194217187,-0.018235879000003067,-0.018286253516621578,0.002889313078964722,-0.9998286177151849
2.467,0.015967179089784622,Empty,0.56213,0.05284,0.14608,1.27733,-0.00399,-0.0218,0.80285,0.59607,-0.0081,-0.00756,0.28926489683649115,0.9572407750822625,-0.003989734086816762,0.9569959464737168,-0.2892817357405932,-0.02179072738079802,-0.02201312996937914,0.0024851331592069836,-0.9997545929987679
2.533,0.015967179089784622,Empty,0.56629,0.05298,0.14017,1.30889,-0.00492,-0.02618,0.79334,0.60864,-0.00992,-0.00889,0.2589231034362434,0.9658853830695269,-0.004924761880351717,0.9655326099511683,-0.2589620256739963,-0.026181069109301618,-0.026563238278305683,0.0020238654733351173,-0.9996450861884514
2.6,0.015967179089784622,Empty,0.56968,0.05323,0.13388,1.33452,-0.00602,-0.0316,0.78544,0.61872,-0.01214,-0.01055,0.23406817172681005,0.9722015851043175,-0.00601405895552198,0.9716895486695687,-0.2341402917883864,-0.031587098118989625,-0.03211716037880598,0.001549736074703907,-0.9994829094723435
2.667,0.015967179089784622,Empty,0.57239,0.05351,0.1273,1.35498,-0.00723,-0.03783,0.77905,0.62667,-0.01467,-0.01247,0.2141373347619907,0.9767767696975582,-0.007234918122139701,0.9760451075376777,-0.21425701727270435,-0.03781373561507573,-0.03848571050135306,0.0010357261254567587,-0.9992586138525898
2.733,0.015967179089784622,Empty,0.57486,0.05375,0.12047,1.37109,-0.0085,-0.04439,0.77394,0.63286,-0.01734,-0.01449,0.1983716398092778,0.9800900462509157,-0.008496691076866725,0.9790850940158179,-0.19855293319753942,-0.0443746706431751,-0.04517821593882397,0.00048369259966583167,-0.9989788260248833
2.8,0.015967179089784622,Empty,0.57729,0.054,0.1137,1.38508,-0.00957,-0.05069,0.76945,0.63819,-0.01986,-0.01645,0.18464960466887637,0.982757831931302,-0.00956907902122842,0.9814509212435799,-0.18489738362973057,-0.050666031194563255,-0.05156173664410403,-3.6118790620191286e-05,-0.9986698082998589
2.867,0.015967179089784622,Empty,0.57981,0.05423,0.10724,1.39511,-0.01051,-0.05628,0.7662,0.64197,-0.0221,-0.01819,0.17477773698025717,0.9845518014534632,-0.010511560816555784,0.9829433788717404,-0.175092833662709,-0.0562566754453996,-0.05722811012313975,-0.0004998546818613869,-0.9983610036239552
2.933,0.015967506915330887,Empty,0.58274,0.05449,0.10132,1.40622,-0.01092,-0.06057,0.76258,0.64616,-0.02374,-0.01957,0.1638211984304978,0.9864295657413642,-0.010923679604378907,0.9845710284324407,-0.16418284881117357,-0.06053001014152251,-0.06150207245516989,-0.0008390396599554255,-0.9981066030721207
3.0,0.015967506915330887,Empty,0.58542,0.05475,0.09574,1.41797,-0.01112,-0.06453,0.75873,0.65058,-0.02522,-0.02087,0.1522245577755592,0.9882834422123614,-0.011114038821307074,0.9861779673041781,-0.15262545356615942,-0.06448633752605146,-0.06542706484196825,-0.0011440160008677036,-0.9978566983357652
3.067,0.015967179089784622,Empty,0.58794,0.05496,0.09108,1.4289,-0.01104,-0.06745,0.75513,0.65468,-0.02626,-0.02186,0.1414055869584589,0.9898902288289712,-0.011036070218178658,0.9875948411967228,-0.14182897141943224,-0.06738673836687722,-0.0682707083495828,-0.0013703047225736469,-0.9976658922938146
3.134,0.015967179089784622,Empty,0.5899,0.05505,0.08737,1.43832,-0.01091,-0.06969,0.75201,0.6582,-0.02705,-0.02262,0.13206926214460657,0.9911804126799628,-0.010913272477010311,0.9887325636770135,-0.13250981041482734,-0.06963524731417978,-0.07046720883687393,-0.0015936321422592612,-0.9975128233839079
3.2,0.015967179089784622,Empty,0.59158,0.05494,0.08503,1.44439,-0.01083,-0.07057,0.75,0.66047,-0.02738,-0.02289,0.12605302752570385,0.9919643357396111,-0.010834706838504685,0.9894575312909752,-0.12650452360930986,-0.07050105870092062,-0.07130517529024935,-0.0018336103876698759,-0.9974528609662581
3.267,0.015967179089784622,Empty,0.59312,0.05456,0.08444,1.44478,-0.01089,-0.06946,0.74989,0.66063,-0.02704,-0.02245,0.12566572785833352,0.9920128577966358,-0.01089104255738639,0.9895840529909131,-0.1261200383735958,-0.06940560486531626,-0.07022483113481255,-0.0020556961823870595,-0.9975290708572321
3.333,0.015967179089784622,Empty,0.59351,0.05428,0.08494,1.44373,-0.01095,-0.0684,0.75024,0.66025,-0.0267,-0.02205,0.12670293251177955,0.9918804144350397,-0.010936651822609486,0.9895254089973706,-0.12715567676291883,-0.06834397424462621,-0.06917970686192175,-0.002162712911525801,-0.9976018699016963
3.4,0.015967179089784622,Empty,0.59378,0.05431,0.08558,1.44318,-0.01076,-0.06736,0.75044,0.66006,-0.02628,-0.02173,0.12726971441348223,0.9918098897488781,-0.010749994857135278,0.9895255566336412,-0.12770611909731477,-0.06730765122914865,-0.06812923426835886,-0.002071169095039535,-0.9976743545348786
3.467,0.015967179089784622,Empty,0.59404,0.05431,0.08623,1.44282,-0.01056,-0.06632,0.75057,0.65994,-0.02586,-0.02141,0.1276267467334276,0.9917660712701629,-0.01055809621038327,0.9895511728774959,-0.12804726666586375,-0.06627498590096689,-0.06708121775142209,-0.0019893156479940163,-0.9977455351181678
3.533,0.015967179089784622,Empty,0.59414,0.05434,0.08652,1.44283,-0.01046,-0.06589,0.75057,0.65995,-0.02568,-0.02128,0.12761907798129002,0.9917681998564485,-0.010450296106100695,0.9895823395036555,-0.12803154831863411,-0.0658385599599933,-0.06663455768351587,-0.0019391721514708568,-0.9977755636082142
3.6,0.015967179089784622,Empty,0.59408,0.05437,0.08647,1.44286,-0.01047,-0.06603,0.75056,0.65996,-0.02573,-0.02133,0.1275782643256948,0.9917732496483197,-0.01046937217098947,0.9895773923760409,-0.12799238974677307,-0.06598888289056683,-0.0667860087883532,-0.00194150686881199,-0.9977654331460877
3.667,0.015967179089784622,Empty,0.59396,0.05433,0.08639,1.44282,-0.01055,-0.06637,0.75056,0.65994,-0.02587,-0.02143,0.12761308652281966,0.9917678319440433,-0.010557825018962571,0.9895502418060403,-0.12803369864999609,-0.06631508841590111,-0.0671209288502928,-0.0019848251846734132,-0.9977428733793393
3.733,0.015967179089784622,Empty,0.59351,0.05436,0.08609,1.44297,-0.01075,-0.06743,0.75051,0.65998,-0.0263,-0.02176,0.12747316945487597,0.9917837599999417,-0.010750091604558608,0.9894949511615954,-0.12790924424719752,-0.06737185511638141,-0.06819334787822334,-0.0020490574634955756,-0.9976700199307739
3.8,0.015967179089784622,Empty,0.59327,0.05436,0.08588,1.44313,-0.01086,-0.06798,0.75045,0.66003,-0.02652,-0.02193,0.12732503854651606,0.9918016370448766,-0.01085575028410736,0.9894752507125022,-0.12776983808804454,-0.06792346209069104,-0.06875363835142759,-0.0020931388051293924,-0.997631473031692
3.867,0.015967179089784622,Empty,0.59326,0.05478,0.08591,1.44506,-0.01045,-0.06801,0.74981,0.66076,-0.0264,-0.02205,0.12539880147806115,0.9920513717521096,-0.010450664697679805,0.9897234567931866,-0.12582032025735174,-0.0679464942707319,-0.06872131882619062,-0.0018228590441884476,-0.9976342303287785
3.933,0.015967179089784622,Empty,0.59314,0.05586,0.0859,1.4479,-0.00999,-0.06813,0.74886,0.66183,-0.0263,-0.02221,0.12256619751852499,0.9924099614244606,-0.009999784565222467,0.990073275034435,-0.12296359869154816,-0.06807983151721322,-0.06879271246606146,-0.0015562333773619377,-0.9976297614091296
4.0,0.015967179089784622,Empty,0.59297,0.05734,0.08587,1.45322,-0.00979,-0.06827,0.7471,0.66382,-0.02633,-0.02226,0.11730389733593,0.993047846753162,-0.009786200933449552,0.9907041157287264,-0.11769920828213903,-0.06820741490424412,-0.06888505460521621,-0.001694233946640132,-0.9976231647387557
4.067,0.015967179089784622,Empty,0.59281,0.05906,0.08588,1.4631,-0.00921,-0.06832,0.74381,0.66751,-0.02624,-0.02234,0.10749618252550419,0.9941628005860019,-0.009213939083837306,0.9918185942570844,-0.10787530308642113,-0.06825536660155977,-0.06885090288691982,-0.00180136476315545,-0.9976253346104669
4.133,0.015967179089784622,Empty,0.59253,0.06079,0.0858,1.47508,-0.00831,-0.06874,0.73977,0.67196,-0.02618,-0.02264,0.09555677501984478,0.9953892958552578,-0.008309780056101501,0.9930186739769322,-0.09590253622990802,-0.06867762865567423,-0.06915790541147337,-0.001689154062003177,-0.9976042957393741
4.2,0.015967179089784622,Empty,0.59239,0.06244,0.08583,1.4854,-0.00753,-0.06877,0.73629,0.67578,-0.02602,-0.02278,0.08529016709294268,0.996327719801733,-0.007527426647778699,0.993956530891779,-0.08560634808773798,-0.06871657634560044,-0.06910862532880849,-0.0016210865987972523,-0.9976078237380668
4.267,0.015967179089784622,Empty,0.59233,0.06364,0.08589,1.4899,-0.00734,-0.06865,0.73477,0.67744,-0.02596,-0.02274,0.0808003107011358,0.9967032384504066,-0.007346036555273189,0.9943422122707909,-0.08111440865450303,-0.0685858411412974,-0.06895559938851174,-0.0017627169658768647,-0.997618172519862
4.333,0.015967179089784622,Empty,0.59227,0.06417,0.08589,1.49064,-0.00739,-0.06866,0.73452,0.67771,-0.02599,-0.02272,0.0800638764958519,0.996762381741585,-0.007384444819990968,0.9944011213214556,-0.08038238172139722,-0.06859360482893016,-0.06896510418384645,-0.001851230303906704,-0.9976173551774614
4.4,0.015967179089784622,Empty,0.59226,0.06419,0.08588,1.49062,-0.00744,-0.06866,0.73453,0.6777,-0.02601,-0.0227,0.08010117618821894,0.996759035811748,-0.007431426572225237,0.9943974139135247,-0.08042284529007249,-0.06859992097330109,-0.0689752475556122,-0.0018948570087287285,-0.9976165720062785
4.467,0.015967179089784622,Empty,0.59231,0.06384,0.0859,1.4901,-0.0077,-0.06857,0.7347,0.67751,-0.02607,-0.02259,0.08059412913234049,0.9967173265691871,-0.007691376090921957,0.9943615865497966,-0.08093239339656277,-0.06851994522235988,-0.06891749809424902,-0.0021257036191285783,-0.9976200979534007
4.533,0.015967179089784622,Empty,0.59234,0.06342,0.08589,1.48952,-0.00801,-0.06855,0.7349,0.67729,-0.02617,-0.02248,0.08117350362745568,0.9966677678173852,-0.008013919312950677,0.9943147816359312,-0.08153255440104346,-0.06848764555108719,-0.06891282412681922,-0.002408976287127451,-0.9976197770213431
4.6,0.015967179089784622,Empty,0.59238,0.06314,0.08589,1.48912,-0.00824,-0.06849,0.73504,0.67714,-0.02623,-0.02239,0.08157556813458655,0.9966331745012081,-0.008230562991891073,0.994284217065793,-0.08194846439083026,-0.06843496823882124,-0.06887904164100306,-0.002600897466048867,-0.9976216281511684
4.667,0.015967179089784622,Empty,0.59238,0.06312,0.08589,1.48909,-0.00824,-0.06849,0.73505,0.67713,-0.02623,-0.02239,0.08160706827900222,0.996630434984904,-0.008249998103451835,0.994281490427857,-0.08198122998525043,-0.06843533972053388,-0.06888108738591225,-0.002618012969056769,-0.9976214421355567
4.733,0.015967179089784622,Empty,0.59238,0.06311,0.08589,1.48909,-0.00827,-0.06849,0.73506,0.67713,-0.02624,-0.02238,0.08162234438998894,0.9966291511455246,-0.008253967726688943,0.9942800665525087,-0.0819967490332511,-0.06843743423242404,-0.06888354050585228,-0.0026207317545284075,-0.9976212656175938
4.8,0.015967179089784622,Empty,0.59238,0.06312,0.08589,1.48909,-0.00825,-0.06848,0.73506,0.67713,-0.02623,-0.02238,0.08161379093124216,0.9966298877942787,-0.008249599080846843,0.994281619846776,-0.08198788345819724,-0.06842548794795814,-0.0688712535438597,-0.002617961269438009,-0.9976221212032584
4.867,0.015967179089784622,Empty,0.59238,0.06312,0.08588,1.48909,-0.00825,-0.06851,0.73506,0.67713,-0.02624,-0.02239,0.0816168256830076,0.9966296062997677,-0.0082535817800208,0.9942798306784079,-0.08199124307345862,-0.06844745696799641,-0.06889348352018691,-0.0026199057309273517,-0.997620581194281
4.933,0.015967179089784622,Empty,0.59238,0.06311,0.08589,1.48909,-0.00825,-0.06848,0.73506,0.67713,-0.02623,-0.02238,0.08162497381974942,0.9966289584568909,-0.008251231063195252,0.9942804511960823,-0.08199916149743341,-0.0684289550046831,-0.0688748721831144,-0.0026185260836668364,-0.9976218699000683
5.0,0.015967179089784622,Empty,0.59238,0.06311,0.08589,1.48906,-0.00824,-0.06849,0.73506,0.67712,-0.02623,-0.02239,0.0816330391184153,0.9966282957644296,-0.008251485077213776,0.99427923181953,-0.08200724635414497,-0.06843698355257352,-0.06888291585477427,-0.002617561288448843,-0.9976213170718862
5.067,0.015967179089784622,Empty,0.59238,0.06311,0.08589,1.48906,-0.00825,-0.06851,0.73506,0.67712,-0.02624,-0.02239,0.08163838475848395,0.9966278027495143,-0.00825814269075201,0.9942784696034712,-0.08201304883829058,-0.06844110390128921,-0.06888758245870331,-0.0026234723027391783,-0.997620979318334
5.133,0.015967179089784622,Empty,0.59238,0.06311,0.08589,1.48906,-0.00825,-0.06848,0.73506,0.67712,-0.02623,-0.02238,0.08163812334088144,0.996627851073471,-0.008254894430226253,0.9942789127771883,-0.08201254892898174,-0.0684352644824522,-0.06888149551215336,-0.0026207408964915484,-0.9976214067937609
5.2,0.015967179089784622,Empty,0.59238,0.06311,0.08589,1.48906,-0.00825,-0.06848,0.73507,0.67712,-0.02623,-0.02238,0.08164421181501658,0.9966273681844514,-0.008252979028131675,0.9942789834980885,-0.08201846978994337,-0.06842714072152775,-0.06887325788077911,-0.002619083627957469,-0.997621979885085
5.267,0.014479171484708786,Grasping,0.59238,0.06312,0.08589,1.48906,-0.00825,-0.06848,0.73506,0.67712,-0.02623,-0.02238,0.08163618274237538,0.9966280190500056,-0.00825380589272606,0.9942790941048463,-0.08201053733484531,-0.06843504067432099,-0.06888117807717525,-0.0026198111594661704,-0.9976214311532151
5.333,0.014479171484708786,Grasping,0.59238,0.06311,0.08589,1.48904,-0.00827,-0.06849,0.73507,0.67711,-0.02624,-0.02238,0.08165554290180055,0.9966264083363146,-0.008256786303972218,0.994277486278123,-0.08203005707228928,-0.0684350057877827,-0.0688814386745012,-0.0026214391799598696,-0.9976214088835286
5.4,0.013001671992242336,Grasping,0.59238,0.06312,0.08589,1.48906,-0.00825,-0.06848,0.73506,0.67712,-0.02623,-0.02238,0.08164096115276592,0.9966276235419074,-0.00825429919875531,0.9942788117942903,-0.08201533413814566,-0.06843339377192048,-0.06887958971267875,-0.0026201067570476915,-0.9976215400449182
5.467,0.013001671992242336,Grasping,0.59238,0.06312,0.08589,1.48906,-0.00826,-0.06851,0.73507,0.67712,-0.02624,-0.02239,0.08164375903142235,0.9966273928887011,-0.00825447485246155,0.9942779083826623,-0.0820181630846123,-0.06844312840909723,-0.0688893134921321,-0.0026192877079137247,-0.9976208707813233
5.533,0.011367885395884514,Grasping,0.59238,0.06312,0.08589,1.48903,-0.00825,-0.06848,0.73507,0.67711,-0.02623,-0.02238,0.08165592023991353,0.996626411820615,-0.008252632994312028,0.9942778536147545,-0.08203013318683511,-0.06842957738132958,-0.06887568875162133,-0.0026177301075540563,-0.9976218156135489
5.6,0.011367885395884514,Grasping,0.59238,0.06311,0.08589,1.48903,-0.00825,-0.06848,0.73507,0.67711,-0.02623,-0.02238,0.08165782862757698,0.9966262210130223,-0.008256791939454892,0.9942776415497976,-0.08203232472799982,-0.06843003152046605,-0.06887648755563303,-0.0026216958294506764,-0.997621750050076
5.667,0.011367885395884514,Grasping,0.59238,0.06312,0.08589,1.48904,-0.00826,-0.06851,0.73507,0.67711,-0.02624,-0.02239,0.08165597772212624,0.996626389560359,-0.008254752214733652,0.9942771281145542,-0.082030363451217,-0.06843984205369923,-0.06888609301243388,-0.002618989107319935,-0.9976210939457614
5.733,0.009497041814029217,Grasping,0.59238,0.06311,0.08589,1.48903,-0.00825,-0.06848,0.73507,0.67711,-0.02623,-0.02238,0.0816669127242739,0.9966254898537806,-0.008255200772707728,0.9942769224046337,-0.08204127707732156,-0.06842974812968244,-0.06887609846423834,-0.0026195093498694137,-0.9976217826566892
5.8,0.009497041814029217,Grasping,0.59238,0.06311,0.08589,1.48904,-0.00825,-0.06848,0.73508,0.67711,-0.02623,-0.02238,0.08167272778559648,0.9966249925724191,-0.008257706466385784,0.9942764013483965,-0.0820472520915963,-0.06843015523802923,-0.06887672507997637,-0.002621565227707794,-0.9976217339944103
5.867,0.009497041814029217,Grasping,0.59238,0.06311,0.08589,1.48903,-0.00825,-0.06848,0.73507,0.67711,-0.02623,-0.02238,0.08166513330267883,0.9966256397214229,-0.00825471092891649,0.9942773103895037,-0.08203945903112025,-0.06842629031662661,-0.06887260737963838,-0.0026194296603308342,-0.9976220238852911
5.933,0.007877045311033726,Grasping,0.59238,0.06311,0.08589,1.48903,-0.00825,-0.06848,0.73507,0.67711,-0.02623,-0.02238,0.08166319756811313,0.9966257728777999,-0.008257784126466043,0.9942769426451525,-0.08203775892449305,-0.06843367179141323,-0.0688802111434005,-0.002622011894472756,-0.9976214921333971
6.0,0.007877045311033726,Grasping,0.59238,0.06312,0.08589,1.48903,-0.00825,-0.06848,0.73507,0.67711,-0.02623,-0.02238,0.08166730555859997,0.9966254690305346,-0.008253828352041321,0.9942770561129117,-0.0820415684413876,-0.06842745600355442,-0.0688737024577562,-0.0026183061974890134,-0.9976219512332396
6.067,0.006046914961189032,Grasping,0.59238,0.06312,0.08589,1.48904,-0.00826,-0.06851,0.73507,0.67711,-0.02624,-0.02239,0.08166036199937571,0.9966260333539717,-0.008254387879130024,0.9942768402457323,-0.08203470959945475,-0.06843881480487402,-0.06888505083901446,-0.002618408306849818,-0.9976211674322298
6.133,0.006046914961189032,Grasping,0.59238,0.06311,0.08589,1.48904,-0.00826,-0.06851,0.73507,0.67711,-0.02624,-0.02239,0.08167011828730186,0.9966252230767094,-0.008255695381806972,0.9942760857363138,-0.0820445308293194,-0.06843800328670324,-0.06888437494680535,-0.0026191006654825958,-0.997621212284448
6.2,0.006046914961189032,Grasping,0.59238,0.06312,0.08589,1.48904,-0.00826,-0.06851,0.73507,0.67711,-0.02624,-0.02239,0.08166326677644248,0.9966257955498097,-0.008254362731819953,0.9942763107090715,-0.08203761684037059,-0.0684430229162222,-0.06888925041076853,-0.0026178364848547936,-0.9976208789464969
6.267,0.004028650000691414,Grasping,0.59238,0.06311,0.08589,1.48904,-0.00826,-0.06851,0.73507,0.67711,-0.02624,-0.02239,0.08166444904892634,0.9966256526897522,-0.008259912969280414,0.9942760281840413,-0.08203918453783637,-0.06844524803764303,-0.06889192652338133,-0.002623089989230777,-0.9976206803484006
6.333,0.004028650000691414,Grasping,0.59238,0.06312,0.08589,1.48904,-0.00826,-0.06851,0.73507,0.67711,-0.02624,-0.02239,0.08167255218943509,0.9966250381330175,-0.008253943616563519,0.9942758077399212,-0.08204684165043008,-0.06843927175471783,-0.06888550182724136,-0.0026170864622043445,-0.9976211397602089
6.4,0.004028650000691414,Grasping,0.59238,0.06311,0.08589,1.48904,-0.00826,-0.06851,0.73508,0.67711,-0.02624,-0.02239,0.08167825282555269,0.9966245610493458,-0.008255139524180367,0.9942752658432903,-0.08205261373139139,-0.06844022437208928,-0.06888656434762878,-0.0026178030952768694,-0.9976210645126405
6.467,0.0023961765691637993,Grasping,0.59238,0.06312,0.08589,1.48903,-0.00824,-0.06849,0.73507,0.67711,-0.02623,-0.02239,0.08167128034709792,0.9966251394221233,-0.008254298171170536,0.994275999553101,-0.0820455938435613,-0.06843798100133469,-0.06888424115243937,-0.0026176330320005652,-0.9976212253747222
6.533,0.0023961765691637993,Grasping,0.59239,0.06312,0.0859,1.48903,-0.00824,-0.06847,0.73507,0.67711,-0.02622,-0.02238,0.08165894456789718,0.996626205556739,-0.00824761599695369,0.9942787351187127,-0.08203276301949713,-0.06841361474238783,-0.06885937599768077,-0.0026138456272578685,-0.9976229518952774
6.6,0.0009564349893480539,Grasping,0.59239,0.06312,0.0859,1.48903,-0.00824,-0.06847,0.73507,0.67711,-0.02622,-0.02238,0.08165650585140721,0.9966263926382556,-0.008249154441312165,0.9942790191026252,-0.08203043249147074,-0.06841228192060278,-0.06885816744919179,-0.002615653287376137,-0.9976230305748858
6.667,0.0009564349893480539,Grasping,0.59239,0.06312,0.0859,1.48906,-0.00824,-0.06847,0.73507,0.67712,-0.02622,-0.02238,0.0816543481475272,0.9966265878730298,-0.008246925073290431,0.9942794287630654,-0.082028118028115,-0.068409103132245,-0.06885481077742457,-0.002613847227302586,-0.9976232669878331
6.733,0.0009564349893480539,Grasping,0.59239,0.06312,0.0859,1.48903,-0.00825,-0.06845,0.73507,0.67711,-0.02622,-0.02237,0.08165761894079576,0.99662631656616,-0.008247326638850881,0.9942797734931149,-0.08203138536947618,-0.06840017424571948,-0.06884595334077438,-0.002614754698359378,-0.9976238759003652
6.8,0.00030764832627028227,Grasping,0.59239,0.06312,0.08591,1.48903,-0.00825,-0.06845,0.73507,0.67711,-0.02622,-0.02237,0.08166272631636595,0.9966259030391926,-0.008246727950642938,0.9942796525287025,-0.08203642826140556,-0.06839588441941485,-0.06884164217957787,-0.002614159410755552,-0.9976241749639964
6.867,0.00030764832627028227,Grasping,0.59239,0.06312,0.0859,1.48903,-0.00825,-0.06845,0.73507,0.67711,-0.02622,-0.02237,0.08166210168997662,0.9966259585754409,-0.008246201620136319,0.9942795228217467,-0.08203577586094934,-0.0683985524426626,-0.06884425644115481,-0.002613459866941155,-0.9976239963947281
6.933,0.0002541299909353256,Grasping,0.59239,0.06312,0.08591,1.48903,-0.00825,-0.06845,0.73507,0.67711,-0.02622,-0.02237,0.08165677986255787,0.9966264086150785,-0.008244510506293483,0.9942802750759874,-0.08203033857849845,-0.06839413825406346,-0.06883970436671574,-0.00261250908276296,-0.9976243130051489
7.0,0.0002541299909353256,Grasping,0.59239,0.06313,0.08591,1.48906,-0.00825,-0.06845,0.73507,0.67712,-0.02622,-0.02237,0.08165231391923677,0.9966267825524368,-0.008243538731148796,0.9942807808750302,-0.08202581121494329,-0.06839221503263707,-0.06883769617131585,-0.002612009515303363,-0.9976244528840087
7.067,0.0002541299909353256,Grasping,0.5924,0.06313,0.08591,1.48906,-0.00824,-0.06844,0.73507,0.67712,-0.02621,-0.02237,0.08165624370707614,0.9966264787312598,-0.008241344270225447,0.9942810603056711,-0.08202955830133185,-0.06838365800627365,-0.06882899811185084,-0.002610259875602193,-0.9976250576054616
7.133,0.00024625001242384315,Grasping,0.59239,0.06313,0.08591,1.48903,-0.00825,-0.06845,0.73507,0.67711,-0.02622,-0.02237,0.08166144095043792,0.9966260483347802,-0.00824189556464423,0.994280021661909,-0.08203480430398669,-0.06839246600905818,-0.06883783542421805,-0.0026097247760961126,-0.9976244492546789
7.2,0.00024625001242384315,Grasping,0.59239,0.06313,0.08591,1.48906,-0.00825,-0.06845,0.73507,0.67712,-0.02622,-0.02237,0.08165329517475067,0.9966266874781322,-0.008245313424603669,0.9942808656698991,-0.08202690566015436,-0.06838966961856402,-0.06883530743609166,-0.002613915489266282,-0.9976246127156215
7.267,0.00024625001242384315,Grasping,0.5924,0.06312,0.08591,1.48903,-0.00824,-0.06844,0.73507,0.67711,-0.02621,-0.02237,0.08166332582360514,0.996625889618121,-0.008242412166132931,0.9942803986790762,-0.08203670000979535,-0.06838471067482943,-0.06883015340680995,-0.0026107459454283487,-0.9976249766257878
7.333,0.0002409966691629961,Grasping,0.5924,0.06312,0.08591,1.48903,-0.00824,-0.06844,0.73507,0.67711,-0.02621,-0.02237,0.08166638268314713,0.9966256278966215,-0.008243770928084013,0.9942800943180621,-0.0820398449093015,-0.06838536312781758,-0.0688309231546074,-0.0026118321007895426,-0.9976249206744796
7.4,0.0002409966691629961,Grasping,0.5924,0.06312,0.08591,1.48903,-0.00824,-0.06844,0.73507,0.67711,-0.02621,-0.02237,0.08165884349988389,0.9966262485380779,-0.008243421812485226,0.9942811782651081,-0.08203228192741902,-0.06837867554675481,-0.0688242095923329,-0.002612555587452302,-0.9976253819582244
7.467,0.00023771333508193493,Grasping,0.5924,0.06312,0.08591,1.48906,-0.00824,-0.06844,0.73507,0.67712,-0.02621,-0.02237,0.08165473592693817,0.9966266017393295,-0.008241408024005033,0.9942815452826175,-0.08202804475564779,-0.0683784219178537,-0.0688237808545313,-0.0026108579206091972,-0.9976254159802695
7.533,0.00023771333508193493,Grasping,0.5924,0.06312,0.08591,1.48903,-0.00824,-0.06844,0.73507,0.67711,-0.02621,-0.02237,0.08167009743511522,0.996625323441048,-0.008243777105519934,0.9942799719209767,-0.08204354438360534,-0.06838270440540618,-0.06882828358865699,-0.0026118003373329507,-0.9976251028704307
7.6,0.00023443000100087374,Done,0.5924,0.06311,0.08591,1.48903,-0.00825,-0.06845,0.73507,0.67711,-0.02622,-0.02237,0.08166944237881274,0.9966253115771582,-0.008251697114326804,0.9942795827466762,-0.0820434511547069,-0.06838847458249706,-0.0688346824982103,-0.0026192453794946797,-0.9976246418563509
7.667,0.00023443000100087374,Done,0.59239,0.06312,0.08591,1.48903,-0.00825,-0.06845,0.73508,0.67711,-0.02622,-0.02237,0.08167464049066975,0.996624913001422,-0.008248386850022302,0.9942788659628305,-0.08204842085570041,-0.06839293336854307,-0.06883886838398758,-0.0026152284782848204,-0.9976243635655749
7.733,0.00023443000100087374,Done,0.5924,0.06312,0.08591,1.48903,-0.00825,-0.06845,0.73507,0.67711,-0.02622,-0.02237,0.08166181395900207,0.9966259470809989,-0.00825043912936111,0.9942801999616329,-0.0820357547751141,-0.06838873374125595,-0.0688348175357527,-0.0026185002156422768,-0.9976246344950791
7.8,0.00023180333664640784,Done,0.59239,0.06312,0.08591,1.48903,-0.00825,-0.06845,0.73507,0.67711,-0.02622,-0.02237,0.08166296551385077,0.9966258551199668,-0.008250149688226498,0.9942799312117243,-0.08203689037423972,-0.0683912787373745,-0.06883733327992796,-0.0026179236275179,-0.9976244624220018
7.867,0.00023180333664640784,Done,0.5924,0.06311,0.08591,1.48903,-0.00825,-0.06845,0.73508,0.67711,-0.02622,-0.02237,0.08167570715893574,0.9966248082826005,-0.008250477304841072,0.9942791172515549,-0.08204961557522511,-0.0683878467377532,-0.0688339731350475,-0.00261765154817847,-0.9976246949844495
7.933,0.00023180333664640784,Done,0.59239,0.06312,0.0859,1.48903,-0.00825,-0.06845,0.73507,0.67711,-0.02622,-0.02237,0.08166910033007352,0.996625357336762,-0.00824955542120976,0.9942790788747683,-0.08204298317220154,-0.06839636119084362,-0.06884236604895923,-0.002616491081019851,-0.9976241189001015
8.0,0.0002265499933855608,Done,0.59239,0.06312,0.08591,1.48903,-0.00825,-0.06845,0.73508,0.67711,-0.02622,-0.02237,0.08167428416470984,0.9966249596715083,-0.008246275883505273,0.9942789344744238,-0.082047919017054,-0.06839253939849807,-0.06883830159574252,-0.0026131867012547053,-0.9976244080257246
8.067,0.0002265499933855608,Done,0.59239,0.06312,0.08591,1.48903,-0.00825,-0.06845,0.73507,0.67711,-0.02622,-0.02237,0.08166951089348251,0.9966253246504311,-0.008249439728954842,0.9942793476766716,-0.08204337332789424,-0.06839198547075735,-0.0688379965867099,-0.0026167075499723413,-0.9976244198432223
8.133,0.0002265499933855608,Done,0.59239,0.06312,0.08591,1.48903,-0.00825,-0.06845,0.73507,0.67711,-0.02622,-0.02237,0.08166510449412911,0.9966257108489928,-0.008246404228692536,0.9942799546383356,-0.08203875971877511,-0.06838869576321938,-0.06883445730411573,-0.0026142644367133224,-0.9976246704593379
8.2,0.00021538666624110192,Done,0.59239,0.06315,0.08591,1.48909,-0.00822,-0.06845,0.73505,0.67713,-0.02621,-0.02238,0.08160981959271857,0.996630372161467,-0.008230348190703365,0.9942843687609695,-0.08198250827612202,-0.06839197595008097,-0.06883626503264685,-0.0026018497366008127,-0.9976245781827466
8.267,0.00021538666624110192,Done,0.59239,0.06312,0.08591,1.48903,-0.00825,-0.06845,0.73507,0.67711,-0.02622,-0.02237,0.08165811245771604,0.9966262835057504,-0.008246435312192133,0.9942798220652982,-0.08203181316466435,-0.06839895512883312,-0.06884466648652973,-0.002613934664978853,-0.9976239668542078
8.333,0.00016318167035933584,Done,0.5924,0.06312,0.08593,1.48903,-0.00824,-0.06841,0.73507,0.67711,-0.0262,-0.02236,0.08165948073691676,0.9966262617797805,-0.008235504637678387,0.9942829760406819,-0.08203230440056547,-0.06835250244444041,-0.06879747641782637,-0.0026067922036658972,-0.9976272409437029
8.4,0.00016318167035933584,Done,0.59241,0.06313,0.08595,1.48903,-0.00824,-0.06838,0.73507,0.67711,-0.02619,-0.02235,0.08166302353787364,0.9966260094640653,-0.00823090799276056,0.9942849872988628,-0.08203543645234279,-0.06831947890736192,-0.06876419576169351,-0.0026046930349328686,-0.9976295409396422
8.467,0.00014348166587296873,Done,0.59246,0.06306,0.08605,1.48894,-0.00825,-0.0682,0.73511,0.67708,-0.02613,-0.02228,0.08175223078615157,0.9966185799173592,-0.008244933292255785,0.9942892284058866,-0.08212495362612915,-0.068149998297379,-0.06859666928878133,-0.00262643397253185,-0.997641017003147
8.533,0.00014348166587296873,Done,0.59269,0.0625,0.08646,1.48811,-0.00855,-0.06744,0.7354,0.67678,-0.02598,-0.02191,0.082576181025585,0.9965480290776333,-0.008555703870177938,0.9942707383272031,-0.0829661038548749,-0.06739676933963737,-0.06787395106746026,-0.002941318178381222,-0.9976895686604453
8.6,0.00014348166587296873,Done,0.59309,0.06166,0.08719,1.48688,-0.00898,-0.06611,0.73584,0.67634,-0.02567,-0.02129,0.08381818515745376,0.9964406230252898,-0.008977562134735002,0.9942551909706918,-0.0842293985113311,-0.06604561797918772,-0.06656671138597887,-0.0033901639181041785,-0.9977762172570882
8.667,0.0001053950036293827,Done,0.59383,0.0609,0.08882,1.48568,-0.00903,-0.06334,0.73627,0.67593,-0.02474,-0.02027,0.08501284108994955,0.9963389652286773,-0.009026805462827664,0.9943334968737058,-0.08541509649652584,-0.06328631989140568,-0.06382565193339702,-0.003595505185356318,-0.9979545873925021
8.733,0.0001053950036293827,Done,0.59537,0.06015,0.09253,1.48429,-0.00833,-0.05722,0.73679,0.6755,-0.0224,-0.01827,0.08639233418780196,0.996226421336415,-0.008323582451262745,0.9945893964178352,-0.08672816161328611,-0.057185299827718986,-0.05769139560445316,-0.0033381753128895247,-0.9983288834140736
