time,gr,gr_state,tx,ty,tz,rx,ry,rz,qw,qx,qy,qz,xx,xy,xz,yx,yy,yz,zx,zy,zz
0.0,0.01565493270754814,Empty,0.30824,0.00112,0.4856,0.01055,0.00335,-0.00508,0.99998,0.00528,0.00166,-0.00255,0.9999386381764774,0.010561050113102433,0.003344264086583119,0.010577977942153927,-0.9999311213042293,-0.005085177472004621,0.0032903289239184686,0.005120240987982615,-0.9999814782623713
0.067,0.01565493270754814,Empty,0.30824,0.00112,0.4856,0.01055,0.00335,-0.00508,0.99998,0.00528,0.00166,-0.00255,0.9999386364003562,0.01055768015443892,0.003355417046073554,0.010574662244619004,-0.9999311607967796,-0.005084307820828337,0.0033015075660585134,0.005119478231350818,-0.9999814453230769
0.133,0.01565493270754814,Empty,0.30824,0.00112,0.4856,0.01055,0.00335,-0.00508,0.99998,0.00528,0.00166,-0.00255,0.999938733415056,0.010552657087169015,0.0033422813607445084,0.010569577455902257,-0.9999312060697205,-0.0050859768342121645,0.0032883808625887682,0.005120991735502235,-0.9999814808259937
0.2,0.01565493270754814,Empty,0.30824,0.00112,0.4856,0.01055,0.00335,-0.00508,0.99998,0.00528,0.00166,-0.00255,0.9999386352055332,0.010560860655897453,0.003345750364643142,0.010577786650653953,-0.9999311379163707,-0.005082308023362964,0.003291846422456526,0.005117386782119236,-0.9999814878784773
0.267,0.01565493270754814,Empty,0.30824,0.00112,0.4856,0.01055,0.00335,-0.0051,0.99998,0.00528,0.00166,-0.00256,0.9999387968000615,0.010545425156305022,0.003346141407338173,0.010562399403100109,-0.9999312292505125,-0.005096321066081918,0.0032921684183108684,0.005131352436928317,-0.9999814152519402
0.333,0.01565493270754814,Empty,0.30825,0.00112,0.48559,0.01059,0.00333,-0.00508,0.99998,0.0053,0.00165,-0.00255,0.9999383707958056,0.010590419682966534,0.003331309227415557,0.010607303772202592,-0.9999307752184308,-0.005092138819064612,0.003277150731084159,0.005127161203535885,-0.9999814860791566
0.4,0.01565493270754814,Empty,0.30832,0.00111,0.48555,0.01135,0.00335,-0.0051,0.99998,0.00568,0.00166,-0.00256,0.99992989885534,0.011354474511930446,0.0033575711023519327,0.011371515191981818,-0.9999223336130396,-0.00510052782479777,0.0032993965187513097,0.005138350942757437,-0.9999813554922916
0.467,0.01565493270754814,Empty,0.30942,0.00111,0.48511,0.01137,0.00441,-0.0051,0.99998,0.00569,0.00219,-0.00256,0.9999256549710448,0.011366914741015977,0.004413363796171235,0.011389360296443773,-0.9999221615715903,-0.00509443520282868,0.004355112256265285,0.00514432184728989,-0.9999772842169798
0.533,0.01565493270754814,Empty,0.3106,0.00112,0.48334,0.01266,-0.00039,-0.00514,0.99998,0.00633,-0.00021,-0.00257,0.9999197253772545,0.012664924239640662,-0.0003774857353324038,0.012662818385541286,-0.9999066201013298,-0.005138492781903746,-0.00044252910754137483,0.005133300258024552,-0.9999867266101335
0.6,0.01565493270754814,Empty,0.3122,0.0011,0.48108,0.02002,-0.00625,-0.00536,0.99994,0.01,-0.00315,-0.00265,0.9997799822899167,0.020022058374040363,-0.006253334377788091,0.019988579863333467,-0.9997857810659656,-0.0053710942426830185,-0.006359535157622996,0.0052449172332045555,-0.9999660230006797
0.667,0.01565493270754814,Empty,0.31541,0.00118,0.47805,0.02983,-0.01071,-0.00584,0.99987,0.0149,-0.0054,-0.00284,0.9994976473466686,0.029829597372461214,-0.010707383857473163,0.029768258314791962,-0.9995397486857673,-0.0058430808737106685,-0.01087675251985845,0.005521405417985238,-0.9999256024009145
0.733,0.01565493270754814,Empty,0.32074,0.00116,0.4749,0.03459,-0.00942,-0.00586,0.99984,0.01728,-0.00476,-0.00285,0.9993573354890852,0.03458746683201419,-0.009413986525402358,0.0345333265739714,-0.9993864009669462,-0.005854136833870944,-0.009610689875944683,0.005525278316841089,-0.99993855108183
0.8,0.01565493270754814,Empty,0.32944,0.00101,0.47098,0.03642,-0.00083,-0.00582,0.99983,0.01821,-0.00047,-0.0029,0.9993366106986388,0.03640917646069125,-0.0008428444763455244,0.03640368228035712,-0.9993202829118539,-0.005808965260944931,-0.0010537712217920452,0.005774429013010205,-0.9999827726195017
0.867,0.01565493270754814,Empty,0.34006,0.00112,0.46602,0.03712,0.00984,-0.00516,0.99981,0.01857,0.00487,-0.00267,0.9992632732376933,0.03709717097330323,0.009834158025392604,0.03714912685937871,-0.999296440816913,-0.0051541967594772465,0.009636032994789354,0.005515729908826835,-0.9999383598960969
0.933,0.01565493270754814,Empty,0.35156,0.00133,0.45931,0.03758,0.01747,-0.00471,0.99978,0.01881,0.00869,-0.00252,0.9991413323202839,0.037569048117840786,0.017468963127991975,0.037656538569903864,-0.9992796572871319,-0.0047065523524082555,0.017279558795904534,0.00536033167182581,-0.9998363284519058
1.0,0.01565493270754814,Empty,0.36443,0.00167,0.45081,0.03849,0.02431,-0.00439,0.99974,0.01927,0.01211,-0.00243,0.9989639151713333,0.0384720435019793,0.02431045154542836,0.0385895605336658,-0.9992455314727051,-0.004383337729306179,0.024123474115047266,0.005316925861098974,-0.9996948475890071
1.067,0.01565493270754814,Empty,0.37881,0.00237,0.44052,0.03999,0.03184,-0.00366,0.99967,0.02002,0.01588,-0.00215,0.9986941623903595,0.03995227301908777,0.031840004523030555,0.040088592114077726,-0.9991894468911944,-0.0036543130107059753,0.03166819839727926,0.004925962025573359,-0.9994862981093802
1.133,0.01565493270754814,Empty,0.39282,0.00281,0.42868,0.04081,0.03528,-0.0033,0.99963,0.02043,0.0176,-0.00201,0.9985458912623772,0.04077825573387578,0.03525956469282299,0.04091968463483481,-0.9991569943377343,-0.0032984959254311573,0.03509533376975362,0.004736509821276845,-0.9993727447865999
1.2,0.01565493270754814,Empty,0.4062,0.0031,0.41521,0.04085,0.03406,-0.00331,0.99964,0.02045,0.01699,-0.002,0.9985863921817018,0.04081399545049147,0.034050479070052854,0.04095020763395074,-0.9991556982977758,-0.003312258115025222,0.033886543704974896,0.00470195006901176,-0.9994146255790335
1.267,0.01565493270754814,Empty,0.41857,0.00367,0.40069,0.035,0.02926,-0.00431,0.99974,0.01753,0.01459,-0.00241,0.9989598589138957,0.0349815274781759,0.029248812181403128,0.03512197444957871,-0.9993737747911168,-0.004301763651953561,0.029080013574489867,0.005324565244952223,-0.9995629053818771
1.333,0.01565493270754814,Empty,0.43021,0.00492,0.38567,0.01862,0.02311,-0.00559,0.99989,0.00934,0.01153,-0.0029,0.999559716464687,0.018617166861401302,0.0231035564164725,0.018750975726088692,-0.999808565773991,-0.0055886236475991835,0.02299508926605891,0.006019377294173683,-0.9997174565679227
1.4,0.01565493270754814,Empty,0.44153,0.00628,0.37064,-0.01266,0.01768,-0.00655,0.99994,-0.0063,0.00886,-0.00322,0.9997637817412993,-0.01265089089998328,0.017673021184062162,-0.012536678292650538,-0.9998999041789808,-0.006558454105303627,0.017754222475855605,0.00633534389765132,-0.9998223097140692
1.466,0.01565493270754814,Empty,0.45385,0.00808,0.35581,-0.05317,0.01715,-0.0074,0.9996,-0.02655,0.00867,-0.00347,0.9984396579731796,-0.05314544949893024,0.01714090382556698,-0.05302506244352584,-0.9985657381618973,-0.007403331820542625,0.017509772678731824,0.006482882595075375,-0.9998256748523702
1.533,0.01565493270754814,Empty,0.46745,0.01086,0.34161,-0.10083,0.02228,-0.00932,0.99866,-0.05034,0.01136,-0.00409,0.9946733244136325,-0.1006433530872829,0.022268659126245628,-0.10045740763653543,-0.9948977092838254,-0.009319727074546445,0.023093006536164855,0.007033032144502541,-0.9997085822918471
1.6,0.01565493270754814,Empty,0.47972,0.01415,0.32766,-0.15386,0.02448,-0.01134,0.99696,-0.07678,0.01264,-0.00471,0.9878892842207136,-0.1532157094216568,0.02448894665566734,-0.15297736162772102,-0.9881646522924917,-0.011337847638785196,0.02593624782629793,0.0074542837400570295,-0.9996358060326849
1.667,0.01565493270754814,Empty,0.49103,0.01826,0.31419,-0.21295,0.02349,-0.01301,0.99426,-0.10619,0.01237,-0.00522,0.9771431079051367,-0.2112803961815885,0.023493421692919316,-0.2110220518441795,-0.9773947426046694,-0.013008103790511852,0.025710704170884356,0.007753148915332955,-0.9996393591555577
1.733,0.01565493270754814,Empty,0.50125,0.02269,0.30132,-0.27644,0.02031,-0.01411,0.9904,-0.1377,0.01103,-0.00559,0.961835947727335,-0.2728724682454031,0.020303342905058887,-0.2726257478025114,-0.9620166020809349,-0.014115911439726698,0.023383996548500822,0.008041977015282174,-0.9996942109020664
1.8,0.01565493270754814,Empty,0.51017,0.02747,0.28953,-0.34186,0.01465,-0.01391,0.98538,-0.17004,0.0084,-0.00561,0.9420301771684627,-0.3352081861969898,0.014649819469186053,-0.3350195868903361,-0.9421083783647992,-0.01391688954749014,0.018466772966169918,0.008202153459471343,-0.9997958306448589
1.867,0.01565493270754814,Empty,0.51773,0.03266,0.2786,-0.4112,0.00642,-0.01172,0.97892,-0.20413,0.00434,-0.00508,0.9166210868006566,-0.3997057095429135,0.006413188846369422,-0.39961755284454237,-0.9166070038175018,-0.011722286945882232,0.01056383883455603,0.008182072567407661,-0.9999107255138227
1.933,0.01565493270754814,Empty,0.52397,0.03739,0.26863,-0.48477,-0.00318,-0.0071,0.97076,-0.24002,-0.00069,-0.00383,0.8847773128898334,-0.46600324657086845,-0.003175024544165082,-0.46601379399078113,-0.8847489513556478,-0.007101893085590415,0.0005004055987057603,0.0077631991145397875,-0.99996974070906
2.0,0.01565493270754814,Empty,0.52908,0.0416,0.25944,-0.56077,-0.01321,-0.00048,0.96093,-0.27672,-0.00628,-0.00206,0.8467763101783956,-0.5317852698906387,-0.013202547027077504,-0.5318370977930748,-0.846846536227705,-0.0004954696536919011,-0.0109170477557528,0.007441156259516087,-0.9999127198219954
2.067,0.01565493270754814,Empty,0.53459,0.04549,0.25137,-0.64085,-0.01941,0.0057,0.94906,-0.31493,-0.01011,-0.00035,0.8014334047155149,-0.5977693046649091,-0.019399902229869873,-0.5977832889929003,-0.8016374189640895,0.005708582785883792,-0.018964103114248287,0.00702188842292111,-0.9997955070293363
2.133,0.01565493270754814,Empty,0.5403,0.04897,0.24463,-0.71696,-0.02214,0.01052,0.93638,-0.35077,-0.01221,0.00104,0.7536195707984512,-0.6569380486319232,-0.02213465087231096,-0.6568872080839699,-0.7539155340288571,0.010514913486571995,-0.023595303880342772,0.006615724424692514,-0.999699701823068
2.2,0.01565493270754814,Empty,0.54486,0.05196,0.23899,-0.78686,-0.02491,0.01636,0.92354,-0.38322,-0.01464,0.00278,0.7058629574553879,-0.707910034554273,-0.024917228371178213,-0.7077473700132533,-0.7062763360528713,0.01635228947440954,-0.029174398565459343,0.006092627438147644,-0.9995557685088127
2.267,0.01565493270754814,Empty,0.54891,0.05488,0.23414,-0.85241,-0.02666,0.02203,0.91047,-0.41322,-0.01669,0.00452,0.6579433383756291,-0.7525954778119707,-0.0266572741311569,-0.7522938227227008,-0.6584596212364796,0.022021160150572157,-0.034125764173092585,0.005565427035123149,-0.9994020503488671
2.333,0.01565493270754814,Empty,0.55303,0.0572,0.23023,-0.9144,-0.02647,0.02568,0.89721,-0.44121,-0.01754,0.00568,0.6100456630803711,-0.7919244115362201,-0.026457803571764808,-0.7915260062970655,-0.6105962689269281,0.025666665695658498,-0.03648109527205247,0.0052842015031810356,-0.9993203725043461
2.4,0.01565493270754814,Empty,0.55745,0.0585,0.22656,-0.9704,-0.02523,0.02759,0.88451,-0.46615,-0.01759,0.00632,0.5647836671047896,-0.8248531912860791,-0.02523137326498397,-0.8244085699470185,-0.5653228403446212,0.027578904666458588,-0.0370124191262591,0.005224845438928994,-0.999301146712322
2.466,0.01565493270754814,Empty,0.56229,0.05906,0.2229,-1.01824,-0.02333,0.02752,0.87311,-0.48719,-0.01689,0.00633,0.5247306685978895,-0.8509486643087079,-0.023325868559126682,-0.8505208521473039,-0.5252210950386375,0.027515112012110068,-0.03566518604236148,0.005401114481324075,-0.9993491994627918
2.533,0.01565493270754814,Empty,0.56752,0.05956,0.21902,-1.05957,-0.02067,0.02495,0.86287,-0.50517,-0.01522,0.00554,0.48914710169206116,-0.8719564030935013,-0.020667462604290872,-0.8716188650525308,-0.48954903011033235,0.02494596565720957,-0.03186953075892667,0.005811903498533862,-0.9994751396542735
2.6,0.01565493270754814,Empty,0.57237,0.06005,0.21493,-1.0971,-0.01839,0.02226,0.85325,-0.52131,-0.01365,0.0047,0.4561004957046575,-0.8897380876270877,-0.018397642339658682,-0.8894813479909855,-0.4564291154913216,0.022257450616564724,-0.0282005211672527,0.006212725448798529,-0.9995829793710941
2.667,0.01565493270754814,Empty,0.57672,0.06041,0.21029,-1.13422,-0.01671,0.02046,0.84342,-0.53708,-0.01254,0.00414,0.42276518307568794,-0.9060854830849028,-0.016694230194246873,-0.9058776621299858,-0.4230451257140718,0.020456853704232583,-0.025598070882221633,0.006474484718001727,-0.9996513491286575
2.733,0.01565493270754814,Empty,0.58033,0.06075,0.20564,-1.16818,-0.01565,0.01989,0.83419,-0.55133,-0.01201,0.00398,0.391791986437793,-0.9199206593125566,-0.01565311256840462,-0.9197293510560784,-0.39204892846043476,0.019888652518205326,-0.024432768346899458,0.006604412386867828,-0.9996796594749395
2.8,0.01565493270754814,Empty,0.58243,0.06101,0.20102,-1.19531,-0.01573,0.02242,0.82663,-0.56258,-0.01281,0.00484,0.3666877323726963,-0.930210992097334,-0.01573585424002142,-0.9299627711307094,-0.3669692186232162,0.022424024927708286,-0.026633648609648584,0.006411143763749056,-0.9996247025746104
2.867,0.01565493270754814,Empty,0.58381,0.06112,0.19668,-1.21667,-0.01609,0.02593,0.82056,-0.57135,-0.01401,0.00604,0.3467179091376034,-0.937831344676526,-0.016095354157887067,-0.9374928104327633,-0.34703767721065354,0.0259245247422789,-0.029898526219987336,0.006100781790359198,-0.9995343208671822
2.933,0.01565493270754814,Empty,0.58511,0.06124,0.1922,-1.23319,-0.01597,0.02742,0.81581,-0.5781,-0.01444,0.00657,0.33119433905017653,-0.9434274295581769,-0.015968560936030315,-0.9430476225318736,-0.33152522777122206,0.02742635572255382,-0.031168757082973328,0.005975659669892505,-0.9994962731663447
3.0,0.01565493270754814,Empty,0.58602,0.06132,0.18798,-1.24848,-0.01579,0.0288,0.81137,-0.58431,-0.01482,0.00707,0.3167279004257185,-0.948384957371351,-0.015792711092686283,-0.9479659413261902,-0.31706737738292223,0.028789794807638675,-0.03231116180929647,0.005852420973960269,-0.9994607235861132
3.067,0.01565493270754814,Empty,0.58603,0.06129,0.18381,-1.26215,-0.01617,0.03262,0.80734,-0.58981,-0.01615,0.0084,0.30372426580073064,-0.9526229180291275,-0.016160025045691175,-0.9520802046437022,-0.3041045035146739,0.03261494853130467,-0.035984083834565916,0.00547968865574989,-0.9993373398021426
3.133,0.01565493270754814,Empty,0.58556,0.06124,0.18034,-1.27248,-0.01665,0.03692,0.80426,-0.59393,-0.01766,0.0099,0.29387829210391114,-0.9556977230750913,-0.016655675884651312,-0.9549984857039816,-0.2943063703331463,0.03690057837528909,-0.040167670248474875,0.005061866297641874,-0.9991801317962616
3.2,0.01565493270754814,Empty,0.58548,0.06115,0.17797,-1.28276,-0.01657,0.03888,0.80119,-0.59804,-0.01827,0.01062,0.28403832794391815,-0.9586696138201931,-0.016577086495072044,-0.9578935543195755,-0.2844805036329285,0.03886877468824346,-0.04197817113492732,0.004838862531350006,-0.9991068103849405
3.267,0.01565493270754814,Empty,0.58563,0.06105,0.17629,-1.29104,-0.01625,0.0393,0.7987,-0.60135,-0.01831,0.01081,0.2760881870361532,-0.9609949532636954,-0.01624847010638889,-0.9602036453278782,-0.27652498785326945,0.03927964602441226,-0.04224064959424801,0.004757193968853853,-0.9990961398320978
3.333,0.01565493270754814,Empty,0.58559,0.06095,0.17538,-1.29777,-0.01608,0.04011,0.79667,-0.60403,-0.01852,0.01112,0.26962143765744,-0.9628322786480964,-0.0160712024705551,-0.9620081492065933,-0.2700599735687416,0.040099021635889874,-0.0429488208876592,0.004649071882097745,-0.9990664567059565
3.4,0.01565493270754814,Empty,0.5856,0.0608,0.17515,-1.30428,-0.01577,0.04035,0.7947,-0.60662,-0.01851,0.01125,0.26334947634108724,-0.9645716139116944,-0.015768796614321207,-0.9637387532464732,-0.2637814886031943,0.04033536613464601,-0.04306586585462115,0.004574702839698095,-0.9990617615003189
3.466,0.01565493270754814,Empty,0.58566,0.06056,0.17518,-1.30989,-0.01542,0.04034,0.79299,-0.60885,-0.0184,0.0113,0.25793198394347766,-0.9660400238322128,-0.015419598348849279,-0.9652084590693071,-0.258353599186698,0.040324289557701364,-0.04293858637677729,0.004482202755031274,-0.9990676591995293
3.533,0.01565493270754814,Empty,0.5857,0.06023,0.17518,-1.31523,-0.01508,0.04043,0.79136,-0.61097,-0.01832,0.01139,0.25275024624172626,-0.9674141464628784,-0.015072566080370428,-0.9665794692793661,-0.25316182253436903,0.040413131265664426,-0.0429120331884413,0.004354404043846747,-0.9990693652460058
3.6,0.01565493270754814,Empty,0.58574,0.05983,0.17517,-1.32127,-0.01468,0.04054,0.78951,-0.61336,-0.01823,0.0115,0.24691266289706382,-0.9689266920795556,-0.014669774260406662,-0.9680881710788212,-0.2473124583361026,0.04051963683224507,-0.04288857561570895,0.004196823504024679,-0.999071046900135
3.667,0.01565493270754814,Empty,0.5858,0.05933,0.17518,-1.3301,-0.01422,0.04064,0.7868,-0.61684,-0.01813,0.0116,0.23836606785807896,-0.9710711825508117,-0.014225895867944469,-0.9702297369564004,-0.23875467724040866,0.040625873791742255,-0.04284711448151408,0.004118557416888705,-0.9990731516087358
3.733,0.01565493270754814,Empty,0.58589,0.05862,0.17519,-1.34083,-0.01369,0.04075,0.78347,-0.62106,-0.01802,0.01171,0.22792180379893967,-0.9735831422289214,-0.013693667174908247,-0.9727388951523004,-0.22829712854377898,0.040736506435226416,-0.04278660083390237,0.004035624651119661,-0.9990760834504825
3.8,0.01565493270754814,Empty,0.586,0.05763,0.1752,-1.35554,-0.0129,0.04094,0.77888,-0.62681,-0.01786,0.0119,0.21358392696832862,-0.9768394076595996,-0.012910375053813232,-0.9759895644574383,-0.21393893754682863,0.04092066802380042,-0.042734953035748244,0.003860394355062731,-0.9990789864392383
3.866,0.01565493270754814,Empty,0.58608,0.05675,0.1752,-1.37214,-0.0121,0.04114,0.77364,-0.63326,-0.01771,0.01208,0.19734418098745665,-0.9802596131465511,-0.012098143004770724,-0.9794035378883797,-0.1976794356340138,0.04112846580098255,-0.042708128056784846,0.0037325006619864905,-0.9990806194880839
3.933,0.01565493270754814,Empty,0.58613,0.05623,0.17521,-1.38626,-0.01149,0.04129,0.76915,-0.63871,-0.01761,0.01221,0.18347962127534923,-0.982956304914028,-0.011494833901126208,-0.9820957974352048,-0.18380183059251792,0.04128839704988025,-0.042697461713357414,0.0037134486127335105,-0.9990811463853358
4.0,0.01565493270754814,Empty,0.58614,0.05614,0.1752,-1.39741,-0.01104,0.04146,0.76558,-0.64299,-0.01756,0.01232,0.17251522416850207,-0.9849449128905887,-0.011046085326598882,-0.9840800252993422,-0.17282842504825086,0.04143475958886515,-0.04272003320384202,0.00372210508881705,-0.9990801492857169
4.066,0.01565493270754814,Empty,0.58612,0.0562,0.17518,-1.40835,-0.0106,0.04162,0.76205,-0.64717,-0.01751,0.01243,0.16173571590760843,-0.9867770910741347,-0.010608050297872193,-0.9859066281909263,-0.16204031683516995,0.04160596362489647,-0.042774743588382375,0.003729376787956388,-0.9990777812861827
4.133,0.01565493270754814,Empty,0.58603,0.05621,0.17499,-1.41945,-0.01017,0.04209,0.75843,-0.65139,-0.01757,0.01265,0.1507649193465725,-0.9885173133242853,-0.010171546222568911,-0.9876278743837109,-0.1510623326957436,0.042087449207963895,-0.04314070971523263,0.0037003916896497543,-0.9990621533551399
4.2,0.01565493270754814,Empty,0.58564,0.05617,0.17419,-1.43015,-0.00979,0.04376,0.75492,-0.65543,-0.01804,0.01331,0.14017394906957525,-0.9900784709676915,-0.009792105418055863,-0.9891183579176095,-0.1404705826064852,0.043736591688957174,-0.04467816057775953,0.0035548204557788463,-0.9989951077051955
4.267,0.01565493270754814,Empty,0.58459,0.05611,0.17245,-1.439,-0.00953,0.04737,0.75199,-0.65873,-0.01919,0.01467,0.1314142895609799,-0.9912815650373632,-0.009546900871947973,-0.9901555448271119,-0.13172098930242998,0.047345306264875806,-0.04819005651904478,0.003231067047428386,-0.9988329583360904
4.333,0.01565493270754814,Empty,0.58314,0.05601,0.16962,-1.44764,-0.0093,0.05291,0.74909,-0.66192,-0.021,0.01674,0.12282844724775482,-0.9923842661524486,-0.009308106132361695,-0.9909780899250158,-0.12315040299146962,0.05288103186971523,-0.053624601026699505,0.0027288342024509404,-0.9985574373207697
4.4,0.01565493270754814,Empty,0.58154,0.05603,0.16555,-1.45262,-0.0093,0.06032,0.74737,-0.6637,-0.0235,0.01946,0.11789140109138241,-0.9929830366480807,-0.009290127979024114,-0.9911534768893329,-0.11823821824640945,0.06028688908959377,-0.06096230637777186,0.0021006368249436433,-0.9981378584774913
4.466,0.01565493270754814,Empty,0.58011,0.05625,0.1611,-1.45256,-0.00957,0.06806,0.74732,-0.66358,-0.02617,0.02226,0.11796221018821645,-0.9929718766052908,-0.009579626218079465,-0.9906416485820204,-0.11834144130842089,0.06800314230785484,-0.06865887460633077,0.0014681757430994302,-0.9976391148094484
4.533,0.01565493270754814,Empty,0.57864,0.05636,0.15611,-1.45225,-0.00988,0.07656,0.74733,-0.66334,-0.0291,0.02534,0.11827455880249121,-0.9929318434022049,-0.009873352924679973,-0.9899817315164201,-0.11868371627891267,0.07648755947196677,-0.07711873964106997,0.0007279066738212032,-0.9970216497890337
4.6,0.01565493270754814,Empty,0.57708,0.05633,0.15102,-1.45213,-0.01013,0.08529,0.74724,-0.66316,-0.03209,0.02852,0.11836763434808117,-0.9929181194499938,-0.010134653754647914,-0.9892565601874528,-0.11880069303681079,0.08519303645288145,-0.0857937134347699,-5.8325475843588295e-05,-0.9963129203885752
4.667,0.01565493270754814,Empty,0.57581,0.05615,0.14636,-1.4523,-0.01031,0.09311,0.74707,-0.66309,-0.03475,0.03138,0.11820802045345175,-0.9929354169800289,-0.010301534214510598,-0.9885733431762089,-0.11865330746361802,0.09297385540762543,-0.09353934499391255,-0.0008064332833780139,-0.9956152573175389
4.733,0.01565493270754814,Empty,0.57544,0.05609,0.14259,-1.45242,-0.01044,0.09872,0.74695,-0.66303,-0.03666,0.03343,0.11810190945745797,-0.9929467248042734,-0.01042788008029854,-0.9880442784970025,-0.1185538497513357,0.0985570314004812,-0.09909814686380444,-0.0013365663486636554,-0.9950767663243653
4.8,0.01565493270754814,Empty,0.5758,0.05614,0.13984,-1.45246,-0.01051,0.10213,0.74688,-0.66298,-0.03782,0.03468,0.1180602804256003,-0.9929507331438593,-0.010517211365240385,-0.9877048670010531,-0.11851635371689434,0.10194591509268014,-0.10247373267457656,-0.0016478624713595145,-0.9947343457732898
4.867,0.01565493270754814,Empty,0.57623,0.05616,0.13759,-1.45254,-0.01054,0.10375,0.74682,-0.66298,-0.03837,0.03527,0.11797339319511962,-0.9929608153229518,-0.010540290850284795,-0.9875473694087764,-0.11842951232169113,0.10355985604978557,-0.10407916060305054,-0.0018082711149891729,-0.9945673725212077
4.933,0.01565493270754814,Empty,0.57701,0.05618,0.13576,-1.45262,-0.0104,0.10065,0.74685,-0.66307,-0.03729,0.03416,0.117896336213614,-0.9929714915683374,-0.010395712575728945,-0.9878752434079572,-0.11834326886275165,0.10048569140204926,-0.10100968948113788,-0.0015772277670460444,-0.994884191744695
5.0,0.01565493270754814,Empty,0.57845,0.05623,0.13419,-1.45271,-0.01014,0.09454,0.74691,-0.66322,-0.03517,0.03196,0.11779390789211486,-0.992986283382949,-0.010140822295137936,-0.988491038178666,-0.11822455165612283,0.09438444165312299,-0.09492135009557642,-0.0010938002680304162,-0.9954841741067544
5.066,0.01565493270754814,Empty,0.57992,0.05628,0.13242,-1.45284,-0.00988,0.0882,0.74696,-0.66338,-0.03297,0.02968,0.11767457340636406,-0.9930031622864948,-0.009869876526653651,-0.9890890314689087,-0.11808622365050042,0.08808252727902388,-0.08863172457718636,-0.0006028872076479744,-0.9960642820247539
5.133,0.01565493270754814,Empty,0.58069,0.05618,0.13041,-1.45309,-0.00964,0.08508,0.74692,-0.66353,-0.03185,0.02859,0.1174229630537778,-0.9930351050475148,-0.00965027931936828,-0.989392769264523,-0.11781805929757166,0.08497560255998349,-0.08552073359571649,-0.0004301704599075033,-0.9963362981838139
5.2,0.01565493270754814,Empty,0.58081,0.05611,0.12789,-1.45324,-0.00955,0.08488,0.74688,-0.66359,-0.03175,0.02854,0.11727842970823149,-0.9930530597701027,-0.009559832969672603,-0.9894284822915507,-0.1176664238828301,0.084769635606533,-0.08530561737312281,-0.00048287872472927573,-0.9963547151856751
5.267,0.01565493270754814,Empty,0.58042,0.05606,0.12496,-1.45331,-0.00959,0.08703,0.74683,-0.66358,-0.03248,0.02933,0.11722471526977285,-0.993059151261412,-0.009585834647272182,-0.989248804652294,-0.11761387819968422,0.08691247406924651,-0.0874366549218817,-0.000705514559750354,-0.9961698317181052
5.333,0.01565493270754814,Empty,0.58034,0.05597,0.12208,-1.45347,-0.00952,0.08773,0.74676,-0.66363,-0.03269,0.02961,0.11706279391284696,-0.9930789093183321,-0.009517465441506424,-0.9892065863315875,-0.11744603425702815,0.0876171135994813,-0.08812849618327681,-0.000841964612613146,-0.9961087587487951
5.4,0.01565493270754814,Empty,0.58092,0.05588,0.11922,-1.45371,-0.00933,0.08553,0.74671,-0.66376,-0.03189,0.02885,0.11681968687503919,-0.9931093255565617,-0.00932889334319563,-0.9894287428928947,-0.11718919060874061,0.08542515052286499,-0.08592975908149446,-0.0007490641221942229,-0.9963009160926917
5.467,0.01565493270754814,Empty,0.58173,0.05586,0.11657,-1.45388,-0.00915,0.08201,0.7467,-0.66388,-0.03066,0.02759,0.11664486335645907,-0.993131407974498,-0.009164188297069782,-0.989748113286145,-0.11700330055369978,0.08190787450579251,-0.08241752300978884,-0.0004838947527223817,-0.9965977712933132
5.533,0.01565493270754814,Empty,0.58266,0.05586,0.11417,-1.45406,-0.00899,0.07791,0.7467,-0.66401,-0.02924,0.02611,0.11647435988520188,-0.9931530535113695,-0.008985309698298485,-0.9900992765889618,-0.11682030671212279,0.0778231227701591,-0.07833993864783224,-0.00016804977670865052,-0.9969266902696138
5.6,0.01565493270754814,Empty,0.58359,0.05595,0.11223,-1.45404,-0.00882,0.07355,0.74675,-0.66407,-0.02773,0.02454,0.11648303994118597,-0.9931534830104064,-0.008823864819836102,-0.9904307015334609,-0.11681663899174421,0.07349080428604177,-0.07401842247708927,0.00017899433278580472,-0.9972568581338671
5.667,0.01565493270754814,Empty,0.58434,0.05605,0.11071,-1.45402,-0.0087,0.07004,0.7468,-0.66411,-0.02652,0.02327,0.1165001918970483,-0.9931525053072661,-0.008706692245130269,-0.9906844354221954,-0.1168241284708803,0.06997479845791027,-0.07051279813024619,0.00047350704295784894,-0.997510762393531
5.733,0.01565493270754814,Empty,0.58512,0.05608,0.10942,-1.45568,-0.00845,0.06644,0.74629,-0.66478,-0.02525,0.02199,0.11487192447377248,-0.9933443229300883,-0.008455594021453003,-0.9911227877884341,-0.11518024683484007,0.06640128210771026,-0.06693325402349953,0.000752888855711152,-0.9977571711915665
5.8,0.01565493270754814,Empty,0.58571,0.05609,0.10814,-1.45898,-0.00813,0.06372,0.74522,-0.66605,-0.02426,0.02104,0.11157870039985646,-0.9937223568316095,-0.008128416211679281,-0.991680411469094,-0.11187030163075595,0.06367885929829475,-0.06418843451563071,0.000955586769941116,-0.9979373385781081
5.867,0.01565493270754814,Empty,0.58621,0.05604,0.10692,-1.46489,-0.00766,0.06158,0.74326,-0.66828,-0.02343,0.02033,0.10570791126693335,-0.9943678138072859,-0.00764776828234728,-0.9924623897370045,-0.10597864643746119,0.061538048854330854,-0.06200195523607728,0.001085063777819426,-0.9980754381225405
5.933,0.01565493270754814,Empty,0.58655,0.05606,0.10577,-1.47362,-0.00707,0.06024,0.74035,-0.67154,-0.02285,0.01993,0.09703159761350105,-0.9952562415669441,-0.007062767631206154,-0.9934341655805203,-0.09728121326228095,0.060207343435447896,-0.060608808946447434,0.0011743799467901456,-0.9981609054204804
6.0,0.01565493270754814,Empty,0.5869,0.05605,0.10468,-1.48365,-0.00642,0.0589,0.73698,-0.67527,-0.02226,0.01954,0.08702851917391768,-0.9961850684125939,-0.006430110589332325,-0.994445365311745,-0.0872564735440548,0.0588618996860113,-0.05919841434012773,0.0012717297085662533,-0.9982454259565446
6.066,0.01565493270754814,Empty,0.5868,0.05605,0.1033,-1.49556,-0.00569,0.06017,0.73292,-0.67964,-0.02254,0.02012,0.07515483658070254,-0.9971555906541753,-0.005698996898665366,-0.995341404510113,-0.07536178346455652,0.06013393435388781,-0.060392375399252615,0.0011530915680952403,-0.9981740486375466
6.133,0.01565493270754814,Empty,0.58634,0.05602,0.10174,-1.50566,-0.00502,0.0627,0.72946,-0.68331,-0.02326,0.02116,0.06510548374105313,-0.9978657458982731,-0.0050228627023267,-0.9958969814337677,-0.06529243094317455,0.06265860541570034,-0.06285283094621215,0.0009228349872744723,-0.9980223795174298
6.2,0.01565493270754814,Empty,0.58589,0.05594,0.10023,-1.51094,-0.0046,0.06514,0.72761,-0.68521,-0.024,0.02213,0.05982356059467936,-0.9981983801698187,-0.0045973279331475506,-0.9960739480294611,-0.05999603646947094,0.06509351476879932,-0.06525206245611483,0.0006851527596644995,-0.9978685779755364
6.266,0.01565493270754814,Empty,0.5856,0.05594,0.09886,-1.51152,-0.0045,0.06718,0.72739,-0.6854,-0.02467,0.0229,0.05924166737515035,-0.9982335523783964,-0.004494413490013567,-0.9959740751284145,-0.059409808434139955,0.06712761230610056,-0.06727604713946411,0.0004995676390348678,-0.9977342752023016
6.333,0.01565493270754814,Empty,0.5856,0.05596,0.09736,-1.5115,-0.00444,0.06905,0.72737,-0.68537,-0.02529,0.0236,0.059253016551128634,-0.9982331357119351,-0.004436980539622062,-0.9958455582745822,-0.05941799259146491,0.06900091464021482,-0.06914263586512497,0.0003300350253137237,-0.9976067296196959
6.4,0.01565493270754814,Empty,0.58629,0.05603,0.09597,-1.51151,-0.00441,0.06999,0.72736,-0.68536,-0.0256,0.02395,0.059250641332042164,-0.9982334273049067,-0.0044029663683915615,-0.9957806853666633,-0.059413522601053204,0.06993468369008915,-0.07007273472928238,0.00024071400797202012,-0.9975418557155012
6.466,0.01565493270754814,Empty,0.58747,0.05613,0.09515,-1.51155,-0.00442,0.06966,0.72735,-0.68538,-0.02549,0.02383,0.059222034339741325,-0.9982350869438981,-0.0044115578620888,-0.9958055618876136,-0.059385501230808935,0.06960348523787746,-0.06974262371287979,0.00027099386273379627,-0.9975649818432731
6.533,0.01565493270754814,Empty,0.58826,0.0563,0.09471,-1.5114,-0.00447,0.06929,0.72741,-0.68533,-0.02538,0.02368,0.05936990746606724,-0.9982260585508047,-0.004466555450840397,-0.9958217694214561,-0.05953673184293112,0.06924146956689341,-0.0693845633681636,0.0003370335112739808,-0.9975899301690155
6.6,0.01565493270754814,Empty,0.58873,0.05645,0.0947,-1.51122,-0.00456,0.06877,0.72747,-0.68527,-0.02523,0.02346,0.059530717199435534,-0.9982160645619218,-0.00455874546665945,-0.9958483663419018,-0.059703321683300226,0.0687134967393285,-0.06886308854448916,0.0004492554833680341,-0.9976260187092277
6.667,0.01565493270754814,Empty,0.5891,0.05654,0.09489,-1.51115,-0.00461,0.06813,0.72751,-0.68525,-0.02503,0.02321,0.059614937886944774,-0.9982107637314155,-0.004618479347097172,-0.9958870076201115,-0.059791121598572694,0.06807414950952323,-0.06822849283251041,0.0005412473820190549,-0.9976695744669554
6.733,0.01565493270754814,Empty,0.58929,0.05655,0.09502,-1.51116,-0.00461,0.06775,0.72751,-0.68526,-0.0249,0.02307,0.05960003258044183,-0.9982116266232224,-0.004624347589733929,-0.9959137873156809,-0.05977643830501733,0.06769420697595002,-0.06784957148683116,0.0005708745806822452,-0.9976953992834018
6.8,0.01565493270754814,Empty,0.58971,0.05653,0.09533,-1.51125,-0.00463,0.06691,0.72749,-0.6853,-0.02462,0.02276,0.05951734999596192,-0.9982165277607942,-0.004631280021935875,-0.9959745740024014,-0.059693912628952406,0.06686766584666876,-0.06702486844592039,0.0006328508753242092,-0.9977511044892793
6.867,0.01565493270754814,Empty,0.59012,0.05656,0.09565,-1.51125,-0.00466,0.06609,0.72749,-0.68531,-0.02435,0.02245,0.05950411236185332,-0.99821721324432,-0.004653578705781168,-0.9960308231151673,-0.059681631561919746,0.06603561356290583,-0.06619561931540538,0.0007057172594193734,-0.9978064150658683
6.933,0.01565493270754814,Empty,0.59013,0.05639,0.09571,-1.51152,-0.00454,0.06618,0.7274,-0.68541,-0.02434,0.02252,0.05923628710497675,-0.9982336941805154,-0.0045336621772301584,-0.9960415576908126,-0.05940650729377722,0.06612172293592039,-0.06627426078710352,0.0005989105733443406,-0.997801264612973
7.0,0.01565493270754814,Empty,0.59007,0.0565,0.09565,-1.51133,-0.00458,0.06637,0.72746,-0.68534,-0.02442,0.02258,0.05941306581522138,-0.9982229803337171,-0.004579207803494804,-0.9960165039053404,-0.059586051588384426,0.06633721733906042,-0.0664921917116551,0.0006196690873287085,-0.9977867529946479
7.067,0.01565493270754814,Empty,0.59005,0.05672,0.09565,-1.51104,-0.00473,0.0664,0.72757,-0.68523,-0.02448,0.02254,0.059735093195039946,-0.998203066925524,-0.004728194312599042,-0.9959962097222235,-0.059917279062174644,0.06634357458526048,-0.06650766015989748,0.0007462240034361798,-0.9977856354396932
7.133,0.01565493270754814,Empty,0.59003,0.05668,0.09561,-1.5111,-0.00472,0.06647,0.72755,-0.68525,-0.0245,0.02257,0.05967696821709789,-0.9982066193820855,-0.00471216364352604,-0.9959949991117321,-0.059858268813625604,0.06641497872510542,-0.0665779333475886,0.0007298468494307058,-0.9977809609903068
7.2,0.01565493270754814,Empty,0.59,0.05664,0.09555,-1.5111,-0.00468,0.06657,0.72754,-0.68525,-0.02452,0.02262,0.059657543685328884,-0.9982079058909717,-0.004685520055917786,-0.99598895954295,-0.05983719040856533,0.06652445499634718,-0.06668560526819102,0.0006980406653239106,-0.9977737933967019
7.266,0.01565493270754814,Empty,0.59001,0.05664,0.09556,-1.5111,-0.00469,0.06655,0.72754,-0.68525,-0.02452,0.02261,0.0596525626931636,-0.9982082020464775,-0.004685843710192782,-0.9959907255710432,-0.05983222666609622,0.06650247535726418,-0.0666636808210049,0.0007000137963276467,-0.9977752570795089
7.333,0.01565493270754814,Empty,0.59001,0.05664,0.09555,-1.5111,-0.00469,0.06655,0.72755,-0.68525,-0.02452,0.02261,0.05967506650119864,-0.9982068706862539,-0.004682921399491707,-0.9959890838085228,-0.059854488845361875,0.06650703045032128,-0.06666806861111994,0.0006953271293069189,-0.997774967188417
7.4,0.01565493270754814,Empty,0.59002,0.05665,0.09558,-1.51107,-0.00469,0.0665,0.72756,-0.68524,-0.0245,0.02259,0.05969983153315461,-0.9982053711099206,-0.00468691820055326,-0.9959916160044875,-0.05987942297805576,0.06644663687941524,-0.06660803978261727,0.0007012782050040864,-0.9977789721402215
7.466,0.01565493270754814,Empty,0.59003,0.0567,0.09562,-1.51085,-0.00471,0.06643,0.72763,-0.68516,-0.02448,0.02256,0.05990068332371301,-0.9981932090603896,-0.004714395303076709,-0.9959841224518964,-0.06008160906650656,0.06637641204302801,-0.06653973219872925,0.0007194704308724905,-0.9977835168017262
7.533,0.01565493270754814,Empty,0.59004,0.0567,0.09562,-1.51079,-0.00471,0.06643,0.72765,-0.68514,-0.02448,0.02256,0.0599763970990953,-0.9981886678486813,-0.0047132970929807914,-0.9959798570638501,-0.06015707909214091,0.06637205856514367,-0.06653537490752266,0.0007135920241790059,-0.9977838115906363
7.6,0.01565493270754814,Empty,0.59003,0.05669,0.09562,-1.51076,-0.00471,0.06643,0.72766,-0.68513,-0.02448,0.02256,0.059983784681007735,-0.9981882321063055,-0.004711566600499047,-0.9959791895393496,-0.060164337637837906,0.06637549608960285,-0.06653870738061542,0.0007111688186918791,-0.9977835910952976
7.667,0.01565493270754814,Empty,0.59003,0.0567,0.09562,-1.51074,-0.00471,0.06643,0.72767,-0.68512,-0.02448,0.02256,0.06002590649439171,-0.998185678859932,-0.004716043730012082,-0.9959765868774344,-0.06020666461866708,0.06637616987648412,-0.06653967945146028,0.0007127793713204697,-0.9977835251215889
7.733,0.01565493270754814,Empty,0.59004,0.05669,0.09562,-1.51074,-0.00471,0.06643,0.72767,-0.68512,-0.02448,0.02256,0.060021252559990246,-0.9981859802286269,-0.004711487678521795,-0.9959768889309117,-0.06020171779303796,0.06637612439929086,-0.06653935644889111,0.0007085547137673279,-0.9977835496707614
7.8,0.01565493270754814,Empty,0.59004,0.0567,0.09562,-1.51071,-0.00472,0.06643,0.72768,-0.68511,-0.02448,0.02256,0.060049400990269564,-0.9981842677502601,-0.004715618367403952,-0.9959754641272249,-0.060230075685407725,0.06637177743204481,-0.06653528610646094,0.0007110547146682425,-0.9977838193235666
7.866,0.01565493270754814,Empty,0.59003,0.05671,0.09562,-1.51068,-0.00472,0.06643,0.72769,-0.6851,-0.02448,0.02256,0.06006879342405996,-0.9981830827393906,-0.00471946919311499,-0.9959738346892083,-0.06024968618054555,0.06637842970136885,-0.06654217212453627,0.0007131956484192991,-0.9977833585908895
7.933,0.01565493270754814,Empty,0.59004,0.05669,0.09562,-1.51071,-0.00472,0.06643,0.72768,-0.68511,-0.02448,0.02256,0.06005165246263344,-0.9981841508184262,-0.004711697295466357,-0.9959751933188852,-0.06023206288707583,0.06637403779924848,-0.06653730780483823,0.000706862974250014,-0.9977836874868319
8.0,0.01565493270754814,Empty,0.59004,0.05671,0.09562,-1.51065,-0.00472,0.06642,0.72769,-0.68509,-0.02448,0.02256,0.060092263339745655,-0.9981816725496094,-0.004718948269588102,-0.9959731056670802,-0.060273062154888146,0.06636814572024784,-0.06653189216141164,0.0007117334735522157,-0.9977840451524993
8.066,0.01565493270754814,Empty,0.59004,0.05669,0.09562,-1.51068,-0.00472,0.06643,0.72769,-0.6851,-0.02448,0.02256,0.060074444730709886,-0.9981827731448316,-0.004713012538779596,-0.9959741150286203,-0.06025488901511389,0.06636950009404233,-0.06653287370355822,0.0007069276272254078,-0.9977839831196311
8.133,0.01565493270754814,Empty,0.59004,0.05671,0.09562,-1.51068,-0.00472,0.06643,0.72769,-0.6851,-0.02448,0.02256,0.060090469484835374,-0.9981817848287364,-0.004718041247205408,-0.9959732929086784,-0.06027121111854522,0.06636701683025509,-0.06653070937345915,0.0007110178774201389,-0.9977841245298716
8.2,0.01565493270754814,Empty,0.59003,0.0567,0.09562,-1.51065,-0.00472,0.06642,0.72769,-0.68509,-0.02448,0.02256,0.06009362272628321,-0.9981816074929406,-0.004715397166753493,-0.9959725079452139,-0.06027418790958161,0.06637609275304956,-0.06653961169823663,0.000707626066182672,-0.9977835333079006
8.267,0.01565493270754814,Empty,0.59004,0.0567,0.09562,-1.51068,-0.00472,0.06643,0.72769,-0.6851,-0.02448,0.02256,0.06008736648647717,-0.9981819783594281,-0.004716616072823244,-0.9959735267118734,-0.06026801973317397,0.06636640631038374,-0.06653001185805528,0.0007098421658331778,-0.9977841718759957
8.333,0.01565493270754814,Empty,0.59004,0.0567,0.09562,-1.51065,-0.00472,0.06643,0.7277,-0.68509,-0.02448,0.02256,0.06010118882389087,-0.9981811444022741,-0.004716997108461622,-0.9959724459230377,-0.06028183944664545,0.06637007454425857,-0.06653370622501473,0.0007090787650862125,-0.9977839260798241
8.4,0.01565493270754814,Empty,0.59004,0.0567,0.09562,-1.51065,-0.00472,0.06642,0.72769,-0.68509,-0.02448,0.02256,0.06009588785843517,-0.9981814740010199,-0.00471478776378368,-0.9959725796687571,-0.06027640528988937,0.06637300289492915,-0.06653649232163986,0.0007070547928850661,-0.9977837417311688
8.467,0.01565493270754814,Empty,0.59004,0.0567,0.09562,-1.51065,-0.00472,0.06643,0.7277,-0.68509,-0.02448,0.02256,0.06010915408140732,-0.99818066746735,-0.004716427679187469,-0.9959719443487705,-0.06028974943549675,0.06637041647552533,-0.06653401886063474,0.0007079600556461764,-0.9977839060271579
8.533,0.01565493270754814,Empty,0.59004,0.0567,0.09562,-1.51065,-0.00472,0.06642,0.72769,-0.68509,-0.02448,0.02256,0.060097756064495966,-0.9981813729134882,-0.004712375680749229,-0.995972675663197,-0.060278106761376515,0.06637001715802163,-0.06653336793146959,0.0007047083143268099,-0.9977839517339849
8.6,0.01565493270754814,Empty,0.59004,0.0567,0.09563,-1.51065,-0.00472,0.06643,0.7277,-0.68509,-0.02448,0.02256,0.06011871585624162,-0.998180088120274,-0.004717169066090571,-0.9959716129997228,-0.06029933672752619,0.06636667905621532,-0.06653033971449983,0.0007082869630436418,-0.9977841511203969
8.667,0.01565493270754814,Empty,0.59003,0.0567,0.09562,-1.51065,-0.00472,0.06643,0.7277,-0.68509,-0.02448,0.02256,0.06010735150144081,-0.9981807776053959,-0.004716091026354025,-0.995971740357828,-0.060287931786928484,0.0663751285456681,-0.06653870079947097,0.0007074602047559464,-0.9977835941705882
8.733,0.01565493270754814,Empty,0.59004,0.0567,0.09562,-1.51063,-0.00472,0.06642,0.7277,-0.68508,-0.02448,0.02256,0.06011953234788753,-0.9981800475272873,-0.004715352446419543,-0.9959712411025576,-0.06030003405398543,0.06637162639049005,-0.06653516909801825,0.0007061242885314866,-0.9977838306274496
8.8,0.01565493270754814,Empty,0.59004,0.0567,0.09562,-1.51065,-0.00472,0.06643,0.7277,-0.68509,-0.02448,0.02256,0.06011413659658721,-0.9981803787454052,-0.0047140289483920475,-0.9959717119408952,-0.06029456070385969,0.06636953339485797,-0.0665329962858236,0.0007052922855187095,-0.9977839761030554
