time,gr,gr_state,tx,ty,tz,rx,ry,rz,qw,qx,qy,qz,xx,xy,xz,yx,yy,yz,zx,zy,zz
0.0,0.01570877991616726,Empty,0.30831,0.00215,0.48566,0.01461,0.00397,-0.00633,0.99997,0.00731,0.00196,-0.00318,0.9998853198004038,0.014615250646426658,0.003967580646419635,0.01464019534651434,-0.9998727731589743,-0.006332627858817747,0.0038745229202602227,0.006389987787507567,-0.9999720776742796
0.067,0.01570877991616726,Empty,0.30831,0.00215,0.48567,0.01461,0.00397,-0.00633,0.99997,0.00731,0.00196,-0.00318,0.9998853994883683,0.01460939375623288,0.003969068412410056,0.014634337667559394,-0.9998728758493267,-0.006329952750868246,0.0038760870757634297,0.006387312022417241,-0.9999720887075346
0.133,0.015709107741713524,Empty,0.30831,0.00214,0.48567,0.01461,0.00397,-0.00635,0.99997,0.00731,0.00196,-0.00319,0.9998855016237923,0.014600775505650199,0.003975046813581651,0.01462580969468602,-0.9998729157691479,-0.006343343130972564,0.003881923918804031,0.006400755106707254,-0.9999719801078194
0.2,0.015709107741713524,Empty,0.30831,0.00215,0.48567,0.01463,0.00397,-0.00633,0.99997,0.00732,0.00196,-0.00318,0.9998852714523088,0.014618177362346718,0.003968982658749889,0.014643116571180781,-0.9998727539267044,-0.006328909235443627,0.003875960503577769,0.006386301404619645,-0.9999720956529456
0.267,0.015709107741713524,Empty,0.30831,0.00215,0.48567,0.01461,0.00397,-0.00633,0.99997,0.00731,0.00196,-0.00318,0.999885361616747,0.01461193118743559,0.0039692683860711505,0.014636894538128498,-0.9998728086984242,-0.006334646304564296,0.0038762021137595387,0.006392017873713913,-0.9999720581919654
0.333,0.015709107741713524,Empty,0.30832,0.00212,0.48566,0.01451,0.00395,-0.00639,0.99997,0.00726,0.00195,-0.00321,0.999886917685195,0.014509580733456984,0.003952709063289137,0.014534636085338226,-0.9998739765011363,-0.006385567294438295,0.003859559024875518,0.006442296387493424,-0.9999717999130723
0.4,0.015709107741713524,Empty,0.30893,0.00215,0.48569,0.01184,0.0058,-0.00633,0.99997,0.00593,0.00288,-0.00318,0.9999130208249021,0.011848901817281654,0.005792608267718426,0.01188553684330812,-0.999909319166989,-0.006331465624522942,0.005717062074630904,0.006399763177850579,-0.9999631784383372
0.467,0.01570877991616726,Empty,0.31332,0.00247,0.48536,-0.00301,0.01641,-0.00584,0.99996,-0.00148,0.00821,-0.00291,0.99986076982654,-0.003004537480000846,0.016413826988541942,-0.002908903716342448,-0.999978674121179,-0.005847185820358097,0.016431045038206277,0.0057986254733357065,-0.9998481868271663
0.533,0.01570877991616726,Empty,0.31849,0.00309,0.48314,-0.01352,0.02093,-0.0052,0.99992,-0.00673,0.01048,-0.00253,0.9996895561769251,-0.013516183743216115,0.020930935187000677,-0.013410222497472701,-0.9998965859902778,-0.005194541130407595,0.02099898100744613,0.004912240019262095,-0.9997674293027565
0.6,0.01570877991616726,Empty,0.32474,0.00507,0.47886,-0.01774,0.01979,-0.0036,0.99991,-0.00885,0.00991,-0.00171,0.9996468278955571,-0.017735522784127766,0.019790672295915964,-0.017667858941793624,-0.9998374710938145,-0.003588614933185401,0.01985110170150607,0.003237688728009906,-0.9997977051048563
0.667,0.01570877991616726,Empty,0.33254,0.00932,0.4722,-0.00915,0.01401,-0.0012,0.99996,-0.00457,0.00701,-0.00057,0.9998599842874061,-0.009155112849907887,0.014006988594745327,-0.009139115753654281,-0.9999575105662248,-0.0012056639000465339,0.014017431434794928,0.0010774835980289267,-0.9999011704388924
0.734,0.01570877991616726,Empty,0.34047,0.01598,0.46302,0.00758,0.00023,0.00284,0.99999,0.00379,0.00012,0.00142,0.9999711873635446,0.007587606830547766,0.00022948927585266649,0.007586925223632246,-0.9999671918645696,0.0028379147516647534,0.0002510147280915982,-0.002836091865883211,-0.999995946779053
0.8,0.015709107741713524,Empty,0.34868,0.0252,0.45218,0.03016,-0.01661,0.00745,0.99984,0.01511,-0.00825,0.00385,0.999407107587549,0.03015355961513605,-0.01661914997903093,0.030280542565804258,-0.9995137286623077,0.007442778882337674,-0.01638664228600848,-0.007941602993558321,-0.9998341907018801
0.867,0.015709107741713524,Empty,0.35841,0.03641,0.44051,0.05712,-0.02875,0.01245,0.99947,0.02864,-0.01419,0.00663,0.9979569286688856,0.0570555297157434,-0.028751261722247443,0.05743218478073975,-0.9982717914770836,0.012448875147796485,-0.027991296380771857,-0.014074688983788929,-0.9995090747246539
0.933,0.015709107741713524,Empty,0.36912,0.04964,0.42805,0.0878,-0.03603,0.0172,0.99883,0.04403,-0.01762,0.00938,0.9955014587797962,0.08763353919288586,-0.03601677908734734,0.08829425377906214,-0.9959462729577003,0.017179817556200454,-0.03436524868084649,-0.020282608071810943,-0.9992035055447459
1.0,0.01570877991616726,Empty,0.38064,0.06483,0.4144,0.11459,-0.03924,0.02248,0.99809,0.05747,-0.01894,0.01234,0.9926761197535428,0.11426186656338072,-0.039221768451998394,0.11519671795340725,-0.9930887891778528,0.022458249754352587,-0.03638457700473027,-0.026811987220605394,-0.9989781178271467
1.067,0.01570877991616726,Empty,0.39133,0.08061,0.40029,0.12431,-0.04008,0.02761,0.99776,0.06237,-0.01914,0.01502,0.991488326304905,0.12387870711920518,-0.040062010977641255,0.12502864718000867,-0.991769430837828,0.02759045921958683,-0.03631440740856644,-0.032364517269456994,-0.9988162002272889
1.133,0.01570877991616726,Empty,0.40152,0.09669,0.38549,0.11733,-0.03991,0.03192,0.99794,0.05893,-0.01898,0.0171,0.9923339742554411,0.11696816128784143,-0.0398965259558196,0.11826641740605792,-0.9924695735213401,0.03189357534528902,-0.03586555523532171,-0.036367497567348604,-0.998694681606121
1.2,0.01570877991616726,Empty,0.41063,0.11233,0.37073,0.09373,-0.03939,0.03538,0.99854,0.04718,-0.01884,0.01859,0.9948386938278599,0.09351377665059973,-0.03938460155212244,0.09491500238126643,-0.994857551469698,0.03534960546712686,-0.03587639315541458,-0.038905344880351585,-0.99859864738237
1.267,0.01570877991616726,Empty,0.41912,0.1269,0.35658,0.06052,-0.03731,0.03724,0.99918,0.03059,-0.01808,0.01917,0.9974743169581319,0.06044459562828258,-0.03730198209534265,0.061830888709848764,-0.9973930847210336,0.037201824579067,-0.03495608974496651,-0.03941427926519501,-0.9986113289862815
1.333,0.01570877991616726,Empty,0.42769,0.1409,0.34317,0.02575,-0.03364,0.03686,0.9996,0.01318,-0.01658,0.01864,0.9991027202731181,0.025733036262664044,-0.03363874533272656,0.02696920120749785,-0.998957703037699,0.03682620979511485,-0.03265603357857663,-0.03770037647489384,-0.9987553579753983
1.4,0.01570877991616726,Empty,0.43639,0.15395,0.33021,-0.00362,-0.0292,0.03392,0.99975,-0.00156,-0.01463,0.01693,0.9995668542302991,-0.0036208574555861017,-0.029206049295145736,-0.002630003544624837,-0.9994219840845042,0.03389366917210521,-0.029311891878543328,-0.033802176259512956,-0.9989986115478947
1.467,0.01570877991616726,Empty,0.44402,0.16614,0.31727,-0.01938,-0.02885,0.03037,0.99974,-0.00947,-0.01457,0.01504,0.9993961644703336,-0.019374013932270617,-0.028843613264260593,-0.01849748170658133,-0.9993681021794651,0.030351927726724494,-0.02941342571855138,-0.029800065945661907,-0.9991230186804495
1.534,0.01570877991616726,Empty,0.45117,0.17762,0.30396,-0.01905,-0.03112,0.02596,0.99975,-0.00932,-0.01568,0.01283,0.9993343470752367,-0.019036604982259064,-0.031120257493469958,-0.018231660549650586,-0.9994970298489441,0.025947906981894375,-0.031598564988188235,-0.025363260710881668,-0.9991787806477873
1.6,0.01570877991616726,Empty,0.45859,0.1879,0.2909,-0.00787,-0.03444,0.02022,0.99979,-0.00376,-0.01726,0.01004,0.9993761705930129,-0.007863583711580302,-0.03443012782514754,-0.0071703544963968024,-0.9997700087878166,0.020211767483444804,-0.03458114612387847,-0.019952282566658888,-0.9992027075389353
1.667,0.01570877991616726,Empty,0.46633,0.19705,0.27833,0.00277,-0.03676,0.01341,0.99981,0.00151,-0.01837,0.00673,0.9993205207026912,0.002778182422180364,-0.036752940085538206,0.0032728553376809577,-0.9999047779049491,0.013406100879538663,-0.03671219579977061,-0.013517278767667859,-0.9992344558982522
1.733,0.01570877991616726,Empty,0.47463,0.20546,0.26557,0.01021,-0.03809,0.00571,0.9998,0.00516,-0.01903,0.00295,0.9992226623800484,0.010200264959763505,-0.038079201421225756,0.010424963826344669,-0.9999293730114847,0.005706935962350584,-0.038018299742979836,-0.006099474043684712,-0.9992584276857731
1.8,0.01570877991616726,Empty,0.48281,0.21303,0.25274,0.01472,-0.04023,-0.00172,0.99977,0.00734,-0.02012,-0.00071,0.999083026591068,0.01470081305770854,-0.04021183996131236,0.014643605614585886,-0.9998913027296832,-0.0017168401619418287,-0.040232707990344695,0.0011264195397356568,-0.9991897019018882
1.867,0.01570877991616726,Empty,0.49,0.21964,0.23984,0.0153,-0.04529,-0.00755,0.99971,0.00756,-0.02267,-0.0036,0.9988579695740903,0.01527018580315992,-0.0452722657248639,0.014943450646594136,-0.9998598596719251,-0.007546807246193478,-0.04538116240356271,0.006861664694180771,-0.9989461785584477
1.933,0.01570877991616726,Empty,0.49674,0.22508,0.22696,0.00858,-0.05194,-0.01219,0.99964,0.00413,-0.02599,-0.00598,0.9986144588594166,0.008565415593598524,-0.05192105750678813,0.007943999229338972,-0.9998944707940726,-0.012163065061297981,-0.05201976002596031,0.011733751793439601,-0.9985771195234204
2.0,0.01570877991616726,Empty,0.5029,0.22876,0.21439,-0.00619,-0.06072,-0.01502,0.99951,-0.00332,-0.03033,-0.0076,0.9981376633591399,-0.006176123084460916,-0.060688223631948646,-0.007098733499154963,-0.9998623149799765,-0.01499863545760936,-0.06058723435397762,0.01540151247533406,-0.9980440774068089
2.067,0.01570877991616726,Empty,0.50662,0.23085,0.20213,-0.02173,-0.07593,-0.01383,0.99919,-0.01112,-0.03788,-0.00732,0.9968837201332392,-0.02166223335233608,-0.07585246323951925,-0.02277054350957003,-0.9996457847620804,-0.01377705903604928,-0.07552715327345813,0.015461327678855675,-0.9970238695561979
2.133,0.01570877991616726,Empty,0.50894,0.23239,0.19056,-0.02943,-0.09287,-0.01133,0.99879,-0.01496,-0.04633,-0.00634,0.9952593904466814,-0.029299222316266305,-0.09273780943801607,-0.030473261051545353,-0.9994720577252533,-0.011268814814887694,-0.09235868171744414,0.014041417240074777,-0.9956267937903773
2.2,0.01570877991616726,Empty,0.5115,0.23396,0.18111,-0.03027,-0.10572,-0.01042,0.99847,-0.01539,-0.05275,-0.006,0.9939621242155927,-0.030100049447427446,-0.10551437176086076,-0.031365161504794625,-0.9994543951767302,-0.010350778023660134,-0.10514524368037219,0.013597756623037601,-0.9943639065986939
2.267,0.01570877991616726,Empty,0.51488,0.2357,0.17401,-0.03122,-0.11246,-0.01155,0.99828,-0.01591,-0.0561,-0.00664,0.9932002521469998,-0.031012790526523837,-0.11221170152392482,-0.03250178305233131,-0.9994059271513553,-0.011464156015999767,-0.11178950412966164,0.015033283024607068,-0.9936181898334725
2.333,0.01570877991616726,Empty,0.51947,0.23811,0.16889,-0.03179,-0.11262,-0.0153,0.99825,-0.0163,-0.05615,-0.00853,0.9931636286648672,-0.03159027504596551,-0.11237464669468253,-0.0335057408209683,-0.999322973937325,-0.015197338355731393,-0.11181847803146198,0.018858639494425886,-0.9935496865719132
2.4,0.01570877991616726,Empty,0.52341,0.24111,0.16514,-0.0308,-0.11199,-0.01921,0.99826,-0.01591,-0.05581,-0.01045,0.9932645320322391,-0.03060151757623253,-0.11175471591305909,-0.032934257021127455,-0.9992752431184271,-0.01908725242339069,-0.11108962202313649,0.022639249383304128,-0.9935524949725189
2.467,0.01570877991616726,Empty,0.52458,0.24428,0.16077,-0.02776,-0.11689,-0.02078,0.99813,-0.01446,-0.05826,-0.01118,0.9927925650286809,-0.0275671681783744,-0.11663178838720352,-0.03017368665856912,-0.9993315121348925,-0.020641644498911635,-0.11598478976660094,0.024012082225708765,-0.9929606983410689
2.533,0.01570877991616726,Empty,0.52353,0.24683,0.15536,-0.0241,-0.12508,-0.02032,0.99791,-0.01266,-0.06237,-0.01089,0.9918986207392825,-0.023918125277849978,-0.12475996737215812,-0.026635800809899024,-0.9994418860848915,-0.020160616416428273,-0.12420813294919239,0.023320369256683286,-0.9919821067373178
2.6,0.01570877991616726,Empty,0.52236,0.24829,0.14954,-0.02205,-0.13306,-0.01926,0.99767,-0.01164,-0.06637,-0.01034,0.9909190279895972,-0.021857037830469106,-0.13267158650377797,-0.024601797292311267,-0.9995151523884885,-0.019084331683480962,-0.132190134042371,0.022174986879241354,-0.9909763056797906
2.667,0.01570877991616726,Empty,0.52141,0.24895,0.14331,-0.02139,-0.1406,-0.01798,0.99743,-0.0113,-0.07014,-0.00972,0.9899048790535485,-0.021177960824981412,-0.14014215783009473,-0.023904035577167915,-0.9995558260101691,-0.017797409144413245,-0.13970299749506138,0.02096770527319854,-0.9899714277828787
2.733,0.01570877991616726,Empty,0.52075,0.24909,0.13693,-0.02128,-0.14747,-0.01708,0.99718,-0.01124,-0.07357,-0.0093,0.988922429669548,-0.021046171647044254,-0.14693361342960554,-0.02378203858396455,-0.9995745191735731,-0.016887725119475547,-0.14651567403274093,0.020195031020607403,-0.9890021830030548
2.8,0.01570877991616726,Empty,0.52019,0.24893,0.13046,-0.02067,-0.15248,-0.0169,0.997,-0.01095,-0.07607,-0.00921,0.9881857269772654,-0.02043036473614951,-0.15189328225817406,-0.02323388888597072,-0.9995904784133904,-0.016705145091349363,-0.15148978647304207,0.020036857588867526,-0.9882557204146686
2.867,0.01570877991616726,Empty,0.51958,0.24894,0.12474,-0.0186,-0.15613,-0.01718,0.99687,-0.00994,-0.0779,-0.00929,0.9876654074902534,-0.01836337466782295,-0.15549864731862084,-0.021258694895488317,-0.999629856238903,-0.016976996410762724,-0.15512933551863164,0.02007329037800431,-0.9876902106809341
2.933,0.01570877991616726,Empty,0.51893,0.24937,0.1201,-0.01413,-0.15872,-0.01812,0.99678,-0.00776,-0.07921,-0.00959,0.9873311697453624,-0.0139487402159994,-0.15805883048928615,-0.016987635762398645,-0.9996956088219178,-0.01789161628749744,-0.15776115326802867,0.020349996279152786,-0.9872675909655801
3.0,0.01570877991616726,Empty,0.51793,0.25047,0.11635,-0.00282,-0.16097,-0.01976,0.99671,-0.0022,-0.08038,-0.00996,0.9870684077239913,-0.0027924661950482488,-0.16027526510904375,-0.005993678094905974,-0.9997920230013051,-0.01949324410796252,-0.16018749731523796,0.020201803768661004,-0.9868798573425103
3.067,0.01570877991616726,Empty,0.51632,0.25234,0.11345,0.01559,-0.16389,-0.02201,0.99656,0.00687,-0.08193,-0.01033,0.9864812989971081,0.01539039413205262,-0.16314957093856658,0.012006677887452744,-0.9996923011786001,-0.021705820655796765,-0.16343343114272912,0.01945350181059326,-0.9863625473689783
3.133,0.01570877991616726,Empty,0.51458,0.25502,0.1111,0.03458,-0.16572,-0.02491,0.99636,0.0162,-0.08296,-0.01098,0.9857096626152171,0.03409640157387678,-0.16496634937679877,0.030454316094201128,-0.9992344353239903,-0.024557644308459373,-0.16567738426903517,0.019182769937088555,-0.9859934207079228
3.2,0.01570877991616726,Empty,0.51309,0.25752,0.10922,0.04156,-0.16714,-0.02623,0.99623,0.01961,-0.08372,-0.01133,0.9852139565864061,0.04096570633999924,-0.16635886105472136,0.03717143716916954,-0.9989742730268494,-0.025858965355480892,-0.16724755306472355,0.019292815619873904,-0.9857261502361192
3.267,0.01570877991616726,Empty,0.51248,0.25937,0.10792,0.03956,-0.1663,-0.02648,0.99629,0.01861,-0.08329,-0.01155,0.9854345256138048,0.03900413251789464,-0.16552182144606165,0.03515578777357603,-0.999040518522336,-0.026117291908646076,-0.16638168863884828,0.01991783113566046,-0.9858602404441192
3.333,0.01570877991616726,Empty,0.51234,0.26106,0.10678,0.0377,-0.16386,-0.02726,0.9964,0.01767,-0.08207,-0.01204,0.9859044993649633,0.0371807947683796,-0.1631254322057497,0.03322684011329019,-0.999085726671016,-0.026901447142002904,-0.16397650815896408,0.021102115122417536,-0.9862385134993227
3.4,0.01570877991616726,Empty,0.51247,0.26194,0.10536,0.03251,-0.16196,-0.02768,0.99651,0.01508,-0.0811,-0.01248,0.9863916145822937,0.032082437703164046,-0.1612522864109478,0.02803496115994175,-0.9992337067587527,-0.027313737018636666,-0.16200501114007634,0.02242133957160651,-0.9865351792497409
3.467,0.01570877991616726,Empty,0.51234,0.26149,0.10351,0.01577,-0.16342,-0.02491,0.99656,0.00684,-0.08171,-0.01177,0.9865521029716693,0.015553200987231286,-0.16270539653382002,0.011706263237396874,-0.9996294305519355,-0.024575698879789457,-0.1630273336689084,0.022340535209884924,-0.9863685867683247
3.534,0.01570877991616726,Empty,0.51133,0.26026,0.10136,-0.00536,-0.16788,-0.01974,0.99643,-0.0035,-0.08381,-0.01006,0.9859288288847081,-0.005278786022757109,-0.16708225157733925,-0.008651921943796326,-0.9997730642122968,-0.019467005990462208,-0.16694157247583893,0.020638665016908777,-0.9857507579939334
3.6,0.01570877991616726,Empty,0.51014,0.25934,0.09911,-0.02128,-0.17229,-0.01529,0.9962,-0.01126,-0.08595,-0.00853,0.9849699356683963,-0.020971285437129505,-0.17144804174008382,-0.023902600090984716,-0.9996009904344105,-0.015050768466631684,-0.17106399836986605,0.01892260842643381,-0.985078191491444
3.667,0.01570877991616726,Empty,0.50922,0.25892,0.09682,-0.02513,-0.17623,-0.0133,0.99601,-0.0131,-0.08791,-0.00773,0.9841993067527057,-0.024726702460444006,-0.17532916121662762,-0.02744476168971277,-0.9995375526290909,-0.013094500373911383,-0.1749242968923654,0.017699465237124144,-0.9844227848272468
3.733,0.01570877991616726,Empty,0.50831,0.25835,0.09424,-0.02583,-0.18053,-0.01172,0.99582,-0.01339,-0.09006,-0.007,0.9834212829598478,-0.025412011965721404,-0.17954612184466986,-0.02793260972058359,-0.9995433775053584,-0.01152413985415525,-0.17917128546674155,0.016348276148713557,-0.9836820544927922
3.8,0.01570877991616726,Empty,0.50743,0.2575,0.09146,-0.02701,-0.18505,-0.00981,0.99561,-0.0139,-0.09232,-0.00613,0.982566117175061,-0.026550483978678152,-0.1840078726033804,-0.02881291347847026,-0.9995384137628208,-0.009632000279567995,-0.18366720283274882,0.014765880028002928,-0.982877574975944
3.867,0.01570877991616726,Empty,0.50662,0.25662,0.0887,-0.0283,-0.18945,-0.0079,0.9954,-0.01446,-0.09452,-0.00527,0.9817120516697833,-0.027793467248675652,-0.18833207582512723,-0.02978569072019871,-0.9995262175972208,-0.007755834198436146,-0.18802728587794218,0.01322359686657775,-0.982074781394617
3.933,0.01570877991616726,Empty,0.50581,0.25599,0.08626,-0.02919,-0.19346,-0.00633,0.99521,-0.01483,-0.09652,-0.00456,0.9809297762769669,-0.028632257480689927,-0.19224195131338878,-0.030390775199557407,-0.9995188376775526,-0.00620434609643411,-0.19197180729469068,0.011928409754609529,-0.9813279463282069
4.0,0.01570877991616726,Empty,0.50502,0.25565,0.08431,-0.02954,-0.19676,-0.00516,0.99505,-0.01495,-0.09817,-0.00402,0.9802792812686878,-0.028972240062593746,-0.19548181506498286,-0.030550309055368874,-0.9995204134025468,-0.005061798911797033,-0.1952414129532106,0.010934006464122731,-0.9806942633515686
4.067,0.01570877991616726,Empty,0.50439,0.25552,0.0826,-0.02969,-0.19944,-0.00439,0.99492,-0.01499,-0.09951,-0.00366,0.9797442577851494,-0.02910771559657177,-0.1981260463184377,-0.030564206478406353,-0.9995235709889746,-0.0042965474271536575,-0.19790659064157493,0.010265083058482364,-0.9801671334269634
4.133,0.01570877991616726,Empty,0.50411,0.25552,0.08155,-0.0297,-0.2004,-0.00427,0.99487,-0.01499,-0.09999,-0.00361,0.9795546965193239,-0.029109716242389894,-0.19906084734880305,-0.030551764567254003,-0.9995244628540684,-0.0041758637565758455,-0.1988446283125672,0.010172147097537412,-0.979978235071914
4.2,0.01570877991616726,Empty,0.50381,0.25561,0.08105,-0.0295,-0.2013,-0.00408,0.99483,-0.01488,-0.10044,-0.00351,0.9793804971404266,-0.02890508090978655,-0.19994583796260768,-0.030316111809128465,-0.9995323641121966,-0.0039983067740833045,-0.1997367647323525,0.009977444055565906,-0.979798793336862
4.267,0.01570877991616726,Empty,0.50369,0.25576,0.08094,-0.02922,-0.20152,-0.00408,0.99482,-0.01474,-0.10055,-0.0035,0.9793462075651743,-0.028617986742773383,-0.2001549813581993,-0.030026962701458326,-0.999541059053892,-0.004006591612512378,-0.19994846145603581,0.009933886460730242,-0.979756056710623
4.333,0.01570877991616726,Empty,0.50369,0.25577,0.08094,-0.0292,-0.2015,-0.0041,0.99482,-0.01473,-0.10054,-0.00351,0.9793497882509727,-0.028604243974892862,-0.2001394251001017,-0.03001576761504765,-0.9995413364203529,-0.004021253721631576,-0.1999326035124183,0.009945552455197269,-0.979759174511322
4.4,0.01570877991616726,Empty,0.5037,0.25578,0.08096,-0.02919,-0.20146,-0.00413,0.99482,-0.01473,-0.10052,-0.00352,0.9793560900127591,-0.02859940211540629,-0.20010927802968598,-0.030014150724973432,-0.9995413130982322,-0.004039079860584618,-0.19990197525582237,0.00996180749176006,-0.9797652589678395
4.467,0.01570877991616726,Empty,0.50374,0.25576,0.08098,-0.02923,-0.2014,-0.00414,0.99482,-0.01475,-0.10049,-0.00353,0.9793691507136701,-0.02864817219075655,-0.20003836847093348,-0.030065095586513768,-0.9995397442215862,-0.004048425474147313,-0.1998303196658554,0.009979075687392092,-0.979779700438148
4.533,0.01570877991616726,Empty,0.50394,0.2558,0.08111,-0.02903,-0.20104,-0.00433,0.99484,-0.01466,-0.10031,-0.00361,0.9794472502024427,-0.028445295582556984,-0.19968462442084617,-0.029892192096087344,-0.9995441604838529,-0.004234158041492797,-0.19947315840123436,0.010116145602485794,-0.9798510716816026
4.6,0.01570877991616726,Empty,0.50395,0.2558,0.08112,-0.02801,-0.201,-0.00453,0.99485,-0.01416,-0.10029,-0.00366,0.9794813745666555,-0.027439515367379486,-0.1996579822431801,-0.028908813909101605,-0.9995721610328914,-0.004446950236279348,-0.1994505386189357,0.010127580384195376,-0.9798555581105707
4.667,0.01570877991616726,Empty,0.50382,0.25606,0.08113,-0.02759,-0.20108,-0.00472,0.99485,-0.01396,-0.10033,-0.00373,0.979477334442479,-0.02703120023335115,-0.1997334862445465,-0.02852831269758177,-0.9995823046081345,-0.004620788776810297,-0.19952515302107882,0.01022401722589446,-0.9798393658062935
4.734,0.01570877991616726,Empty,0.50385,0.25627,0.08123,-0.02728,-0.20084,-0.00493,0.99486,-0.01382,-0.10021,-0.00382,0.9795359955105096,-0.026724816478431834,-0.1994868859936141,-0.028257625291198185,-0.9995889557075546,-0.004840066154804479,-0.1992755381679781,0.010378044694198577,-0.9798885426803335
4.8,0.01570877991616726,Empty,0.50405,0.25634,0.08131,-0.02733,-0.20018,-0.00526,0.99489,-0.01386,-0.09988,-0.00398,0.9796629237050197,-0.026779770641424894,-0.19885522322062732,-0.02836948893656377,-0.9995842436730806,-0.005148970576084738,-0.1986346596523652,0.01068567662377386,-0.9800153510531765
4.867,0.01570877991616726,Empty,0.50417,0.25654,0.08135,-0.02713,-0.19939,-0.00571,0.99494,-0.01378,-0.09948,-0.00419,0.9798279207595928,-0.02657901263719581,-0.19806766971710765,-0.0282473324905943,-0.9995852680173041,-0.005601800598057621,-0.19783663439085108,0.01108368395464088,-0.9801723409905497
4.933,0.01570877991616726,Empty,0.50433,0.25673,0.08141,-0.02753,-0.19845,-0.00616,0.99498,-0.014,-0.09901,-0.00443,0.980000797162863,-0.02697282280221497,-0.19715705513684567,-0.028727405975384313,-0.999569008211472,-0.00604433363237622,-0.19690904932500772,0.011587262541874425,-0.9803532840974765
5.0,0.01570877991616726,Empty,0.50451,0.25684,0.08145,-0.02756,-0.19753,-0.00662,0.99502,-0.01404,-0.09855,-0.00465,0.9801826128554226,-0.027028957925048724,-0.19624342253793592,-0.028863251101270193,-0.9995622836451752,-0.00649259962630154,-0.1959820353802407,0.012028156447617483,-0.9805337144946571
5.067,0.01570877991616726,Empty,0.50442,0.25713,0.08159,-0.02711,-0.19729,-0.00696,0.99504,-0.01383,-0.09843,-0.0048,0.9802397810321137,-0.026570179625638846,-0.19602040005258334,-0.028460842582811674,-0.9995715448700777,-0.006834261154094828,-0.19575482656013862,0.012278120406122498,-0.9805760019690992
5.133,0.01570877991616726,Empty,0.50453,0.25841,0.08332,-0.02538,-0.19492,-0.00867,0.99516,-0.01305,-0.09724,-0.00555,0.9807490408847042,-0.02489622165550376,-0.19367885003534238,-0.02705463548679743,-0.9995977590480748,-0.008506868092491765,-0.19338915559671152,0.0135830134118523,-0.9810281016587876
5.2,0.01570877991616726,Empty,0.50479,0.26111,0.08701,-0.0226,-0.18972,-0.0121,0.99542,-0.01182,-0.09464,-0.00709,0.9818064912130169,-0.022185707092755136,-0.1885836902088261,-0.024870292345029188,-0.9996200847171938,-0.011880858077721948,-0.1882484591455049,0.016354835088885904,-0.981985252943525
5.267,0.01570877991616726,Empty,0.50388,0.26449,0.09114,-0.02167,-0.18486,-0.01482,0.99564,-0.01147,-0.09221,-0.00838,0.9827301819517746,-0.021290672499258756,-0.18381538767350644,-0.024380248497812895,-0.9995966626941146,-0.014564182571416312,-0.1834311668289143,0.01879412661758872,-0.9828528820939914
5.333,0.01570877991616726,Empty,0.50196,0.26737,0.09488,-0.0297,-0.18133,-0.01443,0.99575,-0.01544,-0.09042,-0.00853,0.9831729844073464,-0.029213081867685953,-0.18032603411416714,-0.03229697702532275,-0.9993775974750441,-0.014188831524639928,-0.1797992992382831,0.01977406161618623,-0.9835045492933023
5.4,0.015709107741713524,Empty,0.50037,0.26826,0.09774,-0.04377,-0.17882,-0.01172,0.99574,-0.02232,-0.08914,-0.00779,0.9831111562966097,-0.043061299850612356,-0.17787124225213713,-0.0458397201793434,-0.9988821662077971,-0.011538547824470002,-0.17717554689917636,0.019497243066488614,-0.9839861193603209
5.467,0.015709107741713524,Empty,0.49909,0.26742,0.09906,-0.04947,-0.17827,-0.00962,0.9957,-0.02506,-0.08887,-0.00699,0.9829502791407247,-0.04865303949101818,-0.17731787976810715,-0.05113696249888666,-0.998646819572191,-0.009462601372507998,-0.17661755236544013,0.018368764428587894,-0.9841081387173913
5.534,0.01570877991616726,Empty,0.49795,0.26538,0.0983,-0.04858,-0.18015,-0.00696,0.99564,-0.0245,-0.08984,-0.00565,0.9826574325284715,-0.047775737825656917,-0.17916988913253998,-0.049805153503377886,-0.9987355098304178,-0.006843105163596125,-0.17861639617083752,0.015648011982010962,-0.9837943498211165
5.6,0.01570877991616726,Empty,0.49814,0.26287,0.097,-0.04347,-0.18161,-0.00546,0.99564,-0.02189,-0.0906,-0.00469,0.9826252304246967,-0.04274495366347758,-0.18061153193835422,-0.04444510611574515,-0.9989973683403893,-0.005374996868524162,-0.18020069110625572,0.013308906239193005,-0.9835398232606266
5.667,0.01570877991616726,Empty,0.49949,0.26004,0.09602,-0.04686,-0.18196,-0.00354,0.99559,-0.02349,-0.09079,-0.00389,0.9824129190872561,-0.046056882005762245,-0.18095198266491586,-0.04747000037762361,-0.9988665876231053,-0.0034841346588943833,-0.18058642106926284,0.012012649586172692,-0.9834857603317473
5.734,0.01570877991616726,Empty,0.50056,0.25777,0.09564,-0.05121,-0.1821,-0.0025,0.99553,-0.02561,-0.09086,-0.00357,0.9821764788506825,-0.05033647966013444,-0.18109556374439326,-0.051632891076575094,-0.9986631309278478,-0.0024485678391413662,-0.18073021040088788,0.011755413255740112,-0.9834624554641814
5.8,0.01570877991616726,Empty,0.50111,0.25675,0.09574,-0.05325,-0.18202,-0.00243,0.99551,-0.02662,-0.09082,-0.00363,0.9820873483973931,-0.05233265904423118,-0.18101307387903665,-0.053651334027156494,-0.9985568626808883,-0.0023929793162137947,-0.18062661618621936,0.012061707601396708,-0.9834777784652049
5.867,0.01570877991616726,Empty,0.50122,0.25672,0.09591,-0.05335,-0.18174,-0.00257,0.99552,-0.02668,-0.09068,-0.0037,0.9821321922990245,-0.05244365861697281,-0.18073743253896984,-0.05378595614550202,-0.9985492816594308,-0.0025304187300088515,-0.1803425290147236,0.012206341315129779,-0.9835281274372748
5.933,0.01570877991616726,Empty,0.50108,0.25705,0.09593,-0.0528,-0.18172,-0.00268,0.99552,-0.02641,-0.09067,-0.00373,0.9821625130406437,-0.051912041362219,-0.18072614071930584,-0.05326550076389197,-0.998576894396457,-0.002640531366784632,-0.18033187296221045,0.012219899309503325,-0.9835299129435803
6.0,0.01570877991616726,Empty,0.50124,0.25748,0.09619,-0.0523,-0.18113,-0.00312,0.99556,-0.02618,-0.09037,-0.00392,0.9822937196633363,-0.05142567413892302,-0.18015118192597038,-0.05284139817207212,-0.9985982132978866,-0.0030651325402637486,-0.17974102188756838,0.012530300779556379,-0.9836341579129847
6.067,0.01570877991616726,Empty,0.50179,0.25784,0.09667,-0.05207,-0.17996,-0.00384,0.99561,-0.0261,-0.08978,-0.00425,0.9825150003547201,-0.05120645320331496,-0.17900327714402506,-0.05273421153913749,-0.9986014147767516,-0.003783826002285315,-0.1785591694965829,0.013157262489089421,-0.983841201328997
6.133,0.01570877991616726,Empty,0.50246,0.25812,0.0973,-0.05204,-0.17852,-0.0046,0.99567,-0.02612,-0.08905,-0.00461,0.9827754805437652,-0.051186042557135325,-0.17757348870062317,-0.052828148240128825,-0.9985933497370114,-0.004528643785189884,-0.17709190155252774,0.013831518656794953,-0.9840971229996338
6.2,0.01570877991616726,Empty,0.50281,0.25824,0.09778,-0.05203,-0.17754,-0.00503,0.99572,-0.02613,-0.08856,-0.00481,0.9829478220984822,-0.051176769722186766,-0.17661969672902644,-0.052879794233085364,-0.9985886368986816,-0.004945868851825033,-0.17611730861479113,0.014201144236826863,-0.9842667428642742
6.267,0.01570877991616726,Empty,0.50298,0.25827,0.09795,-0.05207,-0.17717,-0.0052,0.99573,-0.02616,-0.08837,-0.00489,0.9830132335101103,-0.05123372934157988,-0.176238723672611,-0.05296104171726723,-0.9985835144036961,-0.005108113290155425,-0.17572737636526373,0.014355129359114767,-0.9843342011008577
6.333,0.01570877991616726,Empty,0.50299,0.2583,0.09795,-0.05201,-0.17711,-0.00522,0.99574,-0.02613,-0.08834,-0.0049,0.983026381390766,-0.05116794170471428,-0.17618449202889275,-0.05289884807463119,-0.9985866546215978,-0.005138587745920423,-0.17567255153310987,0.014371323994273544,-0.9843437507723095
6.4,0.01570877991616726,Empty,0.50312,0.25831,0.09805,-0.05206,-0.17681,-0.00535,0.99575,-0.02616,-0.08819,-0.00496,0.9830768017562947,-0.05121455566460764,-0.17588937186962694,-0.05296311132183368,-0.9985826262366275,-0.005258081158595648,-0.17537078059849698,0.014484745991425688,-0.9843958967030682
6.467,0.01570877991616726,Empty,0.50438,0.25884,0.09867,-0.05197,-0.17203,-0.00783,0.99595,-0.02622,-0.08578,-0.00613,0.9839077109109869,-0.05118164994143681,-0.17119011396448722,-0.05328627919406448,-0.9985494446562,-0.007718745134194738,-0.17054673511842494,0.016716617064066207,-0.9852077780115113
6.533,0.01570877991616726,Empty,0.50641,0.25973,0.09979,-0.05161,-0.16322,-0.01238,0.99631,-0.02622,-0.08133,-0.00827,0.9853952035007416,-0.05090512871110703,-0.16249603314738842,-0.053594159230003935,-0.9984882098429615,-0.012204953954311287,-0.16162907849196084,0.020735541360270924,-0.9866337103050633
6.6,0.01570877991616726,Empty,0.50823,0.26095,0.1011,-0.04982,-0.15417,-0.01704,0.99667,-0.02549,-0.07677,-0.01041,0.9869137962707117,-0.049211422487662915,-0.15355583553637103,-0.052407707301163786,-0.9984838619183988,-0.016834776623281658,-0.1524945603815685,0.024661982589828105,-0.9879965565065354
6.667,0.01570877991616726,Empty,0.51008,0.26205,0.1022,-0.04532,-0.14425,-0.02144,0.99707,-0.02337,-0.0718,-0.01232,0.98859806119843,-0.04483906261137538,-0.14374745861697297,-0.04837725516258995,-0.9986038673597717,-0.02121219642189668,-0.14259563309456177,0.027924443740934567,-0.9893870379503261
6.734,0.01570877991616726,Empty,0.51269,0.26296,0.103,-0.03808,-0.13252,-0.02757,0.99751,-0.01991,-0.06593,-0.01501,0.9905148422210504,-0.037743951483105054,-0.13212017811919893,-0.041701255119922065,-0.9987567114246899,-0.027313672502275663,-0.13092498868142408,0.032564175263307245,-0.9908573165840731
6.8,0.01570877991616726,Empty,0.51612,0.26392,0.10397,-0.02847,-0.11755,-0.03592,0.998,-0.01526,-0.05847,-0.01876,0.9926966262566663,-0.02826372413518563,-0.117279879419458,-0.03265248632713241,-0.9988300540199204,-0.03566985174091626,-0.11613450544643879,0.03923882114147472,-0.992458105695217
6.867,0.01570877991616726,Empty,0.51929,0.26468,0.10475,-0.0158,-0.1029,-0.04401,0.99839,-0.00902,-0.05124,-0.02238,0.9945851289701515,-0.015723322818964103,-0.10272876106990483,-0.02031010509513148,-0.9988357304982967,-0.04375709212183779,-0.10192115022139266,0.0456065850449793,-0.9937465061765417
6.933,0.01570877991616726,Empty,0.52065,0.26478,0.10472,-0.0041,-0.09504,-0.04854,0.99857,-0.0032,-0.04744,-0.02434,0.9954778966078673,-0.004087341540122302,-0.09490548458498056,-0.00870556060959754,-0.998795016074284,-0.04829833412907133,-0.09459371321418893,0.04890612951670973,-0.9943139443435591
7.0,0.01570877991616726,Empty,0.51969,0.26423,0.10352,0.00256,-0.09658,-0.04836,0.99854,0.00011,-0.04829,-0.02409,0.9953351810615457,0.0025565042922415238,-0.09644346337094913,-0.002097356655824556,-0.9988392348199608,-0.04812259427060607,-0.09645454077563234,0.04810038742129679,-0.9941744687396084
7.067,0.01570877991616726,Empty,0.51717,0.26329,0.1011,0.00267,-0.10221,-0.04594,0.99843,0.00016,-0.0511,-0.02287,0.9947782564124954,0.002659744565058131,-0.10202522397801517,-0.0020146810388451675,-0.9989538186568995,-0.045685985281155604,-0.10204000014321449,0.04565297306470739,-0.9937321794231714
7.133,0.01570877991616726,Empty,0.5136,0.26173,0.09811,0.00271,-0.10956,-0.04244,0.99828,0.00019,-0.05477,-0.02111,0.993999549836923,0.0026917185249503706,-0.10935103829125901,-0.0019332072041683412,-0.9991087365618405,-0.042166280790556475,-0.10936707746803746,0.042124662339118366,-0.9931084307309627
7.2,0.01570877991616726,Empty,0.51001,0.25947,0.09492,0.00197,-0.11729,-0.03828,0.9981,-0.00014,-0.05862,-0.01905,0.9931274837207438,0.001956222471573066,-0.11702125564249194,-0.0025109018442209807,-0.9992740514463488,-0.03801401686126519,-0.11701066810523059,0.03804659379815202,-0.992401612377734
7.267,0.01570877991616726,Empty,0.50737,0.25692,0.092,0.00167,-0.12379,-0.03443,0.99794,-0.00023,-0.06186,-0.01713,0.9923476575249439,0.0016549776913026282,-0.12346411484151139,-0.0025826901642860833,-0.9994132061835819,-0.03415513164033487,-0.12344819284328104,0.03421263443078586,-0.9917610797611657
7.333,0.01570877991616726,Empty,0.50616,0.25466,0.0896,-0.00017,-0.12827,-0.0314,0.99782,-0.00109,-0.06408,-0.01567,0.9917861499148455,-0.0001717258008232525,-0.12790701054804138,-0.004188714122176418,-0.9995063425216892,-0.0311372113863432,-0.12783852123319545,0.03141722090135392,-0.9912972665753423
7.4,0.01570877991616726,Empty,0.50565,0.25298,0.08754,-0.00067,-0.13152,-0.02938,0.99773,-0.0013,-0.0657,-0.01468,0.9913639385021982,-0.0006625903607350714,-0.13113772306786564,-0.004520133446635599,-0.9995656884250752,-0.0291204896409828,-0.1310614734810921,0.029461763309751806,-0.9909363726655942
7.467,0.01570877991616726,Empty,0.5055,0.25192,0.0859,0.00387,-0.13336,-0.0289,0.99767,0.00097,-0.06665,-0.01429,0.9911124118014694,0.0038321881916337786,-0.1329718071876092,2.222691281938971e-05,-0.9995897317671159,-0.028642060884464936,-0.13302701484675644,0.028384546489400857,-0.9907058750414031
7.533,0.01570877991616726,Empty,0.50558,0.25182,0.08457,0.01247,-0.13273,-0.03052,0.99767,0.00521,-0.0664,-0.01481,0.9911264227033008,0.012367839519390134,-0.1323459510713502,0.008434297299605487,-0.9995070475863,-0.030241105376281135,-0.1326547279535089,0.028856513492452315,-0.9907421585764081
7.6,0.01570877991616726,Empty,0.50563,0.25237,0.08305,0.01695,-0.13062,-0.03242,0.99771,0.0074,-0.06539,-0.01562,0.9913385977532421,0.016808224155322127,-0.13025078965357556,0.012723375193118946,-0.9994026977626048,-0.03213041282838435,-0.13071304574651532,0.030194888732560942,-0.9909603263330463
7.667,0.01570877991616726,Empty,0.50538,0.25283,0.08074,0.01732,-0.1286,-0.03395,0.99776,0.00755,-0.06439,-0.01638,0.9915932015209096,0.017184968755944996,-0.1282481950998533,0.012966973071350085,-0.9993494836683168,-0.03365214853818422,-0.1287430786756309,0.03170625081472623,-0.9911709909760243
7.734,0.01570877991616726,Empty,0.50556,0.25299,0.07852,0.01687,-0.12551,-0.03589,0.99785,0.00729,-0.06285,-0.01738,0.9919937793930775,0.01672439807727316,-0.12517442292413863,0.012355717276070433,-0.9992898732023177,-0.035596145379654644,-0.1256808573173817,0.03376453500714316,-0.9914959799614517
7.8,0.01570877991616726,Empty,0.50665,0.25369,0.07721,0.01677,-0.11945,-0.03907,0.998,0.0072,-0.05984,-0.019,0.9927353883732966,0.01663801081813021,-0.11916218052442659,0.012089962176151048,-0.9991742960452342,-0.03878864443480694,-0.11970915372643616,0.03706619374209375,-0.9921168357585584
7.867,0.01570877991616726,Empty,0.50757,0.25488,0.07654,0.018,-0.11363,-0.0421,0.99814,0.00779,-0.05696,-0.0205,0.9933907893683702,0.01787848876974646,-0.11338033002861087,0.013206983878754297,-0.9990378592864921,-0.041820225837386545,-0.1140189246349613,0.040046414965309286,-0.9926711285584535
7.933,0.01570877991616726,Empty,0.50763,0.2555,0.07615,0.01874,-0.11215,-0.04292,0.99817,0.00815,-0.05623,-0.0209,0.9935436124428547,0.01862657159114789,-0.11191130865449603,0.013926541790018065,-0.9989937002084442,-0.042633770389350144,-0.11259281330428192,0.040799972727941766,-0.9928032134404211
8.0,0.01570877991616726,Empty,0.50777,0.2554,0.07619,0.01846,-0.11201,-0.04295,0.99817,0.00801,-0.05616,-0.02092,0.9935639280912149,0.01833348714067773,-0.11177926482679004,0.013634314647643975,-0.9989966021007467,-0.0426602209939301,-0.11244921636029366,0.04086162307623765,-0.9928169526652592
8.067,0.01570877991616726,Empty,0.50854,0.25523,0.07663,0.01746,-0.11087,-0.04342,0.9982,0.00751,-0.05558,-0.02119,0.9937098882009008,0.017350160751786747,-0.11063286136424631,0.012639858033855478,-0.9989892438835575,-0.04313611704641499,-0.1112694570879062,0.04146640238609077,-0.9929247934221994
8.133,0.01570877991616726,Empty,0.50938,0.25532,0.07717,0.01696,-0.10943,-0.04404,0.99824,0.00726,-0.05486,-0.02152,0.993875525615655,0.01686127028968598,-0.10921143322209273,0.012138441148576484,-0.9989680559778549,-0.04376621279375006,-0.10983668707990057,0.042172511189676985,-0.9930545712453414
8.2,0.01570877991616726,Empty,0.50949,0.25528,0.07722,0.0168,-0.10932,-0.04411,0.99824,0.00718,-0.0548,-0.02156,0.9938902360439441,0.016696782272486166,-0.1091027779584835,0.011971026297142084,-0.9989674080807078,-0.04382707065165738,-0.10972189036790285,0.0422532253710581,-0.9930638306372034
8.267,0.01570877991616726,Empty,0.50928,0.25523,0.07707,0.01656,-0.10976,-0.04394,0.99823,0.00706,-0.05502,-0.02148,0.9938466369047518,0.01646435794070583,-0.10953441117162717,0.01173671354769773,-0.9989772039222969,-0.0436668707224242,-0.11014132679523184,0.04211259860409871,-0.9930233719155839
8.333,0.01570877991616726,Empty,0.50946,0.25509,0.07714,0.01564,-0.10958,-0.04399,0.99824,0.0066,-0.05492,-0.02153,0.9938803935955665,0.015536185522883383,-0.10936356873164266,0.01080715904517987,-0.9989861546880057,-0.043702037195577026,-0.1099316539477796,0.042252688447836875,-0.9930406546457379
8.4,0.01570877991616726,Empty,0.50959,0.25496,0.07719,0.01488,-0.10952,-0.04404,0.99824,0.00622,-0.05488,-0.02158,0.9938991224340916,0.014778727889928733,-0.1092983239885131,0.010041609572944643,-0.9989913733165614,-0.0437653072224506,-0.10983487834894277,0.04240076934498227,-0.9930450514740139
8.467,0.01570877991616726,Empty,0.50966,0.25498,0.07724,0.01395,-0.10946,-0.04407,0.99824,0.00576,-0.05484,-0.02162,0.99391971645087,0.013869589581835984,-0.10923017776719487,0.009126917104434251,-0.9989986297880427,-0.04379996650434641,-0.10972828548004525,0.042536715510773766,-0.9930510214481254
8.533,0.01570877991616726,Empty,0.50988,0.25495,0.07736,0.01219,-0.10923,-0.04414,0.99825,0.00488,-0.05471,-0.0217,0.9939668788633806,0.012122949113835435,-0.1090086135466968,0.007373766535757387,-0.999010251689935,-0.04386507250066786,-0.10943249649745673,0.042796625137924794,-0.9930724936212554
8.6,0.01570877991616726,Empty,0.51035,0.25485,0.07763,0.00743,-0.10874,-0.04407,0.99828,0.00251,-0.05441,-0.0218,0.9940664121605483,0.007389435366009389,-0.10852356637720026,0.0026444772336218225,-0.9990367390322602,-0.043801835623047854,-0.10874270069487815,0.04325494548325338,-0.9931284079799676
8.667,0.01570877991616726,Empty,0.51102,0.25467,0.07798,0.00083,-0.10804,-0.04383,0.9983,-0.00077,-0.05399,-0.02186,0.9941694082356396,0.0008252369711073126,-0.10782628024902056,-0.0038961267066006666,-0.9990428336963564,-0.04356875757513368,-0.10775902711645526,0.043734830786184245,-0.9932146075501602
8.733,0.01570877991616726,Empty,0.51212,0.25464,0.07865,-0.00938,-0.10664,-0.04355,0.99833,-0.00584,-0.05318,-0.02199,0.9942757466815337,-0.009315643774136795,-0.10643757955699731,-0.013992301695625042,-0.9989651621766938,-0.04327609329121733,-0.1059242892548133,0.04451767669549841,-0.9933771798302486
