time,gr,gr_state,tx,ty,tz,rx,ry,rz,qw,qx,qy,qz,xx,xy,xz,yx,yy,yz,zx,zy,zz
0.0,0.016178952530026436,Empty,0.30812,-0.00063,0.48564,-0.01027,0.00276,0.00473,0.99998,-0.00514,0.00137,0.00237,0.9999434682162345,-0.010266942698586412,0.0027659102141643797,-0.010279954773862232,-0.9999359631195992,0.0047320386649393805,0.0027171495240821512,-0.004760204586262975,-0.9999849786625603
0.067,0.016178952530026436,Empty,0.30812,-0.00063,0.48565,-0.01027,0.00278,0.00473,0.99998,-0.00514,0.00138,0.00237,0.9999434171990529,-0.01026814738263171,0.002779847047810116,-0.010281207952770433,-0.9999359811255482,0.004725506694423062,0.0027311468859350344,-0.00475381949759383,-0.9999849709054989
0.133,0.016178952530026436,Empty,0.30813,-0.00063,0.48562,-0.01027,0.0027,0.00473,0.99998,-0.00514,0.00134,0.00237,0.9999436685562504,-0.010264757211955022,0.0027008283261242697,-0.010277454611688663,-0.9999359975768617,0.004730187805040896,0.002652101237181197,-0.004757678987268337,-0.999985165314807
0.2,0.016178952530026436,Empty,0.30813,-0.00063,0.48563,-0.01027,0.00272,0.00473,0.99998,-0.00514,0.00135,0.00237,0.9999435181842459,-0.010271691780532832,0.002729979721229691,-0.010284514127095468,-0.9999359491487947,0.00472507873671602,0.0026812703112825574,-0.004752888370699057,-0.9999851103099755
0.267,0.016178952530026436,Empty,0.30813,-0.00063,0.48563,-0.01027,0.00272,0.00473,0.99998,-0.00514,0.00135,0.00237,0.999943553481816,-0.0102686475948503,0.002728502653720645,-0.010281462843165612,-0.9999359807050827,0.004725041075935713,0.0026798081952246733,-0.004752827362470406,-0.9999851145192613
0.334,0.016178952530026436,Empty,0.30812,-0.00063,0.48564,-0.01027,0.00276,0.00473,0.99998,-0.00514,0.00137,0.00237,0.9999435272516852,-0.010263397076629766,0.0027577142537610526,-0.010276363713999592,-0.9999360112963447,0.0047296576592038165,0.0027089954366079907,-0.004757729837128145,-0.999985012562949
0.4,0.016178952530026436,Empty,0.30812,-0.00063,0.48563,-0.01027,0.00274,0.00473,0.99998,-0.00514,0.00136,0.00237,0.9999434954107838,-0.010272227618883967,0.002736297756062102,-0.010285094849384224,-0.9999359170357776,0.004730607334995464,0.0026875285306701795,-0.004758483115928514,-0.9999850669029176
0.467,0.016178952530026436,Empty,0.30813,-0.00063,0.48562,-0.01027,0.0027,0.00473,0.99998,-0.00514,0.00134,0.00237,0.9999435713796767,-0.010274291137991831,0.0027005551409036137,-0.010286981017064656,-0.999935910582078,0.0047278694931854985,0.0026518065562612246,-0.004755383265502944,-0.9999851770161328
0.533,0.016178952530026436,Empty,0.30812,-0.00063,0.48564,-0.01027,0.00276,0.00473,0.99998,-0.00514,0.00137,0.00237,0.99994343640168,-0.0102681880974404,0.0027727802643720354,-0.010281207701830553,-0.9999359939120293,0.004722800795426554,0.0027241081826404456,-0.004751041186628961,-0.9999850033086758
0.6,0.016178952530026436,Empty,0.30812,-0.00063,0.48564,-0.01027,0.00276,0.00473,0.99998,-0.00514,0.00137,0.00237,0.999943464958674,-0.010269470319366814,0.002757692114939674,-0.01028243577938004,-0.9999359506671683,0.004729278781104142,0.0027089482985249787,-0.00475736720320398,-0.999985014415921
0.667,0.016178952530026436,Empty,0.30813,-0.00063,0.48562,-0.01027,0.0027,0.00473,0.99998,-0.00514,0.00134,0.00237,0.999943656662134,-0.010263956075068803,0.0027082663919191295,-0.010276687141103635,-0.9999360085385518,0.004729537968196701,0.002659549316033825,-0.004757103496645526,-0.9999851482715919
0.734,0.016178952530026436,Empty,0.30812,-0.00063,0.48564,-0.01027,0.00274,0.00473,0.99998,-0.00514,0.00136,0.00237,0.9999434994892402,-0.01026780877825656,0.0027513509599133403,-0.010280736592655548,-0.9999359812436164,0.004726507111874592,0.0027026439506327026,-0.004754525976301483,-0.9999850449873824
0.8,0.016178952530026436,Empty,0.30812,-0.00063,0.48566,-0.01027,0.0028,0.00473,0.99998,-0.00514,0.00139,0.00237,0.9999433246902305,-0.010269600952671487,0.002807615308644162,-0.010282787599412313,-0.9999359750257197,0.004723359879230286,0.002758928530030779,-0.004751962293225624,-0.9999849034699123
0.867,0.016178952530026436,Empty,0.30812,-0.00063,0.48565,-0.01025,0.00278,0.00473,0.99998,-0.00513,0.00138,0.00237,0.9999434644853944,-0.010262777392417599,0.002782666552112567,-0.010275873676734104,-0.999935997428638,0.004733652561635411,0.002733908031805024,-0.004761979272125858,-0.9999849245365079
0.933,0.016178952530026436,Empty,0.30813,-0.00063,0.48566,-0.01045,0.00282,0.00473,0.99998,-0.00523,0.0014,0.00237,0.9999414504752634,-0.010445016533634333,0.0028279411306860397,-0.010458280750884064,-0.999934185089329,0.004716975034421379,0.0027784861277698213,-0.004746274260066607,-0.9999848763333802
1.0,0.016178952530026436,Empty,0.30832,-0.00061,0.48596,-0.01261,0.00385,0.0047,0.99998,-0.00631,0.00191,0.00236,0.9999130131939521,-0.012617732111203261,0.003841729006798722,-0.012635722330100185,-0.9999091429235756,0.004695148457408091,0.0037821378330748765,-0.004743283062437259,-0.9999815981802872
1.067,0.016178952530026436,Empty,0.3099,-0.00055,0.48607,-0.0233,0.00885,0.00464,0.99992,-0.01166,0.0044,0.00237,0.9996894370802498,-0.023295180191170106,0.008852342629765074,-0.023336873446748507,-0.999716908380202,0.004636101429116661,0.008741837787575242,-0.00484124762757866,-0.9999500700502523
1.133,0.016178952530026436,Empty,0.31344,-0.0003,0.48571,-0.04053,0.01714,0.00455,0.99975,-0.02028,0.00852,0.00245,0.9990318773908828,-0.04051421347447448,0.017143700399644773,-0.04059790302813426,-0.9991651508591148,0.004561970889898426,0.016944563333596806,-0.005253552629105946,-0.999842628596224
1.2,0.016178952530026436,Empty,0.31823,0.00037,0.48452,-0.05687,0.02537,0.00482,0.99951,-0.02846,0.01261,0.00277,0.998062418395358,-0.05681781498647631,0.025360301397495205,-0.05695757908111093,-0.9983649513919979,0.004822656661226211,0.02504482325807603,-0.006257773742762554,-0.9996667430177699
1.267,0.016178952530026436,Empty,0.32401,0.00218,0.48274,-0.06262,0.03372,0.00569,0.99936,-0.03135,0.01676,0.00337,0.9974729109383754,-0.06254369481907474,0.03370575889225249,-0.06276988027212405,-0.9980117854262376,0.005693705380249424,0.03328263923951112,-0.007795023329810655,-0.9994155809954838
1.333,0.016178952530026436,Empty,0.32972,0.00565,0.47998,-0.05367,0.03823,0.00784,0.99945,-0.0269,0.019,0.00443,0.997830631249201,-0.0536115898407839,0.03820770570925359,-0.053948066212707424,-0.9985130441617525,0.00782986530789198,0.03773112101078791,-0.009874111280208523,-0.9992391427649818
1.4,0.016178952530026436,Empty,0.33619,0.01008,0.47604,-0.04279,0.04049,0.01104,0.99955,-0.0215,0.02012,0.00595,0.9982658406995777,-0.04273273228703517,0.04048734226458536,-0.04321162021327574,-0.9990050819018635,0.01102733933432609,0.03997583233540888,-0.01275773982864272,-0.9991191985461774
1.467,0.016178952530026436,Empty,0.34393,0.01571,0.47091,-0.02866,0.04259,0.01531,0.99964,-0.01449,0.02118,0.00796,0.9986833234118585,-0.028623467524293067,0.04257131247601846,-0.029297970777487303,-0.9994535382408257,0.015305352208145039,0.042109956629835,-0.016532453078100976,-0.9989761906811662
1.533,0.016178952530026436,Empty,0.35223,0.02259,0.46491,-0.01175,0.04427,0.02071,0.99968,-0.0061,0.02207,0.01048,0.9989512955620586,-0.011727914484835067,0.044257938459903466,-0.01265289965248162,-0.9997061204617523,0.020677931272167507,0.044002422947701736,-0.021216237488033803,-0.9988061163416965
1.6,0.016178952530026436,Empty,0.36083,0.03053,0.45814,0.00744,0.04593,0.02616,0.99964,0.00342,0.02301,0.01299,0.9989177002399086,0.00743843780856257,0.045914026074614284,0.006242751337743102,-0.9996390464525949,0.026130535070714646,0.04609182360405498,-0.025815624151178076,-0.9986035736700213
1.667,0.016178952530026436,Empty,0.36943,0.03942,0.45037,0.02801,0.04608,0.03212,0.99951,0.01363,0.02326,0.01573,0.9985468498265144,0.027978373469662143,0.04605865086535477,0.02651526357496331,-0.9991336434934757,0.03207652158514684,0.046916196554012635,-0.030808652314638488,-0.9984236062130447
1.734,0.016178952530026436,Empty,0.37788,0.0479,0.44109,0.04367,0.04255,0.03709,0.99937,0.02143,0.02167,0.01807,0.9981420602277169,0.04362001266874388,0.042540828613780945,0.04205393534838009,-0.9984285591588209,0.037038881972264376,0.04408961471914584,-0.03518105670413675,-0.9984079322216434
1.8,0.016178952530026436,Empty,0.38638,0.05603,0.43074,0.05333,0.03808,0.0413,0.99926,0.02626,0.01958,0.02013,0.9978538135808206,0.05326769818740312,0.038083054657272436,0.05169050090994215,-0.9978102541338121,0.041264862305552596,0.04019774667680175,-0.03920776804706799,-0.9984222013190985
1.867,0.016178952530026436,Empty,0.39496,0.06342,0.41926,0.05963,0.0324,0.04429,0.99919,0.02944,0.01685,0.02165,0.9976986900612449,0.059562329387296054,0.03239834514346443,0.05810281416900254,-0.9973287556058454,0.04426529371118412,0.034948345250071164,-0.04228099052357073,-0.998494331984227
1.933,0.016178952530026436,Empty,0.40298,0.07005,0.40692,0.06474,0.02431,0.04658,0.99914,0.03207,0.0129,0.02288,0.9976106139875978,0.06467032426594743,0.02430662499454421,0.063490052645646,-0.9968966159263211,0.046541920563099984,0.027241073296426853,-0.044887485048574566,-0.9986205673886718
2.0,0.016178952530026436,Empty,0.41023,0.0756,0.39444,0.07052,0.01457,0.04787,0.99907,0.03507,0.00812,0.02366,0.9974085232464676,0.07045516715141004,0.014570764460655403,0.0696863984910801,-0.9964207739553275,0.047848167108139744,0.017889763012499654,-0.04670878559685498,-0.9987483395367541
2.067,0.016178952530026436,Empty,0.41731,0.08084,0.38218,0.07661,0.00628,0.04816,0.99897,0.03821,0.00406,0.02394,0.9970462778596022,0.07654567434000653,0.006283275113087912,0.07615689582472585,-0.9959333466283491,0.04813414891735854,0.009942184098825899,-0.04751345928776662,-0.9988211171985976
2.133,0.016178952530026436,Empty,0.42476,0.08533,0.36964,0.0733,0.00088,0.04637,0.99906,0.03662,0.00129,0.02315,0.9973153514746266,0.07322097306598219,0.0008825057010251082,0.07310153223893495,-0.9962470803115517,0.046345668136599974,0.004272668646359572,-0.04615673378802506,-0.9989250723796353
2.2,0.016178952530026436,Empty,0.43181,0.08883,0.35748,0.06483,-0.00431,0.04399,0.99923,0.03245,-0.00144,0.02205,0.9978903346304635,0.06477873787023702,-0.004312211850132201,0.06490590715238964,-0.9969219544784323,0.0439754465085676,-0.001450264743653614,-0.04416256105392468,-0.9990233055005932
2.267,0.016178952530026436,Empty,0.43855,0.09111,0.34566,0.0534,-0.01036,0.04158,0.99941,0.0268,-0.00462,0.02092,0.998521140117977,0.05337122476615669,-0.010346260409264065,0.053757440549174085,-0.9976883807606389,0.041569610063318045,-0.008103722792515667,-0.04206432291354133,-0.9990820398819744
2.333,0.016178952530026436,Empty,0.44465,0.09285,0.33453,0.04202,-0.01778,0.03944,0.99954,0.02118,-0.00847,0.0199,0.998959288307605,0.04200879257082141,-0.017765180852015786,0.04268244876735788,-0.9983109599872049,0.039413649116105835,-0.016079454940544666,-0.040130892292189774,-0.9990650442351827
2.4,0.016178952530026436,Empty,0.44959,0.09415,0.3231,0.03271,-0.02733,0.03776,0.99959,0.01661,-0.01335,0.0191,0.9990913362907315,0.0327021210500274,-0.027332636675405995,0.03372217764373514,-0.9987187353259763,0.03773198171109791,-0.026063700500212207,-0.03861941205807796,-0.9989140225907954
2.467,0.016178952530026436,Empty,0.45366,0.09536,0.31158,0.02636,-0.03789,0.03645,0.99956,0.01352,-0.0187,0.01847,0.998935215560006,0.026343061739009854,-0.037874506099733966,0.027724588344981205,-0.9989516928130573,0.0364261256109988,-0.03687522630690421,-0.037437394729623534,-0.998618375136705
2.533,0.016178952530026436,Empty,0.45721,0.09653,0.30079,0.02385,-0.04787,0.0352,0.99948,0.01234,-0.02372,0.01788,0.9985705080628136,0.023824259956791216,-0.0478471009015769,0.025520418608994566,-0.9990558941318083,0.03515719890028506,-0.046964333926886766,-0.03632802001215808,-0.9982357568734953
2.6,0.016178952530026436,Empty,0.4611,0.09833,0.29086,0.02211,-0.05599,0.03376,0.9994,0.01152,-0.0278,0.01718,0.9981893876105932,0.02207321431232323,-0.05595283434743151,0.023983247961782528,-0.9991442583765682,0.03369799356550436,-0.055161130144264756,-0.03497891026117548,-0.9978645827757131
2.667,0.016178952530026436,Empty,0.46437,0.10085,0.28181,0.02227,-0.06298,0.03248,0.9993,0.01164,-0.0313,0.01658,0.9977691746319248,0.0222360067475868,-0.0629462799397126,0.024311600317231563,-0.9991791784663204,0.032402398204207004,-0.062174112332566214,-0.0338604389116574,-0.9974907771164438
2.733,0.016178952530026436,Empty,0.46844,0.10506,0.27426,0.02419,-0.06513,0.03021,0.99928,0.01258,-0.03237,0.01549,0.9975879856123684,0.024146679370323443,-0.06507802115340917,0.026151873883549392,-0.9992035611326275,0.03013839598011604,-0.06429844830348323,-0.03176761393718677,-0.9974249486806024
2.8,0.016178952530026436,Empty,0.47414,0.11157,0.26862,0.0286,-0.05817,0.02612,0.99938,0.01467,-0.02889,0.01347,0.9979008568576447,0.02854336743785485,-0.05813050884075996,0.030099886356821814,-0.9992066288726555,0.026078912137007332,-0.05734000980192152,-0.027773890477405926,-0.997968303245982
2.867,0.016178952530026436,Empty,0.48072,0.12008,0.26388,0.03492,-0.04682,0.02103,0.99951,0.0177,-0.02322,0.01092,0.9982952439827055,0.03486731984899227,-0.04680679275551741,0.035881490698438934,-0.9991352916392133,0.021004466817369852,-0.04603394906770122,-0.022648156825053705,-0.9986831011515414
2.933,0.016178952530026436,Empty,0.48645,0.13059,0.25985,0.04696,-0.03641,0.01605,0.99952,0.02362,-0.01801,0.00845,0.9982357413659964,0.04690737892571922,-0.036401956840237414,0.047515787111218066,-0.9987418210780672,0.016031993165778188,-0.03560413788706237,-0.017733376215067664,-0.9992086232280692
3.0,0.016178952530026436,Empty,0.49118,0.14233,0.25591,0.06384,-0.02822,0.01133,0.99937,0.03199,-0.01392,0.00611,0.9975662483840972,0.063764046086633,-0.02820862477221257,0.06410423271222715,-0.9978789641290499,0.011323440162381515,-0.027426764906827186,-0.013104173968478508,-0.999537919836636
3.067,0.016178952530026436,Empty,0.49503,0.15491,0.25241,0.0828,-0.0216,0.00683,0.99908,0.04142,-0.01065,0.00386,0.9963416084957912,0.08268438621502755,-0.021603042754746782,0.0828487618364056,-0.9965387504867707,0.006826524770353663,-0.02096382222290915,-0.008591336014260249,-0.9997433206094934
3.133,0.016178952530026436,Empty,0.49679,0.16772,0.2481,0.10398,-0.02123,0.00356,0.99859,0.05198,-0.01051,0.00233,0.9943755529981159,0.10376156654510416,-0.021231978423996694,0.10385945502308536,-0.994585619752077,0.0035578904822855632,-0.02074784812935563,-0.005743021024007647,-0.9997682453986618
3.2,0.016178952530026436,Empty,0.49711,0.1799,0.24322,0.12341,-0.02583,0.00131,0.99801,0.06167,-0.01285,0.00145,0.9920639598290357,0.12305230358110242,-0.025830799285298803,0.12312679422159328,-0.9923900863498627,0.0013073099192966522,-0.02547336163615971,-0.004477398563441448,-0.9996654744208473
3.267,0.016178952530026436,Empty,0.4972,0.19159,0.2377,0.13439,-0.03082,-0.00081,0.99763,0.06713,-0.0154,0.00063,0.9905129252289886,0.13392305162263923,-0.03080196744351702,0.13396187109730678,-0.9909861564447474,-0.0008092138002052489,-0.030632695709325915,-0.003324752463834942,-0.9995251792599493
3.333,0.016178952530026436,Empty,0.49834,0.20216,0.23199,0.13157,-0.03329,-0.00312,0.9977,0.0657,-0.01671,-0.00046,0.9908085712641701,0.13111390196127048,-0.03327942039675362,0.13108296608271958,-0.9913664947882606,-0.003119136770704448,-0.0334010645400724,-0.0012718976877609915,-0.9994412194640871
3.4,0.016178952530026436,Empty,0.4995,0.21134,0.22575,0.11866,-0.0371,-0.00477,0.99807,0.05924,-0.01866,-0.00128,0.9922839222585664,0.11830857940765221,-0.03709039856483701,0.11821276377654999,-0.9929768154637173,-0.004773513574329629,-0.037394653460953726,0.00035212224856723457,-0.9993005133104141
3.467,0.016178952530026436,Empty,0.50127,0.21964,0.21918,0.09799,-0.04091,-0.00625,0.99859,0.0489,-0.02058,-0.00212,0.9943717688193339,0.097739667978063,-0.04088694997975402,0.09756553984515398,-0.9952095552247213,-0.006237517465778473,-0.04130073618995901,0.0022132539280911114,-0.9991443092452746
3.533,0.016178952530026436,Empty,0.50267,0.22704,0.21247,0.07678,-0.0463,-0.00684,0.99899,0.03829,-0.02326,-0.00253,0.9959861680616466,0.07661351331493765,-0.04628090975142117,0.07637774467666913,-0.9970554649917232,-0.006843964366069547,-0.04666897414753014,0.00328166233491405,-0.9989050192807806
3.6,0.016178952530026436,Empty,0.50332,0.23342,0.20568,0.05873,-0.05514,-0.00586,0.99919,0.02927,-0.02764,-0.00212,0.9967586023820714,0.05861177803004591,-0.0551085116247564,0.05837738706879558,-0.998277417105116,-0.005854842180453748,-0.05535674535555078,0.0026187733950531,-0.9984632055161302
3.667,0.016178952530026436,Empty,0.50415,0.23895,0.1995,0.04215,-0.06293,-0.00471,0.99928,0.02099,-0.0315,-0.00169,0.9971343654696199,0.04206030547893441,-0.06288074349526547,0.041847099669665044,-0.999112951112846,-0.00470437751634958,-0.06302283275715052,0.0020595197493457457,-0.9980099603359008
3.733,0.016178952530026436,Empty,0.50555,0.24294,0.19333,0.02458,-0.07034,-0.00341,0.99931,0.01222,-0.03518,-0.00127,0.9972268746814462,0.024505190515743347,-0.07027130318175197,0.024327061969806052,-0.99969830654114,-0.0033896835683945997,-0.07033316763086805,0.0016707892038677187,-0.9975221571446141
3.8,0.016178952530026436,Empty,0.50758,0.24574,0.18732,0.00589,-0.07679,-0.00219,0.99926,0.0029,-0.03839,-0.00098,0.9970353241039699,0.005877479927202056,-0.0767203865905072,0.005727343147838071,-0.9999812293299379,-0.0021768160814610374,-0.07673174069026724,0.0017309585468557205,-0.9970502714272488
3.867,0.016178952530026436,Empty,0.51026,0.24743,0.18131,-0.01283,-0.08179,-0.0015,0.99914,-0.00644,-0.04088,-0.00101,0.9965743929189221,-0.012790514015412369,-0.08170607155837889,-0.01295524316155866,-0.9999149727262753,-0.001486267956041426,-0.08168011418274508,0.002539698610821355,-0.9966553611344593
3.933,0.016178952530026436,Empty,0.51341,0.24833,0.17556,-0.02819,-0.08517,-0.00136,0.99899,-0.01411,-0.04256,-0.00128,0.9959795999410892,-0.028077139472549584,-0.08506650774674449,-0.028294500518338594,-0.9995987183346835,-0.0013503866394180969,-0.08499445712283625,0.0037518718924270055,-0.996374360225963
4.0,0.016178952530026436,Empty,0.51619,0.24838,0.16986,-0.03684,-0.08922,-0.00086,0.99884,-0.01842,-0.04458,-0.00125,0.995346987588658,-0.036679465969669534,-0.0891010161241945,-0.03690181363196032,-0.9993185355536427,-0.000848910828632303,-0.08900915935372147,0.004132949927443888,-0.9960222328221598
4.067,0.016178952530026436,Empty,0.51755,0.24785,0.164,-0.03961,-0.09653,0.00117,0.99864,-0.01975,-0.04825,-0.00037,0.9945638412051968,-0.0394167098570643,-0.09637991881719041,-0.03948743293278989,-0.9992193772858193,0.001174179252817882,-0.09635096474629924,0.0026379993524155015,-0.9953439267669614
4.133,0.016178952530026436,Empty,0.51731,0.24718,0.15802,-0.04132,-0.10537,0.00408,0.9984,-0.02052,-0.05269,0.00095,0.9936049265868403,-0.04106720370756062,-0.10517953528135487,-0.040866477435263004,-0.9991563525768723,0.004063757782417139,-0.10525768800611766,0.00026054735216159857,-0.9944449463045624
4.2,0.016178952530026436,Empty,0.51564,0.24682,0.15271,-0.04138,-0.11428,0.0072,0.99815,-0.02045,-0.05717,0.00241,0.9926279027885583,-0.04110030906789014,-0.1140202227682097,-0.040549311309201086,-0.999151966367859,0.007148528211470037,-0.11421733650342993,-0.002472387058003732,-0.9934527101700905
4.267,0.016178952530026436,Empty,0.5143,0.24652,0.14866,-0.0413,-0.12108,0.0096,0.99795,-0.02032,-0.06059,0.00354,0.991832836490194,-0.040977076379473176,-0.12078287822041128,-0.04011913605553641,-0.999149479994895,0.009527410355822205,-0.12107055538805968,-0.004603893713117231,-0.9926332277234654
4.333,0.016178952530026436,Empty,0.51347,0.24615,0.1458,-0.04016,-0.12583,0.01113,0.99781,-0.01969,-0.06297,0.00429,0.9912943136795818,-0.03983834508460571,-0.12549298756283755,-0.03875771446333792,-0.9991876281599643,0.011041888499847538,-0.1258309311580622,-0.006081939903071162,-0.9920330572974423
4.4,0.016178952530026436,Empty,0.51294,0.24595,0.14409,-0.0398,-0.12866,0.01211,0.99772,-0.01947,-0.06439,0.00476,0.9909499281379077,-0.039464065869948384,-0.12829975615132172,-0.03823811526460197,-0.9991965347048468,0.012005481033130413,-0.12867045684416956,-0.006990889702907169,-0.9916627657609589
4.467,0.016178952530026436,Empty,0.51282,0.2457,0.14295,-0.03959,-0.1298,0.01308,0.99769,-0.01933,-0.06497,0.00524,0.9908108412536464,-0.039257952674475405,-0.1294321830382625,-0.03789572409403419,-0.999197502691116,0.012971688834760686,-0.12983755600607436,-0.007947563629543249,-0.991503426762976
4.534,0.016178952530026436,Empty,0.51354,0.24551,0.14112,-0.04021,-0.12865,0.01253,0.99772,-0.01966,-0.06439,0.00496,0.9909341721314788,-0.0398611779342124,-0.1282986866487659,-0.038584855196221624,-0.9991781485507831,0.01241919514765634,-0.12868828793479156,-0.007356218615974156,-0.9916578092245765
4.6,0.016178952530026436,Empty,0.51524,0.24587,0.13867,-0.04103,-0.12457,0.00984,0.99784,-0.02017,-0.06233,0.00363,0.991415114863597,-0.040709528268428274,-0.12425298518813609,-0.039805286368083226,-0.9991598620763169,0.009752394208062821,-0.12454561091084679,-0.004722745366478617,-0.992202643858122
4.667,0.016178952530026436,Empty,0.51837,0.24723,0.13602,-0.04152,-0.11533,0.0039,0.99812,-0.02061,-0.05766,0.00075,0.9925014603343598,-0.04122830628675217,-0.1150698830923597,-0.04105503082344236,-0.9991493671552176,0.0038764103774506856,-0.11513181870469082,0.0008768546367316838,-0.9933498353791058
4.734,0.016178952530026436,Empty,0.52301,0.24941,0.13324,-0.04173,-0.10261,-0.00411,0.99846,-0.02094,-0.05123,-0.00312,0.9938745415353922,-0.04149812988039364,-0.10242705162330884,-0.04213710371717977,-0.9991035005984159,-0.0040816151605110595,-0.10216584643676978,0.008372592694073103,-0.9947321446064954
4.8,0.016178952530026436,Empty,0.52732,0.25152,0.12959,-0.04214,-0.09172,-0.0115,0.9987,-0.02131,-0.04571,-0.00671,0.9949131744436674,-0.04195437998425888,-0.09158387040609704,-0.04318047513974277,-0.9990017123913206,-0.011446624214811456,-0.09101220734127047,0.015343032273493706,-0.9957315750118223
4.867,0.016178952530026436,Empty,0.53007,0.25296,0.12462,-0.0427,-0.08751,-0.01569,0.99878,-0.02167,-0.04356,-0.00877,0.9952649647098758,-0.04252859513454943,-0.08740119345255648,-0.044055959515207854,-0.9989069399189182,-0.01562042934803301,-0.0866413437813843,0.019397009504149812,-0.9960507183723387
4.933,0.016178952530026436,Empty,0.53026,0.25329,0.11782,-0.04323,-0.09257,-0.01518,0.99866,-0.02194,-0.04609,-0.00858,0.994788055594483,-0.04303573846422809,-0.09243727419924389,-0.04461738935763199,-0.9988898464122236,-0.015111694196005887,-0.09168431170847674,0.019157242740089005,-0.9956038303648395
5.0,0.016178952530026436,Empty,0.52938,0.25323,0.11016,-0.04363,-0.1026,-0.01226,0.99842,-0.0221,-0.05113,-0.00724,0.9937948998715908,-0.04339571055629354,-0.10241342340986964,-0.04487647844473308,-0.9989180679116645,-0.012198167158486838,-0.10177327090947913,0.016718430097989564,-0.994667127949569
5.067,0.016178952530026436,Empty,0.528,0.25294,0.10177,-0.04316,-0.11334,-0.00905,0.99815,-0.0218,-0.05653,-0.00574,0.9926571597206533,-0.042878114079474505,-0.11310716417766234,-0.044176210455182385,-0.9989832661511164,-0.008994241483693148,-0.11260650818289558,0.013924844093745722,-0.9935420841775252
5.133,0.016178952530026436,Empty,0.52816,0.25317,0.09422,-0.03938,-0.11855,-0.00804,0.99804,-0.01989,-0.05915,-0.00518,0.9922122019473344,-0.03908424897502005,-0.11826820278029405,-0.04030896277279883,-0.9991553951118215,-0.007980221746331298,-0.11785641190450043,0.012685341974031988,-0.9929496202083964
5.2,0.016178952530026436,Empty,0.52976,0.25372,0.08846,-0.03024,-0.11778,-0.00797,0.99814,-0.01533,-0.05879,-0.00487,0.9926173661173424,-0.030028560596003062,-0.11751191442063133,-0.031174228604439247,-0.9994825621510617,-0.007923094525920368,-0.11721319018432944,0.011527944503711949,-0.9930398655352823
5.267,0.016178952530026436,Empty,0.532,0.25453,0.08399,-0.01422,-0.11584,-0.00975,0.99828,-0.00738,-0.05785,-0.00528,0.9931970967940478,-0.014122998357413541,-0.11558575966472176,-0.01534571850905031,-0.9998352403775175,-0.009695412454980963,-0.11542978750441905,0.011403202033977515,-0.9932501855726266
5.333,0.016178952530026436,Empty,0.53372,0.2549,0.08031,0.01509,-0.11449,-0.01024,0.99832,0.00724,-0.05725,-0.00468,0.9933410491730474,0.014994641827738353,-0.1142309973004132,0.013922330682999973,-0.9998512644475486,-0.010179277527964534,-0.11436664171051956,0.008521132500786652,-0.9934020644053251
5.4,0.016178952530026436,Empty,0.53462,0.25446,0.07745,0.05769,-0.11329,-0.00694,0.99798,0.0286,-0.05669,-0.00183,0.991936002219046,0.05730162218611501,-0.11304641346162564,0.05688562778921308,-0.9983568245020658,-0.00690480420998809,-0.11325631484700602,0.00041840768507731463,-0.9935657160360782
5.467,0.016178952530026436,Empty,0.53526,0.25319,0.07584,0.09197,-0.11166,-0.00248,0.99739,0.04583,-0.0558,0.00133,0.9895723387914337,0.09127210885210219,-0.11142705436536693,0.09156894734723614,-0.9957956964070127,-0.002461483087782358,-0.11118324595266821,-0.007767442498167491,-0.9937695671816814
5.534,0.016178952530026436,Empty,0.53602,0.25176,0.07576,0.10021,-0.11011,0.00041,0.99723,0.05002,-0.05495,0.00296,0.9889558085394807,0.0994444057392565,-0.10989640086548974,0.1000958317224786,-0.994977715281907,0.0004129941669239884,-0.10930339989134616,-0.011408604628210644,-0.9939429613980018
5.6,0.016178952530026436,Empty,0.53695,0.25085,0.0762,0.09845,-0.10878,0.00105,0.99731,0.04916,-0.05427,0.0032,0.9892756868120306,0.09770584007643363,-0.10856879983468304,0.09840120567097504,-0.9951462676434576,0.001052956691317171,-0.1079389559199253,-0.011724965255969628,-0.9940883798660274
5.667,0.016178952530026436,Empty,0.53736,0.25016,0.07617,0.09608,-0.1085,0.00178,0.99737,0.048,-0.05412,0.00349,0.9895330183065281,0.09537304798471713,-0.1082976795655259,0.09612811887861389,-0.9953674111928403,0.0017611065050538444,-0.10762801885211658,-0.012153125251057998,-0.994116950416097
5.733,0.016178952530026436,Empty,0.53759,0.24933,0.07587,0.08961,-0.10876,0.00312,0.99751,0.04481,-0.05423,0.00399,0.9901026119115994,0.08895823858965773,-0.1085506779014039,0.08982392144964457,-0.9959528315676135,0.0031016814570633197,-0.1078354349054006,-0.012821430477077502,-0.9940860777112236
5.8,0.016178952530026436,Empty,0.53785,0.24822,0.07534,0.08105,-0.10932,0.00494,0.99768,0.04059,-0.05449,0.00468,0.9907668435653892,0.08049037649495777,-0.10909794215829743,0.0815110121669339,-0.9966602936358276,0.004920770800162393,-0.10833751237220283,-0.013768020244238122,-0.9940188252903248
5.867,0.016178952530026436,Empty,0.53767,0.24728,0.07411,0.07418,-0.11112,0.00672,0.99776,0.03721,-0.05537,0.00541,0.9910997718400765,0.07364467216321363,-0.11089501576049786,0.0748422786779615,-0.9971730757805611,0.006670101995149086,-0.11009030647990158,-0.014910372239086417,-0.9938097429683678
5.933,0.016178952530026436,Empty,0.53658,0.24698,0.07158,0.07097,-0.1153,0.00805,0.99769,0.03565,-0.05744,0.00606,0.9908588987721441,0.07043915194850492,-0.11505202560941644,0.07183163655557545,-0.9973847112876288,0.007997104441056134,-0.1141878220906328,-0.016188377388388953,-0.9933272762406805
6.0,0.016178952530026436,Empty,0.53468,0.24692,0.06769,0.0702,-0.12183,0.00963,0.99751,0.03532,-0.06067,0.00694,0.9901426403630061,0.06962274007794467,-0.12153281778603359,0.07130612715431989,-0.9974087383858998,0.009552215538770663,-0.12055284304082699,-0.01812409047334865,-0.9925414497033802
6.067,0.016178952530026436,Empty,0.53262,0.24665,0.06321,0.06979,-0.12923,0.01141,0.99728,0.03518,-0.06433,0.00794,0.9892488311231493,0.06914220971341778,-0.12886467691896186,0.07118468135622169,-0.9973990715638126,0.01130633379385177,-0.12774776421407885,-0.0203579684544048,-0.9915977318745305
6.133,0.016178952530026436,Empty,0.53105,0.24608,0.05922,0.06794,-0.13542,0.01294,0.9971,0.03432,-0.0674,0.00875,0.9885603345352693,0.06725128841200084,-0.13500270067832787,0.06961121528541458,-0.9974916698791852,0.012831493604489243,-0.1338011348606729,-0.022082407671272477,-0.9907621427877812
6.2,0.016178952530026436,Empty,0.53047,0.2461,0.05635,0.06572,-0.1379,0.01317,0.99705,0.03323,-0.06864,0.00883,0.9883683802864318,0.06504362328473262,-0.13746734855946405,0.06746870091563062,-0.9976360304173644,0.01305087007983162,-0.1362935040518533,-0.02217381074775509,-0.9904203162648623
6.267,0.016178952530026436,Empty,0.52986,0.24621,0.05373,0.06113,-0.14051,0.01387,0.99703,0.03097,-0.06995,0.00906,0.9882971671771779,0.060483613637845046,-0.14003728728761278,0.06301758139363367,-0.997917997951012,0.01372784763686799,-0.13891541953599781,-0.022392004080747457,-0.9900510614955099
6.333,0.016178952530026436,Empty,0.52967,0.2465,0.05114,0.05508,-0.14193,0.01428,0.99707,0.02797,-0.07068,0.00907,0.9884451355120717,0.054488270541341366,-0.14144695986812908,0.057051476372751875,-0.9982712885252885,0.014126696349444634,-0.14043269963299812,-0.0220332221763789,-0.9898450353435705
6.4,0.016178952530026436,Empty,0.52996,0.24722,0.0487,0.05038,-0.14127,0.0135,0.99716,0.0256,-0.07038,0.00851,0.9887834402216547,0.04986362415427281,-0.14078681518392144,0.05225902611471733,-0.9985441051727948,0.0133665333652455,-0.13991534059198618,-0.020573988696029402,-0.9899496999626617
6.467,0.016178952530026436,Empty,0.53007,0.24819,0.0466,0.04835,-0.13928,0.01191,0.99726,0.02453,-0.06942,0.00762,0.9891580430163354,0.04786717529414353,-0.13883479198476678,0.049984212431976593,-0.9986802958586822,0.011800219115335742,-0.1380867279779224,-0.01861182938280534,-0.9902452501089701
6.533,0.016178952530026436,Empty,0.53009,0.24958,0.04432,0.04904,-0.13598,0.00945,0.99737,0.02478,-0.0678,0.00638,0.989577648699975,0.04856776133243834,-0.1355627152006924,0.050297298714823524,-0.9986904246141061,0.009360423392577005,-0.13493057079631932,-0.0160813041527044,-0.9907245493684547
6.6,0.016178952530026436,Empty,0.52975,0.25126,0.04199,0.05127,-0.1334,0.00704,0.99744,0.02581,-0.06654,0.00522,0.9898133203949885,0.0507979395533229,-0.13300060190008345,0.052186960716979425,-0.9986129634198426,0.006976418921227384,-0.1324617374934059,-0.013846249563580824,-0.9910914031880466
6.667,0.016178952530026436,Empty,0.52939,0.25301,0.03995,0.05373,-0.13081,0.0047,0.99749,0.02696,-0.06527,0.0041,0.9900245247169932,0.0532589782388001,-0.13044125764439238,0.05433040064820149,-0.9985121091103593,0.004666425332941426,-0.12999864624024995,-0.011706801311247806,-0.9914450578719739
6.734,0.016178952530026436,Empty,0.52905,0.25444,0.03811,0.05589,-0.12862,0.00308,0.99754,0.02798,-0.0642,0.00333,0.9901908590044567,0.05539362090380012,-0.12827162393601244,0.05624781059279044,-0.9984121997512951,0.003043549128507031,-0.12789936101299845,-0.010228692533561106,-0.99173440360891
6.8,0.016178952530026436,Empty,0.52904,0.25551,0.0368,0.05731,-0.1261,0.00147,0.9976,0.02864,-0.06296,0.00254,0.9904317764907983,0.05681582398587248,-0.1257650915878007,0.057455898648312576,-0.9983469705343481,0.0014649694210747202,-0.12547396474088332,-0.008676898621984282,-0.9920589678050934
6.867,0.016178952530026436,Empty,0.52928,0.25633,0.03601,0.05818,-0.12321,-0.0001,0.99768,0.02903,-0.06154,0.00174,0.9907408177866677,0.05770964792544497,-0.12289112460924911,0.05813821583841999,-0.9983085385366348,-9.871156716287355e-05,-0.12268895561757015,-0.007046873148382747,-0.9924201538402476
6.934,0.016178952530026436,Empty,0.52902,0.25702,0.03543,0.05925,-0.12261,-0.00057,0.99768,0.02955,-0.06125,0.00153,0.9907501027983465,0.058777002580064464,-0.12230902572079261,0.059151842487424666,-0.9982488355878711,-0.0005672546188493638,-0.12212818403386383,-0.006672796652288871,-0.9924919044755116
7.0,0.016178952530026436,Empty,0.52826,0.25772,0.0347,0.0607,-0.12385,-0.00026,0.99762,0.03028,-0.06186,0.00175,0.9905115771769658,0.06020777648605469,-0.12353881628461853,0.0606417609008012,-0.9981595641354135,-0.00024770920721054607,-0.12332636503704093,-0.007246252521584488,-0.9923397097320776
7.067,0.016178952530026436,Empty,0.52741,0.25858,0.03394,0.06253,-0.12511,7e-05,0.99756,0.0312,-0.06248,0.00199,0.9902457850120214,0.06198909292111415,-0.12478236103209277,0.0624860382385527,-0.9980458357697921,6.875919554089754e-05,-0.12453425348544155,-0.00786524388651355,-0.9921841349504785
7.133,0.016178952530026436,Empty,0.52656,0.25921,0.03297,0.06395,-0.1267,0.00047,0.99748,0.03192,-0.06327,0.00226,0.9899568985422503,0.06338836099357614,-0.12636160302543017,0.06396113754272892,-0.9979522763340425,0.00047649128349960823,-0.12607264537895774,-0.00855393770442491,-0.9919841320489459
7.2,0.016178952530026436,Empty,0.52598,0.25913,0.03186,0.06406,-0.12851,0.00099,0.99742,0.03199,-0.06416,0.00255,0.9897215096553561,0.06348577316378701,-0.12814402027140762,0.06414055320792766,-0.9979403882493372,0.0009853603112618264,-0.12781753698027404,-0.00919446064531241,-0.9917550802157447
7.267,0.016178952530026436,Empty,0.52578,0.25859,0.03104,0.06317,-0.12969,0.00175,0.9974,0.03157,-0.06474,0.00292,0.9896244241088537,0.06259161926144707,-0.12932821967942307,0.06334730434309,-0.9979900365363543,0.0017337839052700699,-0.12895975434096896,-0.009908388990964575,-0.9916003255283455
7.333,0.016178952530026436,Empty,0.52575,0.2581,0.03058,0.06233,-0.13031,0.00237,0.99739,0.03117,-0.06504,0.00321,0.9895963439228815,0.06175255029818011,-0.12994498307413185,0.06258657243106464,-0.9980367946039663,0.002340420468997198,-0.12954534744944252,-0.010448882634584539,-0.9915184435026371
7.4,0.016178952530026436,Empty,0.52553,0.25802,0.03017,0.06229,-0.13104,0.00259,0.99737,0.03116,-0.0654,0.00333,0.9895046068842914,0.06172269681979348,-0.13065581369405369,0.06259297237194306,-0.9980358523776366,0.002560698828246083,-0.1302411331508159,-0.010711959024178297,-0.9914244808201256
7.467,0.016178952530026436,Empty,0.5249,0.25813,0.02943,0.06271,-0.13255,0.00272,0.99731,0.03137,-0.06615,0.00343,0.9892810744746143,0.0621165379594531,-0.132153287504641,0.06302539424608111,-0.9980082673054663,0.002701494043490127,-0.13172226602392825,-0.011001549975926438,-0.9912256103085959
7.533,0.016178952530026436,Empty,0.52374,0.2584,0.02856,0.06366,-0.13478,0.00286,0.99722,0.03185,-0.06726,0.00357,0.9889231271407666,0.06304577348753299,-0.13437365460344491,0.0640068309742804,-0.997945419907445,0.0028398018210945147,-0.1339185356653707,-0.011409177494975855,-0.9909266655379352
7.6,0.016178952530026436,Empty,0.52272,0.25874,0.02796,0.06483,-0.13644,0.00311,0.99715,0.03244,-0.06808,0.00376,0.9886263733931477,0.06418656857610539,-0.13600727276854374,0.0652101964240715,-0.9978667972987041,0.003079794012676218,-0.1355194602772831,-0.011913826557889022,-0.9907030516874885
7.667,0.016178952530026436,Empty,0.52238,0.25934,0.02797,0.06667,-0.13654,0.0029,0.99711,0.03335,-0.06813,0.00372,0.988492964558364,0.06599534663882345,-0.13611125317415276,0.06700828970028366,-0.9977482944088572,0.0028688178156144467,-0.13561544207817794,-0.011956388511496732,-0.9906894047297077
7.734,0.016178952530026436,Empty,0.52221,0.25984,0.02802,0.068,-0.1364,0.00277,0.99709,0.03401,-0.06806,0.0037,0.9884217207552273,0.06730934943908168,-0.13598512204415264,0.06831805629596793,-0.9976597764716708,0.0027592742590141495,-0.13548116150674397,-0.012017565834356748,-0.9907070369126286
7.8,0.016178952530026436,Empty,0.52208,0.26011,0.02802,0.0685,-0.1364,0.00278,0.99709,0.03426,-0.06806,0.00372,0.9883873393021434,0.06780829631974539,-0.13598714077971802,0.06882185951866526,-0.9976251456669349,0.002760504558846147,-0.13547700601807774,-0.012087335655136046,-0.9907067563901729
7.867,0.016178952530026436,Empty,0.52211,0.26004,0.028,0.06838,-0.1364,0.00287,0.99709,0.0342,-0.06806,0.00376,0.9883970685369512,0.06769449345869116,-0.1359731240463814,0.06871692071731866,-0.9976321722667301,0.0028343721518270942,-0.1354592917251937,-0.012145139510790088,-0.9907084716865867
7.934,0.016178952530026436,Empty,0.52231,0.25961,0.02797,0.06773,-0.13627,0.00328,0.9971,0.03389,-0.06799,0.00394,0.9884573572908367,0.06704126962413232,-0.13585845937886787,0.06811377959062376,-0.9976722465926027,0.0032559804588706,-0.13532392932329088,-0.012472230997419786,-0.9907229065719899
8.0,0.016178952530026436,Empty,0.52287,0.25847,0.02792,0.06585,-0.13592,0.00432,0.99714,0.03299,-0.0678,0.00439,0.9886297659351577,0.06520470387909871,-0.13549735236909344,0.06639465999612387,-0.9977842738905033,0.00427690317875723,-0.134918253142391,-0.013224574429462965,-0.9907684772943502
8.067,0.016178952530026436,Empty,0.52382,0.25655,0.02784,0.06212,-0.13543,0.00579,0.99722,0.03118,-0.06754,0.00499,0.9889315723859773,0.06151706326023554,-0.13501850268031668,0.06286470577276349,-0.9980055723597302,0.005736401923768231,-0.13439633144659255,-0.01416080741918727,-0.9908264720055345
8.133,0.016178952530026436,Empty,0.52491,0.25424,0.02777,0.05798,-0.13514,0.00682,0.99729,0.02915,-0.06739,0.00536,0.9892178763283377,0.05741542530900945,-0.13472736206517066,0.05886147846163303,-0.9982431952601806,0.006771223674919211,-0.13410189970975323,-0.014628467224239373,-0.9908595704946815
8.2,0.01617862470448017,Empty,0.52592,0.25203,0.02768,0.05414,-0.13487,0.00791,0.99735,0.02727,-0.06725,0.00577,0.9894676533459033,0.05362846834211127,-0.13445352492750035,0.05518072216664871,-0.9984455845824479,0.007842354810958893,-0.13382395481870182,-0.015178999014856503,-0.9908888671821824
8.267,0.01617862470448017,Empty,0.5266,0.25042,0.02755,0.05171,-0.13453,0.00941,0.99739,0.02611,-0.06707,0.00643,0.9896394036117235,0.05122454363972728,-0.13412642151318893,0.05294877969377504,-0.9985537585954147,0.009317613638179921,-0.1334551518225206,-0.01632290794778903,-0.9909204232067053
8.333,0.01617862470448017,Empty,0.52688,0.24966,0.02747,0.0506,-0.13444,0.01019,0.9974,0.02558,-0.06702,0.00678,0.9897081173513163,0.050126830968937164,-0.13403411232191847,0.051943237027382905,-0.9985990925004786,0.010087248600951407,-0.13334070112321356,-0.01694559748819461,-0.9909253776898328
8.4,0.016178952530026436,Empty,0.5269,0.24959,0.02746,0.05051,-0.13449,0.01029,0.9974,0.02554,-0.06704,0.00683,0.9897074143582997,0.05003234536692097,-0.13407460006016964,0.05186390107830213,-0.9986020613859624,0.010200919598086729,-0.13337679606719213,-0.017049557554132892,-0.990918736757994
8.467,0.016178952530026436,Empty,0.52677,0.24987,0.02747,0.05103,-0.13449,0.01026,0.99739,0.0258,-0.06704,0.00683,0.9896804932065554,0.05054650841514696,-0.1340804678298342,0.05237902381961912,-0.9985754597157144,0.010172960102809221,-0.13337525718863122,-0.01709098419012344,-0.9909182302436864
8.533,0.016178952530026436,Empty,0.52658,0.2503,0.02748,0.05182,-0.13447,0.01021,0.99738,0.02619,-0.06703,0.00683,0.9896437126714774,0.05131811042923956,-0.13405884346728614,0.05315043808357783,-0.9985352066621485,0.010122844842436557,-0.1333429896970129,-0.017143296011930247,-0.9909216692052453
8.6,0.016178952530026436,Empty,0.5265,0.25055,0.0275,0.0522,-0.13441,0.01016,0.99738,0.02638,-0.067,0.00682,0.9896299177752079,0.05171589678501887,-0.13400780523520667,0.05354348300266948,-0.9985147657824018,0.01006766817382073,-0.13328811376930297,-0.017138510268882606,-0.9909291347990453
8.667,0.016178952530026436,Empty,0.5267,0.25053,0.02762,0.05205,-0.13407,0.01006,0.99739,0.0263,-0.06683,0.00676,0.9896843765915213,0.051558096168335066,-0.13366599212271058,0.0533653537995476,-0.9985252708259764,0.009971084984050693,-0.1329547808260421,-0.017001359986977306,-0.9909762762115407
8.733,0.016178952530026436,Empty,0.52711,0.25068,0.02791,0.05201,-0.13324,0.00976,0.99742,0.02627,-0.06642,0.0066,0.9897956958571172,0.05152812591698275,-0.13285079112375808,0.05328045939039766,-0.9985327962000625,0.009666827816446219,-0.13215775841725286,-0.016646535746761816,-0.9910889060713769
8.8,0.016178952530026436,Empty,0.52745,0.25081,0.02817,0.05199,-0.13255,0.0095,0.99745,0.02625,-0.06608,0.00646,0.9898891598889075,0.05151908791397675,-0.13215609980225987,0.0532253685166903,-0.9985381983278225,0.009408858936587966,-0.13147817796385602,-0.016347784581956088,-0.9911842606995768
