time,gr,gr_state,tx,ty,tz,rx,ry,rz,qw,qx,qy,qz,xx,xy,xz,yx,yy,yz,zx,zy,zz
0.0,0.016221964731812477,Empty,0.30789,0.00201,0.48469,0.0135,-0.00033,-0.00402,0.99998,0.00675,-0.00018,-0.00201,0.999908734452366,0.013505915659644097,-0.00033616671827037844,0.013504451969449105,-0.9999006879554087,-0.0040303850070907525,-0.00039056737284790156,0.004025477424495296,-0.999991821460872
0.067,0.016222292557358742,Empty,0.3079,0.00201,0.48469,0.01352,-0.00033,-0.00404,0.99998,0.00676,-0.00018,-0.00202,0.999908658221029,0.013511582583869253,-0.00033518755979602185,0.013510121561037036,-0.9999005986519462,-0.004033538258818392,-0.00038965372698991906,0.004028641403579692,-0.9999918090756617
0.133,0.016222292557358742,Empty,0.30789,0.00201,0.48469,0.0135,-0.00033,-0.00402,0.99998,0.00675,-0.00018,-0.00201,0.999908688033671,0.013509458978269273,-0.0003318326356012676,0.01350801215274866,-0.9999006340869996,-0.004031818460283555,-0.0003862673488453803,0.004026967907737683,-0.9999918171300232
0.2,0.016222292557358742,Empty,0.3079,0.00201,0.48469,0.0135,-0.00033,-0.00402,0.99998,0.00675,-0.00018,-0.00201,0.9999086952016463,0.013508971740111453,-0.0003300646400462941,0.013507533482989387,-0.99990065569871,-0.00402806063702563,-0.0003844468073183795,0.004023234496584434,-0.999991832859068
0.267,0.016221964731812477,Empty,0.30789,0.00201,0.48469,0.01352,-0.00033,-0.00402,0.99998,0.00676,-0.00018,-0.00201,0.9999086138833786,0.013514976753032482,-0.0003305830987685649,0.013513536493846456,-0.9999005759689259,-0.004027717522364103,-0.0003849847395468273,0.004022882098131428,-0.9999918340698463
0.333,0.016221964731812477,Empty,0.30789,0.00201,0.4847,0.01352,-0.00033,-0.00404,0.99998,0.00676,-0.00018,-0.00202,0.9999086351345936,0.013513457901170423,-0.00032838822731026565,0.013512022679890046,-0.9999005563539598,-0.004037653543784209,-0.00038291823237099776,0.0040328474549363984,-0.999991794723853
0.4,0.016221964731812477,Empty,0.3079,0.00201,0.48469,0.01352,-0.00033,-0.00402,0.99998,0.00676,-0.00018,-0.00201,0.9999084540569156,0.013526683698401654,-0.0003351620983319764,0.01352522349148233,-0.9999004031308849,-0.004031395316622828,-0.00038966012654748794,0.004026493116450808,-0.9999918177256097
0.467,0.016222292557358742,Empty,0.3079,0.00201,0.48469,0.01352,-0.00033,-0.00404,0.99998,0.00676,-0.00018,-0.00202,0.9999085996759602,0.013515752726337316,-0.00034164645580322256,0.013514264520729846,-0.9999005311667026,-0.004036387866587022,-0.00039616729294131395,0.00403140183885177,-0.9999917953916873
0.533,0.016222292557358742,Empty,0.3079,0.00201,0.48469,0.01348,-0.00033,-0.00404,0.99998,0.00674,-0.00018,-0.00202,0.9999089805324484,0.01348757952013041,-0.0003403663437737258,0.013486097131625685,-0.9999009158564874,-0.004035300919937984,-0.00039475906091136277,0.00403034341542437,-0.9999918002150009
0.6,0.016222292557358742,Empty,0.30791,0.002,0.48467,0.01344,-0.00039,-0.00404,0.99998,0.00672,-0.00021,-0.00202,0.9999095029534475,0.013447361141512681,-0.00039291439165230744,0.013445664716198513,-0.9999014369576302,-0.004041097673422006,-0.00044721776463706723,0.004035448970845406,-0.9999917575399684
0.666,0.016222292557358742,Empty,0.30803,0.00202,0.48443,0.01348,-0.00109,-0.00403,0.99998,0.00674,-0.00056,-0.00201,0.9999086290839312,0.013473868625447083,-0.001090113644411054,0.013469384052508138,-0.9999011962822539,-0.004021612433337422,-0.0011441926147194958,0.004006561815587861,-0.9999913191051604
0.733,0.016222292557358742,Empty,0.30905,0.00204,0.48296,0.01347,-0.00475,-0.00405,0.99997,0.00673,-0.00239,-0.00201,0.9998980002189131,0.013467785948684974,-0.0047547765309117794,0.013448562100139061,-0.9999013532817875,-0.004052145442612582,-0.004808880915265093,0.003987787217216251,-0.9999804859183268
0.8,0.016222292557358742,Empty,0.31148,0.0021,0.47941,0.01361,-0.01389,-0.00405,0.99995,0.00679,-0.00696,-0.00198,0.9998109250859564,0.013614264923862363,-0.013884014885717836,0.013559096824695638,-0.9998998289428604,-0.004059922824027938,-0.01393789697416624,0.0038709004923179967,-0.9998953701049507
0.867,0.016222292557358742,Empty,0.31486,0.0022,0.47367,0.01469,-0.02991,-0.00424,0.99986,0.00731,-0.01497,-0.00201,0.9994448631327726,0.01468467212303104,-0.029905283181283902,0.014564502014753955,-0.999884975102878,-0.00423223871951877,-0.029963992367105053,0.0037943336906290565,-0.9995437770269335
0.933,0.016222292557358742,Empty,0.31878,0.00233,0.46637,0.01784,-0.05063,-0.00459,0.99964,0.00886,-0.02533,-0.00207,0.9985599283667379,0.0178263350558428,-0.0505993205358764,0.01761698403413603,-0.9998343169898816,-0.004580441345299398,-0.05067258957026499,0.0036824377596315397,-0.9987085302120886
1.0,0.016222292557358742,Empty,0.32517,0.00249,0.45789,0.0215,-0.06768,-0.00505,0.99937,0.01066,-0.03386,-0.00216,0.9974791507637637,0.02146007994288268,-0.06763733259410579,0.021167739659031626,-0.9997632548170594,-0.005035982061792316,-0.0677293923590643,0.00359155766267478,-0.9976972637650298
1.067,0.016222292557358742,Empty,0.33485,0.00299,0.44841,0.02251,-0.07657,-0.00503,0.9992,0.01115,-0.0383,-0.00208,0.9968168358614146,0.022441726030273335,-0.07650205667836434,0.02212341322449385,-0.9997427146986915,-0.005005895942709261,-0.07659471476894336,0.0032974747418438323,-0.9970568571198893
1.133,0.016222292557358742,Empty,0.34608,0.00372,0.43768,0.02437,-0.08269,-0.00499,0.99907,0.01207,-0.04136,-0.00199,0.9962872663782847,0.02428728360254967,-0.08259425347864185,0.02395736307150481,-0.9997005607051463,-0.00498334029302263,-0.08269055331260589,0.0029860979597605562,-0.9965707980930554
1.2,0.016221964731812477,Empty,0.3569,0.00455,0.42593,0.0264,-0.09111,-0.00515,0.99887,0.01307,-0.04557,-0.00197,0.9955047972333686,0.026292852792486054,-0.09098837605641039,0.025934425014400353,-0.9996505368213884,-0.005119553875332951,-0.0910911866457045,0.002736809226571598,-0.9958387949817656
1.267,0.016221964731812477,Empty,0.36671,0.00493,0.41327,0.03024,-0.10341,-0.00575,0.99855,0.01495,-0.05172,-0.00209,0.9942036624520658,0.030068431231794646,-0.10322289964032885,0.029636512955715066,-0.999544399531147,-0.0057158084068896775,-0.10334773663087289,0.0026235108494869373,-0.9946418262490765
1.333,0.016221964731812477,Empty,0.3768,0.00531,0.40041,0.03437,-0.11313,-0.00629,0.99825,0.01698,-0.05658,-0.00217,0.9930214716997544,0.034140668171466215,-0.11288388512121494,0.03364960603294792,-0.9994141291663503,-0.006253194103219999,-0.11303123797022308,0.0024110577494063186,-0.9935885094159692
1.4,0.016222292557358742,Empty,0.38752,0.00646,0.38797,0.03677,-0.11593,-0.00634,0.99815,0.01817,-0.05798,-0.0021,0.9926173298505656,0.036512959813661705,-0.11566174927771025,0.03602489412040405,-0.9993309840856985,-0.006308030589884446,-0.11581469459419926,0.002094758209236572,-0.9932686285713935
1.466,0.016222292557358742,Empty,0.39795,0.00799,0.37578,0.03998,-0.11456,-0.0061,0.99816,0.01978,-0.0573,-0.0019,0.9926516557346181,0.039706175362216045,-0.11430708641823839,0.03926974843506453,-0.9992102201779884,-0.006068175154242378,-0.11445775301467559,0.0015347735861569582,-0.9934269310044251
1.534,0.016222292557358742,Empty,0.40917,0.00929,0.36416,0.04262,-0.10566,-0.00556,0.99838,0.02113,-0.05285,-0.00165,0.9935207517398847,0.04236151859766296,-0.10546097668955237,0.04201263272371042,-0.9991017835139815,-0.005528550515606141,-0.10560044769714311,0.0010620363839550031,-0.994408073943933
1.6,0.016221964731812477,Empty,0.42199,0.00969,0.35274,0.04643,-0.08783,-0.00548,0.99877,0.02307,-0.04395,-0.00172,0.9950713429970023,0.04623888019311262,-0.08772108244104855,0.04593641160286088,-0.9989294184047097,-0.005464717255301024,-0.0878798522711253,0.0014081917890707905,-0.9961300861637954
1.667,0.016221964731812477,Empty,0.4336,0.01103,0.34207,0.05423,-0.07017,-0.00541,0.99902,0.027,-0.03514,-0.00175,0.9960726009545395,0.05406532567732708,-0.07011643307430257,0.053819709525335435,-0.998536128429022,-0.005388792869332033,-0.07030513846275471,0.0015939828683492533,-0.9975242587147184
1.733,0.016221964731812477,Empty,0.44401,0.01258,0.3313,0.05679,-0.05547,-0.00494,0.99921,0.02831,-0.02779,-0.00168,0.9968523301947664,0.056668812689348536,-0.0554443635876901,0.056481762980189865,-0.9983914288522369,-0.004936116392334804,-0.055634901239366936,0.0017889837250641596,-0.9984495767445232
1.8,0.016221964731812477,Empty,0.45325,0.01426,0.32051,0.05896,-0.04363,-0.00455,0.99933,0.02942,-0.02187,-0.00163,0.9973122535059877,0.05887318945775677,-0.04361440782447101,0.05873023950835343,-0.9982635076381139,-0.004552832672180932,-0.04380671151889432,0.0019791111945822695,-0.9990380649128338
1.867,0.016221964731812477,Empty,0.46081,0.01575,0.30998,0.0614,-0.03589,-0.0043,0.99937,0.03065,-0.018,-0.0016,0.9974734816294575,0.061319248452507524,-0.03586925166808291,0.061204091823547524,-0.9981160066133841,-0.004300754143832589,-0.03606539324703609,0.0020945432367457254,-0.9993472370995807
1.933,0.016222292557358742,Empty,0.46738,0.01682,0.29931,0.06316,-0.03109,-0.00416,0.99938,0.03154,-0.0156,-0.00159,0.997523784610213,0.06309430959187584,-0.03107100310646315,0.06299521663990193,-0.9980051636092548,-0.004158856784735326,-0.031271421736293825,0.0021912339876503334,-0.999508527565524
2.0,0.016222292557358742,Empty,0.4736,0.0176,0.28905,0.06429,-0.02646,-0.00403,0.99939,0.03211,-0.01329,-0.00159,0.9975845831072097,0.06422418422805032,-0.02646230728897566,0.0641397332807126,-0.9979327951383583,-0.004028771775926709,-0.026666348859447433,0.002321755281014776,-0.9996416934536703
2.067,0.016221964731812477,Empty,0.47971,0.01836,0.27958,0.0653,-0.02068,-0.00388,0.99941,0.03262,-0.0104,-0.0016,0.9976554554503095,0.06523683317408568,-0.020682064878835518,0.06517028443290446,-0.9978666286946796,-0.0038762564993524325,-0.0208908170536766,0.0025193123924901794,-0.9997785889025123
2.133,0.016221964731812477,Empty,0.4865,0.01964,0.27075,0.06726,-0.01262,-0.00365,0.99941,0.03361,-0.00637,-0.00161,0.9976601844308132,0.06719244228531929,-0.012622682013302999,0.06715132658450906,-0.9977361118056522,-0.003653838649852005,-0.01283961601511194,0.0027976594990440705,-0.9999136549532224
2.2,0.016221964731812477,Empty,0.49397,0.02124,0.26263,0.06596,-0.00201,-0.00335,0.99945,0.03297,-0.00106,-0.00164,0.9978240872700024,0.06590162950882816,-0.0020164552729693,0.06589465530868893,-0.9978209649536431,-0.0033490746078796837,-0.0022327708202658464,0.0032089136886489914,-0.9999923587745073
2.267,0.016222292557358742,Empty,0.50248,0.02319,0.25549,0.06035,0.01158,-0.00311,0.99953,0.03018,0.00574,-0.00173,0.9981129568357223,0.0603021999277516,0.011583180932923128,0.06034189445748672,-0.9981729282370386,-0.003108232291323186,0.011374584385062026,0.003801318004161283,-0.999928081819637
2.333,0.016222292557358742,Empty,0.51088,0.02473,0.24853,0.05209,0.02395,-0.00316,0.99959,0.02606,0.01193,-0.00189,0.9983571241230931,0.05205091469638645,0.023953183336186082,0.05214124370419321,-0.9986347153160824,-0.003161656297996713,0.02375591331957976,0.004405410858956966,-0.9997080818606583
2.4,0.016222292557358742,Empty,0.51852,0.02552,0.24205,0.03711,0.03233,-0.00366,0.99969,0.01858,0.01613,-0.00213,0.9987887920746683,0.03708931827151729,0.03233158357054795,0.0372264989041049,-0.9993001835864435,-0.0036511454973769814,0.03217353890028121,0.004850314861371004,-0.9994705287502867
2.466,0.016222292557358742,Empty,0.52468,0.02562,0.23542,0.01264,0.03421,-0.00452,0.99983,0.00636,0.01709,-0.00237,0.999334886067178,0.012636966576576036,0.034206615805178725,0.012798866467726655,-0.9999078833414969,-0.004518168729509355,0.034146368858809846,0.004952969540539829,-0.9994045695245187
2.533,0.016222292557358742,Empty,0.52997,0.02558,0.22922,-0.02097,0.03213,-0.00554,0.99981,-0.01044,0.01609,-0.0026,0.9992640836715939,-0.02096278079107311,0.03212246730056602,-0.020795495720351664,-0.999768439642553,-0.005533032842818064,0.03223101676514949,0.004860958362327369,-0.999468625141422
2.6,0.016222292557358742,Empty,0.53445,0.02519,0.22299,-0.06556,0.02599,-0.00628,0.99937,-0.03273,0.01309,-0.00271,0.9975146325892129,-0.06549370156540696,0.025983318218989707,-0.06535203009777818,-0.9978426004777194,-0.006265527428830657,0.026337614404250545,0.004551892696860092,-0.9996427413533143
2.667,0.016221964731812477,Empty,0.53865,0.02548,0.21777,-0.12263,0.01937,-0.00696,0.99807,-0.06124,0.00988,-0.00288,0.992303982291802,-0.12230275968536941,0.019360829041505913,-0.12218887738449563,-0.9924824328316519,-0.0069641054043428656,0.020067012018442205,0.004544831560014532,-0.9997883073604846
2.733,0.016221964731812477,Empty,0.54211,0.02695,0.21347,-0.19678,0.01379,-0.00787,0.99513,-0.0982,0.00725,-0.00324,0.9806083003471331,-0.19549261371643023,0.013784022367418295,-0.19539866553576535,-0.9806922818354687,-0.00787463365393469,0.015057317063441567,0.005028551546932557,-0.9998739874965199
2.8,0.016221964731812477,Empty,0.54538,0.02856,0.20965,-0.28371,0.0091,-0.00789,0.98994,-0.14136,0.00506,-0.00326,0.9599821028435602,-0.2799137396214034,0.009091787020025,-0.2798477626978867,-0.960011994859679,-0.007886662064960595,0.010935809665666745,0.005026738177057716,-0.9999275673618844
2.867,0.016222292557358742,Empty,0.54803,0.03087,0.2066,-0.37626,0.00544,-0.00749,0.98235,-0.18701,0.00337,-0.00317,0.9300340319263867,-0.3674332557185483,0.005431579035268837,-0.3673906264901074,-0.9300366711805238,-0.007477822320438371,0.007799168286098835,0.004959118018108475,-0.9999572891491555
2.933,0.016222292557358742,Empty,0.55019,0.0338,0.20401,-0.46963,0.00245,-0.00671,0.97255,-0.23266,0.00197,-0.00298,0.8917309723364127,-0.4525592952969979,0.002440740920431289,-0.45253584628545585,-0.8917209609556617,-0.006710858292186771,0.005213521138560911,0.004879757432112676,-0.999974503257329
3.0,0.016222292557358742,Empty,0.55163,0.03652,0.20158,-0.55512,-0.00045,-0.0053,0.96172,-0.27401,0.00051,-0.00261,0.8498404697908174,-0.5270398205710721,-0.0004510411674379664,-0.5270345132752109,-0.8498273796484748,-0.005295905641962972,0.002407846025864132,0.0047383892008814096,-0.9999858748728888
3.067,0.016222292557358742,Empty,0.55273,0.03907,0.1994,-0.63137,-0.00286,-0.00359,0.95058,-0.31047,-0.0008,-0.00215,0.8072114343710833,-0.590255462096457,-0.0028617627218276197,-0.5902623671985391,-0.8072035061250129,-0.003582955297404209,-0.0001951659680170036,0.004581393323451628,-0.9999894863174617
3.133,0.016222292557358742,Empty,0.55313,0.04124,0.19715,-0.70009,-0.00538,-0.00121,0.93935,-0.34294,-0.00232,-0.00149,0.7647675343084487,-0.6442838581302769,-0.005378533307631763,-0.6442976493716324,-0.764773887655448,-0.001199906063676693,-0.0033402817194622776,0.004383025568893973,-0.9999848156871668
3.2,0.016222292557358742,Empty,0.55375,0.04297,0.19478,-0.76598,-0.00677,0.00064,0.92755,-0.37369,-0.00326,-0.00097,0.7206956154198008,-0.6932184984743279,-0.0067781478054503115,-0.6932311507643029,-0.7207150345463506,0.0006407720756651252,-0.005329308085922199,0.0042370215778075445,-0.9999768227931457
3.267,0.016222292557358742,Empty,0.55526,0.04451,0.19245,-0.8302,-0.00629,0.00054,0.91507,-0.40328,-0.00299,-0.00102,0.6747191533381875,-0.7380476901701069,-0.006298504042149735,-0.7380599345493087,-0.6747349427837148,0.0005385162268954167,-0.004647271421882372,0.004285326268437824,-0.9999800192239364
3.333,0.016222292557358742,Empty,0.55722,0.04623,0.18952,-0.89982,-0.00628,0.00099,0.90048,-0.43488,-0.00304,-0.00092,0.6217478045781085,-0.7831923835163613,-0.006273587830188538,-0.7832035228193185,-0.621764625770439,0.000995983913170127,-0.004680742004374778,0.004294245277911431,-0.9999798248523725
3.4,0.016222292557358742,Empty,0.5587,0.0479,0.18596,-0.97621,-0.00775,0.00421,0.88322,-0.46894,-0.00441,4e-05,0.5601454364270437,-0.8283580457076395,-0.007748429607145271,-0.8283573184719062,-0.5601843006047181,0.004207408945588015,-0.007825789671923754,0.004061707451689735,-0.9999611290188172
3.466,0.016222292557358742,Empty,0.56032,0.04912,0.18203,-1.05397,-0.00938,0.00902,0.86432,-0.5029,-0.00632,0.00154,0.49411030144128815,-0.8693486249638587,-0.00937967393076275,-0.8693097251411285,-0.49418548209572816,0.00901726460010909,-0.012474445264414874,0.0036983184369290194,-0.9999153517453786
3.533,0.016222292557358742,Empty,0.56302,0.05012,0.17825,-1.12941,-0.00988,0.01289,0.84474,-0.53512,-0.00762,0.0028,0.42718321558176287,-0.9041110311130551,-0.009886543628248123,-0.9040258072176007,-0.4272837942237607,0.012880181610227477,-0.015869474149782795,0.0034354931865849757,-0.9998681698987995
3.6,0.016221964731812477,Empty,0.56661,0.05076,0.17428,-1.20246,-0.00968,0.01598,0.82463,-0.5656,-0.00851,0.00385,0.3600443883841788,-0.9328849855976424,-0.009676881705872928,-0.932753830179636,-0.3601595425872411,0.015981119127530967,-0.018393767375979066,0.003272236213381646,-0.9998254656648239
3.667,0.016221964731812477,Empty,0.57187,0.0513,0.17067,-1.26753,-0.00855,0.01609,0.80579,-0.59213,-0.00821,0.00395,0.298624616647765,-0.9543322485841446,-0.008561404341908597,-0.9542024927394719,-0.29872837869221247,0.016092191078293277,-0.01791483133478022,0.0033637889726218025,-0.9998338580694266
3.733,0.016221964731812477,Empty,0.57771,0.05179,0.16715,-1.32515,-0.00765,0.01624,0.7884,-0.6151,-0.00801,0.00405,0.24317164255716106,-0.9699532178073653,-0.007635936169859,-0.9698234193788353,-0.24326694804482119,0.01623968020936547,-0.017609300962743366,0.0034564800152967643,-0.9998389696673695
3.8,0.016221964731812477,Empty,0.58283,0.05222,0.16299,-1.37517,-0.00701,0.01781,0.77277,-0.63462,-0.00836,0.00466,0.1943781337263808,-0.9809016117777873,-0.007012071076948865,-0.9807457771091391,-0.19447460059456345,0.01781433148270441,-0.01883777618615902,0.0034143425903155325,-0.9998167234313677
3.866,0.016221964731812477,Empty,0.58637,0.05255,0.15811,-1.41822,-0.00653,0.02163,0.75892,-0.65109,-0.00952,0.00608,0.15199213513190069,-0.988360084895096,-0.006537082239355164,-0.988128540608985,-0.1520995674348558,0.02162657670753967,-0.022369132571546164,0.0031724079636421248,-0.9997447462906262
3.933,0.016221964731812477,Empty,0.58875,0.05277,0.15295,-1.45539,-0.0055,0.02687,0.74666,-0.66506,-0.01099,0.0082,0.1151503668579591,-0.9933328374223518,-0.00550155531980453,-0.9929722623604864,-0.11525736910613099,0.02686680199485112,-0.02732177145016259,0.0023691697264004124,-0.999623883187888
4.0,0.016222292557358742,Empty,0.5897,0.05315,0.14781,-1.48082,-0.00422,0.03339,0.73811,-0.67447,-0.01282,0.0109,0.08986041949422208,-0.9959453890021843,-0.004229318338723509,-0.9953862405918538,-0.08995176277086958,0.03339030420390733,-0.033635354149149234,0.0012093385386453654,-0.9994334397305106
4.066,0.016222292557358742,Empty,0.58974,0.05387,0.14255,-1.4959,-0.00355,0.04078,0.73295,-0.67997,-0.01517,0.01374,0.0748180895980084,-0.9971908561050652,-0.003556679540151677,-0.9963573271946022,-0.07490095341687836,0.04076669869968205,-0.04091857786546876,0.0004936372043854369,-0.9991623623354605
4.133,0.016221964731812477,Empty,0.5889,0.05493,0.13719,-1.49987,-0.00298,0.04878,0.73154,-0.68136,-0.01771,0.01683,0.07086254945639714,-0.9974816491211838,-0.0029763654048413357,-0.9962896173937773,-0.07092333958976116,0.04875323758271051,-0.048841553598349886,-0.0004894567589508431,-0.9988064192195507
4.2,0.016221964731812477,Empty,0.58782,0.05584,0.13243,-1.50107,-0.002,0.05619,0.73105,-0.68174,-0.01989,0.01986,0.06966703395716656,-0.9975682907858876,-0.002002398095692113,-0.9959889448065122,-0.06966943484979143,0.056144382362989895,-0.056147361494748395,-0.0019170462261755995,-0.998420652195729
4.267,0.016221964731812477,Empty,0.5879,0.05684,0.12935,-1.50439,-0.00129,0.06007,0.72987,-0.68292,-0.02099,0.02149,0.06635104277385856,-0.9977955044813975,-0.0012924238989338067,-0.9959910261534682,-0.06630882011604344,0.060041787086825435,-0.05999512434009159,-0.002696592577892496,-0.9981950277595485
4.333,0.016222292557358742,Empty,0.58926,0.05728,0.12799,-1.5115,-0.00016,0.06035,0.72743,-0.68552,-0.02075,0.0219,0.059268761031523065,-0.9982420474616138,-0.00016924961879923386,-0.9964241816345003,-0.05917105453506355,0.06031282251084749,-0.06021681010984151,-0.003406021851628106,-0.9981795103063082
4.4,0.016222292557358742,Empty,0.58981,0.05679,0.12638,-1.52065,0.00203,0.06187,0.72425,-0.68885,-0.02058,0.02311,0.05013425096384916,-0.9987404161401987,0.0020342193580394977,-0.9968376665232784,-0.049912796232200074,0.06183348100105669,-0.06165406297008307,-0.0051277617325399556,-0.9980844065402962
4.466,0.016221964731812477,Empty,0.58914,0.05597,0.12415,-1.52439,0.00509,0.06547,0.72288,-0.6902,-0.02076,0.02543,0.04639289958513182,-0.9989102999078148,0.005090344405176698,-0.9967988063017815,-0.04596146442097482,0.06541929030203993,-0.06511404321209818,-0.008109039792658217,-0.9978448801543325
4.533,0.016221964731812477,Empty,0.5883,0.0555,0.12169,-1.52414,0.00796,0.06947,0.72287,-0.6901,-0.0211,0.02787,0.04664690530894927,-0.9988797079376037,0.007962116275538219,-0.9965277144709457,-0.045983783925604815,0.06941185710811093,-0.06896796732115161,-0.011172317860254362,-0.997556313596991
4.6,0.016221964731812477,Empty,0.58756,0.05515,0.11919,-1.52237,0.01017,0.07343,0.72339,-0.68944,-0.02164,0.03008,0.04840534440967531,-0.9987760570318074,0.010164178893403299,-0.9961720514419241,-0.04753256974400277,0.07336142541908225,-0.07278850567616303,-0.013676356003259666,-0.997253624073587
4.667,0.016221964731812477,Empty,0.5868,0.0548,0.11689,-1.52198,0.01122,0.07722,0.72346,-0.68927,-0.02256,0.03182,0.048804273582654656,-0.9987453742981343,0.011216960290084142,-0.9958743597172411,-0.04779768483782032,0.07713391589903676,-0.07650099697288067,-0.014935147880899353,-0.9969576414371532
4.733,0.016221964731812477,Empty,0.58601,0.05461,0.11462,-1.52336,0.01157,0.08097,0.72291,-0.68973,-0.02375,0.03328,0.047422414384984624,-0.9988078510401521,0.01157546173816934,-0.9956468632838873,-0.04633507827902361,0.08087264156581414,-0.08023987940453739,-0.015360248091413314,-0.9966572251941566
4.8,0.016221964731812477,Empty,0.58532,0.05455,0.11233,-1.52709,0.01207,0.08455,0.72155,-0.69104,-0.02487,0.0347,0.04368524191688394,-0.9989724860395354,0.012065312870118382,-0.995521095126122,-0.04251445787838609,0.08444092627508333,-0.0838412118086948,-0.01570009577351232,-0.9963554376803252
4.867,0.016222292557358742,Empty,0.58476,0.05449,0.11009,-1.52985,0.01247,0.08776,0.72054,-0.692,-0.02588,0.03596,0.04093826393712757,-0.9990837939205387,0.012475226296816432,-0.9953611200963745,-0.039691388301320796,0.08764036909555278,-0.08706491340548733,-0.016005199781835965,-0.9960740607171932
4.933,0.016222292557358742,Empty,0.58453,0.0543,0.10833,-1.53161,0.01285,0.09005,0.71988,-0.69261,-0.02657,0.03689,0.039172903580892204,-0.9991498055129122,0.012851060989339635,-0.9952286572636413,-0.037862566536868814,0.08992411142986254,-0.08936108429429053,-0.016312332719473088,-0.9958657060141182
5.0,0.016222292557358742,Empty,0.58432,0.05418,0.10663,-1.53421,0.01329,0.09242,0.71893,-0.69352,-0.02728,0.03786,0.036580988954350135,-0.9992423945446584,0.013284133083458695,-0.9951102483664074,-0.035202872898359994,0.09228407953622743,-0.09174652496562778,-0.01659501986619011,-0.9956441033182349
5.066,0.016222292557358742,Empty,0.58417,0.05416,0.10512,-1.53576,0.01355,0.09448,0.71835,-0.69405,-0.02793,0.03867,0.035034727311857805,-0.9992941375808906,0.013557082232087313,-0.9949743802489399,-0.03360363455839621,0.09432273529061883,-0.09380058917950444,-0.016793520802070385,-0.9954493593993861
5.133,0.016222292557358742,Empty,0.5842,0.05417,0.10392,-1.53625,0.01369,0.09595,0.71815,-0.69421,-0.0284,0.03924,0.03454549717161587,-0.9993093578266222,0.013689995811154203,-0.9948513404037829,-0.03307905361767194,0.09579450249651947,-0.0952754906676547,-0.016928779397898792,-0.995306986465048
5.2,0.016222292557358742,Empty,0.58417,0.05415,0.10272,-1.53659,0.01382,0.09748,0.71799,-0.69431,-0.02889,0.03983,0.03419414982730118,-0.9993195713021024,0.013825864536084823,-0.9947165431081867,-0.0326902561745579,0.09731570283433569,-0.09679751538385167,-0.017080443900082783,-0.9951575249435082
5.267,0.016221964731812477,Empty,0.58378,0.05398,0.10099,-1.5376,0.01416,0.10009,0.71758,-0.69464,-0.0297,0.04087,0.03319107991897052,-0.9993487392918112,0.014158018564736793,-0.994493740685181,-0.03161433134590241,0.09991363166028724,-0.09940096554766752,-0.017396302176566496,-0.9948953797856199
5.333,0.016221964731812477,Empty,0.58312,0.05377,0.09883,-1.53804,0.01449,0.10352,0.71735,-0.69475,-0.03078,0.04221,0.03274159746234745,-0.9993586808231361,0.014498788192623291,-0.9941620693045955,-0.031072277551824234,0.10332615120939556,-0.10280937579626723,-0.01779720852221911,-0.9945418501084801
5.4,0.016221964731812477,Empty,0.58266,0.05365,0.09692,-1.53812,0.01472,0.1064,0.71726,-0.69474,-0.0317,0.04332,0.03267404905297788,-0.9993575879656532,0.014724737483400842,-0.9938643532500464,-0.030929775254759317,0.10619320289715639,-0.10566955028460244,-0.018104153616271414,-0.9942364838228821
5.467,0.016221964731812477,Empty,0.58255,0.05357,0.09557,-1.53831,0.01487,0.10822,0.71715,-0.69478,-0.03228,0.04402,0.03249011565931381,-0.99936138975866,0.014872963527282033,-0.9936783421098314,-0.030698257111019422,0.10798596868205937,-0.10746043367817465,-0.01828741835211273,-0.9940411588680389
5.533,0.016221964731812477,Empty,0.58257,0.05346,0.09444,-1.53848,0.01501,0.10959,0.71705,-0.69482,-0.03271,0.04456,0.032306602622028724,-0.9993652165343485,0.015014906202735566,-0.993535520899913,-0.03047515296755776,0.10935462386996908,-0.10882762579952196,-0.01845071903364671,-0.9938893896354768
5.6,0.016221964731812477,Empty,0.5828,0.05326,0.09365,-1.53961,0.01531,0.11031,0.71664,-0.69522,-0.03288,0.0449,0.031177762595478664,-0.9993965936170723,0.015309989749586882,-0.9934916075471124,-0.029307352201853487,0.11007045398457711,-0.10955534150827284,-0.018642096810954602,-0.9938058660389849
5.667,0.016221964731812477,Empty,0.58341,0.05309,0.09325,-1.54148,0.01562,0.11008,0.71598,-0.6959,-0.03273,0.0449,0.02929082875895056,-0.9994487462008038,0.01562853378456692,-0.9935710726826836,-0.027400923738375604,0.10984403901197828,-0.10935525080578054,-0.01874548201368108,-0.9938259586191538
5.733,0.016221964731812477,Empty,0.58463,0.05299,0.09332,-1.54481,0.01598,0.10855,0.71485,-0.69712,-0.03214,0.04442,0.025970008423337965,-0.9995350614391838,0.01597559439455569,-0.9938239447858681,-0.02409031075449669,0.10832185235679594,-0.10788663231720358,-0.018690047659633897,-0.9939875032844895
5.8,0.016221964731812477,Empty,0.58577,0.05285,0.09335,-1.55035,0.01655,0.10712,0.71294,-0.69913,-0.03156,0.04402,0.020448396402042934,-0.9996538533781345,0.016554048170532742,-0.9940972854564851,-0.01856462285487903,0.1068921972189901,-0.1065478771850117,-0.01864210837066176,-0.9941327988065097
5.867,0.016221964731812477,Empty,0.58643,0.0527,0.09292,-1.55377,0.01696,0.10683,0.71174,-0.70036,-0.03139,0.04401,0.01703015811507752,-0.9997111228511024,0.016960087333614142,-0.9941848634881711,-0.015127226740699218,0.10661906125145912,-0.10633170235438906,-0.018677201581710087,-0.994155285262566
5.933,0.016221964731812477,Empty,0.58698,0.05262,0.09211,-1.55482,0.01712,0.10718,0.71136,-0.70073,-0.03148,0.04417,0.01596238832851188,-0.9997261351056356,0.01711306359476477,-0.9941646345794175,-0.014042751382548124,0.10695550703531626,-0.10668590117922544,-0.018720467952394258,-0.9941165236375561
6.0,0.016221964731812477,Empty,0.58784,0.05262,0.09132,-1.55496,0.01717,0.10714,0.71132,-0.70078,-0.03145,0.04417,0.01584617297360036,-0.9997271419818514,0.017162178966840462,-0.9941695636568115,-0.013922508785132404,0.10692540599667101,-0.10665728995486319,-0.018756474453559543,-0.9941189150024041
6.067,0.016221964731812477,Empty,0.58854,0.05263,0.09075,-1.55545,0.01725,0.10699,0.71114,-0.70096,-0.03138,0.04414,0.015347009775810327,-0.9997336222119444,0.01723815274111977,-0.9941932239707988,-0.013420960426678397,0.10676943023063548,-0.1065096366602109,-0.018776646138502176,-0.9941343645897668
6.133,0.016221964731812477,Empty,0.58847,0.05264,0.08996,-1.55709,0.01747,0.108,0.71053,-0.70153,-0.03169,0.04455,0.013689487137772516,-0.9997534800015773,0.017480765619409123,-0.9941062485959506,-0.011727724444909549,0.1077739624484074,-0.10754238440908397,-0.01885310860522012,-0.9940217280580583
6.2,0.016221964731812477,Empty,0.5882,0.05261,0.08944,-1.56178,0.01805,0.10885,0.70886,-0.70319,-0.03189,0.04498,0.009014747422637748,-0.9997964575355038,0.01804931656222048,-0.9940576125651022,-0.007001909612909862,0.10862981249703971,-0.10848132203414287,-0.018921330852501965,-0.9939184000754262
6.267,0.016221964731812477,Empty,0.58823,0.05259,0.08948,-1.56692,0.01856,0.10869,0.70704,-0.70502,-0.03177,0.04502,0.003872699624319409,-0.9998202562409639,0.018559563784548996,-0.9940984648299138,-0.001837093812203261,0.10846597304746405,-0.10841238130595522,-0.01887008999920534,-0.9939268963475101
6.333,0.016221964731812477,Empty,0.58823,0.05258,0.08949,-1.56869,0.01875,0.10866,0.70642,-0.70565,-0.03173,0.04505,0.0021046975379109267,-0.999821938644261,0.01875263325256151,-0.9941054684864237,-5.919173999574534e-05,0.10841731421561163,-0.1083968992806651,-0.01887028091918827,-0.9939285812996668
6.4,0.016222292557358742,Empty,0.5882,0.05256,0.08945,-1.56875,0.01875,0.10875,0.70639,-0.70567,-0.03176,0.04508,0.0020355178586479172,-0.9998219628924275,0.018758976117596936,-0.9940957995097882,1.1962907319196248e-05,0.10850595031556477,-0.1084868566419089,-0.01886908516124442,-0.9939187892182819
6.467,0.016222292557358742,Empty,0.588,0.05259,0.08931,-1.56874,0.01877,0.10916,0.70639,-0.70566,-0.0319,0.04523,0.0020546188611694216,-0.9998217694297037,0.018767203195772478,-0.9940516462090796,1.5336467423243683e-06,0.10890970878056208,-0.10889032652331535,-0.018879337173322932,-0.9938744726662124
6.533,0.016222292557358742,Empty,0.58794,0.05252,0.08926,-1.56886,0.01879,0.10928,0.70634,-0.7057,-0.03194,0.04528,0.0019472139363158614,-0.9998214391949116,0.01879622526204657,-0.9940367214750123,0.00011406735990876493,0.10904578555747083,-0.10902845829000202,-0.018896473608924602,-0.9938590033641856
6.6,0.016221964731812477,Empty,0.58795,0.05234,0.08925,-1.56914,0.0188,0.10931,0.70624,-0.7058,-0.03195,0.04529,0.0016574060677431723,-0.9998219026111783,0.01879936339586196,-0.9940346298329807,0.00040288962247447824,0.10906416630938284,-0.10905231633457024,-0.018867981845315858,-0.9938569271093046
6.667,0.016221964731812477,Empty,0.58791,0.05221,0.08922,-1.56935,0.01882,0.10942,0.70616,-0.70587,-0.03199,0.04533,0.001445559065784363,-0.9998220831595086,0.01880724290182509,-0.9940218870369826,0.0006165529610670517,0.1091792469010596,-0.10917141773570409,-0.018852636129388402,-0.9938441425397391
6.733,0.016221964731812477,Empty,0.58759,0.05224,0.08897,-1.56926,0.01884,0.1101,0.70618,-0.70583,-0.03222,0.04558,0.001527783188575882,-0.999821416158543,0.01883617979458358,-0.9939483220594518,0.0005506643409050049,0.10984730239738955,-0.10983805785668573,-0.01889001216274965,-0.9937699776541663
6.8,0.016221964731812477,Empty,0.58706,0.05236,0.08858,-1.569,0.01882,0.11121,0.70624,-0.70572,-0.03261,0.04597,0.001785814304198441,-0.9998214320030072,0.018812628065399024,-0.9938247438344381,0.0003127321013552953,0.11096071710766009,-0.11094678638736824,-0.01889461050376274,-0.9936467200591098
6.867,0.016221964731812477,Empty,0.58658,0.05242,0.08822,-1.56885,0.01883,0.11221,0.70627,-0.70565,-0.03296,0.04633,0.0019328087897877433,-0.9998208641156497,0.018828274727573487,-0.9937116143457121,0.00018757353298554102,0.11196960449429247,-0.1119530784061818,-0.018926291110637244,-0.9935332423931141
6.933,0.016221964731812477,Empty,0.58648,0.0524,0.08815,-1.56886,0.01886,0.11247,0.70626,-0.70565,-0.03304,0.04643,0.0019230943036243064,-0.9998203377394177,0.0188571989154261,-0.9936855900072665,0.00020486899424770888,0.1122002951894765,-0.11218400028618103,-0.01895389857870342,-0.9935066682254622
7.0,0.016222292557358742,Empty,0.58653,0.05236,0.08819,-1.56894,0.01886,0.11233,0.70624,-0.70568,-0.03299,0.04638,0.0018418072703317856,-0.9998204392298458,0.0188599322431797,-0.9936993771404362,0.0002836307806890481,0.11207795244511541,-0.11206317689896265,-0.01894752891061583,-0.9935204253217411
7.066,0.016222292557358742,Empty,0.58678,0.05237,0.08838,-1.569,0.01882,0.11183,0.70623,-0.70571,-0.03283,0.04619,0.001788487158585983,-0.9998211966078274,0.018824880540808796,-0.9937567283150179,0.00032299441890260017,0.111568188132806,-0.11155431969366057,-0.0189068899689374,-0.9935784635696305
7.133,0.016221964731812477,Empty,0.58688,0.05237,0.08846,-1.56908,0.0188,0.1116,0.70621,-0.70574,-0.03276,0.0461,0.00172076315664349,-0.9998217359932319,0.01880253200074937,-0.9937807633090747,0.0003837386517591135,0.1113537032230161,-0.1113410681239906,-0.01887720795370999,-0.9936029476450245
7.2,0.016221964731812477,Empty,0.58686,0.05237,0.08844,-1.56905,0.0188,0.11166,0.70622,-0.70573,-0.03278,0.04612,0.0017365486741070524,-0.999821686141157,0.018803731559344214,-0.9937748511161428,0.0003691854139824535,0.11140650336142005,-0.11139358010132593,-0.018880138346514412,-0.9935970061791782
7.267,0.016221964731812477,Empty,0.58693,0.05246,0.08851,-1.56891,0.01875,0.11145,0.70628,-0.70568,-0.03272,0.04603,0.0018881531421773845,-0.9998223881778955,0.018751719280150722,-0.9937974935397822,0.00020887564356897315,0.11120475801426938,-0.11118892351200449,-0.018845383233445107,-0.9936205889669487
7.333,0.016221964731812477,Empty,0.58719,0.05258,0.08871,-1.56877,0.01863,0.11088,0.70634,-0.70564,-0.03256,0.04579,0.002015117929278998,-0.9998244443910522,0.01862846472082033,-0.9938597310737882,5.8455573595295185e-05,0.11064732953344412,-0.11062899371172007,-0.018737048355321757,-0.9936851356286165
7.4,0.016221964731812477,Empty,0.58766,0.0526,0.08908,-1.56884,0.01853,0.10988,0.70634,-0.70568,-0.03224,0.0454,0.001955353264144477,-0.999826241601667,0.018538155202112064,-0.9939714071282448,8.896546858655485e-05,0.10963956355550888,-0.10962216201621584,-0.018640780290282776,-0.9937985222896337
7.467,0.016221964731812477,Empty,0.58771,0.05257,0.08912,-1.56889,0.01855,0.10978,0.70633,-0.7057,-0.0322,0.04537,0.0019116635468030552,-0.999826143618799,0.0185479939304811,-0.9939814764767266,0.00013176401186948405,0.10954819514438285,-0.10953159344970036,-0.018645781683976553,-0.9938084145657868
7.533,0.016221964731812477,Empty,0.58754,0.05255,0.089,-1.56888,0.01858,0.11018,0.70632,-0.70569,-0.03233,0.04552,0.0019247239314254538,-0.9998256182200848,0.01857494518466022,-0.9939402020815471,0.00012875810018098122,0.10992205469078856,-0.10990527796189259,-0.018673954379749683,-0.9937666291961822
7.6,0.016221964731812477,Empty,0.58739,0.05263,0.08888,-1.56867,0.01857,0.11049,0.70638,-0.70561,-0.03244,0.04563,0.002117134683048083,-0.9998256183771694,0.01855399087648968,-0.9939046036575182,-5.8782753790509457e-05,0.11024352757862722,-0.110223212478704,-0.018674297344180947,-0.9937314094108004
7.667,0.016221964731812477,Empty,0.58735,0.05275,0.08886,-1.56848,0.01847,0.11055,0.70645,-0.70554,-0.03249,0.04562,0.002311223924296002,-0.9998269060172502,0.01846120927631572,-0.9938981739044248,-0.0002608730966828232,0.11030118700484368,-0.11027727850025064,-0.018603492930081462,-0.9937267390471983
7.733,0.016221964731812477,Empty,0.58734,0.05283,0.08886,-1.56837,0.01841,0.11055,0.70649,-0.7055,-0.03251,0.0456,0.0024294309709956274,-0.9998276592751975,0.018405151817803757,-0.9938966838291037,-0.00038431906559455165,0.11031425190049644,-0.11028816681161911,-0.018560820217195628,-0.9937263286308746
7.8,0.016221964731812477,Empty,0.58734,0.05288,0.08886,-1.56829,0.01837,0.11055,0.70652,-0.70547,-0.03252,0.04559,0.0025043732436971777,-0.999828213452735,0.01836495844177663,-0.9938981413081016,-0.000463501645098785,0.11030081536654979,-0.11027335498186756,-0.018529132471244287,-0.9937285637591917
7.867,0.016221964731812477,Empty,0.58734,0.05288,0.08886,-1.56829,0.01836,0.11056,0.70652,-0.70547,-0.03253,0.04559,0.0025093600194895926,-0.9998282917644398,0.018360013608231904,-0.9938968236029444,-0.0004687833981898426,0.11031266597314869,-0.1102851175103443,-0.018524773400164885,-0.9937273396793518
7.933,0.016221964731812477,Empty,0.58734,0.05288,0.08886,-1.56829,0.01836,0.11056,0.70653,-0.70547,-0.03253,0.04559,0.00251294233803262,-0.9998283035576812,0.01835888138681556,-0.9938963494654645,-0.00047239003065241425,0.11031692239580751,-0.1102893088201637,-0.01852404525551537,-0.9937268880871355
8.0,0.016221964731812477,Empty,0.58734,0.0529,0.08886,-1.56826,0.01836,0.11056,0.70654,-0.70546,-0.03253,0.04559,0.0025410712954418435,-0.999828388414118,0.018350386314700845,-0.9938966922765291,-0.0005013492718801138,0.11031370599650187,-0.11028557493365407,-0.018518703251979202,-0.9937274020532083
8.067,0.016221964731812477,Empty,0.58734,0.05289,0.08886,-1.56826,0.01836,0.11056,0.70653,-0.70546,-0.03253,0.04559,0.0025289209463023044,-0.9998283297289885,0.01835526164857993,-0.9938970344117868,-0.0004887895495392369,0.11031067977413492,-0.11028277084976962,-0.018522207107057632,-0.9937276479486623
8.133,0.016221964731812477,Empty,0.58734,0.0529,0.08886,-1.56826,0.01836,0.11056,0.70654,-0.70546,-0.03253,0.04559,0.002549788855310542,-0.9998283602810256,0.018350709919473532,-0.9938964575813378,-0.0005099407377862075,0.11031578113629782,-0.11028748879206984,-0.018519987532373668,-0.9937271657138793
8.2,0.016222292557358742,Empty,0.58734,0.05289,0.08886,-1.56826,0.01836,0.11056,0.70654,-0.70546,-0.03253,0.04559,0.0025437909722237917,-0.9998283623881853,0.018351427509849402,-0.9938966022167213,-0.0005039230419021101,0.11031450568091335,-0.11028632385543574,-0.018520038491522228,-0.9937272940524108
8.267,0.016222292557358742,Empty,0.58734,0.0529,0.08886,-1.56823,0.01834,0.11055,0.70654,-0.70545,-0.03253,0.04558,0.0025538357030732706,-0.9998284416632668,0.01834571242565223,-0.9938967914588452,-0.0005145713742543134,0.11031275150277617,-0.11028438625215338,-0.018515465360174486,-0.9937275943091655
8.333,0.016222292557358742,Empty,0.58734,0.05289,0.08886,-1.56826,0.01836,0.11056,0.70654,-0.70546,-0.03253,0.04559,0.0025457294569740108,-0.9998283791436354,0.018350245789699578,-0.9938963153388576,-0.0005059324022167466,0.11031708112639063,-0.11028886443052255,-0.018519079118975632,-0.9937270299691013
8.4,0.016222292557358742,Empty,0.58734,0.0529,0.08886,-1.56823,0.01836,0.11056,0.70654,-0.70545,-0.03253,0.04559,0.0025648366964616254,-0.9998283747104035,0.018347826483628343,-0.9938965015412199,-0.0005252261337156949,0.11031531335962627,-0.11028674370405794,-0.018518781316849992,-0.9937272708855756
8.466,0.016222292557358742,Empty,0.58734,0.0529,0.08886,-1.56823,0.01836,0.11056,0.70654,-0.70545,-0.03253,0.04559,0.0025583581073229666,-0.9998283989971057,0.018347407519278006,-0.9938965280330212,-0.000518836087668173,0.11031510491777827,-0.11028665543800382,-0.018517650174843952,-0.9937273017605488
8.533,0.016222292557358742,Empty,0.58734,0.0529,0.08886,-1.56823,0.01836,0.11056,0.70654,-0.70545,-0.03253,0.04559,0.002565930405928507,-0.9998283851606121,0.01834710408415058,-0.9938963013074229,-0.0005263595354234041,0.11031711196846938,-0.11028852274183505,-0.018518184920833698,-0.9937270845552422
8.6,0.016222292557358742,Empty,0.58734,0.0529,0.08886,-1.56823,0.01836,0.11056,0.70654,-0.70545,-0.03253,0.04559,0.002563989468603034,-0.9998283656108911,0.018348440747349024,-0.9938963634790543,-0.0005242929001672003,0.11031656167623405,-0.11028800760334923,-0.01851929903665148,-0.9937271209653455
8.667,0.016222292557358742,Empty,0.58734,0.0529,0.08886,-1.56823,0.01836,0.11056,0.70654,-0.70545,-0.03253,0.04559,0.0025652642036551043,-0.9998284041615744,0.018346161758927858,-0.9938959854662611,-0.0005257481711134493,0.11031996040114354,-0.11029138449405179,-0.018517176366278743,-0.993726785734291
8.733,0.016222292557358742,Empty,0.58734,0.0529,0.08886,-1.56823,0.01836,0.11056,0.70655,-0.70545,-0.03253,0.04559,0.002572602085764708,-0.9998283909248209,0.018345855640764172,-0.993896389536403,-0.0005331447872052864,0.1103162844875512,-0.11028757221469129,-0.018517679587878054,-0.9937271994655626
