time,gr,gr_state,tx,ty,tz,rx,ry,rz,qw,qx,qy,qz,xx,xy,xz,yx,yy,yz,zx,zy,zz
0.0,0.016347059980034828,Empty,0.30831,0.0002,0.48612,0.01424,0.00437,0.00761,0.99997,0.00711,0.00221,0.00379,0.9998891728797713,0.014233274714023969,0.004365300530513993,0.014199802133312234,-0.99987025380159,0.00760533905347464,0.004472983029406636,-0.007542509771863239,-0.9999615507454074
0.067,0.016347059980034828,Empty,0.30832,0.0002,0.48612,0.01424,0.00437,0.00761,0.99997,0.00711,0.00221,0.00379,0.9998891009155707,0.014237637002180226,0.004367557995645077,0.014204146172728749,-0.9998701901638152,0.007605593552122106,0.00447527672383834,-0.0075427126665726235,-0.9999615389523109
0.133,0.016347059980034828,Empty,0.30831,0.0002,0.48612,0.01424,0.00437,0.00761,0.99997,0.00711,0.00221,0.00379,0.9998890522569801,0.014242216917169204,0.0043637637335956275,0.014208729341695703,-0.999870082028312,0.007611246625282054,0.004471597827709797,-0.007548398636845642,-0.9999615125047996
0.2,0.016347059980034828,Empty,0.30831,0.0002,0.48612,0.01424,0.00439,0.00761,0.99997,0.00711,0.00222,0.00379,0.999889039885917,0.014238832316673444,0.004377621531949013,0.014205246734540988,-0.9998701425998588,0.007609789914884858,0.0044854075879612754,-0.007546760337755976,-0.9999614630210377
0.266,0.016347059980034828,Empty,0.30832,0.00019,0.48612,0.01424,0.00435,0.00761,0.99997,0.00711,0.0022,0.00379,0.999889190886619,0.014235588641483277,0.004353615064831964,0.014202165593031835,-0.9998701544496705,0.00761398274624468,0.004461439293586979,-0.007551308285488209,-0.9999615359115605
0.333,0.016347059980034828,Empty,0.30831,0.0002,0.48612,0.01424,0.00439,0.00761,0.99997,0.00711,0.00222,0.00379,0.9998890560857903,0.01423766695832801,0.004377711668336075,0.014204077041958918,-0.9998701529797267,0.0076106094160499,0.00448550055773606,-0.007547583711447234,-0.9999614563896274
0.4,0.016347059980034828,Empty,0.30831,0.00021,0.48612,0.01426,0.00435,0.00763,0.99996,0.00712,0.0022,0.0038,0.9998888165473505,0.014261275017596164,0.004355522748334578,0.014227752404245952,-0.9998696460660146,0.007632950762663248,0.0044638105988315715,-0.007570132805589185,-0.9999613829964852
0.466,0.016347059980034828,Empty,0.30832,0.0002,0.48611,0.01426,0.00435,0.00761,0.99997,0.00712,0.0022,0.00379,0.9998889769802862,0.014251630638824675,0.0043502571706648015,0.014218205120369587,-0.9998698794697848,0.007620155656743463,0.004458290756725429,-0.007557456795272892,-0.9999615035041678
0.533,0.016347059980034828,Empty,0.30831,0.00021,0.48612,0.01426,0.00435,0.00763,0.99996,0.00712,0.0022,0.0038,0.9998887766512419,0.014264609035911868,0.004353763422099409,0.014231091027753218,-0.9998695837539184,0.00763488912330733,0.0044621043289941,-0.00757208114179844,-0.9999613758601573
0.6,0.016347059980034828,Empty,0.30836,0.00025,0.48611,0.01436,0.00445,0.00767,0.99996,0.00717,0.00225,0.00382,0.9998868890253043,0.014365456090823792,0.004454528774333947,0.01433098235661795,-0.9998678367747399,0.00767671336553344,0.00456421953821866,-0.007612007271730178,-0.9999606118469376
0.666,0.016347059980034828,Empty,0.31012,0.00152,0.48567,0.01751,0.00741,0.00859,0.99995,0.00874,0.00374,0.00426,0.9998191329838005,0.01751514550202471,0.007410870229922685,0.01745142240439046,-0.9998109181997404,0.008577628148604455,0.00755970737432322,-0.008446746511828645,-0.9999357495848316
0.733,0.016347059980034828,Empty,0.31464,0.0054,0.48386,0.02781,0.01195,0.01217,0.99987,0.01387,0.00606,0.006,0.9995419667099912,0.027801792586629792,0.011954794623603904,0.027656209602719584,-0.9995433424385979,0.012175411988350482,0.012287833655000914,-0.011839210938472396,-0.9998544105160617
0.8,0.016347059980034828,Empty,0.32193,0.01214,0.48018,0.0456,0.01676,0.01863,0.99966,0.02272,0.00859,0.00912,0.9988202142779533,0.04557403142786437,0.01676863766547166,0.04526049050133052,-0.9988015743103101,0.018625336368100043,0.01759737336430662,-0.017844405696406305,-0.9996859054903294
0.867,0.016347059980034828,Empty,0.33245,0.02125,0.47409,0.06741,0.02194,0.02762,0.99928,0.03354,0.01143,0.01343,0.9974885106764062,0.06734079686343564,0.021951950855520916,0.06672641876706703,-0.9973891633327874,0.027612350585278295,0.023754075588995668,-0.026078227396044474,-0.9993776413092265
0.933,0.016347059980034828,Empty,0.34362,0.03157,0.4656,0.09073,0.02179,0.03699,0.99875,0.04514,0.01172,0.01798,0.9956500881541899,0.09058609862003048,0.021795887120196505,0.08974313826840408,-0.9952787794826924,0.03696376935839641,0.025041387587199506,-0.03484694890868822,-0.9990788853035892
1.0,0.016347059980034828,Empty,0.35645,0.04329,0.45538,0.10277,0.0237,0.04663,0.99835,0.05107,0.01303,0.02267,0.99444371216232,0.10256721580765144,0.023699569242738326,0.10138568093390066,-0.9937552744448888,0.04659826407209556,0.028331026144387733,-0.043936553738659616,-0.9986325311160137
1.067,0.016347059980034828,Empty,0.37043,0.05551,0.44444,0.10614,0.02972,0.05412,0.99814,0.05262,0.01627,0.02623,0.9939335489687477,0.10589013783796697,0.029721691456686017,0.10418315689174296,-0.9930873207454158,0.054068874546841006,0.035241595515250905,-0.05064436872296777,-0.9980947739880175
1.133,0.016347059980034828,Empty,0.38524,0.06868,0.43298,0.10106,0.04055,0.059,0.99811,0.04988,0.02173,0.02843,0.9940802600296561,0.10080192973778124,0.040538963732567886,0.09833097294898752,-0.9934079886575207,0.058920181859226366,0.046210998455741455,-0.054585153957447244,-0.9974392235064576
1.2,0.016347059980034828,Empty,0.40145,0.08339,0.4208,0.09006,0.05697,0.06008,0.99817,0.04412,0.02979,0.02871,0.9943328020804156,0.08978559858608032,0.05692824425052832,0.08636531635630895,-0.9944588300527766,0.05993886435975551,0.06199444198944967,-0.054682553128047554,-0.996577396666117
1.266,0.016347059980034828,Empty,0.41786,0.09909,0.4073,0.08036,0.07383,0.05712,0.99815,0.03907,0.03801,0.02703,0.9940579384731358,0.08004701093438177,0.07376510692062085,0.07593811227799802,-0.9954864769702261,0.05692167665363742,0.07798857648523784,-0.050981861577212594,-0.995649853978761
1.333,0.016347059980034828,Empty,0.43143,0.11452,0.39299,0.08076,0.07987,0.05317,0.99808,0.03926,0.04095,0.02493,0.9935622164913273,0.0804204825731496,0.07979140269191282,0.07633706575678478,-0.9956737972190982,0.05297491786634795,0.08370647736277967,-0.04654283525961604,-0.9954029285337224
1.4,0.016347059980034828,Empty,0.44429,0.13029,0.37794,0.08484,0.08263,0.04695,0.99801,0.04139,0.04225,0.02168,0.9930038179344365,0.08445291740948274,0.08252952386061455,0.08079005098948377,-0.9956335608985222,0.046763020364869734,0.08611843721729535,-0.03976829331962463,-0.9954908827396136
1.466,0.016347059980034828,Empty,0.45736,0.14595,0.36304,0.09055,0.08461,0.03798,0.99794,0.04441,0.0431,0.01704,0.9923415743680705,0.09010057192490045,0.08449903383770184,0.08716295145655267,-0.9954751332522892,0.037840176660788115,0.08752610852815207,-0.03018519529741121,-0.9957047927527393
1.533,0.016347059980034828,Empty,0.47025,0.16083,0.34877,0.09545,0.08621,0.02693,0.99787,0.04708,0.04368,0.01138,0.9917504600617819,0.0949593907192981,0.08610307242754736,0.09297142392825086,-0.9953074741019579,0.02682063253418692,0.08824590245443273,-0.018594249406741488,-0.9959251551140792
1.6,0.016347059980034828,Empty,0.48407,0.17448,0.33482,0.09648,0.08783,0.01342,0.99787,0.04788,0.04417,0.00458,0.9915125213054024,0.09595749846329987,0.0877215970173248,0.09514899012239275,-0.9953733624371937,0.013361849765783244,0.08859791065986208,-0.00490181998245377,-0.9960554113037922
1.666,0.016347059980034828,Empty,0.49887,0.18581,0.32194,0.09248,0.09029,-0.00141,0.99791,0.04621,0.04505,-0.00279,0.9916708807253833,0.09197277186322816,0.0901658114649729,0.09247509295155754,-0.9957140130200763,-0.001400520994226731,0.08965055217310818,0.009726947684095266,-0.9959257828692899
1.733,0.016347059980034828,Empty,0.51312,0.19477,0.3096,0.08433,0.08857,-0.0153,0.99809,0.04245,0.04391,-0.0095,0.9925411000506427,0.08389348331340124,0.08845364982748724,0.08556237056966332,-0.9962162384294486,-0.01524096558551919,0.0868403446144661,0.02269558871286394,-0.9959636864867198
1.8,0.016347059980034828,Empty,0.52627,0.20156,0.29729,0.07556,0.08072,-0.02697,0.99836,0.03828,0.03981,-0.01499,0.9938999085607483,0.07523810133243897,0.08063621934853715,0.07762462680392274,-0.9966203006953813,-0.02687737999506506,0.07834149013445883,0.03297278195325708,-0.9963811552682916
1.867,0.016347059980034828,Empty,0.53829,0.20627,0.28551,0.06293,0.06765,-0.03617,0.99875,0.03205,0.03323,-0.01913,0.9957365772533995,0.06274974529119326,0.06761019291183018,0.06529337005100277,-0.9972132238909136,-0.03609102276845838,0.06515707595547347,0.04035164882605106,-0.9970588246888703
1.933,0.016347059980034828,Empty,0.54979,0.21004,0.27417,0.04661,0.05336,-0.04421,0.99911,0.02388,0.02615,-0.02271,0.9974922411614568,0.04652408930546609,0.053336084754987696,0.0488990218278213,-0.9978286858921965,-0.04412254837307132,0.05116751398081066,0.046619982035054415,-0.997601354644266
2.0,0.016347059980034828,Empty,0.5612,0.21391,0.26371,0.02901,0.04166,-0.05224,0.99933,0.01504,0.02044,-0.02641,0.9987123779570535,0.028977301231858987,0.04164015044023846,0.03113584495311844,-0.9981532202271891,-0.052160407486404596,0.040051782412558495,0.05338974586388786,-0.9977702088969015
2.067,0.016347059980034828,Empty,0.57288,0.21814,0.25367,0.01138,0.03202,-0.06064,0.99939,0.00617,0.01583,-0.0304,0.9994228228324126,0.011374953976332425,0.032009867599358116,0.013299437842249073,-0.9980756135609536,-0.060565621998012596,0.03125933708145903,0.060956378148330874,-0.9976508275986471
2.133,0.016347059980034828,Empty,0.58494,0.2219,0.24335,0.00023,0.02414,-0.0688,0.99934,0.00053,0.01206,-0.03439,0.9997084367297903,0.0002208540871331821,0.02414524290105003,0.0018803226173427778,-0.9976336958076713,-0.068727529971482,0.024072929155655884,0.06875289239441817,-0.9973432377417859
2.2,0.016347059980034828,Empty,0.59676,0.22547,0.23185,-0.00448,0.01566,-0.07658,0.99923,-0.00194,0.00791,-0.03826,0.9998672412937565,-0.0044850486044298865,0.01566474151172716,-0.003274057225649385,-0.9970646556870428,-0.07649413656589701,0.015961840022268938,0.07643269404315689,-0.9969469709791032
2.267,0.016347059980034828,Empty,0.60698,0.22866,0.21984,-0.00788,0.00652,-0.08335,0.99912,-0.0038,0.00342,-0.04165,0.9999476684402019,-0.007885334235126273,0.006517812900392654,-0.007315513484763392,-0.9965017078112692,-0.08325160413876728,0.0071514784106802304,0.08319956630430304,-0.9965072445914872
2.333,0.016347059980034828,Empty,0.61515,0.23113,0.20788,-0.01095,-0.00307,-0.08861,0.999,-0.00554,-0.00129,-0.0443,0.9999352478113567,-0.01095759239623556,-0.003071050849224828,-0.011186404141509176,-0.996014064939547,-0.08849207198943107,-0.0020891497848138287,0.08852069595003073,-0.9960721469058851
2.4,0.016347059980034828,Empty,0.62225,0.23311,0.19669,-0.01446,-0.01163,-0.09309,0.99887,-0.00749,-0.00547,-0.04657,0.9998280310701715,-0.014456473000825087,-0.011615449828610368,-0.015474534759143288,-0.9955498974763867,-0.09295665876495554,-0.010219934458332679,0.09312041678994314,-0.9956024010198724
2.466,0.016347059980034828,Empty,0.62874,0.2348,0.18744,-0.01712,-0.01741,-0.09718,0.99874,-0.00897,-0.00828,-0.04864,0.9997022037649892,-0.017103788600840553,-0.017405866910940274,-0.01871429947167874,-0.9951069791813864,-0.09701481835152673,-0.015661378697545282,0.09731166630981691,-0.99513072549153
2.534,0.016347059980034828,Empty,0.634,0.23647,0.17976,-0.0193,-0.02194,-0.10112,0.99861,-0.01019,-0.01047,-0.05064,0.9995732415107033,-0.019293459466549756,-0.021933929825669773,-0.02141333292931924,-0.9946635095695965,-0.10092557606251959,-0.019869676108153652,0.10135218375795316,-0.9946521657438097
2.6,0.016347059980034828,Empty,0.63819,0.238,0.17291,-0.02098,-0.02615,-0.10453,0.99849,-0.01116,-0.01251,-0.05237,0.9994380040334441,-0.02097551574636569,-0.02614773093060673,-0.023595578247073423,-0.9942665159950987,-0.1042945054073046,-0.023810182293120992,0.10485286314708839,-0.9942026716464939
2.666,0.016347059980034828,Empty,0.6418,0.23939,0.16688,-0.02233,-0.0296,-0.10736,0.99838,-0.01194,-0.01418,-0.05381,0.9993129360576396,-0.02231897596918675,-0.029589172674247897,-0.025369785054496774,-0.9939246199447063,-0.10709913106118091,-0.027019064272254867,0.10777621806065668,-0.9938079577998928
2.733,0.016347059980034828,Empty,0.6452,0.24,0.1607,-0.02334,-0.03274,-0.10841,0.99832,-0.01254,-0.01571,-0.05436,0.9991919984759265,-0.023330835175971287,-0.032726477226790646,-0.026746097657654566,-0.9937764518132646,-0.1081342225270321,-0.029999940696127714,0.10892215546632444,-0.9935974877216622
2.8,0.016347059980034828,Empty,0.64906,0.2405,0.1536,-0.02472,-0.03551,-0.10958,0.99825,-0.01331,-0.01705,-0.05497,0.9990646147175157,-0.024689480990654766,-0.03550105840329214,-0.028438087934043232,-0.9936029118288106,-0.10929102781090945,-0.03257561624892898,0.11019838081261202,-0.9933756319199104
2.866,0.016347059980034828,Empty,0.65285,0.24146,0.14576,-0.02767,-0.03924,-0.11115,0.99815,-0.0149,-0.01882,-0.0558,0.9988470689927935,-0.027652437130090246,-0.039241247244092746,-0.0318536886743902,-0.9933290992499311,-0.11082708649583378,-0.03591483373678121,0.11194928898428252,-0.9930646914544757
2.933,0.016347059980034828,Empty,0.65579,0.24233,0.13697,-0.02976,-0.04523,-0.11241,0.99804,-0.01612,-0.02174,-0.05649,0.998534875017443,-0.029719175670367415,-0.04522028274318734,-0.03463236157952615,-0.9930972474294932,-0.11206452016311413,-0.041577673159099646,0.11346641681765535,-0.9926714810798369
3.0,0.016347059980034828,Empty,0.65885,0.2438,0.12915,-0.03137,-0.04906,-0.114,0.99793,-0.01705,-0.02359,-0.05733,0.9983058757118859,-0.03133079404827427,-0.049028153783605484,-0.036739554877384506,-0.9928444487603325,-0.11362264595230687,-0.04511744259746882,0.11523142761458892,-0.992313526292657
3.066,0.016347059980034828,Empty,0.66286,0.24638,0.12344,-0.03088,-0.04843,-0.11669,0.99787,-0.01682,-0.02327,-0.05866,0.9983511198027066,-0.03083974157414049,-0.048414377289415854,-0.03629979026492397,-0.9925522938370488,-0.11628529238702331,-0.044467592867212934,0.11785098361258253,-0.9920351701659283
3.133,0.016347059980034828,Empty,0.66665,0.24936,0.11915,-0.03179,-0.04613,-0.11694,0.99788,-0.01721,-0.02209,-0.05878,0.9984319588946524,-0.03175307647659825,-0.04610168751855973,-0.03694623660605911,-0.992496543592376,-0.11655722439143976,-0.042054715055944894,0.11807774172746803,-0.992113424891582
3.2,0.016347059980034828,Empty,0.6704,0.25163,0.11612,-0.03702,-0.04045,-0.11003,0.99809,-0.01959,-0.01917,-0.05534,0.9984972819006515,-0.03699235055925898,-0.04043196800938392,-0.0412357809748381,-0.9931060038518869,-0.10972727774227783,-0.03609416025351069,0.111229632353239,-0.9931390539507332
3.266,0.016347059980034828,Empty,0.67267,0.25295,0.11262,-0.04032,-0.0344,-0.09391,0.99853,-0.02094,-0.01623,-0.04727,0.9985959795592148,-0.0402900160309238,-0.034391630034068504,-0.043358591877240726,-0.994654296521511,-0.09371692974975632,-0.03043192597577761,0.09507652191538035,-0.9950046999194925
3.333,0.016347059980034828,Empty,0.6725,0.25376,0.10736,-0.04003,-0.03041,-0.07019,0.99906,-0.02053,-0.01449,-0.03538,0.9987376079287966,-0.03998649389275527,-0.030401822557702213,-0.04203679740388255,-0.9966541828534167,-0.07009527419743528,-0.027497239364894545,0.07128478173462652,-0.9970769186579119
3.4,0.016347059980034828,Empty,0.67178,0.25449,0.10138,-0.03715,-0.02439,-0.04294,0.99952,-0.01883,-0.01179,-0.02169,0.9990129279344633,-0.03712915078543921,-0.024384338862542917,-0.03815188145086196,-0.998350231687982,-0.04290977546330913,-0.022750906829631393,0.043797728828152256,-0.9987813350217981
3.466,0.016347059980034828,Empty,0.67127,0.25555,0.09645,-0.03417,-0.01783,-0.01922,0.99977,-0.01717,-0.00875,-0.00976,0.9992570410402866,-0.03416295616389631,-0.017839797015501466,-0.03450485769624073,-0.9992196513651372,-0.019222463970458237,-0.017169179560269348,0.019823742125973286,-0.9996560601133522
3.533,0.016347059980034828,Empty,0.67028,0.25705,0.09255,-0.03464,-0.0155,-0.00567,0.99982,-0.01734,-0.0077,-0.00297,0.9992801741483726,-0.034623216493858744,-0.0155037554681853,-0.03471463388480245,-0.9993812004074771,-0.005666609776066437,-0.015297965493556004,0.006200737998776147,-0.999863752268292
3.6,0.016347059980034828,Empty,0.66863,0.25845,0.08861,-0.03637,-0.01868,-0.00094,0.99979,-0.01819,-0.00933,-0.00064,0.9991644438078318,-0.03635429699745946,-0.018675634393694483,-0.03637825618765006,-0.9993376456695322,-0.0009446821804308878,-0.01862892124982403,0.0016232798578260353,-0.9998251488413217
3.666,0.016347059980034828,Empty,0.66724,0.2587,0.08469,-0.03703,-0.02382,0.00036,0.99976,-0.01851,-0.01191,-4e-05,0.9990306225046246,-0.0370159936393295,-0.023825018634097937,-0.03701783083495014,-0.9993145388973045,0.0003640724414183012,-0.023822164013729007,0.0005182309916496597,-0.9997160776632246
3.733,0.016347059980034828,Empty,0.66647,0.25782,0.08011,-0.03818,-0.02907,0.00214,0.99971,-0.01907,-0.01455,0.00079,0.998849291732661,-0.038158527604713,-0.029052008126835147,-0.03811284715099972,-0.9992711826914433,0.002124693975199314,-0.02911190971416824,-0.0010149943271088406,-0.9995756432103127
3.8,0.016347059980034828,Empty,0.66648,0.25625,0.07513,-0.04048,-0.0336,0.00436,0.99965,-0.0202,-0.01684,0.00184,0.9986166491641684,-0.040453160865690174,-0.03359062053762198,-0.04032942336797968,-0.9991769541835207,0.004353371032775168,-0.03373908153661236,-0.0029926584364634067,-0.9994261945599325
3.866,0.016347059980034828,Empty,0.66634,0.25391,0.06971,-0.0434,-0.03864,0.00772,0.99957,-0.02162,-0.0194,0.00344,0.9983121275077009,-0.04335547574442283,-0.038641930516252136,-0.04308815373878139,-0.9990414121699428,0.007724492013684248,-0.03893978785806659,-0.006046444613249752,-0.9992232650559673
3.933,0.016347059980034828,Empty,0.66642,0.25172,0.06465,-0.04627,-0.04303,0.01074,0.99949,-0.02301,-0.02163,0.00487,0.9980053241972575,-0.046214476893749024,-0.04300691804075649,-0.045792995753886956,-0.9988932689646537,0.010734931624939471,-0.04345543019936269,-0.008744103301354934,-0.9990171000756912
4.0,0.016347059980034828,Empty,0.66646,0.25079,0.0604,-0.04798,-0.04667,0.01205,0.99943,-0.02384,-0.02347,0.00546,0.9977623472917547,-0.047899483295931966,-0.046646948740836955,-0.04738709398311275,-0.9988041607616056,0.012029620490292419,-0.04716737909491238,-0.009792239033415563,-0.9988390012429579
4.066,0.016347059980034828,Empty,0.6654,0.2507,0.05629,-0.04818,-0.05155,0.01299,0.99936,-0.02391,-0.02592,0.00587,0.9975129163798131,-0.04808689896335655,-0.051532822584520604,-0.04747868556037771,-0.9987881327236416,0.012963037756631823,-0.05209372393003344,-0.010484086918230084,-0.9985871658741629
4.133,0.016347059980034828,Empty,0.66425,0.25049,0.05301,-0.04828,-0.05589,0.01404,0.9993,-0.02393,-0.0281,0.00634,0.9972761999835491,-0.048176147148181414,-0.05585015481024591,-0.047463594703152534,-0.9987746276143518,0.014016076900044982,-0.05645695815598411,-0.011327050797532191,-0.9983407783898262
4.2,0.016347059980034828,Empty,0.66421,0.25014,0.05132,-0.04894,-0.05739,0.01441,0.99927,-0.02425,-0.02886,0.0065,0.9971574531560483,-0.048841399948658826,-0.05737186824915029,-0.048090989234310155,-0.9987393085697869,0.014389241536971867,-0.05800233072737824,-0.011589269545531983,-0.9982491765394013
4.266,0.016347059980034828,Empty,0.66573,0.25024,0.0515,-0.04989,-0.05517,0.01329,0.99929,-0.02475,-0.02774,0.00595,0.9972349965633902,-0.04980352021344969,-0.05515406606555627,-0.04914372162066155,-0.9987037462033823,0.013256015411929827,-0.055742768629537955,-0.010508886414786861,-0.9983898572460734
4.333,0.016347059980034828,Empty,0.66732,0.2506,0.05237,-0.05063,-0.05227,0.01171,0.99932,-0.02515,-0.02627,0.00519,0.9973544330051867,-0.05053552957180146,-0.05225222689799554,-0.049990144067518505,-0.9986812580320361,0.011693175430917538,-0.05277424050624298,-0.009050144001453566,-0.9985654582612709
4.4,0.016347059980034828,Empty,0.66891,0.25085,0.05271,-0.05158,-0.04984,0.01025,0.99935,-0.02565,-0.02504,0.00448,0.9974298178711208,-0.051493981667908084,-0.04982096219030107,-0.051044743414917104,-0.998643780459926,0.010248605681375426,-0.05028113554095151,-0.007679166666518956,-0.9987055811439224
4.466,0.016347059980034828,Empty,0.67001,0.25085,0.05177,-0.05267,-0.04985,0.00978,0.99933,-0.0262,-0.02504,0.00423,0.997373563545531,-0.05257194450432101,-0.04982133470234337,-0.052148531807911735,-0.9985916289948513,0.009761615219226877,-0.05026435487268835,-0.007137867499722878,-0.9987104412575194
4.533,0.016347059980034828,Empty,0.67085,0.25084,0.04935,-0.05382,-0.05072,0.00919,0.99931,-0.02678,-0.02547,0.00391,0.9972687354550387,-0.05372090308153593,-0.05068662403447493,-0.05332252348369754,-0.9985351413758671,0.009180409947709783,-0.05110555520917942,-0.00645259711912382,-0.9986724118634599
4.6,0.016347059980034828,Empty,0.67212,0.25075,0.04633,-0.05552,-0.0514,0.00831,0.99928,-0.02764,-0.0258,0.00344,0.9971410784947862,-0.05540752870887511,-0.05137777088031414,-0.05505286695049044,-0.998448994672499,0.008293785505300948,-0.051757621842453784,-0.005441580639073471,-0.9986448506758356
4.666,0.016347059980034828,Empty,0.6744,0.25075,0.04313,-0.05785,-0.05066,0.00663,0.99926,-0.02883,-0.02541,0.00258,0.997046235121301,-0.057741801834394424,-0.05064276208262235,-0.05747921891337471,-0.9983247053522731,0.006627373265903999,-0.050940597008161684,-0.0036968911553881194,-0.9986948425681577
4.733,0.016347059980034828,Empty,0.6776,0.25098,0.04075,-0.06042,-0.04796,0.00407,0.99926,-0.03015,-0.02403,0.00131,0.9970263167945961,-0.06032312247809102,-0.04795460888689212,-0.06019711155421642,-0.9981782164688562,0.004068897588122927,-0.04811269457773866,-0.0011700690349975397,-0.998841228403655
4.8,0.016347059980034828,Empty,0.67952,0.25071,0.03891,-0.06223,-0.05054,0.00472,0.9992,-0.03104,-0.02533,0.00157,0.99678991374415,-0.06210976241008814,-0.050519751298796725,-0.06195059042530038,-0.9980680946210799,0.004711989537763597,-0.05071481247019033,-0.0015671352238109662,-0.9987119464006148
4.867,0.016347059980034828,Empty,0.67931,0.24958,0.03864,-0.06189,-0.06048,0.01024,0.99906,-0.03077,-0.03038,0.00418,0.9962604499225792,-0.06174084019419518,-0.06044157982858435,-0.06123254341456896,-0.9980711228967845,0.010227867154732513,-0.06095647256069853,-0.006488627872423253,-0.9981193346295272
4.933,0.016347059980034828,Empty,0.67865,0.24827,0.04048,-0.06006,-0.07174,0.01713,0.99888,-0.0297,-0.0361,0.00748,0.9956297528197335,-0.05987525195073323,-0.0716683298532374,-0.05879540715168946,-0.9981238399486776,0.01708508776604158,-0.07255684253041393,-0.012796653075804774,-0.9972821818683388
5.0,0.016347059980034828,Empty,0.67804,0.24737,0.04321,-0.05919,-0.08318,0.02375,0.99864,-0.02907,-0.04191,0.01063,0.9947969447219012,-0.058954093421582754,-0.08308702450328712,-0.05717268265163172,-0.9980838853948679,0.02366098209076574,-0.08432273199076483,-0.01878756460861863,-0.9962613634411859
5.066,0.016347059980034828,Empty,0.67721,0.24675,0.04562,-0.05641,-0.09425,0.0296,0.9984,-0.02747,-0.0475,0.01345,0.9939784824005716,-0.056121625846314416,-0.0941123777035884,-0.05356630474416152,-0.9981295218424902,0.029463683112226413,-0.09558989235642132,-0.02424501472155409,-0.9951254954730282
5.133,0.016347059980034828,Empty,0.67699,0.24692,0.04702,-0.05123,-0.09865,0.03166,0.99835,-0.0248,-0.04969,0.01454,0.9938320790483772,-0.050958826022053205,-0.0984936378901427,-0.04806935060616285,-0.998347433798054,0.03149188722737416,-0.09993566023538461,-0.026563122544120573,-0.9946392634186647
5.2,0.016347059980034828,Empty,0.67672,0.24801,0.04719,-0.0385,-0.09927,0.02999,0.99849,-0.01848,-0.04989,0.01402,0.9943386489581152,-0.03829588861988131,-0.0991164774543755,-0.035497885912542826,-0.9989241189897158,0.029841323636200366,-0.10015263992471775,-0.02615395601881274,-0.9946282819730574
5.266,0.016347059980034828,Empty,0.67575,0.24986,0.04601,-0.01757,-0.10098,0.02712,0.9986,-0.00809,-0.05058,0.0131,0.9947523532861572,-0.01748208724088296,-0.10080740179845137,-0.014831110058297958,-0.9995257507495426,0.02698725186086992,-0.10123138745513131,-0.025350546626562716,-0.9945398714881387
5.333,0.016347059980034828,Empty,0.67507,0.25281,0.04408,0.00885,-0.09993,0.02213,0.99868,0.00497,-0.04989,0.01127,0.994973258618682,0.008811836290224695,-0.0997525246543441,0.011060589054165904,-0.9996965048269625,0.022012760084313104,-0.09952827740645455,-0.023005429314597477,-0.9947687531374089
5.4,0.016347059980034828,Empty,0.675,0.25598,0.04223,0.02573,-0.0956,0.01685,0.99873,0.01325,-0.04767,0.00903,0.9951048399042686,0.025607063370489624,-0.09544965114990933,0.02732965046153729,-0.9994855702182522,0.016783477921603354,-0.09497077342398476,-0.019309925712816606,-0.9952927604299228
5.466,0.016347059980034828,Empty,0.67467,0.25763,0.04079,0.02892,-0.09399,0.0152,0.99876,0.0148,-0.04686,0.00827,0.9951708358431195,0.028794930354765325,-0.09383954109633345,0.03034451086436546,-0.9994250127964315,0.015127936318444134,-0.09334997668831338,-0.017902396004912318,-0.9954723934241343
5.533,0.016347059980034828,Empty,0.67454,0.25746,0.04038,0.02608,-0.09463,0.01547,0.99876,0.01339,-0.04719,0.00834,0.99518818187186,0.025967094080076747,-0.09447853029984243,0.027541094188229087,-0.9995021320123917,0.015394032402140982,-0.09403175417643171,-0.017922001219716606,-0.9954078717183137
5.6,0.016347059980034828,Empty,0.67506,0.25617,0.04045,0.01854,-0.09447,0.01612,0.99881,0.00964,-0.04714,0.00849,0.9953698405691491,0.018447714585388852,-0.09433219128125056,0.0200481074010892,-0.9996702459911153,0.016045954932529576,-0.09400507366616342,-0.017862841505158353,-0.9954114551372114
5.667,0.016347059980034828,Empty,0.6753,0.25417,0.04023,0.00599,-0.09632,0.01783,0.9988,0.00342,-0.04811,0.00905,0.995347802862946,0.005959572515270961,-0.09616254380652157,0.007701874280724386,-0.9998126620851361,0.017757304603950065,-0.09603870297161386,-0.01841532594522221,-0.9952072363592726
5.733,0.016347059980034828,Empty,0.67552,0.25201,0.03999,-0.00534,-0.09825,0.02015,0.99874,-0.00217,-0.04913,0.00993,0.9951628722135178,-0.00530768334545928,-0.09809529175880971,-0.003357123086718705,-0.9997935685416611,0.02003871321495722,-0.09818140094907109,-0.01961246542979788,-0.9949752578368182
5.8,0.016347059980034828,Empty,0.67575,0.25086,0.03995,-0.01111,-0.09893,0.02094,0.99871,-0.00503,-0.0495,0.01018,0.995049237100686,-0.011060580118407826,-0.0987657800697582,-0.009045688276014097,-0.9997422086948684,0.02082526536491356,-0.09897065862646742,-0.01982875995492816,-0.9948927726190865
5.866,0.016347059980034828,Empty,0.67579,0.25079,0.03998,-0.01155,-0.09889,0.02092,0.99871,-0.00525,-0.04948,0.01016,0.9950491739808305,-0.011490456204284016,-0.09871732763950175,-0.00948029902747366,-0.9997385459684612,0.020807778238358644,-0.09893060846076404,-0.019768892763239464,-0.9948979473234922
5.933,0.016347059980034828,Empty,0.67572,0.25105,0.04002,-0.01118,-0.09881,0.02084,0.99871,-0.00507,-0.04944,0.01013,0.9950592112058397,-0.011129500951825633,-0.09865749035412952,-0.009126969631517434,-0.9997435335726143,0.020725962102836178,-0.0988628576349946,-0.019723115583146347,-0.9949055905421059
6.0,0.016347059980034828,Empty,0.6757,0.25118,0.04005,-0.011,-0.09875,0.02077,0.99871,-0.00498,-0.04941,0.0101,0.9950668633109874,-0.010949529674312064,-0.09860043275941696,-0.008952435766652056,-0.999746184873371,0.020674131783068858,-0.09880177849753996,-0.0196894294242136,-0.9949123252501559
6.066,0.016347059980034828,Empty,0.67571,0.25113,0.04004,-0.01108,-0.09877,0.02081,0.99871,-0.00502,-0.04942,0.01012,0.9950650206142828,-0.011024847395166737,-0.09861063578443402,-0.009024828813702646,-0.9997448930392477,0.020705103400521598,-0.09881375013013326,-0.019712980034896046,-0.9949106699615616
6.133,0.016347059980034828,Empty,0.6757,0.25114,0.04002,-0.01108,-0.09879,0.02081,0.99871,-0.00502,-0.04943,0.01012,0.995062227826121,-0.01102125314100122,-0.09863921498531517,-0.009019867461977138,-0.9997447749194527,0.020712967248102718,-0.09884232263906809,-0.019720978689065492,-0.994907673231471
6.2,0.016347059980034828,Empty,0.67567,0.2512,0.04001,-0.01098,-0.09883,0.02081,0.99871,-0.00497,-0.04945,0.01012,0.9950598881694435,-0.010933081616682827,-0.09867262377467037,-0.008931580049116317,-0.9997457686233565,0.020703260552869647,-0.09887388853504712,-0.019719681692581516,-0.9949045624178744
6.266,0.016347059980034828,Empty,0.67567,0.25118,0.04001,-0.01102,-0.09883,0.02083,0.99871,-0.00499,-0.04945,0.01013,0.9950593660735816,-0.010976232117075602,-0.09867309824746709,-0.008972073734448416,-0.9997448116431509,0.020731943601703648,-0.09887547664687062,-0.019744212344701865,-0.9949039180728666
6.333,0.016347059980034828,Empty,0.67568,0.25118,0.04002,-0.011,-0.09879,0.02083,0.99871,-0.00498,-0.04943,0.01013,0.9950631157302648,-0.010956045726989272,-0.09863752214652062,-0.008953280855187984,-0.9997451427270969,0.02072410083705764,-0.09883943785304225,-0.019738658910993242,-0.9949076092126795
6.4,0.016347059980034828,Empty,0.67568,0.25125,0.04008,-0.01092,-0.09871,0.02078,0.99872,-0.00494,-0.04939,0.01011,0.9950720067751662,-0.01085733115055415,-0.09855871190681381,-0.008858954514330386,-0.999746667650234,0.0206910475125215,-0.0987583933514317,-0.019715955024791613,-0.9949161074483136
6.466,0.016347059980034828,Empty,0.67569,0.25122,0.04009,-0.0109,-0.09869,0.02084,0.99872,-0.00493,-0.04938,0.01014,0.9950749998248457,-0.010843795076078022,-0.09852997935619187,-0.008841582281232663,-0.9997459143515148,0.02073482964042519,-0.09872978854605027,-0.019761549681168382,-0.9949180418546298
6.533,0.016347059980034828,Empty,0.67566,0.25125,0.04006,-0.01084,-0.09875,0.02084,0.99872,-0.0049,-0.04941,0.01014,0.995069641034362,-0.01079426008172818,-0.0985895199351005,-0.008789822977165351,-0.9997462029322299,0.020742920108277295,-0.09878840267853148,-0.019774065638514717,-0.9949119749125286
6.6,0.016347059980034828,Empty,0.67565,0.25126,0.04005,-0.01082,-0.09875,0.02084,0.99871,-0.00489,-0.04941,0.01014,0.9950687173775108,-0.010764814894646368,-0.09860206111922494,-0.008759760154988971,-0.9997464189909369,0.02074522395216346,-0.09880037600486363,-0.019779192983596497,-0.9949106840446608
6.666,0.016347059980034828,Empty,0.67567,0.25125,0.04007,-0.01082,-0.09873,0.02084,0.99872,-0.00489,-0.0494,0.01014,0.9950720083600306,-0.01077560748550227,-0.09856766438165024,-0.008771460138899845,-0.9997463518693346,0.020743514914027913,-0.0987661868524189,-0.019776708706839886,-0.994914128016764
6.733,0.016347059980034828,Empty,0.67565,0.25128,0.04005,-0.01078,-0.09876,0.02084,0.99872,-0.00487,-0.04941,0.01014,0.9950693590359152,-0.010733253755066174,-0.09859902622075933,-0.008728342271965783,-0.9997467420464154,0.020742897790844005,-0.09879669401875767,-0.01978001596074531,-0.9949110333188372
6.8,0.016347059980034828,Empty,0.67565,0.25128,0.04006,-0.01078,-0.09876,0.02086,0.99872,-0.00487,-0.04941,0.01015,0.9950704921470717,-0.010738699951538866,-0.09858699702057774,-0.008733697884287128,-0.9997466207810015,0.020746487852995522,-0.09878480743237056,-0.01978318883090662,-0.9949121505239696
6.867,0.016347059980034828,Empty,0.67565,0.25128,0.04006,-0.01078,-0.09876,0.02084,0.99872,-0.00487,-0.04941,0.01014,0.9950703463696721,-0.01073844881625563,-0.09858849574246575,-0.008733966795430703,-0.9997467336094852,0.020740936844351195,-0.09878625207870693,-0.01977762256151379,-0.994912117750134
6.933,0.016347059980034828,Empty,0.67565,0.25127,0.04005,-0.0108,-0.09875,0.02086,0.99872,-0.00488,-0.04941,0.01015,0.9950696468473137,-0.01074855853449358,-0.09859445426895178,-0.008742759963956903,-0.999746396543667,0.020753475520150257,-0.09879252032099627,-0.019789165909239445,-0.9949112658128071
7.0,0.016347059980034828,Empty,0.67566,0.25131,0.04009,-0.01076,-0.0987,0.02082,0.99872,-0.00486,-0.04938,0.01013,0.9950750075609714,-0.010711808405081125,-0.09854433767713597,-0.008710244521758392,-0.9997473921223912,0.02071915984901635,-0.09874138427176186,-0.019758772866014424,-0.9949169462457282
7.066,0.016347059980034828,Empty,0.67564,0.25128,0.04004,-0.01078,-0.09877,0.02086,0.99871,-0.00487,-0.04942,0.01015,0.9950679948302877,-0.010737222999598173,-0.09861236082098201,-0.008730364375342858,-0.9997463692098125,0.0207600093851363,-0.09881025454022678,-0.019796699069645582,-0.9949093548176343
7.133,0.016347059980034828,Empty,0.67565,0.2513,0.04007,-0.01076,-0.09874,0.02084,0.99872,-0.00486,-0.0494,0.01014,0.9950723654552069,-0.01070869232307553,-0.09857135190362704,-0.008705020548814224,-0.9997471130352393,0.020734816009531254,-0.09876846725865339,-0.019774576770037314,-0.9949139440117131
7.2,0.016347059980034828,Empty,0.67564,0.25129,0.04005,-0.01076,-0.09876,0.02086,0.99872,-0.00486,-0.04941,0.01015,0.9950694024713458,-0.010718150359507017,-0.09860023082219398,-0.00871229271527968,-0.9997467041746302,0.020751468565083156,-0.09879767315560725,-0.019790117352743088,-0.9949107352090449
7.266,0.016347059980034828,Empty,0.67565,0.25129,0.04006,-0.01078,-0.09874,0.02086,0.99872,-0.00487,-0.0494,0.01015,0.9950711754374196,-0.01072386426262567,-0.09858171508382806,-0.008718895409993543,-0.9997467494415493,0.02074651401768645,-0.09877923200967827,-0.019784734426654377,-0.9949126733574384
7.333,0.016347059980034828,Empty,0.67565,0.2513,0.04007,-0.01076,-0.09874,0.02084,0.99872,-0.00486,-0.0494,0.01014,0.9950713301051579,-0.010710947628215062,-0.09858155813161723,-0.008706643842715855,-0.999747007225795,0.020739235667258382,-0.09877875457682099,-0.019778704304671147,-0.9949128406550397
7.4,0.016347059980034828,Empty,0.67564,0.25129,0.04005,-0.01076,-0.09875,0.02086,0.99871,-0.00486,-0.04941,0.01015,0.9950693085689928,-0.010715907008972736,-0.09860142230719507,-0.008709568100606635,-0.999746634491162,0.0207559689510314,-0.09879885914082022,-0.01979485187038113,-0.9949105232491525
7.466,0.016347059980034828,Empty,0.67565,0.2513,0.04006,-0.01076,-0.09876,0.02084,0.99872,-0.00486,-0.04941,0.01014,0.9950708299954716,-0.0107103230867866,-0.09858667390423398,-0.008705448626422807,-0.9997469203531704,0.02074392461816315,-0.09878389775836861,-0.019783433062235845,-0.9949122359886504
7.533,0.016347059980034828,Empty,0.67565,0.25129,0.04006,-0.01076,-0.09876,0.02086,0.99872,-0.00486,-0.04941,0.01015,0.9950704520536586,-0.010712728985359854,-0.09859022713947684,-0.008707470917006632,-0.9997468350452197,0.020747186973076155,-0.09878752654033232,-0.019786441184622618,-0.994911815863743
7.6,0.016347059980034828,Empty,0.67564,0.2513,0.04006,-0.01076,-0.09876,0.02084,0.99872,-0.00486,-0.04941,0.01014,0.9950703977713562,-0.010706502827371789,-0.09859145133510389,-0.008701613409240583,-0.9997469743118308,0.02074293321628197,-0.09878858943841029,-0.01978277411149634,-0.9949117832477524
7.666,0.016347059980034828,Empty,0.67565,0.25129,0.04006,-0.01078,-0.09876,0.02086,0.99872,-0.00487,-0.04941,0.01015,0.9950707421302198,-0.01072549896094327,-0.0985859109023808,-0.008720522762465488,-0.9997467496276231,0.020745821067195983,-0.09878345326603383,-0.01978383888535284,-0.9949122720520617
7.733,0.016347059980034828,Empty,0.67564,0.2513,0.04006,-0.01076,-0.09876,0.02086,0.99872,-0.00486,-0.04941,0.01015,0.9950701724604052,-0.010713818687745735,-0.09859293062256369,-0.00870876175280444,-0.9997468760540349,0.020744668927970465,-0.09879022901255174,-0.019783778944486876,-0.994911600466254
7.8,0.016347059980034828,Empty,0.67565,0.25129,0.04006,-0.01076,-0.09876,0.02086,0.99872,-0.00486,-0.04941,0.01015,0.995070088297372,-0.010716890276295021,-0.09859344622572982,-0.00871121568301425,-0.9997467247189853,0.020750930942613287,-0.09879086039297379,-0.019789761910314858,-0.9949114187837774
7.866,0.016347059980034828,Empty,0.67565,0.2513,0.04006,-0.01076,-0.09876,0.02084,0.99872,-0.00486,-0.04941,0.01014,0.9950707218649772,-0.010710790490338018,-0.09858771451953445,-0.008706132899780727,-0.9997469635975995,0.02074155315572311,-0.09878492666922685,-0.019780994526373413,-0.9949121823148529
7.933,0.016347059980034828,Empty,0.67565,0.25129,0.04006,-0.01076,-0.09876,0.02086,0.99872,-0.00486,-0.04941,0.01015,0.9950703863318511,-0.01071597537076896,-0.09859053766581377,-0.008710769266534801,-0.9997468152808385,0.020746754796989696,-0.09878789776165078,-0.019785681885502237,-0.994911794104462
8.0,0.016347059980034828,Empty,0.67565,0.2513,0.04006,-0.01076,-0.09876,0.02084,0.99872,-0.00486,-0.04941,0.01014,0.995070750619633,-0.010716830634106778,-0.09858676788717748,-0.008712118756945997,-0.9997468902266903,0.02074257623409525,-0.09878410928912193,-0.019781431273349477,-0.9949122547886988
8.066,0.016347059980034828,Empty,0.67564,0.2513,0.04006,-0.01076,-0.09876,0.02084,0.99872,-0.00486,-0.04941,0.01014,0.9950704785939102,-0.01071593411643551,-0.09858961094810383,-0.00871100092152477,-0.9997468664676774,0.02074419077729723,-0.0987869479933023,-0.019783117652986848,-0.9949119394007172
8.133,0.016347059980034828,Empty,0.67565,0.25129,0.04006,-0.01076,-0.09876,0.02086,0.99872,-0.00486,-0.04941,0.01015,0.9950707457289616,-0.010720094048008055,-0.09858646244799499,-0.008714805095047684,-0.99974674172768,0.020748604219141403,-0.09878392159943555,-0.01978716726793161,-0.9949121593612914
8.2,0.016347059980034828,Empty,0.67564,0.2513,0.04006,-0.01076,-0.09876,0.02084,0.99872,-0.00486,-0.04941,0.01014,0.9950708203670922,-0.010714221838406035,-0.09858634745419619,-0.008709799468479218,-0.9997469717341694,0.0207396215388939,-0.09878361122767754,-0.019778724902154345,-0.9949123580467094
8.267,0.016347059980034828,Empty,0.67565,0.25129,0.04006,-0.01076,-0.09876,0.02086,0.99872,-0.00486,-0.04941,0.01015,0.9950708447817744,-0.010719482368940048,-0.09858552917658793,-0.008714484678215784,-0.999746802101204,0.020745829585948415,-0.09878295208222412,-0.019784448088285313,-0.9949123096995848
8.333,0.016347059980034828,Empty,0.67564,0.2513,0.04006,-0.01076,-0.09876,0.02086,0.99872,-0.00486,-0.04941,0.01015,0.9950706980537312,-0.010711520600338087,-0.09858787552883426,-0.008706301205000821,-0.9997468446813664,0.020747213523260324,-0.09878515168884533,-0.019786608503745272,-0.9949120483388122
8.4,0.016347059980034828,Empty,0.67565,0.2513,0.04006,-0.01076,-0.09876,0.02086,0.99872,-0.00486,-0.04941,0.01015,0.9950707160213644,-0.010716864497153311,-0.09858711341792437,-0.008711934695593948,-0.9997468476993892,0.020744703155115174,-0.09878447403609904,-0.019783562128287028,-0.994912176203974
8.466,0.016347059980034828,Empty,0.67565,0.2513,0.04006,-0.01076,-0.09876,0.02084,0.99872,-0.00486,-0.04941,0.01014,0.9950709655577162,-0.010716370243227524,-0.09858464846437634,-0.008711987228306073,-0.999746951695198,0.02073966862544291,-0.09878195575391516,-0.019778573886137858,-0.9949125254174168
8.533,0.016347059980034828,Empty,0.67565,0.25129,0.04006,-0.01078,-0.09876,0.02086,0.99872,-0.00487,-0.04941,0.01015,0.9950709017012969,-0.010722556204015077,-0.09858462038178198,-0.008717579394984243,-0.9997467726713898,0.020745947619533897,-0.09878210565107663,-0.0197842695491149,-0.9949123972901068
8.6,0.014878096990287304,Grasping,0.67564,0.2513,0.04006,-0.01076,-0.09876,0.02086,0.99872,-0.00486,-0.04941,0.01015,0.995069953608519,-0.010712555864429651,-0.0985952766231282,-0.008707470700805464,-0.9997468924350607,0.020744421429238033,-0.09879254718618354,-0.019783634986793808,-0.9949113731419371
8.666,0.014878096990287304,Grasping,0.67565,0.25129,0.04006,-0.01076,-0.09874,0.02086,0.99872,-0.00486,-0.0494,0.01015,0.9950711378697004,-0.010707771617818551,-0.09858384353270154,-0.008702616110676686,-0.9997468769626973,0.020747204056527892,-0.09878104601354327,-0.01978700660316396,-0.9949124480667416
8.733,0.013242996297776699,Grasping,0.67565,0.25129,0.04006,-0.01076,-0.09876,0.02086,0.99872,-0.00486,-0.04941,0.01015,0.9950704925099504,-0.010714873959734694,-0.098589585717925,-0.008709853704914505,-0.999746859205204,0.020745022481757892,-0.0987869089730217,-0.01978405886962154,-0.9949119245592543
8.8,0.013242996297776699,Grasping,0.67565,0.2513,0.04006,-0.01076,-0.09876,0.02086,0.99872,-0.00486,-0.04941,0.01015,0.9950710102254492,-0.010703220905462718,-0.09858562608794746,-0.008698214878093247,-0.9997469584202586,0.02074512442422039,-0.09878271947480614,-0.019785352958457365,-0.9949123148003901
