time,gr,gr_state,tx,ty,tz,rx,ry,rz,qw,qx,qy,qz,xx,xy,xz,yx,yy,yz,zx,zy,zz
0.0,0.015968162566423416,Empty,0.30833,0.0014,0.48608,0.00971,0.00425,-0.00584,0.99998,0.00486,0.00211,-0.00293,0.9999438026202675,0.009710436415704904,0.004254294998722207,0.009735241553906093,-0.9999355037376874,-0.005849225311480187,0.004197222082127764,0.005890313189798353,-0.9999738434265764
0.067,0.015968162566423416,Empty,0.30833,0.0014,0.48608,0.00971,0.00427,-0.00586,0.99998,0.00486,0.00212,-0.00294,0.9999437720033681,0.009711054395029117,0.004260076784820003,0.009735900878228176,-0.9999354871672126,-0.00585096041331064,0.00420298296036205,0.005892107110838877,-0.9999738086610216
0.133,0.01596849225461483,Empty,0.30833,0.00139,0.48608,0.00969,0.00427,-0.00586,0.99998,0.00485,0.00212,-0.00294,0.9999440025185014,0.00968515002882897,0.004264938006408832,0.00971006226990706,-0.9999356870631487,-0.005859729367758396,0.004207911357665006,0.00590081405129106,-0.9999737365928858
0.2,0.01596849225461483,Empty,0.30833,0.00137,0.48608,0.00965,0.00427,-0.0059,0.99998,0.00483,0.00212,-0.00296,0.9999444053793423,0.00964501204532664,0.004261442619448039,0.009670079683190225,-0.9999358287835163,-0.005901514546537972,0.004204248978604286,0.005942394943770856,-0.999973505765457
0.267,0.01596849225461483,Empty,0.30834,0.00142,0.48604,0.00973,0.00417,-0.00584,0.99998,0.00487,0.00207,-0.00293,0.9999440509404254,0.009723975347581737,0.004164047585202478,0.009748211958297504,-0.9999354298269042,-0.005840251749745288,0.004106988247890938,0.005880517011617199,-0.9999742757527353
0.333,0.01596849225461483,Empty,0.30843,0.00175,0.48584,0.00965,0.00355,-0.00528,0.99998,0.00483,0.00176,-0.00265,0.9999470676545581,0.009655539008584568,0.00355421658095722,0.009674212399725046,-0.9999392916482803,-0.005274716331708322,0.003503070581026834,0.00530882137472015,-0.999979772251477
0.4,0.01596849225461483,Empty,0.30876,0.00279,0.48516,0.00604,0.00138,-0.00504,0.99999,0.00302,0.00068,-0.00252,0.9999808254371582,0.006039099519587698,0.0013704141753824004,0.006045934057901325,-0.999969026568151,-0.005039105646092083,0.0013399400684657096,0.005047294457180582,-0.9999863645966754
0.467,0.01596849225461483,Empty,0.30948,0.00424,0.48355,-0.00416,-0.00379,-0.00265,1.0,-0.00208,-0.00189,-0.00133,0.9999842474607162,-0.004148457105129788,-0.003780890645386675,-0.004158481626945709,-0.9999878491533196,-0.0026473715787329113,-0.003769862196928435,0.002663052640190447,-0.9999893480880946
0.533,0.01596849225461483,Empty,0.31065,0.0063,0.4809,-0.01843,-0.01211,0.00141,0.99994,-0.00921,-0.00606,0.00065,0.9997566870608198,-0.01843205206225712,-0.01211718341647577,-0.01841618290963376,-0.9998293994532443,0.0014199281684974183,-0.012141288408286184,-0.0011964304154539146,-0.9999255760655628
0.6,0.01596849225461483,Empty,0.31229,0.0088,0.47722,-0.03811,-0.02351,0.00715,0.99974,-0.01901,-0.01182,0.00335,0.9989974660388451,-0.03809666212227569,-0.023509725287795796,-0.03793847854058263,-0.9992545802164725,0.007138330506957754,-0.023764147238901776,-0.006239250879872545,-0.9996981229623597
0.667,0.015968162566423416,Empty,0.31436,0.012,0.4724,-0.05965,-0.03803,0.0152,0.99935,-0.02967,-0.01923,0.00703,0.9975001209009486,-0.05957201314610344,-0.03800899962263223,-0.05903143056144944,-0.9981405380903108,0.015190669065367712,-0.0388432620728687,-0.012908968607337035,-0.999161928578663
0.733,0.015968162566423416,Empty,0.31677,0.01579,0.46657,-0.07693,-0.055,0.02474,0.99882,-0.0381,-0.02795,0.0113,0.9955352923985055,-0.07673702335022203,-0.05496281321374917,-0.07547345725081661,-0.9968415833081808,0.024710626018949307,-0.05668543763288025,-0.020452066765652307,-0.9981825855650769
0.8,0.015968162566423416,Empty,0.31962,0.02074,0.45955,-0.09029,-0.07427,0.03619,0.99816,-0.04442,-0.0379,0.01639,0.9931803460215496,-0.08991970827665091,-0.07421082360381741,-0.0874350581175179,-0.9955165017989529,0.036083309964039946,-0.0771227002153137,-0.02934860660093939,-0.9965895586459261
0.867,0.015968162566423416,Empty,0.32277,0.02662,0.45173,-0.09954,-0.09454,0.0471,0.99742,-0.04857,-0.04835,0.02114,0.9906057378459288,-0.09894097086217701,-0.09439786243116408,-0.09485236529403157,-0.9943874002300344,0.04686925497467043,-0.09850533460097867,-0.03747509237617585,-0.9944306494203337
0.933,0.015968162566423416,Empty,0.32655,0.03378,0.44314,-0.10393,-0.11364,0.0591,0.99669,-0.05016,-0.05822,0.02651,0.9881893206917656,-0.10307025861048558,-0.11339483348334214,-0.09689628086475188,-0.9935627061384456,0.05868781581749418,-0.11871384597142136,-0.047007135211759324,-0.9918151803707466
1.0,0.01596849225461483,Empty,0.33237,0.04158,0.43395,-0.1084,-0.12572,0.07082,0.99605,-0.05181,-0.0646,0.03188,0.9862836732539519,-0.10733503345579176,-0.1253942042749002,-0.09909555837184686,-0.9925977728557149,0.07021204763319566,-0.13200222037398912,-0.05682298755713503,-0.9896194025489892
1.067,0.01596849225461483,Empty,0.34067,0.05018,0.42495,-0.11161,-0.12585,0.07965,0.99582,-0.05312,-0.06495,0.03617,0.9859193237036431,-0.11050256425356053,-0.12550804930815496,-0.10110555426456358,-0.9917388473127154,0.07894127961784121,-0.13319442197256554,-0.06514017212315704,-0.9889469166396947
1.133,0.015968162566423416,Empty,0.35173,0.05945,0.41618,-0.11397,-0.1134,0.08425,0.99602,-0.05443,-0.05892,0.03875,0.9871318263056468,-0.1129923620028519,-0.11315247952870888,-0.10385985075015786,-0.9910717648728488,0.0836055516934814,-0.1215890163486543,-0.07077770129661545,-0.99005385111242
1.2,0.015968162566423416,Empty,0.36511,0.06972,0.40755,-0.11305,-0.09026,0.08394,0.99661,-0.0545,-0.04737,0.0393,0.9895711978885811,-0.11236124045162871,-0.09013210279101272,-0.10491490717583285,-0.9909697303785805,0.0834976390426072,-0.09870008389887404,-0.07317065749037949,-0.9924234722742002
1.267,0.015968162566423416,Empty,0.37933,0.08051,0.39897,-0.10995,-0.0619,0.07884,0.9973,-0.05366,-0.03304,0.03763,0.9920573075966701,-0.10952155827577958,-0.061865391915759106,-0.10454856888249986,-0.9914090749184006,0.0785979828880002,-0.06994208453189378,-0.07150576509825106,-0.994984939769968
1.333,0.01596849225461483,Empty,0.39345,0.09166,0.3902,-0.10617,-0.03283,0.07054,0.99787,-0.05244,-0.01825,0.03434,0.9938344419191844,-0.10590283846292353,-0.03282820221515326,-0.1033951326872739,-0.9921417402417978,0.070457177111763,-0.04003184472097228,-0.06662849297014967,-0.9969744707527683
1.4,0.01596849225461483,Empty,0.40661,0.10252,0.38155,-0.10266,-0.00547,0.06033,0.99823,-0.0512,-0.00428,0.02998,0.9947205696422664,-0.10247403486221407,-0.005482746540074211,-0.10196026184461143,-0.9929594365498621,0.060296454051282894,-0.011622965849696892,-0.059419100848447204,-0.9981654557833677
1.467,0.01596849225461483,Empty,0.41902,0.11349,0.37259,-0.09939,0.01924,0.04853,0.99841,-0.04989,0.0084,0.02471,0.9948810734009147,-0.09920376258228064,0.019242226434657353,-0.10003415546355304,-0.9938011887810081,0.0485011847087132,0.014311447492753294,-0.05017779057485,-0.9986377580502795
1.534,0.015968162566423416,Empty,0.4303,0.12454,0.36339,-0.09766,0.03968,0.0362,0.99843,-0.04915,0.01893,0.01904,0.9944512644930148,-0.09742787997074892,0.03967985323371878,-0.09886954698628547,-0.994443566401848,0.03614977068668821,0.03593737924460848,-0.03987231428420966,-0.9985583124318032
1.6,0.015968162566423416,Empty,0.44044,0.13525,0.354,-0.09918,0.05553,0.02331,0.9983,-0.04987,0.02715,0.01301,0.9935514991832248,-0.09886855514008469,0.055501597051596324,-0.10028143677696438,-0.9946869615378298,0.023269765460514003,0.05290606684221954,-0.028685490254685943,-0.998187402615428
1.667,0.015968162566423416,Empty,0.44964,0.14593,0.34356,-0.10452,0.06731,0.01049,0.99805,-0.05238,0.03333,0.00699,0.9922904289383027,-0.10409507089003645,0.0672600985268205,-0.10502632320230687,-0.9944145205652681,0.010451446002959948,0.06579647461713921,-0.017434950683799546,-0.9976807337132504
1.733,0.01596849225461483,Empty,0.45809,0.15623,0.33272,-0.1149,0.07414,-0.00144,0.99767,-0.05735,0.03704,0.00141,0.9906775643743602,-0.11433346128741412,0.0740663423919676,-0.11454284390664599,-0.9934172819259546,-0.0014285939330051095,0.07374212063036018,-0.007068493537309917,-0.9972522930753536
1.8,0.01596849225461483,Empty,0.46646,0.16681,0.3211,-0.12996,0.07865,-0.01389,0.99711,-0.06461,0.03968,-0.00437,0.9885020519580244,-0.12919839758148222,0.07855868721632206,-0.12850504246218353,-0.9916122830411114,-0.01383958755842607,0.07968781171902681,0.0035852732632500705,-0.9968134221001744
1.867,0.01596849225461483,Empty,0.47611,0.17733,0.31008,-0.14864,0.08452,-0.0284,0.99629,-0.07358,0.04318,-0.01101,0.985441622432569,-0.14757325430307683,0.08442122595571667,-0.14567197412741362,-0.9889284252567936,-0.028288613839147218,0.08766119284660083,0.015578970874791917,-0.9960285191374759
1.933,0.01596849225461483,Empty,0.48739,0.18796,0.29983,-0.1676,0.09341,-0.04589,0.99523,-0.08252,0.04843,-0.01893,0.9816888121813445,-0.16608977751770532,0.09328055446930092,-0.16242303793739082,-0.9856638915611751,-0.04566672332967815,0.0995280502429841,0.02967960034433771,-0.9945920211515025
2.0,0.01596849225461483,Empty,0.50014,0.19799,0.29086,-0.18276,0.10447,-0.06504,0.9941,-0.08939,0.05493,-0.02757,0.9779838156910396,-0.1807621669357637,0.10427221706227242,-0.17470427545108957,-0.9824967772873417,-0.06464130845749666,0.11413182021462914,0.045001351364981006,-0.9924458705591057
2.067,0.01596849225461483,Empty,0.51378,0.20725,0.28243,-0.19077,0.1153,-0.08365,0.99316,-0.0926,0.06128,-0.03607,0.9753408860918452,-0.18835493904231626,0.11503292074853874,-0.1795129568296363,-0.9802476616416474,-0.0830037359181116,0.12839491519470453,0.060307037602985114,-0.9898877749359756
2.133,0.01596849225461483,Empty,0.52756,0.21522,0.27418,-0.19077,0.12408,-0.09948,0.9926,-0.09187,0.06637,-0.0435,0.9743103483792527,-0.18815778719094317,0.12375779636252071,-0.17660880633088033,-0.979334102894607,-0.09855985203924145,0.13974503414247308,0.074171167086836,-0.9874056731685793
2.2,0.01596849225461483,Empty,0.54068,0.22152,0.26571,-0.1916,0.12868,-0.1121,0.99214,-0.09172,0.06925,-0.04951,0.9735816068121476,-0.1888618301580975,0.12833574711050408,-0.17514577515346075,-0.9782705836453953,-0.11095324519810723,0.1465019191784554,0.08554457483342767,-0.9855045983624823
2.267,0.01596849225461483,Empty,0.55281,0.22653,0.25663,-0.19316,0.12703,-0.12074,0.99189,-0.09225,0.06887,-0.05382,0.9734947681716928,-0.19041413403813956,0.1266901491863012,-0.1755870731122124,-0.977186540197019,-0.11948073239508471,0.14655072875365852,0.0940687153961649,-0.9847202448845493
2.333,0.01596849225461483,Empty,0.56303,0.23069,0.2466,-0.1938,0.11787,-0.12413,0.99202,-0.09276,0.0645,-0.05594,0.9744703834866668,-0.19125860698932473,0.11759088808173643,-0.17682547972589457,-0.9765315240510724,-0.12295906739316446,0.13834818909930036,0.09902690435933277,-0.9854204436614615
2.4,0.015968162566423416,Empty,0.57218,0.23443,0.23662,-0.1946,0.10745,-0.12625,0.99218,-0.09344,0.05946,-0.05749,0.9754663644237604,-0.19226113401813538,0.10724284695937247,-0.1785883403316995,-0.9759268906530967,-0.12519148851957754,0.12873063573003846,0.10296776411207047,-0.9863194528033505
2.467,0.015968162566423416,Empty,0.5815,0.23808,0.22736,-0.19653,0.09896,-0.12933,0.99219,-0.0946,0.05545,-0.05939,0.9759539484404607,-0.19430157765330636,0.09879669754050596,-0.181127890834415,-0.9750478001060395,-0.12835293011945154,0.12127067941324618,0.1073717114970639,-0.9867951853778172
2.533,0.015968162566423416,Empty,0.59043,0.24147,0.21845,-0.19789,0.09184,-0.13247,0.99218,-0.09544,0.05211,-0.06127,0.9763512970864261,-0.19577104967628373,0.09171608793608244,-0.18300004934221537,-0.9742756710921237,-0.13152147603619307,0.11510485054245065,0.11162711510488031,-0.9870614269410805
2.6,0.01596849225461483,Empty,0.59924,0.24469,0.21054,-0.19929,0.08673,-0.13623,0.99209,-0.09622,0.0498,-0.06336,0.976522806555475,-0.19723018328527425,0.08662253216268691,-0.18460771400621956,-0.97345344988097,-0.1353084359684781,0.11100991039729931,0.11614058599858607,-0.9870097081981963
2.667,0.01596849225461483,Empty,0.60794,0.24762,0.20302,-0.19986,0.08291,-0.14008,0.99201,-0.09655,0.04811,-0.06545,0.9767248455579227,-0.1978641121719047,0.08281527144359309,-0.18526852659444487,-0.9727869704147549,-0.13914410963029128,0.1080932427276363,0.12056244566906753,-0.9868031959671177
2.733,0.01596849225461483,Empty,0.61584,0.24996,0.19548,-0.1978,0.07975,-0.14284,0.99207,-0.09558,0.04661,-0.06703,0.9773849202707956,-0.19588609054324757,0.07967030286708848,-0.18338796770986565,-0.9727433149039436,-0.1419129895708369,0.10529753523466868,0.12409304106745782,-0.9866677993286971
2.8,0.01596849225461483,Empty,0.6229,0.25129,0.18786,-0.1885,0.07796,-0.14334,0.99251,-0.09102,0.04543,-0.06758,0.9793015671511651,-0.1868260465464427,0.07787470004499697,-0.17454603218179665,-0.9742954061211364,-0.1424153933422958,0.10247986741239949,0.1258748979863581,-0.9867387632155032
2.867,0.01596849225461483,Empty,0.62917,0.25141,0.17943,-0.17056,0.07615,-0.14205,0.99336,-0.08221,0.04387,-0.06742,0.9826320487060876,-0.1692521829112389,0.07607861352218094,-0.1574213877747873,-0.9773921212014687,-0.14114938216072115,0.09824847849578575,0.12672150564554446,-0.9870607359631876
2.933,0.01596849225461483,Empty,0.6338,0.25012,0.16999,-0.1518,0.0723,-0.13861,0.99427,-0.0731,0.0412,-0.06627,0.9859184884486583,-0.1508227190240709,0.07223047529470594,-0.13990169027407046,-0.980528068455704,-0.1378122782228937,0.09160923094083402,0.12576650745215254,-0.987821104456529
3.0,0.01596849225461483,Empty,0.63746,0.24774,0.16008,-0.12748,0.06834,-0.13305,0.99533,-0.06125,0.03825,-0.06413,0.9895702835981672,-0.12684135009203668,0.06827829615824059,-0.11702988893260485,-0.9842697006695482,-0.13235241380609614,0.0839920169770033,0.12298141424909413,-0.9888482759419809
3.067,0.01596849225461483,Empty,0.6403,0.24566,0.14969,-0.0982,0.06362,-0.12758,0.99636,-0.04693,0.03483,-0.06208,0.9931690104244526,-0.09783498882398578,0.06358955648786652,-0.08918521605504248,-0.9878887206602128,-0.12697193717330918,0.07524170366045961,0.12043334485987665,-0.9898658977235925
3.133,0.01596849225461483,Empty,0.64286,0.24492,0.14024,-0.06879,0.05966,-0.12408,0.99711,-0.03246,0.03188,-0.06091,0.9958601661274069,-0.06861993003256855,0.05961404803415709,-0.0608537449408495,-0.9904727287910995,-0.12353378180800195,0.06752296829499911,0.11939463439970155,-0.9905481159586312
3.2,0.01596849225461483,Empty,0.64532,0.24612,0.1322,-0.04555,0.0564,-0.12356,0.99748,-0.02098,0.02954,-0.06106,0.9973740599279852,-0.04546505268291162,0.05637298614857645,-0.03824992231189073,-0.9916633936219577,-0.12304737784006636,0.06149738226869398,0.12056800045916752,-0.9907983797117235
3.267,0.01596849225461483,Empty,0.64785,0.24809,0.12526,-0.0291,0.05395,-0.12448,0.99762,-0.01284,0.02782,-0.06178,0.9981224484250344,-0.02905653376585121,0.05391934528097357,-0.022182012897013104,-0.992037047759335,-0.12397763579282797,0.057092348470278005,0.12254882177506365,-0.9908189794446269
3.333,0.01596849225461483,Empty,0.65051,0.24963,0.11946,-0.02212,0.05215,-0.12531,0.99766,-0.0094,0.02671,-0.0623,0.9983969120488305,-0.02207565627176039,0.0521178607727783,-0.015420536362882875,-0.9920613986834004,-0.12480540172851814,0.054459279004046984,0.12380164232556404,-0.9908114554686239
3.4,0.015968162566423416,Empty,0.65294,0.2504,0.11417,-0.02059,0.05042,-0.12477,0.9977,-0.0087,0.0258,-0.06206,0.9985178480009846,-0.02056147542831749,0.05039179448772387,-0.014158410964479506,-0.9921464746859086,-0.12427756099668394,0.052551371270816716,0.12337989502562527,-0.9909670806242872
3.467,0.015968162566423416,Empty,0.65484,0.25022,0.10888,-0.01912,0.04847,-0.12224,0.99781,-0.00806,0.02477,-0.06083,0.9986428031584385,-0.019099076023637918,0.04845386460231476,-0.013072057946126203,-0.9924704262513387,-0.12178495111276627,0.05041500769522168,0.12098627323597107,-0.991373112751986
3.533,0.015968162566423416,Empty,0.65635,0.2487,0.10365,-0.01481,0.04747,-0.11551,0.99803,-0.00602,0.02412,-0.05753,0.9987643545361325,-0.014789820637435558,0.04744497142516513,-0.009240163655032108,-0.9933080374234364,-0.11512498497558737,0.04883014933061823,0.1145443320095477,-0.9922173212158899
3.6,0.015968162566423416,Empty,0.6577,0.24598,0.09878,-0.00692,0.04809,-0.10422,0.99835,-0.0022,0.02419,-0.05199,0.9988196856328571,-0.006908228682389939,0.04807818599690406,-0.001876631955906316,-0.9945836513050854,-0.10392227292138179,0.04853569660346031,0.10370938690936282,-0.9934226941348286
3.667,0.015968162566423416,Empty,0.65942,0.2426,0.09427,0.00411,0.05072,-0.08965,0.99867,0.00319,0.02524,-0.04485,0.9987054712578546,0.004112972657308478,0.05069975478783735,0.00864059249829513,-0.9959574314744875,-0.08940992591440805,0.050127056974303114,0.08973225811636397,-0.994703674474179
3.733,0.015968162566423416,Empty,0.66089,0.23967,0.09044,0.01507,0.05328,-0.07607,0.99889,0.00854,0.02633,-0.03821,0.998467464573636,0.015049324689461518,0.05325636125652857,0.019073862239544492,-0.9969340011125062,-0.07588666025775728,0.05195103432234623,0.0767861657605103,-0.9956932131839795
3.8,0.01596849225461483,Empty,0.66233,0.23786,0.08773,0.02742,0.05691,-0.06362,0.99898,0.0146,0.028,-0.03218,0.9980062340046335,0.027368495572884288,0.05687286117266698,0.030972441461996847,-0.9975020784248194,-0.06348473366131581,0.054993315573546114,0.0651196513215637,-0.9963609618275829
3.867,0.01596849225461483,Empty,0.66275,0.23772,0.08514,0.03854,0.05874,-0.05413,0.999,0.02005,0.02883,-0.02761,0.9975336057677389,0.038473753751857076,0.05870669157988114,0.04165709302589882,-0.9976716172187009,-0.0540002851552979,0.05649240625646444,0.05631264927583629,-0.9968136704353984
3.933,0.015968162566423416,Empty,0.66271,0.23939,0.08288,0.04519,0.05948,-0.04856,0.99899,0.0233,0.02917,-0.02493,0.9972130358111758,0.04509650225067113,0.05943455807031161,0.04800547469166083,-0.9976708208841514,-0.04846037098466317,0.05711073110971631,0.05117849783940621,-0.99705522703159
4.0,0.015968162566423416,Empty,0.66205,0.24291,0.08065,0.04761,0.05934,-0.04538,0.999,0.02446,0.02911,-0.02338,0.9971095353549917,0.047502167715022026,0.05929686810048638,0.05022440704852826,-0.9977103298502199,-0.04529466466140314,0.057009503074279426,0.04814189207477352,-0.9972122516228351
4.067,0.01596849225461483,Empty,0.66075,0.24795,0.0786,0.04757,0.05853,-0.04412,0.99903,0.02441,0.02872,-0.02274,0.9971585381326753,0.04747585172852142,0.058488403395519195,0.05008781358666092,-0.9977737403369145,-0.04403151171821239,0.05626775950056508,0.04683595410296064,-0.9973165659127757
4.133,0.01596849225461483,Empty,0.65963,0.25355,0.07645,0.03841,0.05748,-0.04435,0.99914,0.01983,0.0283,-0.02271,0.9976126689489055,0.03833088639237381,0.05744306660525907,0.04090139970078499,-0.9981823264256177,-0.044261933013124685,0.055642054735226286,0.046505766953321544,-0.997367121668308
4.2,0.01596849225461483,Empty,0.65882,0.25711,0.07396,0.02461,0.05677,-0.04098,0.9993,0.01288,0.02812,-0.02083,0.9980872020124462,0.024564737855538865,0.05673192075943619,0.02690796934603268,-0.998800207590584,-0.04091584659614904,0.05565876718576567,0.04236412363185735,-0.9975506917767464
4.267,0.01596849225461483,Empty,0.6593,0.25859,0.07183,0.01426,0.06114,-0.02854,0.9994,0.00756,0.03046,-0.01448,0.9980300866605205,0.01422360258346772,0.06110347985132805,0.015988223650890532,-0.9994662621928501,-0.028488022794547735,0.06066566429936468,0.029408839960140123,-0.9977248104098221
4.333,0.01596849225461483,Empty,0.66113,0.25701,0.07003,0.01276,0.07206,-0.0031,0.99933,0.00643,0.03601,-0.00178,0.9973235579316628,0.012727173245352885,0.07199819341977949,0.012984094376227218,-0.9999108929548792,-0.0031015227557928543,0.07195230425607255,0.00402805304809362,-0.9973999401949465
4.4,0.01596849225461483,Empty,0.66369,0.25409,0.06839,0.01733,0.08763,0.03133,0.99889,0.00797,0.04393,0.01527,0.9960136132546991,0.017264114943857822,0.0875147561644532,0.014581087626046096,-0.9994066398376658,0.03120512989922299,0.08800155734394706,-0.029804673854801306,-0.9956743480282341
4.467,0.01596849225461483,Empty,0.66591,0.25094,0.06679,0.01962,0.10265,0.06485,0.99813,0.00813,0.05159,0.03187,0.994543857216199,0.019514763857686412,0.10247775400106932,0.012938202134877286,-0.9978369029654941,0.0644524476319409,0.10351385897087392,-0.06277490797930149,-0.9926450483073737
4.533,0.01596849225461483,Empty,0.66748,0.24956,0.06599,0.01687,0.11448,0.08762,0.99739,0.00591,0.05752,0.04324,0.9933120643235812,0.016754157466382702,0.11423852711242963,0.006804817850124323,-0.9961909692240631,0.08693242945212212,0.11525986865883679,-0.08557365858728501,-0.9896425170902544
4.6,0.01596849225461483,Empty,0.66851,0.25152,0.06679,0.01331,0.12198,0.09498,0.99701,0.00374,0.0612,0.04698,0.9924802396242247,0.013208102384294595,0.12169026249806333,0.001706570049474887,-0.9955576852637233,0.09413810562680455,0.12239306178908912,-0.09322253667296976,-0.9880938705822181
4.667,0.01596849225461483,Empty,0.66809,0.25385,0.06724,0.01786,0.12433,0.09959,0.99682,0.00581,0.06249,0.04912,0.992122767621506,0.017729555341221226,0.12400837404968271,0.005452437529529841,-0.9951073370027506,0.09864917013478092,0.125150648787891,-0.09719593978503914,-0.98736531456056
4.733,0.01596849225461483,Empty,0.66655,0.25536,0.06654,0.0219,0.12184,0.10344,0.99679,0.00777,0.06136,0.05093,0.992348188611976,0.021744031109865503,0.1215412262140829,0.009244007507701713,-0.9946922808685856,0.10247836213390682,0.12312441221677871,-0.10057068902788624,-0.9872820851330835
4.8,0.01596849225461483,Empty,0.66539,0.25578,0.06505,0.02336,0.11867,0.10544,0.99682,0.00852,0.05983,0.05191,0.9926952553768851,0.023195247376025407,0.11839810155313137,0.010771224120208422,-0.9944650312384429,0.10451450796360715,0.1201670116262066,-0.10247576368628646,-0.987450559356639
4.867,0.01596849225461483,Empty,0.66447,0.25522,0.06226,0.02421,0.11492,0.10696,0.99689,0.009,0.05799,0.05267,0.993112228502624,0.024047728832324755,0.11467261371643439,0.011831102057321463,-0.9942906086311997,0.10604815232670362,0.11656812009576566,-0.10396101348969933,-0.9877266732510235
4.933,0.01596849225461483,Empty,0.66334,0.25409,0.05828,0.02421,0.10987,0.10923,0.99697,0.00907,0.05548,0.05384,0.993679552738261,0.02406653676946291,0.10964373341789052,0.012119745400128168,-0.9940388957008592,0.1083502912098183,0.1115977519546224,-0.10633661477468823,-0.9880478055827735
5.0,0.01596849225461483,Empty,0.66259,0.25242,0.05421,0.0233,0.10564,0.11199,0.99701,0.00866,0.05336,0.05527,0.9941542940764949,0.023176976160451335,0.10545172993044698,0.011378640285101993,-0.9937397724896899,0.11113861218047397,0.10736743507473916,-0.10928903123460015,-0.9881943844898503
5.067,0.01596849225461483,Empty,0.66235,0.25007,0.05072,0.02359,0.10254,0.11551,0.99699,0.0088,0.05184,0.05704,0.9944712035547669,0.023459779554322158,0.1023555765144064,0.011633118320117097,-0.993338250847185,0.11464636916189473,0.10436328788651691,-0.11282179819129763,-0.9881191962483059
5.133,0.01596849225461483,Empty,0.66284,0.24762,0.04914,0.02448,0.10168,0.11869,0.99691,0.00919,0.05145,0.05861,0.9945361863827384,0.02436072741016071,0.10151024054412766,0.01229898843066396,-0.9929616736188955,0.11779579622186913,0.10366536962197744,-0.11590370867236986,-0.9878359284097381
5.2,0.01596849225461483,Empty,0.66385,0.24598,0.04935,0.02591,0.10309,0.12025,0.99682,0.00982,0.0522,0.05934,0.9943565437098353,0.025778503864447577,0.10291031396289177,0.013388230441716054,-0.9927654894883118,0.11932073653255872,0.10524171828257943,-0.11726956817326248,-0.9875079893921804
5.267,0.01596849225461483,Empty,0.66478,0.24561,0.05005,0.02935,0.1045,0.12062,0.99676,0.01148,0.05301,0.05942,0.994116971210989,0.029186774388722192,0.1043052239874446,0.016587397389513314,-0.9926740676657146,0.11967896069003302,0.10703413379913683,-0.11724473371877285,-0.9873182701728365
5.333,0.01596849225461483,Empty,0.66503,0.24581,0.05033,0.03432,0.10454,0.12087,0.99672,0.01395,0.05318,0.05941,0.993954631792163,0.034120269503456424,0.10435514912028297,0.021483112180080977,-0.9925526481593964,0.11990711623096927,0.10766924272958839,-0.1169403601874931,-0.9872853115129671
5.4,0.01596849225461483,Empty,0.66487,0.24579,0.04993,0.03908,0.10343,0.12152,0.99669,0.01634,0.05277,0.05962,0.9938957237376671,0.03886760169766457,0.10325018098894823,0.02628277374778143,-0.9923576022019005,0.12056369750558374,0.1071471238069496,-0.11711404224245134,-0.9873215256285722
5.467,0.01596849225461483,Empty,0.66455,0.24563,0.049,0.04386,0.10166,0.12241,0.99667,0.01875,0.05204,0.05996,0.9938804018010452,0.04362101175968863,0.10148376347403393,0.031140270518205726,-0.9921067915950903,0.12146768139282464,0.10598127413767731,-0.117564116140755,-0.987393866766549
5.533,0.015968162566423416,Empty,0.66415,0.24554,0.04768,0.04972,0.0997,0.12324,0.99663,0.02171,0.05125,0.06025,0.9938032553065176,0.04945099749150239,0.09954741879759714,0.037099055790349944,-0.9917976168518827,0.12231576867432155,0.10477952949709843,-0.11786469384010222,-0.9874862855474731
5.6,0.015968162566423416,Empty,0.66376,0.24546,0.04629,0.0529,0.09822,0.12368,0.99662,0.02333,0.05061,0.06041,0.9937876293667569,0.0526197025488192,0.09806790821300973,0.0403898921847437,-0.9916133883659095,0.12276621938784626,0.10370537270029125,-0.11804259789226014,-0.9875784225852344
5.667,0.015968162566423416,Empty,0.66343,0.24549,0.04476,0.05349,0.09756,0.12347,0.99663,0.02365,0.0503,0.0603,0.9938214618087373,0.0532010388651894,0.09740919623941764,0.04106787381470761,-0.9916085158414376,0.1225805084468178,0.10311319890627021,-0.11782275151432219,-0.987666678306457
5.733,0.01596849225461483,Empty,0.66292,0.24545,0.04317,0.05376,0.09608,0.12368,0.99666,0.02383,0.04957,0.06042,0.9939493318653385,0.05349072556685025,0.09593470676860792,0.041509142898206564,-0.9915621909981828,0.12280640227096981,0.10169423159797783,-0.11808117403386073,-0.9877829314168584
5.8,0.01596849225461483,Empty,0.66211,0.24551,0.04118,0.05426,0.09371,0.12412,0.99669,0.02414,0.04841,0.06066,0.9941467718877781,0.0539925053739731,0.09357887212694756,0.042245171244612745,-0.9914750958719323,0.12325777773534556,0.09943611744041228,-0.11858306636777437,-0.987952688603656
5.867,0.01596849225461483,Empty,0.6611,0.24594,0.03879,0.05527,0.09107,0.12445,0.99673,0.02472,0.04713,0.06084,0.9943350203326928,0.055011777219305946,0.09094818143952473,0.043541077872472744,-0.9913741739518849,0.12361804786891378,0.09696412675668531,-0.1189577722908061,-0.9881533314895631
5.933,0.01596849225461483,Empty,0.66039,0.24666,0.03717,0.05635,0.08986,0.1238,0.99676,0.02531,0.04655,0.06051,0.994384522711028,0.05608276268598367,0.08974488688648774,0.04481534295578721,-0.9913970538014983,0.12297750505464028,0.0958697346847064,-0.11826497978360526,-0.9883432544052029
6.0,0.01596849225461483,Empty,0.66014,0.24727,0.03711,0.05684,0.0896,0.12313,0.99678,0.02558,0.04643,0.06017,0.9943789773475439,0.056583834803364985,0.0894914467879385,0.045407525174961494,-0.9914498588852649,0.12233288181790479,0.09564834586514372,-0.11758166079509916,-0.9884462286730258
6.067,0.01596849225461483,Empty,0.66021,0.24745,0.03745,0.05557,0.09002,0.12248,0.99681,0.02495,0.04659,0.05987,0.9944134943041548,0.05532872096010771,0.08989179597003669,0.044171428551037895,-0.9915854136364626,0.12168505398431351,0.09586807208638698,-0.11703461069411604,-0.9884898647199756
6.133,0.01596849225461483,Empty,0.66009,0.24742,0.03731,0.05515,0.08968,0.12241,0.99682,0.02475,0.04641,0.05985,0.9944673391672644,0.05489009446882748,0.0895644397000517,0.0437792419908386,-0.9916110976723518,0.12161746973087934,0.09548868676596482,-0.11702353824012064,-0.9885278965196046
6.2,0.01596849225461483,Empty,0.65993,0.24733,0.03715,0.05513,0.0893,0.12256,0.99683,0.02475,0.04622,0.05993,0.9945031354434946,0.05488054653863961,0.08917196423023714,0.04380195887978111,-0.9915921164703856,0.12176396409478137,0.09510468963911534,-0.11718873736584696,-0.9885453443536347
6.267,0.01596849225461483,Empty,0.65992,0.24732,0.03714,0.05513,0.08926,0.12258,0.99683,0.02475,0.0462,0.05994,0.9945063957041056,0.05488733102967758,0.08913141868088661,0.043811397348132,-0.991588993958781,0.12178599477040566,0.09506624198964127,-0.1172119787063242,-0.988546287070927
6.333,0.01596849225461483,Empty,0.65991,0.24732,0.03714,0.05513,0.08924,0.12258,0.99683,0.02475,0.04619,0.05994,0.9945070903457518,0.054882825028403914,0.08912644259100598,0.04380705518296857,-0.9915886267949983,0.12179054613148876,0.09506097605338705,-0.11721719467600124,-0.9885461749984499
6.4,0.015968162566423416,Empty,0.65991,0.24733,0.03714,0.05515,0.08924,0.12258,0.99683,0.02476,0.04619,0.05994,0.9945064000178919,0.05489901004003633,0.08912417752819421,0.043823856711069475,-0.9915883904535121,0.12178642576568612,0.0950604539565257,-0.11721161467379121,-0.9885468868390319
6.467,0.015968162566423416,Empty,0.65991,0.24732,0.03714,0.05513,0.08924,0.12258,0.99683,0.02475,0.04619,0.05994,0.9945071823962752,0.054883462956129225,0.089125022615226,0.043808208349121025,-0.9915890219046125,0.12178691440172992,0.095059481607367,-0.11721355353455286,-0.9885467504495379
6.533,0.015968162566423416,Empty,0.65991,0.24732,0.03713,0.05513,0.08922,0.12258,0.99683,0.02475,0.04618,0.05994,0.9945089934698299,0.0548861509731991,0.08910315560614596,0.04381270102104606,-0.9915878362918705,0.12179495123873889,0.09503846135573889,-0.11722232444954145,-0.9885477315303396
6.6,0.01596849225461483,Empty,0.65991,0.24732,0.03714,0.05513,0.08924,0.12258,0.99683,0.02475,0.04619,0.05994,0.9945079270665926,0.054875806052220755,0.08912142790500878,0.04380058894890654,-0.9915888348675339,0.12179117773375596,0.09505520190624762,-0.1172187206727897,-0.9885465492906224
6.667,0.01596849225461483,Empty,0.65991,0.24732,0.03713,0.05513,0.08922,0.12258,0.99683,0.02475,0.04618,0.05994,0.994508878109923,0.054881231459816215,0.08910747327804008,0.043807411834141,-0.9915882314148058,0.1217936368947558,0.09504210661036751,-0.11722128540974013,-0.988547504279866
6.733,0.01596849225461483,Empty,0.65991,0.24732,0.03714,0.05513,0.08924,0.12258,0.99683,0.02475,0.04619,0.05994,0.9945081828930435,0.05488307596023356,0.08911409614600682,0.043808793151835335,-0.991588585887714,0.12179025404269196,0.09504874434392181,-0.11721742323710661,-0.9885473240509516
6.8,0.01596849225461483,Empty,0.65991,0.24732,0.03713,0.05513,0.08924,0.12258,0.99683,0.02475,0.04619,0.05994,0.9945089360291248,0.05487651296135909,0.0891097328209427,0.04380238731715369,-0.9915883860209816,0.12179418530300483,0.09504381633507786,-0.11722218660947438,-0.9885472330359119
6.867,0.01596849225461483,Empty,0.65991,0.24732,0.03714,0.05513,0.08924,0.12258,0.99683,0.02475,0.04619,0.05994,0.9945075916819504,0.054885105486866925,0.08911944390907438,0.043810269821177805,-0.9915886296688643,0.12178936640618364,0.09505424948503252,-0.11721610259311449,-0.9885469513117308
6.933,0.01596849225461483,Empty,0.65991,0.24732,0.03714,0.05513,0.08924,0.12258,0.99683,0.02475,0.04619,0.05994,0.9945088752883908,0.054875749474017965,0.08911088088603136,0.04380142703292739,-0.9915883475724612,0.12179484368558012,0.09504489445782338,-0.11722286926270231,-0.988547048429826
7.0,0.01596849225461483,Empty,0.65991,0.24732,0.03714,0.05513,0.08922,0.12258,0.99683,0.02475,0.04618,0.05994,0.9945089902567706,0.05487663170425272,0.08910905448524264,0.04380277797364729,-0.991588614126593,0.12179218766527558,0.09504306887011534,-0.11722020144709762,-0.9885475402996319
7.067,0.01596849225461483,Empty,0.65991,0.24732,0.03714,0.05513,0.08924,0.12258,0.99683,0.02475,0.04619,0.05994,0.9945080530627279,0.05487767236494656,0.0891188726880451,0.04380284861771011,-0.9915888586153807,0.12179017170043094,0.09505284238967478,-0.11721764605063549,-0.9885469035953687
7.133,0.015968162566423416,Empty,0.65991,0.24732,0.03713,0.05513,0.08922,0.1226,0.99683,0.02475,0.04618,0.05995,0.994508833031536,0.05488837646525219,0.08910357541233233,0.043814618564296304,-0.9915874298915913,0.12179757009502981,0.09503925621719508,-0.11722472013187843,-0.988547371028665
7.2,0.015968162566423416,Empty,0.65991,0.24732,0.03714,0.05513,0.08924,0.12258,0.99683,0.02475,0.04619,0.05994,0.9945085199808157,0.05488195329469597,0.0891110256260485,0.04380777329418273,-0.9915882943211958,0.12179299472542393,0.09504568735388749,-0.11722041531977459,-0.9885472631835497
7.267,0.015968162566423416,Empty,0.65991,0.24732,0.03713,0.05513,0.08922,0.1226,0.99683,0.02475,0.04618,0.05995,0.9945087344081245,0.05488798019518154,0.08910492026842953,0.04381392097305692,-0.9915872774077452,0.1217990624432807,0.0950406098197846,-0.11722619550761183,-0.9885470659366171
7.333,0.01596849225461483,Empty,0.65991,0.24732,0.03713,0.05513,0.08922,0.1226,0.99683,0.02475,0.04618,0.05995,0.9945090353074393,0.05488535419878399,0.08910317944013152,0.0438115907515127,-0.9915874854299843,0.12179820710692854,0.09503853538269733,-0.11722566541979756,-0.9885473282343122
7.4,0.01596849225461483,Empty,0.65991,0.24732,0.03714,0.05513,0.08924,0.12258,0.99683,0.02475,0.04619,0.05994,0.9945078966410275,0.05488524990197974,0.08911595178101354,0.04381034449155735,-0.991588010429475,0.12179438118421752,0.09505102437201687,-0.11722127330699253,-0.9885466482923896
7.467,0.01596849225461483,Empty,0.65991,0.24732,0.03713,0.05513,0.08922,0.1226,0.99683,0.02475,0.04618,0.05995,0.994508878674496,0.05488264377619051,0.0891065971167794,0.043808509221066716,-0.9915876535438549,0.12179794685962528,0.0950415948804731,-0.11722551237477359,-0.9885470522393195
7.533,0.01596849225461483,Empty,0.65991,0.24732,0.03714,0.05513,0.08924,0.12258,0.99683,0.02475,0.04619,0.05994,0.9945083814329132,0.054887354360823315,0.08910924526084332,0.043813424475246776,-0.9915881155174576,0.12179241766337047,0.0950445321701333,-0.11721939897391767,-0.9885474947663133
7.6,0.01596849225461483,Empty,0.65991,0.24732,0.03713,0.05513,0.08922,0.1226,0.99683,0.02475,0.04618,0.05995,0.9945095434119495,0.054878678715136964,0.08910161999108468,0.04380503169231792,-0.9915876633240378,0.12179911798535105,0.09503624182905118,-0.11722728592804331,-0.9885473565656604
7.667,0.01596849225461483,Empty,0.65991,0.24732,0.03714,0.05513,0.08922,0.12258,0.99683,0.02475,0.04618,0.05994,0.9945091155395402,0.054884492698512366,0.08910281460194354,0.04381117113281113,-0.9915880101821324,0.12179408584578638,0.09503788924809378,-0.11722162993349892,-0.9885478688879974
7.733,0.01596849225461483,Empty,0.65991,0.24732,0.03713,0.05513,0.08922,0.1226,0.99683,0.02475,0.04618,0.05995,0.9945094866090014,0.05487877544153641,0.089102194421561,0.04380517545224788,-0.9915878042068662,0.12179791932460615,0.0950367699803504,-0.11722604895774195,-0.9885474524763385
7.8,0.01596849225461483,Empty,0.65991,0.24732,0.03713,0.05513,0.08922,0.12258,0.99683,0.02475,0.04618,0.05994,0.9945097074901181,0.054874469786027946,0.08910238085271331,0.043801186782965906,-0.9915883974030442,0.12179452439279409,0.09503629698343369,-0.11722304680123904,-0.9885478539526101
7.867,0.015968162566423416,Empty,0.65991,0.24732,0.03714,0.05513,0.08922,0.1226,0.99683,0.02475,0.04618,0.05995,0.994508937386042,0.05488448956133568,0.08910480494831338,0.043810721321153046,-0.9915877600220862,0.12179628430991671,0.09503996084071999,-0.11722374750865729,-0.988547418621596
7.933,0.015968162566423416,Empty,0.65991,0.24732,0.03714,0.05513,0.08922,0.1226,0.99683,0.02475,0.04618,0.05995,0.9945092644770186,0.054876494541442666,0.08910607844710934,0.04380238139185977,-0.9915878501742146,0.12179854995557615,0.09504038222661698,-0.11722672789821417,-0.9885470246844591
8.0,0.015968162566423416,Empty,0.65991,0.24732,0.03714,0.05513,0.08922,0.12258,0.99683,0.02475,0.04618,0.05994,0.9945092373659934,0.054879782909955654,0.08910435579401371,0.04380628484820587,-0.9915882156960779,0.12179417022364511,0.09503886679410624,-0.11722209655361283,-0.9885477195755741
8.067,0.015968162566423416,Empty,0.6599,0.24732,0.03713,0.05513,0.08922,0.1226,0.99683,0.02475,0.04618,0.05995,0.9945093084838594,0.05488480114435518,0.08910047105543499,0.04381138797898387,-0.9915875307133863,0.12179791138227311,0.0950357702252722,-0.11722554131704313,-0.9885476087880721
8.133,0.014357360079884529,Grasping,0.65991,0.24732,0.03713,0.05513,0.08922,0.1226,0.99683,0.02475,0.04618,0.05995,0.9945093856397653,0.054881458086914414,0.08910166907903536,0.0438078289859935,-0.991587580492064,0.12179878625597215,0.09503660344282913,-0.11722668540971516,-0.988547393013558
8.2,0.014357360079884529,Grasping,0.65991,0.24732,0.03714,0.05513,0.08922,0.1226,0.99683,0.02475,0.04618,0.05995,0.9945092954110986,0.05487774396143569,0.08910496371484311,0.04380398426348758,-0.99158806724017,0.1217962063019541,0.09503931977641962,-0.11722430688473752,-0.9885474139219768
8.267,0.014357360079884529,Grasping,0.65991,0.24732,0.03714,0.05513,0.08922,0.12258,0.99683,0.02475,0.04618,0.05994,0.9945090276902007,0.05488220289919021,0.0891052055023935,0.043808569753426174,-0.9915880796001306,0.12179445640538865,0.09504000767493055,-0.11722211480713464,-0.9885476077262503
8.333,0.012405418790876865,Grasping,0.65991,0.24732,0.03714,0.05513,0.08922,0.1226,0.99683,0.02475,0.04618,0.05995,0.994508893810852,0.05487797313640125,0.08910930476417975,0.04380336317093664,-0.991587664988044,0.12179970450897583,0.09504380835188615,-0.11722760215921514,-0.9885465916111242
8.4,0.012405418790876865,Grasping,0.65991,0.24732,0.03714,0.05513,0.08922,0.1226,0.99683,0.02475,0.04618,0.05995,0.9945094477873722,0.05487855834258548,0.08910276143810061,0.04380493662832802,-0.9915878718411979,0.12179745458929858,0.09503728630723736,-0.11722557848730587,-0.9885474586278964
8.466,0.010931858792901039,Grasping,0.65991,0.24732,0.03714,0.05513,0.08922,0.1226,0.99683,0.02475,0.04618,0.05995,0.9945089364497625,0.054880395399314275,0.08910733708498499,0.0438063143092019,-0.9915879221573743,0.12179654945138779,0.09504200202124127,-0.11722429284254969,-0.9885471577114359
8.533,0.010931858792901039,Grasping,0.65991,0.24732,0.03714,0.05513,0.08922,0.1226,0.99683,0.02475,0.04618,0.05995,0.9945093326796008,0.054875554981890506,0.08910589586893099,0.04380166600914409,-0.9915881370790779,0.12179647145491244,0.09503999825336014,-0.11722474085905844,-0.9885472972309052
8.6,0.010931858792901039,Grasping,0.65991,0.24732,0.03714,0.05513,0.08922,0.1226,0.99683,0.02475,0.04618,0.05995,0.9945089742136206,0.054880918492636044,0.08910659343716817,0.0438069170563718,-0.9915878869254946,0.12179661949598165,0.09504132904472834,-0.11722434596975755,-0.9885472161133095
8.667,0.010931858792901039,Grasping,0.65991,0.24732,0.03713,0.05513,0.08922,0.1226,0.99683,0.02475,0.04618,0.05995,0.9945098815575818,0.054879196638341066,0.08909752668090584,0.043806311225275674,-0.9915879634734793,0.12179621419137969,0.09503211342045782,-0.1172245045664448,-0.9885480832756658
8.733,0.008976961486041546,Grasping,0.65991,0.24732,0.03714,0.05513,0.08922,0.12258,0.99683,0.02475,0.04618,0.05994,0.9945091059334339,0.05488624894812871,0.0891018400028059,0.043813172559759916,-0.9915880943660114,0.12179268049366289,0.09503706711452278,-0.11722009549555393,-0.9885481298785017
8.8,0.008976961486041546,Grasping,0.65991,0.24732,0.03714,0.05513,0.08922,0.1226,0.99683,0.02475,0.04618,0.05995,0.994509489011288,0.054876981623623755,0.08910327241121593,0.043803142471266765,-0.9915877445608898,0.1217991360654467,0.09503768187486888,-0.11722739323437918,-0.9885472053975589
8.867,0.00750176003202796,Grasping,0.6599,0.24732,0.03713,0.05513,0.08922,0.1226,0.99683,0.02475,0.04618,0.05995,0.9945097649975685,0.054883703061666955,0.08909605189187747,0.043810911056248736,-0.9915876737218635,0.12179691866087988,0.09503121275087903,-0.11722484574996166,-0.9885481294008881
8.934,0.00750176003202796,Grasping,0.65991,0.24732,0.03714,0.05513,0.08922,0.1226,0.99683,0.02475,0.04618,0.05995,0.9945094860571406,0.05488085075927507,0.08910092234258425,0.04380728239792958,-0.9915875671575726,0.1217990914064409,0.09503580457527123,-0.11722708252986865,-0.9885474227219784
