time,gr,gr_state,tx,ty,tz,rx,ry,rz,qw,qx,qy,qz,xx,xy,xz,yx,yy,yz,zx,zy,zz
0.0,0.016476094722747803,Empty,0.31548,0.01164,0.4396,0.04933,-0.10422,0.00658,0.99833,0.0248,-0.05199,0.00457,0.9933632288546235,0.049040148289045515,-0.10404114289695768,0.04998967615776795,-0.9987283411943404,0.0065370308889048725,-0.10358826109727981,-0.01169462915142792,-0.9945515108891304
0.067,0.016476094722747803,Empty,0.32236,0.01499,0.42484,0.05809,-0.12348,0.00729,0.99766,0.02921,-0.06157,0.00543,0.9907112508965574,0.05762122048556917,-0.12317066329581848,0.05895858565802198,-0.9982341920240518,0.0072376136463424695,-0.12253612742446272,-0.014432353371555833,-0.9923591107315809
0.134,0.016476422548294067,Empty,0.33401,0.01857,0.41092,0.06654,-0.12792,0.00791,0.99739,0.03345,-0.06375,0.00607,0.9896344638027449,0.06595393106332859,-0.12756844057661088,0.06750229428263604,-0.9976882538886411,0.007847822577921194,-0.12675593998087445,-0.01637763810589945,-0.9917987218431152
0.2,0.016476422548294067,Empty,0.34911,0.02247,0.39822,0.07556,-0.12059,0.00823,0.99745,0.03795,-0.06006,0.00638,0.9899058010059282,0.07493952647089114,-0.12029369271549605,0.076471794761994,-0.9970383063118775,0.008165803856434888,-0.11932547817080436,-0.01728245118786325,-0.9927047633310963
0.267,0.016476422548294067,Empty,0.36467,0.02679,0.38467,0.08501,-0.11104,0.00808,0.99754,0.04265,-0.05527,0.00639,0.9902531034596482,0.08438600343664815,-0.11080520525916371,0.0857978081370499,-0.996280232982675,0.00802704720710671,-0.10971566527808753,-0.01745565214986668,-0.993809726758905
0.333,0.016476422548294067,Empty,0.38023,0.03199,0.36932,0.0961,-0.10213,0.00756,0.99753,0.04816,-0.0508,0.00622,0.9902009786476882,0.0954479542343919,-0.10193973669590144,0.09671172935202782,-0.9952840522997456,0.007516424917279545,-0.10074156684755506,-0.01730153953457306,-0.9947621793367665
0.4,0.016476422548294067,Empty,0.39574,0.03791,0.3521,0.10803,-0.09286,0.00695,0.99745,0.05409,-0.04616,0.00597,0.9898877067927911,0.1073457833652871,-0.09273192942132552,0.10844871948086571,-0.9940779385463328,0.006922957347371181,-0.09143961495691746,-0.016909609373546346,-0.9956670437085706
0.467,0.016476422548294067,Empty,0.4122,0.04441,0.33371,0.11869,-0.07862,0.00645,0.99746,0.05939,-0.03904,0.00555,0.9898982715967551,0.11803884107278173,-0.07853816835113528,0.11890578529670182,-0.9928846653092396,0.006438603632308651,-0.07721933768643298,-0.015712205190675236,-0.9968903151778107
0.533,0.016476094722747803,Empty,0.43006,0.05118,0.31586,0.12801,-0.05687,0.006,0.99754,0.06402,-0.02818,0.00481,0.9902132724764855,0.12746027546626526,-0.056846751793514935,0.1280025896907856,-0.9917557563543908,0.00598805230295563,-0.05561485452522667,-0.013205980311749285,-0.9983649583394558
0.6,0.016476094722747803,Empty,0.44882,0.05812,0.29845,0.13734,-0.03208,0.00529,0.99751,0.06865,-0.01582,0.00374,0.9900743014237112,0.1368338191885135,-0.032084008269470346,0.1370706516637613,-0.9905471384396087,0.005291784346907566,-0.03105662751848709,-0.009637035612031239,-0.9994711668836627
0.667,0.016476094722747803,Empty,0.46624,0.06499,0.28224,0.14671,-0.01104,0.00452,0.99729,0.0733,-0.00534,0.00266,0.9891980859339056,0.1461687211598915,-0.011038647524929867,0.1462254697207775,-0.989240973945579,0.004517463020348287,-0.01025957063603208,-0.00608279719242071,-0.9999288678644498
0.733,0.016476094722747803,Empty,0.48168,0.07201,0.26605,0.15496,0.00192,0.00368,0.997,0.0774,0.0011,0.00176,0.9880164934899955,0.15433628518125198,0.0019286441312141144,0.15432853655761647,-0.988012765669668,0.003671195685101707,0.002472123726285374,-0.0033295570613990763,-0.9999914012900595
0.8,0.016476094722747803,Empty,0.49399,0.07843,0.24959,0.15981,0.00295,0.00274,0.99681,0.07982,0.00158,0.00125,0.9872540747265426,0.1591249027491689,0.0029423223660347175,0.15911704896022516,-0.9872559344531158,0.0027358028609568022,0.003340159581132714,-0.0022327588701550032,-0.9999919290283298
0.867,0.016476422548294067,Empty,0.50335,0.08458,0.23306,0.15836,-0.00565,0.00194,0.99686,0.0791,-0.00274,0.00119,0.9874701540632261,0.1577050017199546,-0.005641565993440316,0.15771802540170027,-0.987482282740817,0.0019405505337308042,-0.005264911940175625,-0.002806012383169409,-0.9999822033400233
0.933,0.016476422548294067,Empty,0.51331,0.09115,0.21785,0.14765,-0.01163,0.00139,0.99726,0.07376,-0.00575,0.00112,0.9890526036929512,0.1471038733568329,-0.011636046219003524,0.14712971302967476,-0.9891162266505242,0.0013920202708440172,-0.01130463055563953,-0.0030887894142736846,-0.9999313299961925
1.0,0.016476422548294067,Empty,0.52556,0.09808,0.20537,0.12881,-0.00907,0.00076,0.99792,0.06436,-0.0045,0.00067,0.9916759205831074,0.12843979537977684,-0.009060215143545963,0.1284519047484372,-0.9917154444502952,0.0007651178023737439,-0.008886883713918707,-0.0019225507936426385,-0.9999586626937641
1.067,0.016476094722747803,Empty,0.53931,0.10583,0.19623,0.11004,0.0008,-0.00064,0.99849,0.05499,0.00038,-0.00034,0.9939529633080255,0.10980373004030614,0.0008047362490018572,0.10980425326412213,-0.9939530267806436,-0.0006375881946215971,0.0007298604684562945,0.0007220961383105515,-0.9999994729402929
1.133,0.016476094722747803,Empty,0.55443,0.11541,0.18946,0.09798,0.01652,-0.0033,0.99876,0.04898,0.00817,-0.00205,0.9950677987969849,0.09781174597527958,0.016520839766484927,0.09787884278569636,-0.9951928639392813,-0.003300863411891259,0.01611855862834713,0.004901623567591637,-0.9998580730054374
1.2,0.016476094722747803,Empty,0.57014,0.12612,0.18489,0.08573,0.03614,-0.00712,0.99891,0.04291,0.0179,-0.00433,0.9956774300974323,0.0855634751810655,0.03612958496180435,0.08587352095216483,-0.9962806345817898,-0.0071158665378023254,0.035386347563024056,0.01018768237848581,-0.999321778774937
1.267,0.016476422548294067,Empty,0.58521,0.13848,0.18151,0.07272,0.0544,-0.0119,0.99895,0.0365,0.02696,-0.00693,0.995881057140181,0.07255835010627032,0.05437100200668532,0.07330604569727728,-0.9972386927632431,-0.011883321088261543,0.05335863279342698,0.015820097525422887,-0.9984500892987602
1.333,0.016476422548294067,Empty,0.59809,0.15153,0.17857,0.06123,0.06707,-0.01654,0.99893,0.03087,0.03326,-0.00929,0.9958807450538842,0.061060920179974276,0.06703063223404641,0.06229648379995989,-0.9979213208062627,-0.016498047958646664,0.0658839110639501,0.02060586098806107,-0.9976145090944992
1.4,0.016476422548294067,Empty,0.60809,0.16558,0.17489,0.05976,0.0745,-0.02032,0.9988,0.03023,0.03692,-0.01126,0.9954467645397839,0.059553344039137035,0.07442538667035907,0.061216362141060576,-0.9979187779577361,-0.020264984716335272,0.07306364330835687,0.024728764892225252,-0.9970206578669343
1.467,0.016476422548294067,Empty,0.61613,0.18026,0.17064,0.07075,0.08043,-0.02361,0.99848,0.03581,0.03976,-0.01321,0.9942741029729598,0.07045122196602105,0.08034695688581217,0.07255189954830082,-0.9970870645855279,-0.023528865424170098,0.07845527406904734,0.029223465908579282,-0.9964892167058511
1.534,0.016476422548294067,Empty,0.62379,0.19507,0.1661,0.07538,0.08632,-0.02778,0.99824,0.03824,0.04259,-0.01549,0.9934483391324198,0.07502176496027324,0.08620981531868693,0.07766107851934434,-0.9965956143716757,-0.02767559029820937,0.0838400522319065,0.034189416452868195,-0.9958925290634345
1.6,0.016476094722747803,Empty,0.63125,0.2089,0.1604,0.06424,0.09058,-0.03339,0.9983,0.03283,0.04471,-0.01812,0.9938462723549815,0.06392016937375017,0.09046435139511674,0.06716171345073879,-0.9971878949514146,-0.033250660275056174,0.08808456829927107,0.03912178561361217,-0.9953444603341767
1.667,0.016476094722747803,Empty,0.63889,0.21985,0.15398,0.04196,0.09371,-0.03883,0.99848,0.02186,0.04641,-0.02037,0.9947368899076241,0.0417590788834879,0.09356654951268795,0.04554049123942677,-0.9982145517509126,-0.038649350969926596,0.09178552998473868,0.04270700180915898,-0.9948625676352955
1.733,0.016476094722747803,Empty,0.6459,0.22851,0.14586,0.02157,0.09422,-0.04286,0.99859,0.01178,0.04685,-0.02191,0.9953320332982301,0.021473604366832877,0.09409052984178787,0.025580742126431077,-0.9987619219246481,-0.04266437560359099,0.09305788049742289,0.04487212529934355,-0.9946490452659408
1.8,0.016476094722747803,Empty,0.65248,0.23509,0.13654,0.01956,0.09369,-0.0442,0.9986,0.0108,0.0466,-0.02253,0.9954230586515158,0.01946946688081458,0.09356214065655812,0.023669015193720333,-0.9987516802811618,-0.04398703053532295,0.09258894115724668,0.04600022820522579,-0.9946412755262307
1.867,0.016476094722747803,Empty,0.65942,0.23974,0.12782,0.032,0.09518,-0.04308,0.99849,0.017,0.04721,-0.02227,0.9949635442715103,0.03184921638355731,0.0950430059837549,0.036055953368639926,-0.9984295314622535,-0.04287702101059376,0.09352814441307608,0.04608793898427013,-0.9945493391897806
1.933,0.016476094722747803,Empty,0.66585,0.2435,0.11905,0.04595,0.09543,-0.04219,0.99835,0.02395,0.04719,-0.02216,0.9943994725555739,0.04572363791625733,0.09528398562664835,0.04990605126657388,-0.9978711657535012,-0.04198240827687466,0.09316155337999917,0.046502532118703976,-0.9945644471216406
2.0,0.016476094722747803,Empty,0.67094,0.24642,0.11021,0.05683,0.09374,-0.04126,0.99826,0.02934,0.04624,-0.02193,0.9940021980260947,0.05655537300389757,0.09360085525080719,0.06061179764072461,-0.9973159111499215,-0.041075337539228096,0.09102659120307864,0.04650229189611716,-0.9947621306334272
2.067,0.016476094722747803,Empty,0.67488,0.24831,0.10178,0.05851,0.0909,-0.04084,0.9983,0.03014,0.04481,-0.02172,0.994167686980787,0.05822177870003814,0.09077904300154076,0.06211545648028077,-0.9972399513556423,-0.04067123659839351,0.08816053669028003,0.04607281091055693,-0.9950402081651183
2.133,0.016476094722747803,Empty,0.67841,0.24946,0.09372,0.05792,0.08709,-0.04024,0.99841,0.0298,0.04292,-0.02135,0.99453914906992,0.05768252364058196,0.08697475170262584,0.06134714010362469,-0.9973120432785224,-0.04006515609260854,0.08442990802071217,0.04518201852587537,-0.9954045287387143
2.2,0.016476094722747803,Empty,0.68055,0.2501,0.08656,0.05723,0.07902,-0.03827,0.99861,0.02934,0.03893,-0.02024,0.9952477949879387,0.05702421245861361,0.07893076564382796,0.0601762306503536,-0.9974585850735376,-0.03814698320722431,0.07655486814279969,0.04271545688122392,-0.9961499595477915
2.267,0.016476094722747803,Empty,0.6817,0.25037,0.08088,0.05498,0.06726,-0.03525,0.99889,0.02806,0.03312,-0.01853,0.9962316292700208,0.05482790740942711,0.06720447463601585,0.05728218478415381,-0.9977389816823472,-0.035152179702360536,0.06512520363387499,0.038869332391697355,-0.9971197936311715
2.333,0.016476094722747803,Empty,0.68264,0.25037,0.07739,0.0513,0.05291,-0.03127,0.99919,0.02605,0.02604,-0.0163,0.9972870471049081,0.051207020509165535,0.052880872982078796,0.052904148687692054,-0.9981118334494772,-0.031207675013583194,0.05118297303208766,0.03392062762828484,-0.9981130668881655
2.4,0.016476094722747803,Empty,0.68301,0.25037,0.0757,0.04941,0.03507,-0.02643,0.99945,0.02493,0.0172,-0.01364,0.998165475426631,0.04935607873609754,0.035066524751161704,0.050294497611863,-0.9983853825192565,-0.02640249006908213,0.03370678234863102,0.028117707297605998,-0.999036159185456
2.467,0.016476422548294067,Empty,0.68232,0.2502,0.07527,0.04571,0.01214,-0.02007,0.99967,0.02291,0.00584,-0.01017,0.9988822860224776,0.04567999328222749,0.01214565289496499,0.045917545222529166,-0.9987438510582096,-0.020057393004919204,0.011214174568209648,0.020592673142466555,-0.9997250542532187
2.534,0.016476422548294067,Empty,0.68047,0.25001,0.07498,0.03772,-0.01465,-0.01254,0.99978,0.01881,-0.00744,-0.00613,0.9991818848876026,0.037698872862456656,-0.014640898106276352,0.03751658370217181,-0.9992174212698168,-0.012531998173284636,-0.01510188265667488,0.011972469076911447,-0.9998142793161271
2.6,0.016476094722747803,Empty,0.67829,0.25035,0.0747,0.02745,-0.03919,-0.00548,0.99971,0.01367,-0.01963,-0.00247,0.9988554593952723,0.027434180173050382,-0.039180824321238476,0.027240553017788383,-0.9996139558037306,-0.005467324181206143,-0.039315690348055966,0.004393759284478176,-0.9992171792817643
2.667,0.016476094722747803,Empty,0.6775,0.25226,0.07468,0.02687,-0.05125,-0.00329,0.99958,0.01339,-0.02564,-0.0013,0.9983263838764498,0.026833619843029954,-0.051228781971574766,0.026700398254859037,-0.9996380890418604,-0.0032832407419129093,-0.05129834294792904,0.0019099169765173208,-0.9986815469547535
2.734,0.016476094722747803,Empty,0.67759,0.25541,0.07405,0.03214,-0.05232,-0.00482,0.99953,0.016,-0.02619,-0.00199,0.99811626727014,0.03208659807875852,-0.05229117740550651,0.03187813238246834,-0.9994801601664989,-0.0048160263034445,-0.05241852426888616,0.003140009121300854,-0.9986202674972057
2.8,0.016476094722747803,Empty,0.67645,0.25843,0.07227,0.03679,-0.05334,-0.00504,0.99947,0.01832,-0.02671,-0.00203,0.9979014723774622,0.03673824192792219,-0.05331934927339853,0.0365209875842899,-0.9993201589732995,-0.005043543937302785,-0.0534683915295881,0.0030856846282186602,-0.9985647748932532
2.867,0.016476422548294067,Empty,0.67507,0.26176,0.06993,0.04153,-0.05321,-0.00515,0.99943,0.02069,-0.02665,-0.00202,0.9977235707326261,0.04146945509258171,-0.05317857368210399,0.041254141216909235,-0.9991354609054404,-0.005140680278782277,-0.05334577993612936,0.0029351414953461405,-0.9985717864567415
2.933,0.016476422548294067,Empty,0.67475,0.26422,0.06816,0.04473,-0.05036,-0.00607,0.99943,0.02228,-0.02524,-0.00247,0.9977327170467205,0.04466300035780246,-0.05034522552941069,0.044413804138868807,-0.9989948508896683,-0.00605820912840159,-0.05056519886723004,0.003808450468126924,-0.998713500643978
3.0,0.016476422548294067,Empty,0.67422,0.26445,0.0665,0.04618,-0.05155,-0.00545,0.9994,0.02301,-0.02583,-0.00213,0.9976063781601967,0.04610910124500134,-0.051531204492743066,0.04588945552839069,-0.9989317220151369,-0.005438071641769009,-0.051726899437357914,0.0030603160378267135,-0.9986565787798856
3.067,0.016476422548294067,Empty,0.67357,0.26361,0.06399,0.04959,-0.05453,-0.00391,0.99932,0.02473,-0.0273,-0.00128,0.997286403323526,0.049494532647819334,-0.0544988163541109,0.04935521624911193,-0.9987736740379487,-0.0039000868888760254,-0.05462501601856551,0.0011997027595786471,-0.9985062184775113
3.133,0.016476422548294067,Empty,0.67293,0.26257,0.06022,0.04965,-0.05729,-0.00224,0.99928,0.02478,-0.02866,-0.00041,0.9971291302966039,0.04955698542883813,-0.0572503511704916,0.04951052996078198,-0.9987711111865976,-0.0022304443708999755,-0.0572905309535633,-0.0006104541711613469,-0.998357362074705
3.2,0.016476094722747803,Empty,0.67337,0.26142,0.05609,0.04821,-0.05528,-0.00167,0.99933,0.02407,-0.02765,-0.00017,0.997311388761215,0.04812412850343406,-0.055263569401200044,0.04810561557579868,-0.9988408653374057,-0.00166597781980821,-0.055279685213012575,-0.0009969893718422764,-0.9984704113868085
3.267,0.016476094722747803,Empty,0.67439,0.26058,0.05177,0.04721,-0.0502,-0.00263,0.99941,0.02356,-0.02512,-0.00072,0.9976270538427024,0.04713401787143856,-0.0501861116288605,0.047062121843082116,-0.9988885442809927,-0.0026139609457190224,-0.05025353847000657,0.0002458932568296196,-0.9987364624402925
3.333,0.016476422548294067,Empty,0.67547,0.26097,0.04749,0.04953,-0.04303,-0.00531,0.99946,0.0247,-0.02157,-0.00212,0.997848881416139,0.049466158046269526,-0.043019868255280154,0.04928323011233937,-0.998770764940953,-0.005303049024623342,-0.043229308186164245,0.003171483470687906,-0.9990601426372393
3.4,0.016476422548294067,Empty,0.67619,0.26242,0.04345,0.05468,-0.03575,-0.00896,0.99946,0.02725,-0.01799,-0.00399,0.9978669836448113,0.05462027565142391,-0.03575064250286699,0.054333128675144116,-0.9984827038758646,-0.008955511661131423,-0.03618555070709244,0.006993965148961809,-0.9993206144033651
3.467,0.016476422548294067,Empty,0.67603,0.26351,0.04002,0.05871,-0.03285,-0.01043,0.99942,0.02926,-0.01657,-0.00473,0.9977387356843881,0.058635582416300625,-0.03285245484921555,0.058322096255118694,-0.9982434205869317,-0.010421436720059116,-0.03340581391505392,0.008481847063153792,-0.9994058784433231
3.534,0.016476422548294067,Empty,0.6752,0.26369,0.03751,0.05977,-0.03461,-0.00968,0.99939,0.02979,-0.01744,-0.00432,0.9976169327104512,0.0596886570780798,-0.03460808844195731,0.05938745459692135,-0.9981881910990348,-0.009667749838260522,-0.03512244020408544,0.0075894246588244455,-0.9993541988841886
3.6,0.016476422548294067,Empty,0.67464,0.26383,0.0363,0.06079,-0.03612,-0.00926,0.99937,0.0303,-0.01819,-0.00408,0.9975025626415375,0.06070086635694261,-0.036111526512768395,0.06040420844641542,-0.9981311279970257,-0.00925110400693583,-0.036605588719863184,0.007046711779386374,-0.9993049458136245
3.667,0.016476422548294067,Empty,0.67481,0.26427,0.03652,0.06263,-0.03496,-0.00964,0.99935,0.03122,-0.01762,-0.00427,0.9974300339110639,0.0625423665150705,-0.03495396748394445,0.06224140933973071,-0.9980146259321345,-0.009633970570093192,-0.035487102101722956,0.007433627394210445,-0.9993424872225668
3.734,0.016476094722747803,Empty,0.67577,0.26475,0.03744,0.06711,-0.03194,-0.01062,0.9993,0.03346,-0.01614,-0.00477,0.9972394723819558,0.0670342344301097,-0.03193502994718916,0.06672625202160581,-0.9977148507551606,-0.010615266070906312,-0.03257363987195655,0.008455057479170941,-0.9994335745753772
3.8,0.016476094722747803,Empty,0.67692,0.26525,0.03868,0.07293,-0.02896,-0.01166,0.99922,0.03637,-0.01468,-0.0053,0.9969235769727761,0.07283801403340046,-0.028948322705733984,0.07252655038060885,-0.9972982189051436,-0.011668849922642832,-0.029720046529139083,0.009533429618888041,-0.9995127975939113
3.867,0.016476094722747803,Empty,0.67765,0.26567,0.03953,0.07475,-0.02698,-0.0123,0.99919,0.03728,-0.01371,-0.00564,0.9968443320911845,0.0746539652849465,-0.02698449638059818,0.07434468234197505,-0.9971568704890532,-0.012289989582929588,-0.027825272418276693,0.010245052645629301,-0.9995602998874741
3.933,0.016476422548294067,Empty,0.67777,0.26557,0.03951,0.07461,-0.02683,-0.01219,0.9992,0.03721,-0.01363,-0.00559,0.9968593417668657,0.07451274592554968,-0.02681983271323165,0.07420790844685199,-0.9971683005339906,-0.012188795432539219,-0.0276521076244625,0.01016027090126867,-0.9995659707288649
4.0,0.016476422548294067,Empty,0.67771,0.26489,0.03875,0.07406,-0.02761,-0.01121,0.99921,0.03694,-0.014,-0.00509,0.9968781515075007,0.07397168507998991,-0.027606898656216523,0.07368666811220792,-0.9972185058981096,-0.011203858124017356,-0.02835887849526352,0.00913462099753472,-0.9995560678169694
4.067,0.016476422548294067,Empty,0.6776,0.26407,0.03773,0.07301,-0.02869,-0.01011,0.99922,0.03642,-0.01452,-0.00453,0.9969259876793755,0.07290737932385327,-0.0286895299652934,0.07264440104933256,-0.9973067062476709,-0.010105675118761263,-0.029349038922687823,0.007990476428222345,-0.9995372860482817
4.133,0.016476422548294067,Empty,0.67758,0.26273,0.03648,0.06633,-0.03019,-0.00879,0.99933,0.03309,-0.01523,-0.00389,0.9973460223016175,0.06625766817292705,-0.030180013376867633,0.0660205486717203,-0.9977795657424605,-0.008787794937950667,-0.030695259442243113,0.00677197128410675,-0.9995058486335638
4.2,0.016476422548294067,Empty,0.67785,0.26063,0.03523,0.05423,-0.03162,-0.00712,0.9995,0.02705,-0.0159,-0.00313,0.9980305962907736,0.05417944339534536,-0.0316151353129045,0.05398022678690534,-0.9985166074457351,-0.007121781455107451,-0.031954091811800145,0.005401163618204153,-0.9994747437769763
4.267,0.016476094722747803,Empty,0.67801,0.25876,0.0337,0.04794,-0.03342,-0.0063,0.99957,0.02391,-0.01678,-0.00275,0.9982932033972911,0.047896519560403805,-0.03341561707905322,0.047712087267320735,-0.9988412902231429,-0.006295528092435469,-0.033678431961266374,0.0046904540683078795,-0.999421714223412
4.333,0.016476094722747803,Empty,0.67784,0.25772,0.0323,0.04843,-0.03507,-0.00571,0.99955,0.02416,-0.0176,-0.00243,0.9982125837264202,0.048387645907949695,-0.035075253580139985,0.04821680326659622,-0.9988206246033166,-0.005700855180650213,-0.03530973765088897,0.003999448777927405,-0.9993684139677911
4.4,0.016476094722747803,Empty,0.67806,0.25757,0.03142,0.05295,-0.03422,-0.00587,0.9995,0.02642,-0.01718,-0.00248,0.9980134822180347,0.05290621521051808,-0.034205579999915026,0.05273570494532959,-0.9985912600819311,-0.005868620953838307,-0.034467879757121136,0.0040531074595985045,-0.9993975873419794
4.467,0.016476094722747803,Empty,0.67857,0.258,0.03105,0.05896,-0.03111,-0.00698,0.99944,0.02942,-0.01565,-0.00303,0.997778929188823,0.058903697522988574,-0.031105672873700543,0.05871411270103294,-0.9982504757974378,-0.0069742770177028,-0.031462063450063395,0.005132444671841814,-0.999491769138273
4.534,0.016476094722747803,Empty,0.67925,0.25884,0.03115,0.06425,-0.02678,-0.00869,0.99939,0.03206,-0.01352,-0.00391,0.9975793838436666,0.06417906930300171,-0.026766023116837272,0.06396747410861259,-0.9979141568994082,-0.00868894216271689,-0.027267841613419247,0.006955754678219682,-0.9996039627225384
4.6,0.016476094722747803,Empty,0.67915,0.25978,0.03124,0.06582,-0.02584,-0.00946,0.99937,0.03284,-0.01307,-0.0043,0.9975017534510857,0.0657464251371771,-0.025839106867135475,0.06552184860186006,-0.9978064349555241,-0.009444877825687072,-0.026403394058427638,0.007728256144098376,-0.9996214957868637
4.667,0.016476094722747803,Empty,0.67898,0.26062,0.03129,0.06696,-0.02525,-0.00967,0.99935,0.03341,-0.01278,-0.00441,0.9974411537680088,0.06688835551297323,-0.025240694655921207,0.0666629397463277,-0.9977286944486549,-0.009669784804224061,-0.025830161329748573,0.007962422404810463,-0.9996346345516076
4.733,0.016476094722747803,Empty,0.67903,0.26125,0.03136,0.06784,-0.02403,-0.01006,0.99934,0.03385,-0.01218,-0.00462,0.9974116104652351,0.06776926654670751,-0.024029270086023756,0.06754441658592109,-0.9976656541770812,-0.010049590214738197,-0.02465423081771868,0.00840053493165161,-0.9996607424099679
4.8,0.016476422548294067,Empty,0.67892,0.26208,0.03135,0.0698,-0.02311,-0.01037,0.99931,0.03483,-0.01173,-0.00478,0.9972988275908621,0.0697233778664032,-0.023101927728888878,0.0694991167794558,-0.9975280801498099,-0.010373142219714006,-0.023768072129805057,0.008739559001093432,-0.999679298002964
4.867,0.016476422548294067,Empty,0.67835,0.26335,0.03114,0.07169,-0.02344,-0.01061,0.99928,0.03577,-0.0119,-0.00488,0.9971578359318252,0.07160615957213096,-0.023426654714023866,0.07137407251278505,-0.9973933087618139,-0.010598556981996753,-0.02412451062092809,0.00889637839187724,-0.9996693765634762
4.933,0.016476422548294067,Empty,0.67776,0.26494,0.03115,0.07445,-0.0233,-0.01058,0.99923,0.03715,-0.01184,-0.00485,0.9969591417907506,0.07436103269064287,-0.02330035229414284,0.07413141009655272,-0.9971924679879718,-0.010569570717645131,-0.024020900002846252,0.008810142180448951,-0.999672635295082
5.0,0.016476094722747803,Empty,0.67766,0.26635,0.03152,0.07718,-0.02209,-0.0106,0.99918,0.03852,-0.01124,-0.00487,0.9967803830505253,0.07708035369025767,-0.022079108691988147,0.07686155119156068,-0.9969854901123735,-0.010594076355091644,-0.022829146152998053,0.008862932944301545,-0.999700094281055
5.067,0.016476094722747803,Empty,0.67796,0.26701,0.03194,0.07778,-0.02061,-0.01105,0.99918,0.03882,-0.01051,-0.00512,0.996764726335428,0.07768941362323178,-0.020601828664894566,0.07747417980420201,-0.996933137204276,-0.011048593019305854,-0.02139700439607016,0.009416738019000564,-0.9997267092800691
5.133,0.016476094722747803,Empty,0.67845,0.2669,0.03221,0.07593,-0.01947,-0.01113,0.99922,0.0379,-0.00994,-0.00519,0.996929262197366,0.07585025696165332,-0.019462391771467455,0.07564416733533474,-0.9970729084927605,-0.011116433687597045,-0.02024860792150416,0.009610081614535224,-0.9997487885507054
5.2,0.016476094722747803,Empty,0.67897,0.26601,0.03222,0.07374,-0.01889,-0.01034,0.99926,0.03681,-0.00963,-0.00482,0.9971037490320428,0.07366763266680132,-0.018899565167329133,0.07348206739915186,-0.9972430082964856,-0.010332868649241404,-0.019608657195009333,0.008914162946973966,-0.9997679922171759
5.267,0.016476094722747803,Empty,0.67935,0.26466,0.0318,0.07199,-0.01917,-0.0096,0.9993,0.03594,-0.00975,-0.00445,0.9972256525748435,0.07192555077607371,-0.0191758439771518,0.07175192298510469,-0.9973763602235244,-0.009594665977205218,-0.019815635105068802,0.008192143360133158,-0.9997700882665724
5.333,0.016476422548294067,Empty,0.6798,0.26288,0.0312,0.06954,-0.01966,-0.00843,0.99934,0.03472,-0.00997,-0.00387,0.9973897367441678,0.0694786474873218,-0.019657837641315033,0.06932425549463117,-0.9975585597434344,-0.008430153184826737,-0.020195559846533234,0.00704538330660885,-0.9997712247992278
5.4,0.016476422548294067,Empty,0.68019,0.26088,0.03033,0.0669,-0.02026,-0.00634,0.99939,0.03341,-0.01023,-0.00283,0.9975586232067102,0.06683404641445129,-0.020248543300773712,0.06671840014927205,-0.9977517353719779,-0.006334796265710922,-0.020626399284750113,0.004968380226736792,-0.9997749080920508
5.467,0.016476422548294067,Empty,0.6806,0.25889,0.02943,0.06239,-0.02062,-0.00368,0.99946,0.03117,-0.01036,-0.00152,0.9978425860453602,0.062328435467126186,-0.02062376315148253,0.06226549893555289,-0.9980528351467925,-0.0036804752078948306,-0.0208130035462168,0.0023883859967658806,-0.9997805331650121
5.533,0.016476094722747803,Empty,0.6809,0.25807,0.02843,0.05518,-0.02035,-0.00294,0.99957,0.02757,-0.01021,-0.00119,0.9982716728756789,0.0551332639390093,-0.020346752601465283,0.055084644378054604,-0.9984773518769527,-0.0029427440479434207,-0.020478014741106578,0.0018168643922855012,-0.9997886526241648
5.6,0.016476094722747803,Empty,0.68146,0.25879,0.02784,0.0462,-0.01695,-0.00405,0.9997,0.02308,-0.00852,-0.00183,0.9987895898145933,0.04617639417260522,-0.016943904485458114,0.04611421022216411,-0.9989279933689688,-0.004042731679387615,-0.017112419279055584,0.0032564835423592444,-0.9998482686994841
5.667,0.016476094722747803,Empty,0.6814,0.25974,0.02735,0.04448,-0.01526,-0.0045,0.99972,0.02222,-0.00768,-0.00208,0.9988948177713785,0.04445288737117625,-0.015267083344558896,0.044389099288168754,-0.9990042188044025,-0.004492068052768037,-0.015451566065266088,0.003809411420563925,-0.9998733607266271
5.734,0.016476094722747803,Empty,0.68123,0.26028,0.02712,0.04718,-0.0149,-0.00445,0.99969,0.02357,-0.0075,-0.00205,0.9987765948832328,0.047155505082353555,-0.014888648490806278,0.04709395426649976,-0.998880515527445,-0.004458157822586258,-0.015082207563864233,0.0037515383583788084,-0.9998792191934714
5.8,0.016476094722747803,Empty,0.68117,0.26065,0.02719,0.05108,-0.01461,-0.00447,0.99964,0.02552,-0.00736,-0.00205,0.998588593966822,0.051061949503152126,-0.014611547224810475,0.051001465404603485,-0.998688517407726,-0.00448282550867238,-0.014821286244734274,0.003731288101409822,-0.9998831966600679
5.867,0.016476094722747803,Empty,0.68115,0.26098,0.02729,0.0581,-0.0142,-0.00431,0.99955,0.02903,-0.00716,-0.00195,0.9982113868401249,0.05806977242765243,-0.014210162311364238,0.05801391265140399,-0.9983064602751415,-0.004312460062748856,-0.014436520411440425,0.0034803596248353737,-0.9998897309080096
5.933,0.016476094722747803,Empty,0.68113,0.26098,0.02726,0.06923,-0.01414,-0.00427,0.99937,0.03459,-0.00714,-0.00189,0.9975048921920546,0.06916560856569876,-0.014145976270794199,0.069111726119432,-0.9975998148871894,-0.004263642789693598,-0.014406920757398713,0.0032753517035596673,-0.9998908503959361
6.0,0.016476094722747803,Empty,0.68126,0.26069,0.02728,0.07681,-0.01406,-0.00432,0.99924,0.03838,-0.00711,-0.00189,0.9969535736218411,0.07671832297911607,-0.014066661363381054,0.07666453224239139,-0.9970475637050655,-0.004324951542906907,-0.014356933471160988,0.0032333618828066504,-0.9998917060523302
6.067,0.016476422548294067,Empty,0.6814,0.26023,0.02722,0.07633,-0.01415,-0.00424,0.99925,0.03814,-0.00715,-0.00185,0.9969889577771722,0.07624272956915368,-0.014144407312863653,0.07618989464718695,-0.9970843183403708,-0.004238168633811609,-0.014426296268891754,0.0031477464260936997,-0.9998909808916163
6.133,0.016476422548294067,Empty,0.68153,0.25981,0.02718,0.07339,-0.01423,-0.00425,0.9993,0.03667,-0.00719,-0.00186,0.9972069432401812,0.07331906153426154,-0.014234731093675693,0.07326551049570562,-0.9973034221553507,-0.004248426653504905,-0.014507836688416396,0.003193645716374466,-0.9998896555628829
6.2,0.016476422548294067,Empty,0.68164,0.25952,0.02716,0.06789,-0.0143,-0.00425,0.9994,0.03392,-0.00722,-0.00188,0.9975942547368931,0.06783144127434848,-0.014303792874179915,0.06777709689210987,-0.9976914323501432,-0.00425099423625902,-0.01455912266657479,0.0032712978714536218,-0.9998886590803078
6.267,0.016476094722747803,Empty,0.68165,0.2595,0.02716,0.0633,-0.01433,-0.00424,0.99947,0.03163,-0.00723,-0.00189,0.9978946209670924,0.06325265052968987,-0.014332747326048632,0.0631979723778548,-0.9979920173152004,-0.004236704198365016,-0.014571950187649051,0.0033219837605668197,-0.9998883051079371
6.333,0.016476094722747803,Empty,0.68161,0.2596,0.02715,0.0591,-0.01438,-0.00421,0.99954,0.02953,-0.00725,-0.00189,0.9981510754931148,0.059056961592796,-0.014377266060178077,0.05900211462188326,-0.9982489803734398,-0.004209946975169274,-0.014600717861950623,0.003353874001002221,-0.9998877789867727
6.4,0.016476094722747803,Empty,0.68159,0.25967,0.02717,0.05576,-0.01437,-0.00418,0.99958,0.02786,-0.00724,-0.00189,0.9983427211365645,0.05572722895274346,-0.014362698454266708,0.0556724217753351,-0.9984403037448242,-0.004188234904158552,-0.014573695732685249,0.003381687624798876,-0.9998880795276537
6.467,0.016476094722747803,Empty,0.68157,0.2597,0.02716,0.05252,-0.0144,-0.00414,0.99963,0.02624,-0.00725,-0.00188,0.9985175288220326,0.052491469126278445,-0.014401052187466283,0.05243701579276322,-0.9986156792022391,-0.00413335531981678,-0.01459808240457143,0.003372079538700407,-0.9998877562355155
6.534,0.016476094722747803,Empty,0.68154,0.25976,0.02718,0.05106,-0.01444,-0.00415,0.99965,0.02551,-0.00727,-0.00189,0.9985926297670743,0.05102994464045085,-0.014446609459370024,0.050975054857883506,-0.9986913341921001,-0.004142799999850345,-0.014639110530179121,0.0034005528367477616,-0.9998870599639189
6.6,0.016476422548294067,Empty,0.68146,0.26002,0.02723,0.05144,-0.01442,-0.00421,0.99964,0.0257,-0.00726,-0.00192,0.998573824018898,0.05140467050056935,-0.014417969170544798,0.05134890255116398,-0.9986718923751446,-0.004212076285954759,-0.014615340949357273,0.003465722230001091,-0.999887183925446
6.667,0.016476422548294067,Empty,0.68139,0.26012,0.02719,0.0516,-0.0145,-0.0042,0.99964,0.02578,-0.0073,-0.00191,0.9985638806925392,0.051576425600446674,-0.014493050008105898,0.051520721775034584,-0.9986631310600491,-0.004191167989811791,-0.014689840163710367,0.003438456575401549,-0.9998861863293962
6.733,0.016476422548294067,Empty,0.68139,0.2601,0.02719,0.05158,-0.0145,-0.00418,0.99964,0.02577,-0.0073,-0.0019,0.9985652771294855,0.05154878039847399,-0.014495190607349728,0.051493271514998606,-0.9986646053031611,-0.00417721239154906,-0.014691164010932657,0.0034248144637900003,-0.9998862136992852
6.8,0.016476422548294067,Empty,0.68138,0.26012,0.02719,0.0516,-0.01452,-0.0042,0.99964,0.02578,-0.00731,-0.00191,0.9985636367350602,0.05157729205777867,-0.014506768573240719,0.05152161873215744,-0.9986631069157064,-0.004185891623839022,-0.014703271529464679,0.00343246696341336,-0.9998860094915198
6.867,0.016476422548294067,Empty,0.68139,0.2601,0.02719,0.05158,-0.01452,-0.00418,0.99964,0.02577,-0.00731,-0.0019,0.9985645285487994,0.05155897234705481,-0.014510502907541203,0.051503347094645435,-0.9986640672567635,-0.004181627461553139,-0.014706718266241918,0.003428285386947545,-0.99988597314751
6.933,0.016476094722747803,Empty,0.68139,0.26011,0.02719,0.0516,-0.01452,-0.00418,0.99964,0.02578,-0.00731,-0.0019,0.998563840176449,0.051572735940997094,-0.014508962734250624,0.05151710978219831,-0.9986633552366164,-0.004182141464969346,-0.014705253882630581,0.0034286754154147984,-0.9998859933478131
7.0,0.016476094722747803,Empty,0.68138,0.26012,0.02719,0.0516,-0.01452,-0.00418,0.99964,0.02578,-0.00731,-0.0019,0.9985636452587956,0.051576964465582575,-0.014507346552073202,0.051521297576984426,-0.9986631258936989,-0.004185316739501458,-0.014703817988867086,0.0034318678211974316,-0.9998860035123044
7.067,0.016476094722747803,Empty,0.68139,0.2601,0.02718,0.05158,-0.01452,-0.00418,0.99964,0.02577,-0.00731,-0.0019,0.9985648410070116,0.05155116603273069,-0.014516734664091601,0.05149553890533376,-0.9986644756796245,-0.00418024979993601,-0.014712843963390046,0.003426703402169546,-0.9998858884524284
7.133,0.016476094722747803,Empty,0.68138,0.26012,0.02718,0.05162,-0.01452,-0.0042,0.99964,0.02579,-0.00731,-0.00191,0.9985631336225407,0.051584974605063616,-0.014514081608119449,0.05152922249176811,-0.9986626990853498,-0.0041895924572249235,-0.014710791934020926,0.0034356732322394154,-0.9998858878642681
7.2,0.016476094722747803,Empty,0.68138,0.26011,0.02718,0.0516,-0.01452,-0.00418,0.99964,0.02578,-0.00731,-0.0019,0.9985638685130964,0.05156925749897723,-0.01451937261605314,0.051513583093863,-0.998663533685928,-0.004182970567357807,-0.014715680649949004,0.0034290183638894783,-0.9998858387716413
7.267,0.016476094722747803,Empty,0.68138,0.26011,0.02718,0.0516,-0.01452,-0.00418,0.99964,0.02578,-0.00731,-0.0019,0.9985635745269721,0.051575357320456316,-0.014517924961356971,0.05151976559525334,-0.9986632366907462,-0.004177730888009103,-0.01471398589527983,0.00342376979800355,-0.9998858816982286
7.333,0.016476094722747803,Empty,0.68138,0.26011,0.02719,0.0516,-0.01452,-0.00418,0.99964,0.02578,-0.00731,-0.0019,0.9985636010650175,0.051575247552321346,-0.014516489519890357,0.05151961770141794,-0.998663232082411,-0.004180655284976896,-0.014712702673677911,0.00342676620574656,-0.9998858903161935
7.4,0.016476094722747803,Empty,0.68138,0.2601,0.02718,0.0516,-0.01452,-0.00418,0.99964,0.02578,-0.00731,-0.0019,0.998564144750131,0.05156270364445226,-0.014523650103009246,0.051507122551201934,-0.9986638977983,-0.004175591072216931,-0.01471954978712685,0.0034215241021081783,-0.9998858074934773
7.467,0.016476094722747803,Empty,0.68138,0.26011,0.02718,0.0516,-0.01452,-0.00418,0.99964,0.02578,-0.00731,-0.0019,0.9985634893261605,0.051576515247575894,-0.014519671472853123,0.051520880459149765,-0.998663168599296,-0.004180258356598683,-0.014715864278968215,0.0034261871125910717,-0.9998858457746026
7.533,0.016476094722747803,Empty,0.68138,0.26011,0.02718,0.0516,-0.01452,-0.00418,0.99964,0.02578,-0.00731,-0.0019,0.9985639911458466,0.05156573434461881,-0.014523450980316863,0.05151003750859756,-0.9986637142674284,-0.004183520221849982,-0.014719769792369412,0.0034294091450194006,-0.9998857772416686
7.6,0.016476094722747803,Empty,0.68138,0.26012,0.02718,0.05162,-0.01452,-0.0042,0.99964,0.02579,-0.00731,-0.00191,0.9985630930960335,0.051583373104997,-0.014522559195713136,0.05152764439537688,-0.9986627955216417,-0.004186012895712629,-0.014719068229541346,0.003431684718935171,-0.9998857797620906
7.667,0.016476094722747803,Empty,0.68138,0.26011,0.02718,0.0516,-0.01452,-0.00418,0.99964,0.02578,-0.00731,-0.0019,0.9985640148435722,0.05156738741195921,-0.014515950364730855,0.05151177017940495,-0.9986636401811124,-0.00417986999723243,-0.01471209680740924,0.0034261254668369765,-0.9998859014266654
7.734,0.016476094722747803,Empty,0.68138,0.26011,0.02718,0.0516,-0.01452,-0.00418,0.99964,0.02578,-0.00731,-0.0019,0.9985635182308912,0.05157504303108129,-0.014522912748029186,0.051519360072686426,-0.9986632365345813,-0.00418276606752087,-0.01471922538877752,0.0034285464291505534,-0.9998857882145027
7.8,0.016476094722747803,Empty,0.68138,0.26011,0.02718,0.0516,-0.01452,-0.00418,0.99964,0.02578,-0.00731,-0.0019,0.9985635113310298,0.05157440108215433,-0.014525666637419561,0.051518749456110624,-0.9986632796488755,-0.0041799922763624524,-0.014721830481393104,0.0034256435846449444,-0.9998857598112438
7.867,0.016476094722747803,Empty,0.68138,0.26011,0.02718,0.0516,-0.01454,-0.00418,0.99964,0.02578,-0.00732,-0.0019,0.998563668901874,0.05157045069337429,-0.014528859711296825,0.05151475552237755,-0.9986634765218361,-0.004182179430599177,-0.014725118427298308,0.0034277217801786898,-0.9998857042735934
7.934,0.016476094722747803,Empty,0.68138,0.26011,0.02718,0.0516,-0.01454,-0.00418,0.99964,0.02578,-0.00732,-0.0019,0.9985633935157343,0.05157621564382564,-0.0145273228848983,0.05152055598856653,-0.9986631857315895,-0.004180164477856983,-0.014723499616920538,0.003425703474407465,-0.9998857350291261
8.0,0.016476094722747803,Empty,0.68138,0.26011,0.02718,0.05162,-0.01452,-0.00418,0.99964,0.02579,-0.00731,-0.0019,0.998563154406484,0.051581900506319,-0.01452357400673127,0.051526307309916974,-0.9986629040830926,-0.004176561184521963,-0.014719589558706444,0.0034222139734788643,-0.9998858045470709
8.067,0.016476094722747803,Empty,0.68138,0.26011,0.02719,0.0516,-0.01452,-0.0042,0.99964,0.02578,-0.00731,-0.00191,0.9985635270888649,0.05157492053008045,-0.01452273872799356,0.051519163838343096,-0.9986632255003556,-0.004187814540277354,-0.014719311303306334,0.00343359950222447,-0.9998857696103164
8.133,0.016476094722747803,Empty,0.68138,0.26011,0.02718,0.0516,-0.01452,-0.00418,0.99964,0.02578,-0.00731,-0.0019,0.9985639683377969,0.05156661632460152,-0.014521887559914922,0.05151090838922978,-0.9986636646372936,-0.004184644564085724,-0.014718269408726496,0.0034305996622592382,-0.9998857952444216
8.2,0.016476094722747803,Empty,0.68138,0.26012,0.02719,0.0516,-0.01452,-0.00418,0.99964,0.02578,-0.00731,-0.0019,0.9985633001285725,0.051579075684231424,-0.01452358729430215,0.051523384265708516,-0.9986630270615751,-0.004183210970061007,-0.01471993580634836,0.003428896582317364,-0.9998857765555447
8.267,0.014866605401039124,Grasping,0.68138,0.26011,0.02718,0.0516,-0.01454,-0.00418,0.99964,0.02578,-0.00732,-0.0019,0.9985635268637008,0.05157291770759326,-0.014529864990871817,0.051517332932350834,-0.9986633758371473,-0.004174466324017912,-0.014725733430443809,0.0034199299230882087,-0.999885721897386
8.333,0.014866605401039124,Grasping,0.68138,0.2601,0.02718,0.0516,-0.01452,-0.00418,0.99964,0.02578,-0.00731,-0.0019,0.9985639402012476,0.05156664660582777,-0.014523714662211008,0.05151109249176322,-0.9986637006485298,-0.004173770152799947,-0.014719533962210462,0.003419643959985137,-0.9998858141583582
8.4,0.014866605401039124,Grasping,0.68137,0.26012,0.02718,0.05162,-0.01454,-0.00418,0.99964,0.02579,-0.00732,-0.0019,0.9985625669099356,0.051590958307174584,-0.014531792290972205,0.05153522142695244,-0.9986624110191317,-0.00418446769974335,-0.014728235424366735,0.0034295536739617207,-0.9998856520837179
8.467,0.013094261288642883,Grasping,0.68138,0.26011,0.02718,0.0516,-0.01454,-0.00418,0.99964,0.02578,-0.00732,-0.0019,0.9985636831511977,0.05157052291846137,-0.014527623943070667,0.05151492207982328,-0.998663493531758,-0.004176061548165336,-0.014723569357481108,0.0034216739851699006,-0.9998857477994746
8.534,0.013094261288642883,Grasping,0.68137,0.26013,0.02719,0.05162,-0.01454,-0.0042,0.99964,0.02579,-0.00732,-0.00191,0.9985624766213756,0.05159402702943178,-0.014527100835028032,0.051538220454606876,-0.9986622317368739,-0.004190314391389547,-0.01472386213454682,0.0034355897910861933,-0.9998856957705868
8.6,0.013094261288642883,Grasping,0.68138,0.26009,0.02718,0.05158,-0.01454,-0.00418,0.99964,0.02577,-0.00732,-0.0019,0.9985643163980384,0.05155601164287632,-0.014535600434718313,0.0515005006136372,-0.998664270960329,-0.004168014373687223,-0.014731071008686243,0.003413439724690431,-0.9998856654518969
8.667,0.011500203050673008,Grasping,0.68137,0.26013,0.02718,0.05162,-0.01454,-0.0042,0.99964,0.02579,-0.00732,-0.00191,0.9985624183532062,0.051594440837338995,-0.01452963617160157,0.0515385928917696,-0.998662203197902,-0.00419253463297252,-0.01472650995087501,0.003437670518616913,-0.9998856496250321
8.733,0.011500203050673008,Grasping,0.68138,0.2601,0.02718,0.0516,-0.01454,-0.00418,0.99964,0.02578,-0.00732,-0.0019,0.9985636283856381,0.05156948111026349,-0.014535084565539739,0.051513928715609336,-0.9986635657868439,-0.004171033228016401,-0.014730757400497712,0.0034162827641005967,-0.9998856603624653
8.8,0.009666461497545242,Grasping,0.68137,0.26011,0.02718,0.05162,-0.01454,-0.00418,0.99964,0.02579,-0.00732,-0.0019,0.9985628552791721,0.0515850897007093,-0.014532810370925527,0.0515293636499643,-0.998662717528191,-0.004183455633623229,-0.01472917983246978,0.003428576931985098,-0.9998856415219114
