time,gr,gr_state,tx,ty,tz,rx,ry,rz,qw,qx,qy,qz,xx,xy,xz,yx,yy,yz,zx,zy,zz
0.0,0.015805967152118683,Empty,0.30799,0.00218,0.48477,0.01446,0.00028,-0.00496,0.99997,0.00723,0.00012,-0.00248,0.9998952873355015,0.014468646408093533,0.0002695095031025139,0.014469806564237853,-0.9998829800890894,-0.004964959834192742,0.00019764171685327043,0.004968339690396493,-0.9999876381928292
0.067,0.015805967152118683,Empty,0.30799,0.00218,0.48478,0.01448,0.00028,-0.00496,0.99997,0.00724,0.00012,-0.00248,0.9998952423209735,0.014471703970173777,0.0002723381744159127,0.014472876627465603,-0.9998829731472799,-0.004957403784446819,0.00020056422350738762,0.004960825975131636,-0.9999876749138645
0.133,0.015806294977664948,Empty,0.30799,0.00218,0.48478,0.01448,0.00028,-0.00496,0.99997,0.00724,0.00012,-0.00248,0.9998952298882919,0.01447236410125019,0.0002827082610775667,0.01447358813655325,-0.9998829642318454,-0.004957124710134989,0.00021093386039850286,0.004960697154558997,-0.9999876734193516
0.2,0.015806294977664948,Empty,0.30799,0.00218,0.48478,0.01446,0.00028,-0.00496,0.99997,0.00723,0.00012,-0.00248,0.9998953380568478,0.014464981872019667,0.00027790578253851245,0.014466182399960892,-0.9998830659800485,-0.004958218743505759,0.00020615274165599375,0.004961720042437697,-0.9999876693416112
0.267,0.015806294977664948,Empty,0.30799,0.00218,0.48478,0.01448,0.00028,-0.00496,0.99997,0.00724,0.00012,-0.00248,0.9998952768299909,0.014469257557428172,0.00027560626384039947,0.01447044691201499,-0.9998829972488994,-0.004959634938619844,0.00020381178183165996,0.004963103695736507,-0.9999876629551301
0.333,0.015805967152118683,Empty,0.30799,0.00218,0.48478,0.01448,0.00028,-0.00496,0.99997,0.00724,0.00012,-0.00248,0.9998952435838153,0.014471611712332522,0.0002726039432044535,0.01447278553501341,-0.9998829782715658,-0.004956636121484908,0.0002008415292704563,0.0049600622204544875,-0.9999876786468167
0.4,0.015805967152118683,Empty,0.30799,0.00218,0.48478,0.01448,0.00028,-0.00496,0.99997,0.00724,0.00012,-0.00248,0.9998952607162037,0.01447018968454955,0.0002849697669786849,0.01447142469942908,-0.9998830017249535,-0.004955878193173753,0.000213223928498694,0.004959483036565664,-0.9999876789558794
0.467,0.015805967152118683,Empty,0.30799,0.00218,0.48478,0.01446,0.00028,-0.00496,0.99997,0.00723,0.00012,-0.00248,0.9998952842435337,0.014468719854401124,0.0002769355843495985,0.014469914930998862,-0.9998830262648986,-0.004955335431394135,0.00020520583001858468,0.004958823764042799,-0.9999876839028793
0.533,0.015806294977664948,Empty,0.30799,0.00218,0.48478,0.01448,0.00028,-0.00496,0.99997,0.00724,0.00012,-0.00248,0.9998952575997326,0.01447053009987187,0.0002785465725641109,0.014471732616776867,-0.9998830125619464,-0.004952791648633152,0.00020684446548420386,0.004956303932867318,-0.9999876960576526
0.6,0.015806294977664948,Empty,0.30799,0.00218,0.48478,0.0145,0.0003,-0.00496,0.99997,0.00725,0.00013,-0.00248,0.9998949384699862,0.014492388718706506,0.00028756099964492507,0.014493636245909103,-0.9998826815414807,-0.004955568765451786,0.00021570923456042853,0.004959215930342562,-0.9999876797475469
0.667,0.015806294977664948,Empty,0.30799,0.00218,0.48478,0.0145,0.0003,-0.00496,0.99997,0.00725,0.00013,-0.00248,0.9998947337798331,0.014506511731094851,0.0002871876616601563,0.014507757957255285,-0.999882460076984,-0.004958930272898393,0.0002152171254668795,0.004962574714136167,-0.9999876631907995
0.733,0.015806294977664948,Empty,0.308,0.00222,0.48478,0.01462,0.0003,-0.00494,0.99997,0.00731,0.00013,-0.00247,0.9998930214319643,0.014623881229847813,0.0002962928162954935,0.014625164895652909,-0.9998808889152249,-0.004930774165864535,0.0002241504687639597,0.004934580010000683,-0.9999877997639234
0.8,0.015806294977664948,Empty,0.30799,0.00231,0.48479,0.0149,0.0003,-0.00494,0.99997,0.00745,0.00013,-0.00247,0.9998889366287831,0.014900382651451827,0.0003049659024153238,0.014901705890979722,-0.9998768029627652,-0.004931334352668726,0.00023144956268260198,0.004935331174235491,-0.999987794394162
0.867,0.015806294977664948,Empty,0.308,0.00232,0.48479,0.01496,0.00034,-0.00494,0.99997,0.00748,0.00015,-0.00247,0.9998881497951115,0.014952472027765507,0.00033388555989100153,0.014953939595147625,-0.9998759808910056,-0.00493989147997492,0.00025998056252677065,0.00494433185659506,-0.9999877429211814
0.933,0.015806294977664948,Empty,0.30813,0.00231,0.48467,0.01494,0.00014,-0.00494,0.99997,0.00747,5e-05,-0.00247,0.9998882980966874,0.014945572675777063,0.00014555652886250438,0.014946108673937752,-0.99987615004134,-0.004929342148243742,7.186666037205356e-05,0.0049309670350422856,-0.9999878401257098
1.0,0.015806294977664948,Empty,0.30921,0.00225,0.48416,0.01476,0.00082,-0.00501,0.99997,0.00738,0.00039,-0.00251,0.9998906621150837,0.014764636119159957,0.0008181291632975251,0.014768554494784147,-0.9998783850908073,-0.005010471667798407,0.0007440518756331398,0.005022006418555748,-0.9999871128361295
1.067,0.015806294977664948,Empty,0.31188,0.00187,0.48304,0.01383,0.00314,-0.0057,0.99997,0.00692,0.00155,-0.00286,0.9998994758454466,0.013825343721660222,0.0031461206237875647,0.01384312875066851,-0.9998879141294534,-0.005703241555732186,0.003066918713283001,0.005746220395056806,-0.9999787872553986
1.133,0.015806294977664948,Empty,0.31729,0.0012,0.48125,0.01214,0.0103,-0.00686,0.99996,0.00609,0.00513,-0.00346,0.9998732313068044,0.012134437186696378,0.01030906156020562,0.012205416947904557,-0.9999020451587473,-0.006850393016635136,0.01022492607395239,0.006975350995948464,-0.9999233947484505
1.2,0.015805967152118683,Empty,0.32526,0.00044,0.47853,0.01025,0.0209,-0.00823,0.99992,0.00517,0.01043,-0.00417,0.9997289114260055,0.010257032404548172,0.020902079925827426,0.010431143792162478,-0.9999116600280873,-0.008237923225066165,0.02081573679120835,0.008453722619467986,-0.9997475879819426
1.266,0.015805967152118683,Empty,0.33366,1e-05,0.47486,0.00911,0.02896,-0.00891,0.99987,0.00462,0.01446,-0.00452,0.9995393040400591,0.009106521643512833,0.028952563663184522,0.00936816915801253,-0.9999163824460602,-0.00891434364444365,0.028868964057294756,0.009181469356295968,-0.9995410364435859
1.333,0.015805967152118683,Empty,0.34165,4e-05,0.46969,0.00901,0.0305,-0.00878,0.99986,0.00457,0.01523,-0.00446,0.9994944024157062,0.009007241958805978,0.030492771798670222,0.009278777353639911,-0.9999184471950135,-0.008775149567652242,0.0304112451322176,0.009053648513644234,-0.9994964670363271
1.4,0.015805967152118683,Empty,0.34909,9e-05,0.46358,0.00896,0.02734,-0.0086,0.99989,0.00454,0.01365,-0.00436,0.9995859981847117,0.008967151235289905,0.027339027630784902,0.009205103833771489,-0.9999207326275816,-0.008590373969136086,0.027259829355351237,0.008838476126774578,-0.9995893071873436
1.467,0.015805967152118683,Empty,0.35624,0.0001,0.45718,0.00887,0.02214,-0.00852,0.99992,0.00448,0.01105,-0.00431,0.9997155264016845,0.00885838381177212,0.02214487091058314,0.009049155926755426,-0.9999226779299863,-0.008529416060773272,0.02206760178216737,0.008727382056942666,-0.9997183872241304
1.534,0.015805967152118683,Empty,0.3631,0.00011,0.45088,0.00875,0.01632,-0.00843,0.99995,0.00441,0.00814,-0.00425,0.999828454362003,0.008748285628946195,0.01632572652723715,0.008886719648648622,-0.9999250089697984,-0.008426307057935128,0.01625078650324612,0.008569943716422982,-0.9998312197579764
1.6,0.015806294977664948,Empty,0.37014,7e-05,0.44551,0.00844,0.0144,-0.00834,0.99996,0.00425,0.00718,-0.0042,0.9998607958500929,0.008436027164928916,0.014395220307167049,0.008556756998181925,-0.9999285612129658,-0.00834591997577868,0.014323785522457288,0.008467934591186978,-0.9998615520421145
1.667,0.015806294977664948,Empty,0.378,-1e-05,0.44161,0.00716,0.01877,-0.00823,0.99994,0.00362,0.00937,-0.00415,0.9997984034604535,0.0071537622901968745,0.01876102670494722,0.007309299861226415,-0.9999393773250445,-0.008235035539730297,0.018700977874620738,0.008370505354953383,-0.9997900820005345
1.733,0.015806294977664948,Empty,0.3862,-0.0003,0.43899,0.00555,0.0273,-0.00839,0.99989,0.00283,0.01364,-0.00423,0.9996121140507023,0.0055422465678065524,0.027292946819052262,0.0057731035466390135,-0.999948163711605,-0.008386964005459,0.02724504943151614,0.008541275828043314,-0.9995922938321923
1.8,0.015806294977664948,Empty,0.39445,-0.00062,0.43715,0.0038,0.03824,-0.00859,0.99981,0.00198,0.01911,-0.00433,0.9992615883406225,0.0037948311249176303,0.03823450436071281,0.004125780420224157,-0.9999546746408592,-0.008580594374357197,0.038200209461468924,0.008732005532895187,-0.999231953090209
1.867,0.015806294977664948,Empty,0.40289,-0.00124,0.43592,-0.00098,0.0509,-0.00923,0.99967,-0.00037,0.02545,-0.0046,0.9987038264379675,-0.000983406987270452,0.05088909479307922,-0.0005153343429993851,-0.9999574524136431,-0.009210200482719196,0.05089598696043257,0.009172037566121456,-0.998661840784061
1.933,0.015805967152118683,Empty,0.41109,-0.00222,0.43461,-0.00999,0.06296,-0.01048,0.99948,-0.00483,0.0315,-0.00508,0.9979690062846218,-0.009977525483846006,0.06291511329166488,-0.009337612438743204,-0.999901726272603,-0.010456901597126984,0.06301326439113944,0.009848186751243706,-0.9979640984166138
2.0,0.015805967152118683,Empty,0.41888,-0.00332,0.43329,-0.02002,0.07422,-0.01197,0.99925,-0.00978,0.03716,-0.00561,0.9970467089309922,-0.019966620160044468,0.07415655257131627,-0.019132972280221983,-0.9997457074569206,-0.011935233269007115,0.0743760013821807,0.010481149786443412,-0.997175188177861
2.067,0.015805967152118683,Empty,0.42682,-0.00458,0.43193,-0.03141,0.085,-0.01371,0.99895,-0.0154,0.04259,-0.00618,0.9958981047960783,-0.03129650194348066,0.08489696007326422,-0.030243025933436807,-0.9994491340688103,-0.01366703301725923,0.08527792355568449,0.01104343131490822,-0.9962959993791124
2.133,0.015806294977664948,Empty,0.43471,-0.00634,0.42977,-0.04734,0.09514,-0.01633,0.99857,-0.02325,0.04773,-0.00703,0.9943633233012179,-0.04710012322517115,0.09499031353528203,-0.04575860510539426,-0.9988202986743845,-0.01625303094261677,0.09564377309666373,0.01181479361591939,-0.9953455075096519
2.2,0.015806294977664948,Empty,0.44272,-0.00847,0.42774,-0.06647,0.10564,-0.01979,0.99802,-0.03266,0.05309,-0.00812,0.992229938538717,-0.06604391804895765,0.10544168983944027,-0.0643203744339374,-0.9977354782895302,-0.019667353534222894,0.10650182392866445,0.012732488017061295,-0.9942309818391113
2.267,0.015806294977664948,Empty,0.45032,-0.01048,0.42573,-0.08535,0.11445,-0.0231,0.99742,-0.04193,0.05763,-0.00908,0.989840965607272,-0.08468478747617975,0.11420748476250561,-0.08259076037667074,-0.9963191975139104,-0.022952624373717492,0.11573084768577048,0.013286964866059164,-0.9931917375102257
2.333,0.015806294977664948,Empty,0.45704,-0.01201,0.42335,-0.10514,0.12056,-0.0262,0.99676,-0.05166,0.06084,-0.00989,0.9872595714076644,-0.10418603506838975,0.12026557595872271,-0.10177813872818586,-0.9944670322992495,-0.026010231581996016,0.12231005331116972,0.013438443609703437,-0.9924009568175396
2.4,0.015806294977664948,Empty,0.46336,-0.01318,0.42094,-0.12549,0.12488,-0.02912,0.99604,-0.06167,0.06318,-0.01059,0.9844097225848799,-0.12418445684301188,0.12456210803838397,-0.12150799551438701,-0.9921699704878573,-0.02888869481648698,0.12717430993103762,0.013303019985346672,-0.9917911698300371
2.467,0.015806294977664948,Empty,0.46917,-0.01404,0.41828,-0.14489,0.12759,-0.03166,0.9953,-0.07122,0.06472,-0.01114,0.9814774260467359,-0.14321201706411113,0.1272492841987842,-0.14032717160120223,-0.9896071428191883,-0.03140044253906629,0.13042372127447113,0.012962293380078264,-0.9913736086255512
2.533,0.015806294977664948,Empty,0.47456,-0.01471,0.415,-0.16343,0.12852,-0.03385,0.99455,-0.08036,0.06537,-0.01159,0.9785382558968547,-0.16136361922025666,0.12815874585248407,-0.1583328536897911,-0.9868152157645821,-0.03356243998800049,0.1318847572268638,0.012550391533372384,-0.9911856024396088
2.6,0.015806294977664948,Empty,0.47977,-0.01508,0.41057,-0.17959,0.12794,-0.03536,0.99388,-0.08835,0.06524,-0.01184,0.9758753643169851,-0.17716277535962371,0.12759554986780353,-0.17407412982590725,-0.9841084382844554,-0.03505394446682372,0.131778111401495,0.01199719651441292,-0.9912066366965315
2.667,0.015806294977664948,Empty,0.48496,-0.01518,0.40518,-0.19183,0.12579,-0.03593,0.99338,-0.09444,0.06427,-0.01183,0.9739008078674986,-0.18914731606553836,0.12546118626984423,-0.18610539783405416,-0.9818829199202006,-0.03564705410000869,0.12993074051994657,0.011367690802613165,-0.9914579054472028
2.733,0.015806294977664948,Empty,0.48964,-0.01485,0.39878,-0.19867,0.12282,-0.03576,0.99314,-0.09788,0.06283,-0.01167,0.9729425136464911,-0.195888065886614,0.1225182875429204,-0.19295523284456056,-0.9805659216129263,-0.03547888793767062,0.12708714827687934,0.010878373710898389,-0.9918318999347906
2.8,0.015806294977664948,Empty,0.49429,-0.01432,0.39178,-0.19929,0.11932,-0.03468,0.99322,-0.09826,0.06104,-0.01129,0.973239455423775,-0.19656196977118084,0.11903089702302852,-0.19380610705111118,-0.9804359594214053,-0.03441689037553884,0.12346722348917799,0.010426960875634321,-0.992293869380826
2.867,0.015805967152118683,Empty,0.49911,-0.01418,0.38523,-0.19906,0.11745,-0.03365,0.99329,-0.0982,0.06006,-0.01088,0.9734977166207193,-0.19639354893868505,0.11718263382222471,-0.19377843463253425,-0.9804759056821892,-0.03342030293182082,0.12145828092645647,0.009827121244712154,-0.9925478898685098
2.933,0.015805967152118683,Empty,0.50438,-0.01443,0.37919,-0.20042,0.11694,-0.03297,0.99324,-0.0989,0.05978,-0.01053,0.9732909934432579,-0.19771928086513202,0.11666931068799147,-0.19520149244150092,-0.9802165146106371,-0.03274082822998551,0.12083467809717006,0.009092329665700578,-0.9926310040042088
3.0,0.015805967152118683,Empty,0.50907,-0.01457,0.37269,-0.205,0.11507,-0.03247,0.99307,-0.10121,0.05885,-0.01024,0.972588356625929,-0.20221845875336752,0.11480236711447628,-0.1998088894971511,-0.9793042351090028,-0.03224318184494211,0.1189466108537338,0.00842080975817547,-0.9928649423408137
3.067,0.015805967152118683,Empty,0.51313,-0.01467,0.36549,-0.21626,0.11013,-0.03215,0.99262,-0.10686,0.05644,-0.01002,0.9707907484111891,-0.21327371756517516,0.10990743466741995,-0.2110109778507181,-0.9769610744613146,-0.03195975929004241,0.1141914621402449,0.007834563377985503,-0.9934278683381845
3.133,0.015805967152118683,Empty,0.51665,-0.01466,0.35822,-0.23434,0.10317,-0.03214,0.99179,-0.11591,0.05308,-0.00991,0.9674928251385391,-0.23097348904741216,0.10299942069115328,-0.22887010422171078,-0.9729323333030813,-0.03195544096026381,0.10759232639455021,0.00734317170483332,-0.9941679783267624
3.2,0.015806294977664948,Empty,0.51973,-0.0139,0.35082,-0.25622,0.09405,-0.0331,0.99067,-0.12683,0.04873,-0.01039,0.9630779771608206,-0.25230741436656895,0.093924323598725,-0.2502825809331985,-0.9676122283375472,-0.03294245365881435,0.09919394935800527,0.00821852950975119,-0.9950341783996464
3.267,0.015806294977664948,Empty,0.52294,-0.01246,0.34347,-0.28061,0.08642,-0.03425,0.98921,-0.13896,0.04516,-0.0109,0.9573010940407835,-0.27590844949030074,0.08630841701814027,-0.2739399186739578,-0.9611416724558817,-0.0341116757960603,0.09236631585824183,0.009011823820305654,-0.9956843127850349
3.333,0.015806294977664948,Empty,0.52614,-0.01055,0.3361,-0.30708,0.07821,-0.034,0.98744,-0.15214,0.04123,-0.01081,0.9503041677731118,-0.3013557828527268,0.07814525484169953,-0.2995732212773774,-0.9534711963655205,-0.0338904528562097,0.08472233357592024,0.008796012876504734,-0.9963657743775259
3.4,0.015806294977664948,Empty,0.5288,-0.00908,0.32871,-0.34028,0.06826,-0.03315,0.98495,-0.16864,0.03643,-0.01055,0.9404700713827677,-0.332962693351249,0.0682047628071108,-0.33142579961315605,-0.942901777475023,-0.03306323313322918,0.07531921523802743,0.008490163174180792,-0.9971233288541611
3.466,0.015806294977664948,Empty,0.53122,-0.00795,0.32093,-0.38172,0.0584,-0.03205,0.98139,-0.18914,0.0317,-0.01019,0.9264452666326015,-0.37187654544292126,0.05836953729032367,-0.3705846270563916,-0.9282476801754169,-0.0319887236136675,0.06607724361323455,0.008004948369312044,-0.9977824004651926
3.533,0.015806294977664948,Empty,0.53302,-0.00699,0.31347,-0.42956,0.04755,-0.03007,0.97671,-0.2127,0.02643,-0.00962,0.9081228368835657,-0.41599570782096074,0.04754454968850156,-0.41497807111550444,-0.9093351962715707,-0.03004498818437385,0.055732518548867925,0.007554594382337165,-0.9984171545400842
3.6,0.015805967152118683,Empty,0.53457,-0.00604,0.30619,-0.48126,0.03594,-0.02684,0.971,-0.23802,0.02065,-0.00875,0.8858412416222374,-0.46259476637644564,0.0359357309970773,-0.4618720928897973,-0.886540914748259,-0.026821191004855294,0.044265838417125475,0.007161605856383348,-0.9989941175756677
3.667,0.015805967152118683,Empty,0.53617,-0.00503,0.29947,-0.52951,0.02679,-0.02355,0.96504,-0.26148,0.01601,-0.00786,0.8627449257299756,-0.504929455661406,0.026785031877064793,-0.504426203190668,-0.8631338361502023,-0.023541164526905807,0.035005694705662595,0.006798948309273681,-0.9993639855628489
3.733,0.015805967152118683,Empty,0.53798,-0.00411,0.29371,-0.57187,0.01957,-0.02029,0.95933,-0.28193,0.01225,-0.00697,0.8407351363709957,-0.5410928409237603,0.019569567504100355,-0.5407514136913721,-0.8409380071283115,-0.020277493874903785,0.027428799864847035,0.00646573028500826,-0.9996028487703781
3.8,0.015806294977664948,Empty,0.54037,-0.0036,0.28871,-0.60873,0.01529,-0.01814,0.95399,-0.2996,0.01001,-0.00636,0.8202818770659123,-0.5717552194015083,0.015284346383041077,-0.5715008197756404,-0.8204013558038423,-0.018122593384725903,0.022900985852030774,0.006130618431282426,-0.9997189406851583
3.867,0.015806294977664948,Empty,0.54321,-0.00368,0.2843,-0.64285,0.01435,-0.01793,0.94874,-0.31584,0.00964,-0.00624,0.8003097155355717,-0.5994151325518211,0.01434775547796197,-0.5991743257425253,-0.8004175926439162,-0.017938917389523783,0.022237054444391526,0.005759883158599412,-0.9997361337651233
3.933,0.015805967152118683,Empty,0.54661,-0.00398,0.28002,-0.67751,0.01491,-0.01884,0.94313,-0.33222,0.01016,-0.00641,0.7790578685572699,-0.6267746422753702,0.014912586616193655,-0.6265141844916041,-0.7791823328409784,-0.01883796218573865,0.023426781038462244,0.0053329156258790245,-0.9997113313057441
4.0,0.015805967152118683,Empty,0.55024,-0.00427,0.27564,-0.71209,0.01726,-0.02131,0.93723,-0.34845,0.0118,-0.00698,0.756883557300882,-0.6533217928353013,0.017260234472051623,-0.6529919862440221,-0.7570647029780151,-0.02131903857815319,0.02699530678931851,0.004865234966324797,-0.9996237206569646
4.067,0.015805967152118683,Empty,0.55366,-0.00453,0.27038,-0.74743,0.01842,-0.02304,0.93091,-0.36494,0.01278,-0.00736,0.7333053248364889,-0.6796496928264942,0.018428120015447823,-0.6792735030277992,-0.7335238283011412,-0.023028273899291317,0.02916862442410174,0.0043690222350335145,-0.9995649568656934
4.133,0.015805967152118683,Empty,0.55656,-0.00472,0.26465,-0.78222,0.01754,-0.02294,0.92443,-0.38108,0.01248,-0.00726,0.7092374071744927,-0.7047513101076556,0.017546827802945038,-0.7043889995287929,-0.7094436961430134,-0.02292987888686144,0.028608348558231748,0.003902935367522289,-0.9995830778320968
4.2,0.015805967152118683,Empty,0.55899,-0.00477,0.25813,-0.8171,0.01617,-0.02226,0.91765,-0.39716,0.01184,-0.007,0.6842476909822319,-0.7290706130322163,0.01615978336217877,-0.7287390124578093,-0.6844297790956392,-0.02225599265617204,0.0272864271662853,0.0034523470166169332,-0.999621694538777
4.267,0.015805967152118683,Empty,0.5608,-0.00483,0.25134,-0.85366,0.01392,-0.02057,0.91024,-0.41389,0.01059,-0.00648,0.6571624170536492,-0.7536204269719184,0.013921553895634533,-0.7533458607555759,-0.6573028906589407,-0.020565116431505878,0.024648969443903344,0.0030268766185561815,-0.9996915856019243
4.333,0.015805967152118683,Empty,0.56241,-0.00491,0.24478,-0.8957,0.01198,-0.01913,0.90135,-0.43295,0.00954,-0.00603,0.6249317160937872,-0.7805877170606172,0.011965207652516612,-0.7803575833211718,-0.6250407599921043,-0.019133491621580706,0.022414111028880496,0.0026199852262866704,-0.9997453392260447
4.4,0.015805967152118683,Empty,0.56355,-0.00496,0.23831,-0.94159,0.00931,-0.01663,0.89119,-0.45354,0.00792,-0.0053,0.5884783505506858,-0.8084593938584234,0.009308029609693602,-0.8082916288682015,-0.588547624123105,-0.016623382346492403,0.018917548327774744,0.0022588982090645453,-0.9998184954001137
4.467,0.015805967152118683,Empty,0.56465,-0.00495,0.23218,-0.99374,0.00682,-0.01398,0.87906,-0.47664,0.00633,-0.00452,0.5455472914622632,-0.8380523620540176,0.006811111059897011,-0.8379379526800437,-0.5455864319155679,-0.013979727036533237,0.015431793044386967,0.0019193137631559759,-0.9998790806883168
4.533,0.015805967152118683,Empty,0.56571,-0.005,0.22641,-1.04775,0.00452,-0.01102,0.86588,-0.50022,0.00471,-0.00364,0.4995160999818896,-0.8662928204389934,0.004518308835974826,-0.8662243168835302,-0.49953401903104844,-0.011008935931769895,0.011794011130423224,0.0015852717566770752,-0.9999291916005416
4.6,0.015806294977664948,Empty,0.56725,-0.00503,0.22119,-1.10261,0.00406,-0.01076,0.85184,-0.52378,0.00455,-0.00352,0.4512724271800721,-0.8923770080168322,0.004058574864814408,-0.8923129677336649,-0.4512889875975201,-0.010761844058766493,0.011435212343736656,0.0012350045069411879,-0.9999338531535581
4.667,0.015806294977664948,Empty,0.56877,-0.00483,0.21638,-1.15274,0.00446,-0.01244,0.83844,-0.54496,0.00526,-0.004,0.40597933245276513,-0.913871328480711,0.004469519225517581,-0.9137871607408776,-0.40600278463483674,-0.012440407303779825,0.013183568801085545,0.0009663589696665598,-0.9999126260148978
4.733,0.015806294977664948,Empty,0.57006,-0.00395,0.21204,-1.19951,0.00457,-0.01444,0.82546,-0.56441,0.00596,-0.00467,0.36280972573568715,-0.9318520590874932,0.004565400967505915,-0.9317407136690077,-0.3628371127340181,-0.014438563446890717,0.015111101983773658,0.0009846812885345986,-0.9998853359258733
4.8,0.015806294977664948,Empty,0.57026,-0.00241,0.20745,-1.24171,0.00293,-0.01193,0.81338,-0.58171,0.00466,-0.004,0.3231929441056947,-0.9463285968783097,0.002916780866456751,-0.9462540586042079,-0.32320425104337036,-0.01192764362975282,0.012230186235609335,0.0010949145279995505,-0.9999246090115088
4.867,0.015806294977664948,Empty,0.56952,-0.00014,0.20231,-1.27912,0.00022,-0.00517,0.80235,-0.59684,0.00163,-0.00201,0.2875513550164214,-0.9577651979063551,0.0002095414528230366,-0.9577521369754707,-0.2875485635188282,-0.005164081445640461,0.00500623083154544,0.001284249842882867,-0.9999866440884109
4.933,0.015806294977664948,Empty,0.56851,0.00278,0.19706,-1.31036,-0.00218,0.00284,0.79294,-0.6093,-0.00173,0.00046,0.25750656850395726,-0.9662741010298548,-0.0021745933556801197,-0.9662709235766802,-0.25751209608054887,0.0028324234273324365,-0.0032968814941257128,0.0013718786928741498,-0.9999936242403077
5.0,0.015806294977664948,Empty,0.56778,0.00611,0.19181,-1.33849,-0.0034,0.00953,0.78428,-0.62038,-0.00429,0.00268,0.23021205870606626,-0.9731344932165293,-0.00341557294217687,-0.9730885411998549,-0.2302346169512925,0.00952429224825899,-0.010054800438266766,0.0011310479654746543,-0.999948809549092
5.066,0.015806294977664948,Empty,0.568,0.00904,0.18713,-1.36439,-0.00332,0.01171,0.77618,-0.63048,-0.00498,0.0035,0.204948690387446,-0.9787671126336155,-0.0033126326881336623,-0.9786972972101087,-0.2049737389015182,0.01172035811570327,-0.012150503779633004,0.000839992611841015,-0.9999258270843457
5.133,0.015805967152118683,Empty,0.56951,0.01192,0.18332,-1.38798,-0.00208,0.00779,0.7687,-0.6396,-0.00329,0.00233,0.18180847702636654,-0.9833317734802156,-0.0020738721288403217,-0.9833011816847387,-0.1818192324311384,0.007781568964410572,-0.008028933848858388,0.0006244857126566062,-0.9999675725936543
5.2,0.015805967152118683,Empty,0.5718,0.01501,0.17999,-1.40994,-0.00055,-0.00058,0.76164,-0.64801,-2e-05,-0.0004,0.16017852092081747,-0.9870879072491412,-0.0005520852558316188,-0.9870879426376726,-0.16017820191294813,-0.000580630055564284,0.0004847008828511667,0.0006379611628418863,-0.999999679035253
5.266,0.015805967152118683,Empty,0.57427,0.01815,0.17699,-1.42826,0.00052,-0.01027,0.75565,-0.65495,0.00356,-0.00371,0.14204413002656996,-0.9898601920443788,0.0005151027674207762,-0.9898073230166772,-0.1420418899873317,-0.01027447280331484,0.010243457792866114,0.00094957605952926,-0.9999470835388006
5.333,0.015806294977664948,Empty,0.57681,0.02151,0.17443,-1.4448,0.00127,-0.02028,0.75018,-0.66115,0.00718,-0.00719,0.12565587949942325,-0.9920730784484649,0.0012676612371721862,-0.9918667920231694,-0.12565565368513054,-0.020271250050980315,0.02026985024348265,0.0012898506690225625,-0.9997937134511091
5.4,0.015806294977664948,Empty,0.57921,0.02497,0.17182,-1.46298,0.00127,-0.02958,0.7441,-0.6679,0.01035,-0.01058,0.10759332922195375,-0.9941941758271741,0.001271321462947516,-0.9937559498781201,-0.10758372633699403,-0.029577929428573888,0.029542978671271477,0.0019190046307004124,-0.9995616688491291
5.467,0.015806294977664948,Empty,0.58091,0.02846,0.16873,-1.47906,0.00066,-0.03528,0.73868,-0.67383,0.01213,-0.01281,0.091612071817116,-0.9957945490800894,0.0006665731443154035,-0.9951729467777596,-0.09157849638149701,-0.035273006707320954,0.03518571157510034,0.0025680776634054306,-0.9993774915806684
5.533,0.015806294977664948,Empty,0.58131,0.03173,0.16518,-1.49183,6e-05,-0.03472,0.73436,-0.67854,0.0118,-0.01273,0.07890021883513537,-0.996882516534773,6.078705064964385e-05,-0.9962814475181789,-0.07885476293608684,-0.034716043746023474,0.03461261040213595,0.002678542437839797,-0.9993972146306787
5.6,0.015806294977664948,Empty,0.58083,0.0347,0.16113,-1.50043,-0.00074,-0.02889,0.73146,-0.68173,0.00958,-0.01082,0.0703031803312304,-0.9975253923636163,-0.0007445972924422801,-0.9971108969814874,-0.07025240515803055,-0.028886998637540445,0.028763204899451417,0.0027732939486001173,-0.9995824062500235
5.667,0.015806294977664948,Empty,0.58082,0.03688,0.1572,-1.50472,-0.00108,-0.02334,0.73003,-0.68332,0.00758,-0.00889,0.06603380791395896,-0.997816798136426,-0.0010833139679290293,-0.9975470417199768,-0.06599060710272342,-0.023348218988533197,0.0232257565668997,0.0026224284517833724,-0.9997268062330379
5.733,0.015806294977664948,Empty,0.58109,0.03831,0.15361,-1.50593,-0.00105,-0.01856,0.72963,-0.68378,0.00596,-0.00713,0.06482351735492103,-0.997896194485846,-0.0010472002684039448,-0.997726100726888,-0.06479299037825992,-0.01856061222488372,0.018453713069624223,0.002247983209152545,-0.999827188590826
5.8,0.015806294977664948,Empty,0.5818,0.03919,0.15009,-1.50503,-0.00092,-0.01429,0.72995,-0.68346,0.00455,-0.00553,0.06572874548546814,-0.9978371070392152,-0.0009164237644304803,-0.9977364744681116,-0.06570899094538857,-0.01429181671035742,0.014200687759758466,0.0018537325989216996,-0.9998974468127229
5.867,0.015806294977664948,Empty,0.58316,0.03966,0.14724,-1.50433,-0.00082,-0.01162,0.73019,-0.68321,0.00367,-0.00452,0.06640801416432268,-0.9977922202575612,-0.0008129257267216533,-0.9977259274455446,-0.0663941431207567,-0.01160997253176559,0.011530366762553267,0.0015820722949746015,-0.9999322715512158
5.933,0.015806294977664948,Empty,0.58546,0.03982,0.1451,-1.50427,-0.00069,-0.01086,0.73022,-0.68319,0.00346,-0.0042,0.06647295561117533,-0.9977879958599143,-0.0006793306780583357,-0.9977299092110594,-0.06646169410911285,-0.01085686335169765,0.010787698457291047,0.0013994763313974056,-0.9999408317635559
6.0,0.015806294977664948,Empty,0.58771,0.03983,0.14311,-1.50446,-0.00051,-0.01032,0.73015,-0.68326,0.00334,-0.00394,0.06628244690607837,-0.9978007743119954,-0.0005020104832955761,-0.9977482094466567,-0.06627376791110501,-0.010310103435718592,0.010254159065137833,0.0011842589444058002,-0.9999467234571148
6.067,0.015806294977664948,Empty,0.58973,0.03957,0.14112,-1.50514,-0.00018,-0.00959,0.72993,-0.68351,0.00321,-0.00356,0.06561868116156938,-0.9978447552025071,-0.00018220171462720713,-0.9977991579614238,-0.06561393459207249,-0.009573502954549016,0.009540914740726273,0.000810001355408045,-0.9999541563710378
6.133,0.015805967152118683,Empty,0.59041,0.03912,0.13833,-1.50656,0.00016,-0.0064,0.72945,-0.68403,0.00225,-0.00228,0.06420123677525386,-0.9979369582898652,0.00016874744416859678,-0.9979164044374502,-0.06420099828570441,-0.006409490911931724,0.006407101619213565,0.0002431014009030416,-0.9999794447640162
6.2,0.015805967152118683,Empty,0.5898,0.03864,0.13463,-1.50847,0.00052,-0.00073,0.7288,-0.68473,0.00044,-9e-05,0.06228853737140372,-0.9980580484009067,0.0005197444609544384,-0.9980578896229836,-0.0622889103533521,-0.0007352607075312257,0.0007662071829594209,-0.00047293674578464706,-0.9999995946286114
6.267,0.015805967152118683,Empty,0.58838,0.03825,0.13054,-1.51051,0.00079,0.0065,0.72809,-0.68547,-0.00194,0.00264,0.0602495187158682,-0.9981830255893366,0.0008018228132553543,-0.9981625118151668,-0.06024305148271941,0.006509589456115015,-0.006449457445630431,-0.0011925491050784936,-0.9999784909313245
6.333,0.015805967152118683,Empty,0.5869,0.03815,0.12651,-1.51232,0.00096,0.01375,0.72746,-0.68612,-0.00437,0.00533,0.05843910091835697,-0.9982905227608643,0.0009506049100273745,-0.9981974252075743,-0.05842056216854147,0.0137454801619082,-0.013666447703186204,-0.001752164875932026,-0.9999050745572919
6.4,0.015805967152118683,Empty,0.58562,0.0381,0.12278,-1.51303,0.00106,0.02001,0.7272,-0.68636,-0.00648,0.00764,0.05774555104483481,-0.9983307558265941,0.001073920495006495,-0.9981327646317344,-0.05771257797419588,0.020006061885908442,-0.01991068816336642,-0.0022271763005143777,-0.9997992819474256
6.466,0.015805967152118683,Empty,0.58448,0.03822,0.11953,-1.51284,0.00107,0.02553,0.72723,-0.68627,-0.00837,0.00965,0.057913732154683095,-0.9983210203758452,0.0010676627027060275,-0.9979981918862171,-0.05786771893848369,0.02551344932967322,-0.02540882956290561,-0.0025431045176657445,-0.9996739088321028
6.533,0.015805967152118683,Empty,0.58339,0.03862,0.11668,-1.51213,0.00086,0.03042,0.72746,-0.68599,-0.01012,0.01136,0.058641853574790515,-0.9982787094080636,0.0008668055627402745,-0.9978189256493304,-0.05858843924333218,0.03041030093646628,-0.030307171186518114,-0.002648231410041938,-0.9995371239954371
6.6,0.015806294977664948,Empty,0.58228,0.03928,0.11377,-1.51103,0.00049,0.03535,0.7278,-0.68556,-0.01194,0.01303,0.059722784927116856,-0.9982148882056243,0.00047531587622121757,-0.997592582166534,-0.05966872647764426,0.035336710187042875,-0.03524526871590472,-0.002584578334836903,-0.9993753504004261
6.667,0.015806294977664948,Empty,0.58106,0.04002,0.11041,-1.50982,4e-05,0.04094,0.72818,-0.68508,-0.01401,0.01492,0.06094264235303609,-0.9981412691187174,3.500151809752994e-05,-0.9973052824677333,-0.0608901652654944,0.040921404373448295,-0.04084321124721217,-0.002528765710208064,-0.9991623679057365
6.733,0.015806294977664948,Empty,0.57997,0.04021,0.10728,-1.5094,-4e-05,0.04606,0.72828,-0.68489,-0.01579,0.01676,0.06135048784949648,-0.9981162836593452,-4.398506990243439e-05,-0.9970581490086878,-0.061287476773206506,0.046031431502211374,-0.04594741707645705,-0.002780195106690428,-0.9989399908799181
6.8,0.015806294977664948,Empty,0.57922,0.04016,0.10457,-1.50936,5e-05,0.05009,0.72826,-0.68484,-0.01714,0.01826,0.061396526144291586,-0.9981134531602509,3.4611165177871744e-05,-0.9968616521094487,-0.061317788395059025,0.05006970521142402,-0.04997312408718779,-0.003108608508350827,-0.9987457251083025
6.867,0.015806294977664948,Empty,0.57862,0.04018,0.10234,-1.50924,6e-05,0.05332,0.72827,-0.68477,-0.01824,0.01944,0.061521163168681114,-0.998105776956518,6.69955054569231e-05,-0.9966874408768943,-0.061430162504778285,0.05329615683052215,-0.05319108647733749,-0.0033456151395183055,-0.9985787476101715
6.933,0.015806294977664948,Empty,0.57874,0.04036,0.10104,-1.50892,8e-05,0.05373,0.72838,-0.68465,-0.01837,0.0196,0.061831507503187,-0.9980865987342542,7.81471113941376e-05,-0.9966464990348557,-0.06173808837448136,0.05370441700111637,-0.053596834248380715,-0.003398510107739453,-0.9985568734366608
7.0,0.015806294977664948,Empty,0.57999,0.04083,0.10099,-1.5082,3e-05,0.04882,0.72867,-0.68443,-0.0167,0.0178,0.06254726058537197,-0.9980420026166199,3.473143278103982e-05,-0.9968527548926833,-0.06247103206558824,0.04880527856213823,-0.048707548245967555,-0.003087258600616865,-0.9988083117286318
7.067,0.015806294977664948,Empty,0.58263,0.04156,0.10207,-1.50728,-0.00014,0.03703,0.72907,-0.68418,-0.01272,0.01345,0.06345947855223028,-0.9979844056340981,-0.0001438507362313754,-0.9973004691788978,-0.06342132286354585,0.03700689100408325,-0.03694142332706245,-0.0022049755992230636,-0.9993150000501232
7.133,0.015806294977664948,Empty,0.58632,0.04218,0.10367,-1.50671,-0.00027,0.02088,0.72936,-0.68405,-0.00724,0.00752,0.06405301639299033,-0.9979464609273572,-0.00026872573661248546,-0.9977288808307934,-0.0640446696335929,0.020865297689133342,-0.020839660436089636,-0.0010683698264858778,-0.9997822598640279
7.2,0.015806294977664948,Empty,0.58938,0.04247,0.10499,-1.50656,-0.0003,0.00716,0.72945,-0.68403,-0.00256,0.00251,0.064203806602527,-0.9979367599342683,-0.0003072289690266338,-0.9979110598317888,-0.06420435855900086,0.007163589004331504,-0.007168534239370422,-0.00015334249692170585,-0.999974293971069
7.267,0.015806294977664948,Empty,0.5906,0.04255,0.1055,-1.50655,-0.00033,0.00143,0.72945,-0.68403,-0.00061,0.00041,0.0642006903567644,-0.997936955871846,-0.0003216565687761034,-0.9979359583896852,-0.06420108693483073,0.0014294716671224938,-0.0014471733053283908,0.00022921958835921217,-0.9999989265733261
7.333,0.015806294977664948,Empty,0.59042,0.04266,0.10518,-1.50638,-0.00035,0.00203,0.72951,-0.68397,-0.00082,0.00062,0.06437681641015958,-0.9979256008318259,-0.00034743824236981014,-0.9979235536757797,-0.06437739209853438,0.002032831939726974,-0.0020509822028012864,0.00021584955693203808,-0.9999978734382253
7.4,0.015806294977664948,Empty,0.58999,0.04264,0.10401,-1.50636,-0.00031,0.00397,0.72952,-0.68396,-0.00147,0.00134,0.06439131934184167,-0.9979246767938421,-0.0003121527232886139,-0.9979167459760423,-0.06439205221406713,0.003978908424163476,-0.0039907510576322105,5.529526689947862e-05,-0.9999920353924974
7.466,0.015805967152118683,Empty,0.58912,0.04254,0.10178,-1.50642,-0.00024,0.00776,0.72949,-0.68398,-0.00274,0.00275,0.06434025992031012,-0.9979279920053217,-0.00023178786363918557,-0.9978979093526527,-0.06434012119294347,0.007753148681824428,-0.007751997355009339,-0.00026753897685052343,-0.9999699170274592
7.533,0.015805967152118683,Empty,0.58807,0.04245,0.09906,-1.50639,-0.00014,0.01233,0.72949,-0.68396,-0.00427,0.00445,0.06434943298900203,-0.9979274162033334,-0.00014987906156289314,-0.9978513751620196,-0.06434638237210027,0.012335970285703404,-0.01232004712897798,-0.000644255665565657,-0.9999238977909154
7.6,0.015805967152118683,Empty,0.58702,0.04236,0.09633,-1.50639,-6e-05,0.01689,0.72948,-0.68395,-0.0058,0.00614,0.06434768578711797,-0.9979275379559656,-6.574942690272534e-05,-0.9977852582141377,-0.06433962366772972,0.01688168584121298,-0.016850929481451105,-0.001020693607167631,-0.9998574920258243
7.667,0.015806294977664948,Empty,0.58633,0.04226,0.09416,-1.50645,2e-05,0.01975,0.72945,-0.68396,-0.00675,0.00721,0.06429770503396037,-0.9979307615568234,1.6309050359517713e-05,-0.9977359566920239,-0.06428483063618168,0.01975908079668323,-0.01971714612255668,-0.0012867356747705385,-0.9998047701726999
7.733,0.015806294977664948,Empty,0.58621,0.04227,0.09282,-1.50639,6e-05,0.02015,0.72947,-0.68394,-0.00687,0.00737,0.06435864881030134,-0.997926831695356,5.390528978706406e-05,-0.9977241735829772,-0.06434449014545196,0.020155893333881833,-0.02011063826628284,-0.00135098867123774,-0.9997968478936774
7.8,0.015806294977664948,Empty,0.58646,0.04232,0.09248,-1.506,7e-05,0.01891,0.7296,-0.6838,-0.00644,0.00692,0.06473972835529812,-0.9979021809791593,6.906170444791887e-05,-0.9977241374853335,-0.0647268700516197,0.01889385541565912,-0.018849749378421675,-0.0012920875966976083,-0.9998214927965957
7.867,0.015805967152118683,Empty,0.58699,0.04232,0.09274,-1.50576,0.0001,0.01657,0.7297,-0.68372,-0.00563,0.00608,0.06498737099603585,-0.9978860815861306,9.893281597728176e-05,-0.9977490970167966,-0.06497680651532228,0.016575705633155052,-0.016534237605352633,-0.0011759216593095966,-0.9998626086593401
7.933,0.015805967152118683,Empty,0.58741,0.04234,0.09295,-1.50578,0.00011,0.01492,0.7297,-0.68373,-0.00506,0.00548,0.06498529887334925,-0.9978862156491424,0.00010746057398902838,-0.9977752415429684,-0.06497646513168648,0.014920668311508557,-0.014882146828088633,-0.001076845589781746,-0.9998886748580378
8.0,0.015805967152118683,Empty,0.58745,0.0423,0.09295,-1.50583,0.00013,0.01476,0.72968,-0.68375,-0.005,0.00543,0.06492559840495604,-0.9978900989663312,0.00013060139416924427,-0.9977813843287554,-0.0649165920912615,0.014769737920811394,-0.014730097038073412,-0.0010892457126625203,-0.9998909129425201
8.067,0.015805967152118683,Empty,0.58747,0.04212,0.09296,-1.50605,0.00026,0.01475,0.7296,-0.68383,-0.00495,0.00547,0.06469066688077824,-0.9979053320691618,0.0002566056431023613,-0.9977970553085589,-0.06467985488862882,0.014749670815136246,-0.01470217793693,-0.0012102063963662227,-0.9998911847618164
8.133,0.015805967152118683,Empty,0.58747,0.04191,0.09295,-1.50635,0.0004,0.01479,0.7295,-0.68394,-0.00491,0.00553,0.06439694096368437,-0.997924281304645,0.0004034564757172355,-0.9978156499092505,-0.06438395283576748,0.014786325216949267,-0.014729656842556926,-0.001354769297593599,-0.9998905949199897
8.2,0.015806294977664948,Empty,0.58748,0.04172,0.09296,-1.50662,0.00054,0.01479,0.7294,-0.68404,-0.00486,0.00558,0.06412174587538039,-0.9979419388434586,0.0005370318907922901,-0.9978334136847786,-0.06410681269178908,0.014791724060467255,-0.014726854384907503,-0.0014843395361108828,-0.9998904522476787
8.267,0.015806294977664948,Empty,0.58747,0.04155,0.09294,-1.50687,0.00064,0.01484,0.72932,-0.68413,-0.00484,0.00563,0.06388626258331637,-0.9979569785369613,0.0006437720982280766,-0.9978479012017264,-0.06386970661525088,0.014840035181609368,-0.014768599136180172,-0.0015904610214270633,-0.9998896733706644
8.333,0.015806294977664948,Empty,0.58743,0.04141,0.09291,-1.50709,0.0007,0.01495,0.72925,-0.68421,-0.00486,0.00569,0.06367633804548517,-0.9979703571556486,0.000700151229408235,-0.9978596935394247,-0.06365878643702588,0.014952956857120166,-0.014878036917646638,-0.0016508022268220729,-0.999887953157495
8.4,0.015806294977664948,Empty,0.58743,0.04142,0.09291,-1.50709,0.0007,0.01495,0.72925,-0.68421,-0.00486,0.00569,0.06367429862404395,-0.9979704914717957,0.0006941514811337098,-0.9978599007590654,-0.06365684566438562,0.01494738964398164,-0.01487286629552271,-0.0016444304799166783,-0.9998880405808203
8.467,0.015805967152118683,Empty,0.58744,0.04123,0.09291,-1.50733,0.00081,0.01495,0.72916,-0.6843,-0.00482,0.00573,0.06342308668990604,-0.9979864054075984,0.0008041743248764395,-0.9978758800634724,-0.06340401180037136,0.014955242397530936,-0.014874140723927216,-0.0017509737972076938,-0.9998878407243917
8.533,0.015805967152118683,Empty,0.58746,0.04104,0.09291,-1.50763,0.00087,0.01496,0.72906,-0.68441,-0.0048,0.00575,0.06310921400522013,-0.9980062441361992,0.0008739409593064703,-0.9978958750252855,-0.06308914090920115,0.014952688950767032,-0.014867740755163932,-0.001815754525255025,-0.9998878203680358
8.6,0.015805967152118683,Empty,0.58744,0.04104,0.09289,-1.50763,0.00087,0.01498,0.72906,-0.68441,-0.00481,0.00576,0.06313181693586667,-0.9980048162459103,0.0008720323059356874,-0.9978938271051584,-0.0631116944785794,0.014994127032372483,-0.014909175557242822,-0.0018168021380503732,-0.9998872014953459
8.667,0.015806294977664948,Empty,0.58741,0.04105,0.09287,-1.50761,0.00087,0.01507,0.72907,-0.6844,-0.00484,0.00579,0.06314604917359434,-0.9980039193144319,0.0008680476940738906,-0.9978919163263753,-0.0631258622303923,0.015061502187484636,-0.014976641954727024,-0.001817292134661196,-0.9998861923464378
8.733,0.015806294977664948,Empty,0.58732,0.04109,0.09282,-1.50755,0.00083,0.01524,0.72908,-0.68438,-0.00491,0.00584,0.06319601066731706,-0.9980007752494151,0.0008466624493337696,-0.9978861013686076,-0.06317582339589373,0.015236273613046681,-0.015152324280357789,-0.0018077444005211326,-0.9998835627857302
