time,gr,gr_state,tx,ty,tz,rx,ry,rz,qw,qx,qy,qz,xx,xy,xz,yx,yy,yz,zx,zy,zz
0.0,0.01595732755959034,Empty,0.30803,0.00052,0.4854,0.01332,0.00223,0.00115,0.99998,0.00666,0.00112,0.00057,0.9999087653976304,0.013322879069044224,0.002227504051204112,0.013320321192893225,-0.9999106086138392,0.001159234583433406,0.0022427492736970707,-0.001129457751706624,-0.9999968471954712
0.067,0.01595732755959034,Empty,0.30803,0.00051,0.4854,0.01332,0.00221,0.00115,0.99998,0.00666,0.00111,0.00057,0.9999087584423041,0.013324789966708828,0.002219180639986897,0.013322243487422059,-0.9999105840372398,0.0011583431131318685,0.002234416888505394,-0.0011286729592734019,-0.999996866734351
0.133,0.01595732755959034,Empty,0.30803,0.00052,0.48541,0.01332,0.00223,0.00115,0.99998,0.00666,0.00112,0.00057,0.9999088745903568,0.013313887765253163,0.0022322428229176357,0.013311324538399338,-0.9999107284317295,0.0011592265358266892,0.002247477359092675,-0.0011294067921693734,-0.9999968366379056
0.2,0.01595732755959034,Empty,0.30804,0.00051,0.48541,0.0133,0.00225,0.00116,0.99998,0.00665,0.00113,0.00057,0.9999089219587745,0.013307316873462427,0.0022501344116206707,0.01330474220298744,-0.9999108205200765,0.001155353530187255,0.002265308401331148,-0.001125310844582119,-0.9999968010215582
0.267,0.01595732755959034,Empty,0.30804,0.00049,0.48542,0.01326,0.00227,0.00116,0.99998,0.00663,0.00114,0.00057,0.9999094031332163,0.013265659808744945,0.002282059511451912,0.013263059737916527,-0.9999113795965451,0.0011507387722894341,0.002297122583499297,-0.001120367427336311,-0.9999967339969987
0.333,0.01595732755959034,Empty,0.3081,0.0005,0.48523,0.01332,0.00173,0.00117,0.99998,0.00666,0.00087,0.00058,0.9999098547796855,0.013315647107224826,0.0017250671245623002,0.013313640235859903,-0.9999106854447368,0.0011696653823056737,0.0017404879024236312,-0.0011465930194829595,-0.9999978280107957
0.4,0.01595732755959034,Empty,0.30841,0.00081,0.48398,0.0141,-0.00185,0.00151,0.99997,0.00705,-0.00092,0.00076,0.9998989530671076,0.01409375414778452,-0.0018573500812212082,0.014096571789903034,-0.9998994940532633,0.001512764290899428,-0.0018358428784934536,-0.0015387936994665605,-0.999997130893322
0.467,0.01595732755959034,Empty,0.30934,0.00154,0.48112,0.01607,-0.01014,0.00224,0.99995,0.00804,-0.00506,0.00116,0.9998194632693895,0.016068450328122263,-0.010141290438707776,0.016091918408226435,-0.9998680148095054,0.002236766157124547,-0.010104010572665943,-0.0023995551569692113,-0.9999460740986966
0.533,0.01595732755959034,Empty,0.3113,0.00259,0.47664,0.01895,-0.02339,0.00304,0.99989,0.00949,-0.01168,0.00163,0.9995468670773173,0.018945756385203683,-0.02339057141055371,0.019021760750320083,-0.9998144752216591,0.003031131009260635,-0.02332880481030456,-0.0034746873571922065,-0.9997218080115553
0.6,0.01595732755959034,Empty,0.31433,0.00395,0.47046,0.02283,-0.04147,0.00357,0.99972,0.01145,-0.02071,0.00202,0.9988797117597312,0.022817157506239805,-0.04145719187465394,0.022984424766364475,-0.9997294758637005,0.003562486133245342,-0.04136469089641266,-0.004511364829591869,-0.9991339299285249
0.667,0.01595732755959034,Empty,0.31897,0.00567,0.46278,0.02803,-0.06124,0.00342,0.99943,0.01406,-0.03059,0.00214,0.9977335015882014,0.02797936962801617,-0.06119652509550849,0.02824101773235016,-0.9995953107597347,0.003414619245255865,-0.06107622062625873,-0.005135132166540066,-0.9981198954492615
0.733,0.01595732755959034,Empty,0.32569,0.00724,0.45347,0.03251,-0.08025,0.00332,0.99906,0.01631,-0.04008,0.00231,0.9962553755144121,0.03240956674971224,-0.0801551417049069,0.032779907337483316,-0.999457118663418,0.0033084177433200662,-0.0800044025887561,-0.005923507078939566,-0.9967769096594794
0.8,0.01595732755959034,Empty,0.33441,0.0086,0.44266,0.03603,-0.09679,0.00318,0.99866,0.01807,-0.04834,0.00246,0.9946743478752964,0.03585546013305563,-0.09662984868817966,0.03633054927836571,-0.9993348281334532,0.003161086619130067,-0.09645223101611453,-0.006654867250987464,-0.9953153670439764
0.867,0.01595732755959034,Empty,0.34494,0.01025,0.43065,0.04019,-0.10901,0.00288,0.99831,0.02014,-0.05444,0.00253,0.9932607588912542,0.03993499744728363,-0.1088037721113354,0.040486926148979696,-0.9991759538382803,0.0028674173692388796,-0.10859960247522547,-0.007253223438430208,-0.9940591114677111
0.933,0.01595732755959034,Empty,0.35702,0.01215,0.41726,0.04469,-0.11764,0.00262,0.99802,0.02238,-0.05874,0.00262,0.9920973127596397,0.044355936016901354,-0.11736896078250911,0.044970976236016535,-0.9989849212102975,0.0025958603266582198,-0.11713468022529118,-0.007853542800573148,-0.993084985564679
1.0,0.01595732755959034,Empty,0.36963,0.01423,0.40316,0.04937,-0.12331,0.00234,0.99779,0.02471,-0.06157,0.00269,0.9911976979981956,0.04897829667994713,-0.12299695092728669,0.04963961497773928,-0.9987645086615049,0.002316217391402614,-0.12273154487718321,-0.008401350633888097,-0.9924043456170405
1.067,0.01595732755959034,Empty,0.38242,0.01693,0.38832,0.05652,-0.12819,0.00192,0.99755,0.02826,-0.064,0.00277,0.9902098404076862,0.056023120591818465,-0.1278510145401237,0.05673150098430829,-0.9983876579012825,0.0019029835676224321,-0.12753826388912382,-0.009137533012021712,-0.9917915591164318
1.133,0.01595732755959034,Empty,0.39428,0.01968,0.37287,0.06345,-0.13414,0.00149,0.99725,0.0317,-0.06696,0.00287,0.9890232537975248,0.06284552795150633,-0.13372899111357264,0.06361291741707281,-0.9979735658294768,0.0014692322102312916,-0.13336566344245535,-0.009959996089123265,-0.9910168506601986
1.2,0.01595732755959034,Empty,0.40446,0.02237,0.35688,0.06906,-0.14154,0.00116,0.9969,0.03448,-0.07065,0.00302,0.9876404753768675,0.06831477399064817,-0.14106517306536695,0.06916706254064969,-0.9976044375111877,0.0011418044859997645,-0.14064924051289113,-0.010884755973060059,-0.9899996531466837
1.267,0.01595732755959034,Empty,0.41359,0.02492,0.3402,0.0741,-0.14943,0.00083,0.99652,0.03697,-0.07458,0.00318,0.9861431082635473,0.07320808227362985,-0.1488702344799876,0.07415591115541376,-0.9972463240864873,0.0008184966090928475,-0.14840037353396188,-0.011846762671977592,-0.988856401783987
1.333,0.01595732755959034,Empty,0.42194,0.02718,0.32379,0.07836,-0.15588,0.0005,0.9962,0.03907,-0.07779,0.0033,0.984842978908432,0.0773332475417221,-0.15525422931249325,0.07836160275124499,-0.9969248737871255,0.0005052116186637368,-0.15473773330710758,-0.012663524358340218,-0.9878744196717535
1.4,0.01595732755959034,Empty,0.43014,0.02937,0.30838,0.08242,-0.15823,0.00025,0.99603,0.04108,-0.07896,0.00338,0.9841563559423709,0.08130709120293522,-0.15756085801477066,0.08237459577524142,-0.9966014075738476,0.0002457492444185305,-0.15700539171983444,-0.013220867669829474,-0.9875092483764178
1.467,0.01595732755959034,Empty,0.43834,0.03176,0.29372,0.08818,-0.15717,-0.00018,0.99595,0.04393,-0.07843,0.00337,0.9838376046462645,0.0869827833568681,-0.1565169737868477,0.08804104781510763,-0.9961168326633716,-0.00017200090235311438,-0.15592415330383735,-0.01361069741727573,-0.9876752539839687
1.534,0.015956999734044075,Empty,0.44681,0.03421,0.28052,0.0964,-0.15186,-0.00091,0.99596,0.04801,-0.07579,0.0032,0.983902343538547,0.09515475047021066,-0.1512671538778548,0.09612539865569619,-0.9953688254132651,-0.0008995158143797616,-0.15065220248186934,-0.013655579752203103,-0.988492508332255
1.6,0.015956999734044075,Empty,0.4556,0.03704,0.26935,0.10666,-0.14229,-0.00171,0.99605,0.05311,-0.07103,0.00294,0.9842667060249403,0.10538787426747798,-0.14181836047633517,0.10622431555080508,-0.9943407710010084,-0.001681044580799776,-0.14119293961305746,-0.013409962061911182,-0.9898912701508795
1.667,0.015956999734044075,Empty,0.46533,0.04052,0.26001,0.12297,-0.12727,-0.00283,0.99609,0.06123,-0.06356,0.0025,0.9844220408889118,0.1216545519954525,-0.1269386284426251,0.12228957864273299,-0.9924904909973717,-0.0028078880281001764,-0.12632697402966575,-0.012759124522525134,-0.9919065986139657
1.733,0.01595732755959034,Empty,0.47508,0.0442,0.25261,0.14503,-0.10973,-0.00412,0.99588,0.07223,-0.05484,0.00192,0.983550540930072,0.14365690854672053,-0.10950354360915113,0.1440775024308562,-0.9895578994797964,-0.004103275571933775,-0.10894956048304515,-0.011741218162174206,-0.9939779359053296
1.8,0.01595732755959034,Empty,0.48518,0.04827,0.24739,0.17332,-0.08902,-0.00513,0.99527,0.08635,-0.04455,0.0013,0.981116565512451,0.17177416122907285,-0.08890400672130142,0.17200543603706103,-0.985082742067305,-0.0051108957003250036,-0.08845572254384244,-0.01027758800534406,-0.9960270861447692
1.867,0.015956999734044075,Empty,0.495,0.05235,0.24335,0.20786,-0.0684,-0.00545,0.99403,0.10359,-0.03429,0.00084,0.9761874636801888,0.20587787037062838,-0.06835450420634209,0.20599318103438358,-0.9785383398582372,-0.005433856348864223,-0.06800621384091102,-0.008776099312292332,-0.9976462975222656
1.933,0.015956999734044075,Empty,0.50415,0.05641,0.24058,0.24658,-0.04894,-0.00482,0.99212,0.12288,-0.02458,0.00062,0.9685933648934112,0.2437897162694832,-0.04892307968335764,0.24385050134986241,-0.9698008869941753,-0.004813790266655727,-0.048619198634695535,-0.0072673121960948,-0.9987909489465573
2.0,0.01595732755959034,Empty,0.51162,0.05973,0.23817,0.28708,-0.03436,-0.00418,0.98957,0.14299,-0.0173,0.00039,0.9585067707243068,0.28299287533009115,-0.03434826033540686,0.28302000770311747,-0.9591049354587352,-0.00417109319268239,-0.03412397566797734,-0.005723223838207413,-0.999401220228147
2.067,0.01595732755959034,Empty,0.51763,0.06276,0.23607,0.33089,-0.02449,-0.00318,0.98627,0.16466,-0.01234,0.00045,0.9454710942266837,0.3247834554256196,-0.02449728686185294,0.3248056348763368,-0.9457754454238327,-0.0031790542509191125,-0.024201436618043453,-0.004951152910689395,-0.9996948417144491
2.133,0.01595732755959034,Empty,0.52172,0.06523,0.23346,0.37662,-0.02111,-0.00333,0.98227,0.18717,-0.01068,0.00034,0.9297058708133729,0.3676968970462829,-0.021118372988546574,0.36771163632168097,-0.9299339316306615,-0.003321944546765312,-0.020860160324887307,-0.004677040140425878,-0.9997714633888811
2.2,0.01595732755959034,Empty,0.52416,0.06685,0.23067,0.42348,-0.02285,-0.00485,0.97761,0.21012,-0.01168,3e-05,0.9114230812184556,0.4108359346483413,-0.022842981939316366,0.4108373876075764,-0.9116957581731899,-0.004846181258922966,-0.02281683514508648,-0.004967829569965081,-0.9997273191742464
2.267,0.01595732755959034,Empty,0.52552,0.06729,0.22714,0.47389,-0.02727,-0.00755,0.97197,0.23466,-0.01414,-0.00047,0.8894699796490546,0.4561798637471319,-0.027259626093524933,0.4561532501559535,-0.8898692142169864,-0.007549434482339048,-0.027701402045215345,-0.005719571705229495,-0.9995998793638572
2.333,0.01595732755959034,Empty,0.52648,0.06731,0.22309,0.52706,-0.0328,-0.0115,0.96536,0.26036,-0.01733,-0.00128,0.8638280439104111,0.5027179084500516,-0.032799620081917405,0.5026293607341051,-0.8644256338849555,-0.01149126671074645,-0.0341296979467653,-0.006559573629298734,-0.9993958853786942
2.4,0.01595732755959034,Empty,0.52653,0.067,0.21803,0.58139,-0.03962,-0.01691,0.95787,0.28639,-0.0214,-0.00242,0.8350445574331457,0.5487545933492796,-0.03961039483959862,0.5485471142394402,-0.8359488084467844,-0.01690127557269151,-0.04238691497224583,-0.007614849602492836,-0.9990722513935951
2.467,0.01595732755959034,Empty,0.52631,0.06651,0.21203,0.63752,-0.04538,-0.0229,0.9494,0.31304,-0.02513,-0.00376,0.8027485692948362,0.5945899594032967,-0.045359835448105,0.5942122471878325,-0.8039831345816519,-0.02286754469214161,-0.05006535515782886,-0.008596480968786352,-0.9987089469549543
2.533,0.01595732755959034,Empty,0.52626,0.06599,0.20546,0.68875,-0.04942,-0.02853,0.94102,0.33714,-0.02807,-0.00508,0.7710946341586586,0.6348010099174004,-0.04940387615939866,0.6342305065942189,-0.7726189081154772,-0.028490126845775388,-0.05625593014931983,-0.009364861467016542,-0.9983724604038005
2.6,0.01595732755959034,Empty,0.52689,0.06568,0.19853,0.73402,-0.05095,-0.03282,0.93313,0.35827,-0.02966,-0.00617,0.7415290943141246,0.6689841667436617,-0.05093905114902222,0.6682521595802071,-0.7432128150389417,-0.032768319735397206,-0.0597800426736523,-0.009741468481716002,-0.9981640397698948
2.667,0.01595732755959034,Empty,0.52872,0.06546,0.19213,0.77046,-0.04803,-0.03344,0.92647,0.37524,-0.02853,-0.00647,0.716763852060166,0.6956609725961361,-0.04801449350425702,0.694922862699879,-0.7183083620118136,-0.033396286633550376,-0.0577217054224647,-0.00942911822509404,-0.9982881830677051
2.733,0.01595732755959034,Empty,0.53272,0.06527,0.18686,0.80163,-0.03888,-0.02843,0.92059,0.3898,-0.02344,-0.0055,0.6950150771852363,0.7179441633465248,-0.0388615594367836,0.7174283003043694,-0.6960530999613493,-0.02840274558171315,-0.04744129432871272,-0.008140046121161907,-0.9988408598177998
2.8,0.01595732755959034,Empty,0.53872,0.06502,0.18293,0.83277,-0.0253,-0.01876,0.91449,0.4043,-0.01536,-0.00346,0.6726052686487526,0.7395689290793568,-0.025297267171629827,0.7393566159722373,-0.6730531936864935,-0.018740141047844897,-0.030886032506956707,-0.006098984245360576,-0.9995043048367295
2.867,0.01595732755959034,Empty,0.54642,0.06503,0.18028,0.86793,-0.00795,-0.00419,0.9073,0.42046,-0.00449,-0.00023,0.646381386592158,0.762973064406404,-0.007950223739015189,0.7629688947874764,-0.6464215787744833,-0.004196198455904176,-0.008340782575743144,-0.0033534288431263477,-0.9999595921141105
2.933,0.01595732755959034,Empty,0.555,0.06551,0.17869,0.90938,0.00965,0.01318,0.89838,0.43914,0.00723,0.0038,0.6142092074449402,0.7890841814189157,0.009654228311879698,0.7889741410651049,-0.6142848866877808,0.013186459629494421,0.016335673247174165,-0.00048230842802475716,-0.9998664476609571
3.0,0.01595732755959034,Empty,0.56352,0.06624,0.17745,0.95996,0.02444,0.03115,0.88692,0.4615,0.01803,0.00817,0.5733808812426695,0.8189243884009041,0.02443790309304298,0.8183348362139781,-0.5738974279264758,0.031142223074426177,0.03952797571368276,0.002142032114788111,-0.9992161682210702
3.067,0.01595732755959034,Empty,0.57092,0.06689,0.17638,1.01646,0.03334,0.04674,0.87344,0.48609,0.02593,0.0123,0.5260847215571851,0.8497781468898115,0.03334616638561809,0.8485027548735175,-0.5271272855926101,0.04668939661013633,0.05725330310253548,0.0037317358273511116,-0.9983527099335006
3.133,0.01595732755959034,Empty,0.57606,0.06731,0.17431,1.07513,0.03547,0.05573,0.85875,0.51134,0.02949,0.01485,0.4753282676203986,0.8790939447419508,0.035452423316708746,0.8773423134677002,-0.4766258990274426,0.05566163288501173,0.06582934755969092,0.004646363558562261,-0.9978200781230787
3.2,0.01595732755959034,Empty,0.57901,0.06758,0.17108,1.13821,0.03133,0.05735,0.84218,0.53821,0.02864,0.01571,0.4190235320683628,0.9074343690572967,0.03133919951975986,0.905634653632672,-0.42017105664152266,0.057290115206518694,0.06515484412216406,0.004375958675764008,-0.9978655707424141
3.267,0.01595732755959034,Empty,0.58002,0.06753,0.1663,1.20548,0.02446,0.05398,0.82361,0.56638,0.02537,0.0153,0.35713476685471607,0.9337325385401525,0.024460269315567024,0.9321803683225495,-0.357953927378412,0.053932798818588215,0.0591144586176966,0.0035401053279552246,-0.9982449340901279
3.333,0.01595732755959034,Empty,0.58025,0.06685,0.16065,1.27141,0.01738,0.04817,0.80452,0.59338,0.02129,0.01422,0.29489443888491024,0.9553716912821684,0.017383941193035678,0.9541602108451936,-0.2953967478882167,0.04815655071660757,0.05114256499834371,0.0023859659918606764,-0.998688512606246
3.4,0.01595732755959034,Empty,0.57889,0.06509,0.15373,1.32949,0.00996,0.03868,0.78698,0.61666,0.01585,0.01215,0.23896249342766884,0.9709776173197915,0.009969623804933367,0.970207541497603,-0.23916997981642957,0.03866583990793221,0.03992809982967564,0.00043291868656581664,-0.9992024616790143
3.467,0.01595732755959034,Empty,0.57665,0.06167,0.14557,1.37867,0.00209,0.02621,0.77161,0.63596,0.00914,0.00945,0.1909490034426337,0.9815977502969021,0.002081993353977152,0.9812522115114006,-0.19093738029986207,0.026210955881305967,0.02612614568303134,-0.0029619953218720948,-0.9996542657816563
3.533,0.01595732755959034,Empty,0.57421,0.05691,0.13672,1.41596,-0.00548,0.01221,0.75965,0.6503,0.00189,0.00642,0.15422527860130675,0.9880205039766639,-0.00548152917059971,0.9879720561479749,-0.15414999535231688,0.012206359146928093,0.011215155419896598,-0.0072981267856550855,-0.9999104748097841
3.6,0.01595732755959034,Empty,0.57161,0.0514,0.12745,1.44305,-0.01267,-0.00283,0.75079,0.66051,-0.00569,0.00312,0.1273838127525051,0.9917726909909754,-0.012660712979685108,0.9918436639898727,-0.12742901705500154,-0.0028269799328570168,-0.0044170637056040515,-0.012197336468072886,-0.999915853725355
3.667,0.01595732755959034,Empty,0.56931,0.04611,0.11885,1.46061,-0.01867,-0.01621,0.74497,0.66699,-0.01236,0.00019,0.10995180869908167,0.9937615791142065,-0.018668787862070466,0.9937709379560711,-0.11025729931369666,-0.01620650554440365,-0.01816377267286193,-0.016770564226893808,-0.9996943660628483
3.733,0.01595732755959034,Empty,0.56814,0.04142,0.11113,1.46912,-0.02344,-0.0254,0.74211,0.67005,-0.01721,-0.00157,0.10146587125762174,0.9945629983895747,-0.023433292646802252,0.9944549573021827,-0.10205301171706094,-0.025387412168072204,-0.02764081885628333,-0.020727398143915506,-0.9994030018461711
3.8,0.01595732755959034,Empty,0.57123,0.03909,0.10682,1.47696,-0.02436,-0.02015,0.73948,0.67299,-0.01579,0.00075,0.09367424895802046,0.9953046042686144,-0.024369649235211656,0.9953522057886475,-0.09417186533556265,-0.020140660636990226,-0.022341027591061376,-0.022369722861875135,-0.9995001120486473
3.867,0.01595667190849781,Empty,0.57979,0.03924,0.10793,1.49064,-0.02074,0.00528,0.73481,0.67819,-0.00583,0.00897,0.08005402616022439,0.9965747616338696,-0.02073878901802907,0.9967840139805125,-0.07996096883509252,0.005279482536263542,0.003603105387778766,-0.021094737195556504,-0.9997709886240023
3.933,0.01595667190849781,Empty,0.58866,0.039,0.11061,1.50349,-0.01815,0.03005,0.73029,0.68291,0.00363,0.01717,0.06724653338074515,0.9975714109064886,-0.018143425539580784,0.9973219161007274,-0.06668338359061038,0.030038675371613435,0.028755858767318863,-0.020114832709856166,-0.9993840573531322
4.0,0.01595667190849781,Empty,0.59449,0.03808,0.11235,1.5121,-0.01799,0.0424,0.72723,0.68601,0.008,0.02159,0.05864837201139583,0.9981166270483236,-0.01798797570852471,0.9974257246106293,-0.057844021546662405,0.04237915827704,0.04125884566216149,-0.02042713834551533,-0.9989396576738954
4.067,0.01595667190849781,Empty,0.59792,0.03779,0.11374,1.51858,-0.01816,0.04766,0.72494,0.68834,0.00982,0.02353,0.05218482150050602,0.9984725173078226,-0.01814873510578389,0.9975479050586015,-0.05127058092075637,0.047639318270140896,0.04663605384416586,-0.0205902820045713,-0.9986997140125834
4.133,0.01595667190849781,Empty,0.59949,0.03834,0.11497,1.5215,-0.01787,0.05065,0.72391,0.68938,0.01099,0.0245,0.04927865977855228,0.9986251864462736,-0.017870385714222396,0.9975479427146536,-0.04831949035511757,0.050629327840528815,0.04969623402423679,-0.020321511926210113,-0.9985576200084005
4.2,0.01595667190849781,Empty,0.60001,0.03919,0.11546,1.52282,-0.0177,0.05185,0.72343,0.68985,0.01148,0.02487,0.04794283475792349,0.9986930692567433,-0.0177098281730835,0.9975514273188237,-0.04696915042424099,0.05181745615719073,0.05091791874725251,-0.0201507401097507,-0.9984995309079908
4.267,0.015956344082951546,Empty,0.59993,0.03976,0.1154,1.52373,-0.01762,0.05153,0.72313,0.69018,0.01141,0.02472,0.047042335410110936,0.9987373473797772,-0.017627524726088934,0.9976089479020238,-0.046080089892851284,0.05150740122821158,0.05063008734912327,-0.020008404840791187,-0.9985170293944653
4.333,0.015956344082951546,Empty,0.59984,0.04013,0.11538,1.52428,-0.01752,0.0512,0.72294,0.69038,0.01134,0.02456,0.04649250018629042,0.9987651426356062,-0.01751106171838133,0.9976510508238936,-0.04554352474650675,0.05116803830170988,0.0503073376000825,-0.019848859154659563,-0.9985365264094499
4.4,0.015956344082951546,Empty,0.59979,0.04034,0.11533,1.52461,-0.01747,0.05105,0.72283,0.6905,0.01131,0.02449,0.04615970817548615,0.9987813544673692,-0.017466748680880276,0.9976731811926245,-0.04521613469483565,0.05102670567699549,0.05017474334904167,-0.019781484564752465,-0.998544534809676
4.467,0.015956344082951546,Empty,0.59977,0.04064,0.11533,1.52508,-0.01737,0.05105,0.72267,0.69067,0.01135,0.02445,0.045697768595063415,0.998804289034237,-0.01736969062029241,0.9976942730272937,-0.04475977813473336,0.051016662276845925,0.05017819759589182,-0.01966098848334144,-0.9985467410281231
4.533,0.015956344082951546,Empty,0.59974,0.04105,0.11533,1.52569,-0.01717,0.05102,0.72246,0.69089,0.01142,0.02437,0.04507661780751049,0.9988359515700092,-0.017170916640334245,0.9977229657745855,-0.044149876239616304,0.05098697867095137,0.050169533513887775,-0.019430138426172625,-0.9985516950202122
4.6,0.015956344082951546,Empty,0.59972,0.04125,0.11531,1.52603,-0.01711,0.05098,0.72235,0.69101,0.01143,0.02433,0.04475788366929362,0.9988513270467574,-0.01711018136600923,0.9977387937743801,-0.04383528830316413,0.050948669237024395,0.05014011614556972,-0.01935184632819898,-0.9985546929420536
4.667,0.015956344082951546,Empty,0.59963,0.04136,0.11524,1.52619,-0.01708,0.05065,0.72229,0.69107,0.01133,0.0242,0.04458548063554568,0.9988595692671364,-0.01707910419103498,0.9977623508689167,-0.04367084439253183,0.050627547230495416,0.049823951118213784,-0.019298140675052654,-0.9985715576068928
4.733,0.015956344082951546,Empty,0.59939,0.04141,0.11497,1.52628,-0.01718,0.04967,0.72227,0.69111,0.01096,0.02388,0.04448612114641132,0.9988624117025072,-0.017171706764265344,0.997815393822144,-0.043586017443064506,0.049645734308322975,0.04884081159139898,-0.019342739498426412,-0.9986192635593354
4.8,0.01595667190849781,Empty,0.59906,0.04154,0.11444,1.52654,-0.01725,0.0485,0.7222,0.69121,0.01053,0.02348,0.04424427879899323,0.9988719541114255,-0.01724131906726739,0.9978829099591999,-0.04336385117935182,0.04846931423337941,0.04766698862856784,-0.01934930749451747,-0.9986758545667188
4.867,0.01595667190849781,Empty,0.59865,0.04166,0.11351,1.52679,-0.01742,0.04667,0.72213,0.69131,0.00984,0.02288,0.04399288288900083,0.9988800248850442,-0.01741614597919225,0.997979060744026,-0.04313972817068734,0.046655741016844644,0.045852159944612565,-0.019433469556748743,-0.9987591900400218
4.933,0.01595667190849781,Empty,0.59798,0.04165,0.11186,1.52694,-0.01784,0.04384,0.72211,0.69138,0.00871,0.022,0.04384140757500604,0.9988793207561388,-0.017833495103224364,0.998112807980689,-0.04302553986649499,0.043813530605287435,0.04299713393641514,-0.019720686726155554,-0.9988805439031752
5.0,0.01595667190849781,Empty,0.59699,0.0415,0.10962,1.52694,-0.0185,0.03978,0.72214,0.6914,0.00707,0.02076,0.04383561926901325,0.9988675804352344,-0.01849311327933556,0.9982806905137951,-0.043073872433747606,0.039753043416342865,0.038911456289922215,-0.020203917170228288,-0.9990383878011777
5.067,0.01595667190849781,Empty,0.59587,0.04128,0.10713,1.5269,-0.01926,0.03528,0.7222,0.6914,0.00524,0.0194,0.043884750661784655,0.9988509860864689,-0.019257109166268542,0.9984442249313358,-0.043186886401355096,0.03527070376701597,0.03439852265166558,-0.020774995476414267,-0.9991922443665873
5.133,0.01595667190849781,Empty,0.59473,0.04103,0.1042,1.52683,-0.02014,0.03033,0.72225,0.69139,0.00321,0.01792,0.043931435558969945,0.9988314420418469,-0.02014396580449616,0.9986011301825015,-0.043309573066301954,0.03033255147601657,0.02942467957274332,-0.02144833954923528,-0.9993368586030549
5.2,0.01595667190849781,Empty,0.59335,0.04052,0.10078,1.52648,-0.02131,0.02454,0.72241,0.69127,0.00078,0.01623,0.04429181031739493,0.9987912182640446,-0.021315202495725584,0.9987404530113003,-0.04376592051688488,0.024536742246933103,0.02357420322281588,-0.022375131730016554,-0.9994716656426403
5.267,0.01595667190849781,Empty,0.59157,0.03969,0.09696,1.52568,-0.02277,0.01772,0.72273,0.69098,-0.00211,0.01427,0.04507575241852857,0.9987237834659746,-0.02278115193120267,0.9988444387194431,-0.044677167829933084,0.017712648416778533,0.016672245893817945,-0.023553237868815653,-0.9995835538876933
5.333,0.01595667190849781,Empty,0.58924,0.03851,0.09276,1.52446,-0.02451,0.00948,0.7232,0.69052,-0.00559,0.01189,0.04630913666214048,0.9986266178947434,-0.024501875310121914,0.998892405198395,-0.04608899852545312,0.009474547582148949,0.008332268513005246,-0.02491349527919255,-0.9996548859753556
5.4,0.01595667190849781,Empty,0.58668,0.03736,0.08902,1.52322,-0.02597,0.00193,0.72365,0.69004,-0.00873,0.00966,0.04753522330161619,0.9985318093471038,-0.025973607136175164,0.9988693243866447,-0.04750119051950208,0.0019260577867180415,0.0006894527056245816,-0.026035794998978887,-0.9996607734795531
5.467,0.01595667190849781,Empty,0.58422,0.03665,0.08589,1.52264,-0.02717,-0.00465,0.72388,0.68979,-0.01144,0.00769,0.048127667816350805,0.9984713133089516,-0.02718021504066305,0.9988234759950467,-0.048271064735033564,-0.004644147986283145,-0.005949066458805221,-0.026924724853634098,-0.9996197616092954
5.534,0.01595667190849781,Empty,0.58277,0.03668,0.08364,1.523,-0.02779,-0.009,0.72376,0.68989,-0.01316,0.00633,0.047751152690035825,0.9984728267609788,-0.027782038023029226,0.9988059303920339,-0.04801754793659763,-0.00900158340849288,-0.01032186177374982,-0.027319028351987542,-0.9995734739674853
5.6,0.01595667190849781,Empty,0.58219,0.0373,0.08235,1.52412,-0.02786,-0.01119,0.72339,0.69028,-0.01394,0.00557,0.04664819431994516,0.9985230577048765,-0.027850479320699128,0.9988334666592589,-0.04697464469004414,-0.011184303183101403,-0.01247605098322616,-0.027296263259797397,-0.9995495296201765
5.667,0.015956344082951546,Empty,0.58197,0.03765,0.08189,1.52463,-0.02779,-0.01199,0.72321,0.69046,-0.01419,0.00526,0.046117097854977085,0.9985491084331952,-0.027800923234762374,0.9988479991449029,-0.04646466095382873,-0.011987905850050733,-0.01326227317085585,-0.027216049120260415,-0.99954159432243
5.733,0.015956344082951546,Empty,0.58219,0.03765,0.08209,1.52421,-0.02773,-0.01148,0.72335,0.69031,-0.01399,0.00542,0.046540487844846545,0.9985314855901566,-0.027728239689496295,0.9988349191131529,-0.046873306512902724,-0.011475952978652051,-0.012758814654365179,-0.02716183759729717,-0.9995496221933924
5.8,0.015956344082951546,Empty,0.58249,0.0377,0.08231,1.52422,-0.02764,-0.01087,0.72335,0.69032,-0.01375,0.00561,0.04652721810933125,0.998534451915517,-0.027643558251145985,0.9988431219452378,-0.046842571025994206,-0.010871581410507234,-0.012150543925986286,-0.0271057535857697,-0.9995587238401005
5.867,0.015956344082951546,Empty,0.58256,0.03768,0.08236,1.52419,-0.02765,-0.01074,0.72336,0.69031,-0.01371,0.00566,0.04656491690538045,0.9985328597609632,-0.027637591993282962,0.9988429608137464,-0.04687661018237477,-0.01073885704523423,-0.012018658262190538,-0.027105560230362962,-0.9995603235714066
5.933,0.015956344082951546,Empty,0.58256,0.03767,0.08236,1.52417,-0.02764,-0.01073,0.72337,0.6903,-0.0137,0.00566,0.04658719673905176,0.998531728646606,-0.02764091145418299,0.9988419988309483,-0.046898742661743154,-0.010731696424317622,-0.012012263375110188,-0.027108943593741924,-0.9995603086886947
6.0,0.015956344082951546,Empty,0.58256,0.03769,0.08236,1.52422,-0.02764,-0.01073,0.72336,0.69032,-0.0137,0.00566,0.0465500761691654,0.9985335954740877,-0.027636011257702802,0.9988437615958978,-0.04686151278255685,-0.010730262843345677,-0.012009593232159553,-0.02710456288747754,-0.9995604595726448
6.067,0.01595667190849781,Empty,0.58256,0.03768,0.08236,1.52417,-0.02764,-0.01073,0.72337,0.6903,-0.0137,0.00566,0.04658644240244858,0.9985318320562557,-0.02763844703779761,0.9988419833531048,-0.04689807645901917,-0.010736047488705542,-0.01201647517032718,-0.027106286998070973,-0.9995603301100235
6.133,0.01595667190849781,Empty,0.58256,0.03768,0.08236,1.52419,-0.02764,-0.01073,0.72336,0.69031,-0.0137,0.00566,0.04656856460928682,0.9985327185389555,-0.027636548218504964,0.9988428806273404,-0.04688004236293419,-0.010731330212321604,-0.01201118688169761,-0.027104826788831814,-0.9995604332677641
6.2,0.015956344082951546,Empty,0.58256,0.03768,0.08236,1.52419,-0.02764,-0.01073,0.72337,0.69031,-0.0137,0.00566,0.04657931194565346,0.998532128315635,-0.027639761578524526,0.9988424338490562,-0.04689069697439624,-0.010726363771051618,-0.012006666530018952,-0.027108140081966676,-0.9995603977249865
6.267,0.015956344082951546,Empty,0.58256,0.03768,0.08236,1.52419,-0.02764,-0.01073,0.72336,0.69031,-0.0137,0.00566,0.04657159649667714,0.9985325863718435,-0.027636214525646033,0.9988427479161567,-0.04688304985771902,-0.01073054385106638,-0.012010467728266128,-0.027104493900374914,-0.9995604509359866
6.333,0.015956344082951546,Empty,0.58256,0.03768,0.08236,1.52419,-0.02764,-0.01073,0.72336,0.69031,-0.0137,0.00566,0.046571123853654084,0.9985325729689498,-0.027637495237746203,0.9988428329998423,-0.04688244886082926,-0.010725248419537158,-0.012005223357216781,-0.027106027167782605,-0.9995604723593878
6.4,0.01595667190849781,Empty,0.58256,0.03768,0.08236,1.52417,-0.02764,-0.01073,0.72337,0.6903,-0.0137,0.00566,0.046588062618683146,0.9985318200083249,-0.027636151184636852,0.9988420167507498,-0.04689942542415121,-0.010727043776322442,-0.012007414156774641,-0.02710439679732662,-0.9995604902553525
6.467,0.01595667190849781,Empty,0.58256,0.03768,0.08236,1.52419,-0.02764,-0.01073,0.72336,0.69031,-0.0137,0.00566,0.046571701085674655,0.9985325633483504,-0.0276368701368127,0.9988427540233429,-0.04688313665862143,-0.01072959608338992,-0.012009554240280452,-0.027105191938473813,-0.9995604429832785
6.534,0.015956344082951546,Empty,0.58256,0.03768,0.08236,1.52419,-0.02764,-0.01073,0.72336,0.69031,-0.0137,0.00566,0.04656833113258324,0.9985326731113584,-0.027638582898018793,0.9988428896917991,-0.04687983496162962,-0.010731392552059215,-0.012011338296047457,-0.0271068589669654,-0.9995603763401604
6.6,0.015956344082951546,Empty,0.58256,0.03768,0.08237,1.52419,-0.02764,-0.01073,0.72336,0.69031,-0.0137,0.00566,0.04657424889737283,0.9985325223732192,-0.027634056933825982,0.9988427447692101,-0.046885405852193474,-0.010720538232080827,-0.012000440056763165,-0.027102776260956647,-0.9995606179504035
6.667,0.015956344082951546,Empty,0.58256,0.03768,0.08236,1.52417,-0.02764,-0.01073,0.72337,0.6903,-0.0137,0.00566,0.046583344147683114,0.9985319955249652,-0.027637763313062697,0.9988422523135275,-0.046894691301554714,-0.01072580630866927,-0.01200612515584121,-0.027106121829989595,-0.9995604589608775
6.733,0.015956344082951546,Empty,0.58256,0.03768,0.08236,1.52419,-0.02764,-0.01073,0.72336,0.69031,-0.0137,0.00566,0.04656698676482918,0.9985328236235278,-0.0276354100760048,0.9988429319290204,-0.046878503185726283,-0.010733278832850942,-0.012013037878992114,-0.02710361757202484,-0.9995604438128927
6.8,0.015956344082951546,Empty,0.58256,0.03768,0.08236,1.52419,-0.02764,-0.01073,0.72336,0.69031,-0.0137,0.00566,0.04657441335313567,0.9985324152519834,-0.027637650259230234,0.9988426745422645,-0.046885750091656075,-0.01072557465120405,-0.012005645924607152,-0.027106127155738145,-0.9995604645725791
6.867,0.015956344082951546,Empty,0.58256,0.03768,0.08236,1.52419,-0.02764,-0.01073,0.72336,0.69031,-0.0137,0.00566,0.0465727229391204,0.9985325730540042,-0.02763479741530753,0.9988427013760416,-0.04688414709330374,-0.010730081972872054,-0.012009970268365098,-0.02710308656744882,-0.9995604950740451
6.933,0.015956344082951546,Empty,0.58256,0.03768,0.08236,1.52419,-0.02764,-0.01073,0.72336,0.69031,-0.0137,0.00566,0.04657212484658502,0.9985325520097889,-0.027636565707275275,0.9988427749471855,-0.04688346513749597,-0.010726212402652565,-0.012006170208676819,-0.02710504147791774,-0.9995604877161766
7.0,0.015956344082951546,Empty,0.58256,0.03768,0.08236,1.52419,-0.02764,-0.01073,0.72336,0.69031,-0.0137,0.00566,0.04657623756677026,0.9985323047215391,-0.027638569456745147,0.9988425347616979,-0.04688770692484706,-0.010730036819887375,-0.012010197540019087,-0.02710681402933931,-0.9995603912661948
7.067,0.015956344082951546,Empty,0.58256,0.03768,0.08236,1.52419,-0.02764,-0.01073,0.72336,0.69031,-0.0137,0.00566,0.046576125448990646,0.9985323535587807,-0.02763699394872883,0.9988425823317794,-0.046887482350703336,-0.010726589373823066,-0.012006675599099587,-0.027105403431321073,-0.9995604718304356
7.133,0.015956344082951546,Empty,0.58256,0.03768,0.08236,1.52419,-0.02764,-0.01073,0.72336,0.69031,-0.0137,0.00566,0.046576649816077786,0.9985323239791958,-0.027637178955470295,0.9988425054356092,-0.0468881268561423,-0.010730931694754623,-0.012011037716435188,-0.027105378223307396,-0.9995604201069317
7.2,0.01595667190849781,Empty,0.58256,0.03768,0.08236,1.52417,-0.02764,-0.01073,0.72337,0.6903,-0.0137,0.00566,0.0465851394571441,0.9985318905647405,-0.02763852939220237,0.9988421385078773,-0.04689656197114617,-0.010728225216538793,-0.012008627014307433,-0.02710675193548012,-0.9995604118194854
7.267,0.01595667190849781,Empty,0.58256,0.03768,0.08236,1.52417,-0.02764,-0.01073,0.72337,0.6903,-0.0137,0.00566,0.046584579905142365,0.9985320128807635,-0.027635053235925598,0.9988422424158433,-0.04689578964262958,-0.010721925176175082,-0.012002153171437923,-0.027103582163346643,-0.9995605755296495
7.333,0.01595667190849781,Empty,0.58256,0.03768,0.08236,1.52419,-0.02764,-0.01073,0.72336,0.69031,-0.0137,0.00566,0.04657326027033526,0.9985324975948193,-0.02763661836845204,0.9988427380915952,-0.0468845643268721,-0.010724839838610405,-0.012004831922025092,-0.02710514480557585,-0.9995605009881057
7.4,0.01595667190849781,Empty,0.58256,0.03768,0.08236,1.52417,-0.02764,-0.01073,0.72337,0.6903,-0.0137,0.00566,0.046582694856884266,0.9985321357936354,-0.02763378959301746,0.9988422771131202,-0.046894011976112926,-0.010726466904828405,-0.01200658116811842,-0.02710212958763433,-0.999560561737241
7.467,0.01595667190849781,Empty,0.58256,0.03768,0.08236,1.52419,-0.02764,-0.01073,0.72336,0.69031,-0.0137,0.00566,0.046577239355713784,0.9985322852536846,-0.027637584555351678,0.9988425583653318,-0.04688853896380213,-0.010724202163280594,-0.012004348053912078,-0.027106091933247478,-0.9995604811155285
7.534,0.01595667190849781,Empty,0.58256,0.03768,0.08236,1.52419,-0.02764,-0.01073,0.72336,0.69031,-0.0137,0.00566,0.04657613744860439,0.9985324287819007,-0.027634255757793786,0.9988426040680287,-0.046887414598161925,-0.010724861346355943,-0.012004820655353283,-0.027102749366411577,-0.9995605660778211
7.6,0.015956344082951546,Empty,0.58256,0.03768,0.08236,1.52419,-0.02764,-0.01073,0.72336,0.69031,-0.0137,0.00566,0.04657651394412243,0.9985323743767307,-0.02763558702798368,0.9988425618017642,-0.04688786101686715,-0.010726845880841327,-0.012006876450657171,-0.02710398145718137,-0.9995605079769145
7.667,0.015956344082951546,Empty,0.58256,0.03768,0.08236,1.52419,-0.02764,-0.01073,0.72336,0.69031,-0.0137,0.00566,0.04657383236903834,0.9985324718014916,-0.0276365861941004,0.9988426774512125,-0.04688521251464006,-0.010727653496896064,-0.012007657579775264,-0.02710497381404891,-0.9995604716844232
7.733,0.015956344082951546,Empty,0.58256,0.03768,0.08236,1.52419,-0.02764,-0.01073,0.72337,0.69031,-0.0137,0.00566,0.04657837122077829,0.9985323097492773,-0.027634791860851087,0.9988425152523723,-0.04688961852433865,-0.010723497515069161,-0.012003543590667612,-0.02710332196272632,-0.9995605658887567
7.8,0.015956344082951546,Empty,0.58256,0.03768,0.08236,1.52419,-0.02764,-0.01073,0.72337,0.69031,-0.0137,0.00566,0.04657949272841383,0.9985322660782348,-0.02763447951073214,0.9988424445479634,-0.046890777754762414,-0.010725014265811642,-0.01200507503566864,-0.027102925344303797,-0.9995605582510592
7.867,0.015956344082951546,Empty,0.58256,0.03768,0.08236,1.52417,-0.02764,-0.01073,0.72337,0.6903,-0.0137,0.00566,0.04658423622427821,0.9985319886716482,-0.027636507283739564,0.9988421636920237,-0.046895675633735256,-0.010729754791779992,-0.012010036071422701,-0.027104671300331937,-0.9995604513121075
7.933,0.015956344082951546,Empty,0.58256,0.03768,0.08236,1.52419,-0.02764,-0.01073,0.72337,0.69031,-0.0137,0.00566,0.046582366608913905,0.9985321757980314,-0.027632897371833588,0.9988422982210314,-0.04689366119241062,-0.01072603489177649,-0.01200609868529066,-0.027101262627799428,-0.9995605910390517
8.0,0.015956344082951546,Empty,0.58256,0.03768,0.08236,1.52419,-0.02764,-0.01073,0.72336,0.69031,-0.0137,0.00566,0.0465769989945774,0.9985324494052057,-0.02763205836522273,0.9988425778547008,-0.046888220657634705,-0.010723778631459947,-0.012003658993604132,-0.027100594982415044,-0.9995606384418927
8.067,0.015956344082951546,Empty,0.58256,0.03768,0.08236,1.52419,-0.02764,-0.01073,0.72337,0.69031,-0.0137,0.00566,0.04657861774280775,0.9985322260716945,-0.02763739975967422,0.9988424625745039,-0.04688998592999316,-0.010726797172742825,-0.012006969945391079,-0.027105769049995204,-0.9995604583800516
8.133,0.01595667190849781,Empty,0.58256,0.03768,0.08236,1.52419,-0.02764,-0.01073,0.72336,0.69031,-0.0137,0.00566,0.046573813220954885,0.9985325564797517,-0.0276335588021364,0.9988427572151817,-0.04688498278379072,-0.010721228853856868,-0.012001094984739127,-0.027102251555455148,-0.9995606243143995
8.2,0.01595667190849781,Empty,0.58256,0.03768,0.08236,1.52417,-0.02764,-0.01073,0.72337,0.6903,-0.0137,0.00566,0.04658394483228018,0.9985320057747377,-0.027636380503647702,0.9988421741011163,-0.04689539018213318,-0.0107300333932643,-0.012010300613146722,-0.02710453510290883,-0.99956045182672
8.267,0.015956344082951546,Empty,0.58256,0.03768,0.08236,1.52419,-0.02764,-0.01073,0.72336,0.69031,-0.0137,0.00566,0.04656872434467341,0.9985327812649469,-0.027634012596791824,0.9988429010372636,-0.046880111915813094,-0.010729126442714138,-0.012008870070607363,-0.02710239557770995,-0.9995605270285421
8.334,0.015956344082951546,Empty,0.58256,0.03768,0.08236,1.52419,-0.02764,-0.01073,0.72336,0.69031,-0.0137,0.00566,0.046577402658557865,0.998532329690246,-0.02763570380780672,0.9988425041456293,-0.04688878720762096,-0.010728166026263017,-0.01200822525068521,-0.027104025486423457,-0.9995604905801152
8.4,0.01595667190849781,Empty,0.58256,0.03768,0.08236,1.52417,-0.02764,-0.01073,0.72337,0.6903,-0.0137,0.00566,0.04659090644991348,0.9985317580105034,-0.02763359695422305,0.9988419210778048,-0.04690215714157164,-0.010724008255660854,-0.012004338123178046,-0.027101953802638325,-0.9995605934440914
8.467,0.01595667190849781,Empty,0.58256,0.03768,0.08236,1.52419,-0.02764,-0.01073,0.72337,0.69031,-0.0137,0.00566,0.04658111605231835,0.9985321731148457,-0.027635102349442962,0.9988423054462553,-0.046892550179544745,-0.010730218472538113,-0.01201034879301892,-0.027103283790024822,-0.9995604851781945
8.534,0.01595667190849781,Empty,0.58256,0.03768,0.08236,1.52419,-0.02764,-0.01073,0.72337,0.69031,-0.0137,0.00566,0.046578914203970534,0.9985323020204868,-0.027634155917018177,0.9988424925166339,-0.046890148610052806,-0.010723297369976613,-0.012003328485755098,-0.027102689626567922,-0.9995605856176348
8.6,0.01595667190849781,Empty,0.58256,0.03767,0.08236,1.52417,-0.02764,-0.01073,0.72337,0.6903,-0.0137,0.00566,0.04659131482665124,0.9985316975700484,-0.027635092375471428,0.9988418890849944,-0.04690261062856832,-0.010725004678052267,-0.012005415104993577,-0.027103395803881773,-0.9995605414101012
8.667,0.01595667190849781,Empty,0.58256,0.03768,0.08236,1.52419,-0.02764,-0.01073,0.72337,0.69031,-0.0137,0.00566,0.04658198025284033,0.9985322022196275,-0.027632593909093513,0.9988423191518367,-0.04689326516644493,-0.01072581714414004,-0.012005856366959264,-0.02710097438193599,-0.9995606017648182
8.733,0.01595667190849781,Empty,0.58256,0.03768,0.08236,1.52419,-0.02764,-0.01073,0.72337,0.69031,-0.0137,0.00566,0.04657855543237721,0.9985321968304405,-0.027638561228968853,0.9988425156578398,-0.04688982282209797,-0.010722566391952862,-0.012002795014101132,-0.02710712837404157,-0.9995604716590001
8.8,0.01595667190849781,Empty,0.58256,0.03768,0.08236,1.52417,-0.02764,-0.01073,0.72337,0.6903,-0.0137,0.00566,0.046587080110331136,0.9985318464705504,-0.027636851320414886,0.9988420847997701,-0.046898400685737474,-0.010725187456110369,-0.012005565361209515,-0.027105195022968365,-0.9995604908174015
8.867,0.01595667190849781,Empty,0.58256,0.03768,0.08237,1.52417,-0.02764,-0.01073,0.72337,0.6903,-0.0137,0.00566,0.04658590950750868,0.9985319775087576,-0.027634089958018453,0.9988421521206821,-0.04689717219730383,-0.010724289571803002,-0.012004506748786012,-0.027102493102039358,-0.9995605767963102
