time,gr,gr_state,tx,ty,tz,rx,ry,rz,qw,qx,qy,qz,xx,xy,xz,yx,yy,yz,zx,zy,zz
0.0,0.04001201316714287,Empty,0.30975,0.00498,0.4766,0.01401,-0.02174,0.00623,0.99991,0.00704,-0.01085,0.00319,0.9996654712801731,0.014015750061326215,-0.021737163577803954,0.014154260284533982,-0.9998804065788173,0.0062313285562887255,-0.02164722721245,-0.006536917469051699,-0.9997443004408755
0.067,0.04001201316714287,Empty,0.30966,0.00878,0.46901,0.02486,-0.04126,0.00913,0.9997,0.01252,-0.02057,0.00482,0.9988397953948032,0.024836775783072418,-0.04125769872846745,0.025233791486456214,-0.9996398844454659,0.009130016050039502,-0.04101608102788064,-0.010160511530297905,-0.9991068236692998
0.133,0.04001201316714287,Empty,0.30921,0.01356,0.45931,0.03807,-0.06622,0.01361,0.99924,0.01925,-0.03297,0.00743,0.9970850932669792,0.03798798483795485,-0.0661681932104127,0.03896736366066428,-0.999148286859141,0.013573703834288173,-0.06559619923529668,-0.01611253780118883,-0.9977161544104058
0.2,0.04001201316714287,Empty,0.30949,0.01914,0.44817,0.05257,-0.09496,0.01937,0.99847,0.02671,-0.04719,0.01092,0.994119555298288,0.05231316938505853,-0.09481372307015559,0.05437491457654159,-0.9983342076838762,0.019291926627495133,-0.09364656127337394,-0.02433396961239625,-0.9953080826983047
0.267,0.04001201316714287,Empty,0.31022,0.02528,0.43639,0.06912,-0.12582,0.02628,0.99731,0.03531,-0.06237,0.01528,0.9897270025411704,0.06851413945757517,-0.125484154917096,0.07232703203021218,-0.9970399240533283,0.02608045784556036,-0.12332583216248943,-0.03488842986036072,-0.9917527598062473
0.333,0.04001201316714287,Empty,0.31198,0.03224,0.42493,0.08689,-0.15684,0.03389,0.99579,0.04462,-0.07752,0.02028,0.9840005300277186,0.08571142784017882,-0.15619381563546825,0.09199926861473612,-0.9951964497794786,0.03346880518744327,-0.15257487171720782,-0.04730303884444662,-0.9871592227379322
0.4,0.04001201316714287,Empty,0.31509,0.03964,0.41483,0.10411,-0.18348,0.04154,0.99413,0.0537,-0.09039,0.02542,0.9778919224750893,0.10218033578152369,-0.1824460658319304,0.11137025088547392,-0.9929398971174839,0.040829253361127804,-0.17698603101849758,-0.060245661187305545,-0.982367754525984
0.467,0.04001201316714287,Empty,0.31901,0.04797,0.40446,0.12177,-0.20646,0.04971,0.99237,0.06306,-0.10132,0.03094,0.9715138181242711,0.11889062983768323,-0.2050022422570049,0.13142890412664865,-0.9901325123362709,0.04862150938352319,-0.1971987432862313,-0.07417968826749562,-0.9775530826992815
0.533,0.04001201316714287,Empty,0.32359,0.0565,0.39433,0.13491,-0.22277,0.05832,0.9909,0.07019,-0.1089,0.0364,0.9664305919287304,0.1311706030688043,-0.220921216443441,0.14702415694461995,-0.9874982170120588,0.05684336964614718,-0.2107031282610851,-0.08741592697312651,-0.9736337337276383
0.6,0.04001201316714287,Empty,0.32913,0.06555,0.38472,0.14327,-0.23139,0.06736,0.98993,0.07493,-0.11268,0.04162,0.9633798843499564,0.13896260408211125,-0.2293220292439938,0.15772230430217826,-0.9853073386347597,0.06552192883376844,-0.2168475804694989,-0.09929170710187615,-0.9711427720707803
0.667,0.04001201316714287,Empty,0.33543,0.07455,0.37674,0.14548,-0.23181,0.07639,0.98962,0.07654,-0.1125,0.04623,0.9629706471294697,0.14108504035523006,-0.2297445193144192,0.16188917753229742,-0.9840093006951409,0.07428048426993424,-0.2155908786682933,-0.1087230772808733,-0.9704122142170358
0.733,0.04001201316714287,Empty,0.34249,0.08395,0.36983,0.14166,-0.22455,0.08499,0.98998,0.07501,-0.10867,0.05003,0.9651304149788451,0.13764614070187225,-0.2226585323598514,0.15939199567224915,-0.9837407814221434,0.08275425477018215,-0.2076474748182128,-0.11535863607390172,-0.9713778416686212
0.8,0.04001201316714287,Empty,0.34907,0.09388,0.36257,0.13931,-0.21473,0.09081,0.99047,0.07398,-0.10365,0.05247,0.967566512107225,0.13568270784774705,-0.21308507089836612,0.15743511198284177,-0.9835470642716859,0.08859660195231925,-0.19755816906321227,-0.11927017713431382,-0.9730084247748013
0.867,0.04001201316714287,Empty,0.35508,0.10433,0.35488,0.13568,-0.20238,0.09518,0.99115,0.07216,-0.09746,0.05406,0.9705900020284569,0.1325093862074858,-0.20098833431151034,0.15358264643198827,-0.9837407126821606,0.09309447312564703,-0.18538451574321682,-0.12122488514537888,-0.9751600425284775
0.933,0.04001201316714287,Empty,0.36122,0.11502,0.34691,0.13188,-0.18763,0.09791,0.99195,0.0701,-0.09015,0.05478,0.9739183227038601,0.1291985297584795,-0.1865230297039665,0.14895168522133462,-0.9841696429430463,0.09603910338544908,-0.1711621925876851,-0.12131716209013406,-0.9777451866467931
1.0,0.04001201316714287,Empty,0.36715,0.12585,0.33866,0.12933,-0.17268,0.09878,0.99271,0.06855,-0.08277,0.05465,0.9769007509651195,0.12705937656220967,-0.1718162902387549,0.14515235351691536,-0.9846274173344807,0.09715782676517123,-0.1568302172168549,-0.11985309282973546,-0.9803262309592969
1.067,0.04001201316714287,Empty,0.37306,0.13675,0.32957,0.12552,-0.15775,0.09955,0.99345,0.06636,-0.07543,0.05444,0.9798133854822189,0.12363146716050938,-0.15710184581223896,0.14005814993976712,-0.9852656825721758,0.09815930613565857,-0.1426514783145354,-0.11818119593795,-0.9826920986053331
1.133,0.04001201316714287,Empty,0.37816,0.14729,0.31964,0.12135,-0.14663,0.09912,0.99404,0.06402,-0.07003,0.05375,0.9819939277096867,0.1197492982237916,-0.14610965579390167,0.1348064562074497,-0.9860242281786167,0.09789504997471388,-0.13234479704957036,-0.11582886954327146,-0.9844127831729107
1.2,0.04001201316714287,Empty,0.38277,0.15714,0.30923,0.1142,-0.13727,0.09801,0.99463,0.06022,-0.0656,0.0527,0.984139049070778,0.11288843518178165,-0.13684492426200545,0.12671689455496654,-0.9871915642890999,0.09693113034926167,-0.12414975122170316,-0.11273427428536899,-0.9858386392675734
1.267,0.04001201316714287,Empty,0.38728,0.16646,0.2982,0.10534,-0.12874,0.09536,0.99525,0.05554,-0.06166,0.05088,0.9862261960053949,0.10427690795377098,-0.12839087498856522,0.11682628838081693,-0.9886533006464502,0.09442599993668117,-0.11708761102649064,-0.10812482410843831,-0.9872180679847935
1.333,0.04001201316714287,Empty,0.39184,0.17514,0.28688,0.09845,-0.12048,0.09033,0.99583,0.05178,-0.05785,0.04797,0.9879436550897355,0.09757654551322864,-0.12019214672198346,0.10867728306591512,-0.9900357060287956,0.08954635075465399,-0.11025689326906049,-0.10152890501610536,-0.9887038479407703
1.4,0.04001201316714287,Empty,0.39653,0.18278,0.2757,0.09509,-0.11242,0.08341,0.99631,0.04975,-0.05409,0.04425,0.9891975709890505,0.09435099175328737,-0.11218759247142257,0.10392555317290497,-0.9911329539987069,0.08279460668124947,-0.10338106667600498,-0.0935593814268147,-0.9902317896330955
1.467,0.04001201316714287,Empty,0.40114,0.18976,0.26433,0.09475,-0.10484,0.07531,0.99671,0.04923,-0.05052,0.04003,0.9900481539307782,0.09409305693714087,-0.10464774022635136,0.10218277990714808,-0.9919473502799576,0.07482735972235523,-0.09676431361150305,-0.0847758863639617,-0.9916903330689976
1.534,0.04001201316714287,Empty,0.40556,0.19573,0.25304,0.09576,-0.09831,0.06655,0.99702,0.04941,-0.04746,0.03554,0.9906123768611601,0.09515517541770424,-0.09814586797572752,0.10190203950018895,-0.9925906479330638,0.06617990617643707,-0.09112131010463426,-0.07555989827313184,-0.9929690874431938
1.6,0.04001201316714287,Empty,0.41006,0.20096,0.24181,0.09235,-0.0911,0.05719,0.99743,0.04739,-0.04415,0.03063,0.9916088954906812,0.09183373414252632,-0.09098551344687293,0.09724428679934766,-0.9936312127184601,0.05692593254860567,-0.08517832511054406,-0.06529608246351346,-0.9942238553496294
1.667,0.04001201316714287,Empty,0.41458,0.20599,0.23001,0.08961,-0.08377,0.04692,0.9978,0.04572,-0.04077,0.02529,0.9924961693589484,0.08916703846531615,-0.08366954678458965,0.09329190242061164,-0.9945405900892551,0.04675078189355861,-0.07904413166425978,-0.05420566313809734,-0.995396288587215
1.733,0.04001201316714287,Empty,0.41969,0.21071,0.21783,0.083,-0.07487,0.03559,0.99825,0.04212,-0.03665,0.01932,0.9937660284071332,0.08267343835526769,-0.07479427367406452,0.08550535092526057,-0.9957056871166972,0.035482666283892864,-0.07153960963732697,-0.04165677896794089,-0.9965675075071208
1.8,0.04001201316714287,Empty,0.42489,0.21484,0.20545,0.07534,-0.06689,0.02399,0.99864,0.03804,-0.03296,0.01324,0.9949328925851453,0.07510008015327463,-0.0668469686158439,0.07684551057139133,-0.9967557849421056,0.023930580633765738,-0.06483291414997565,-0.02894621124462891,-0.9974762203167569
1.867,0.04001201316714287,Empty,0.43006,0.21879,0.1924,0.0655,-0.06123,0.01245,0.99897,0.03292,-0.03039,0.00722,0.9959854503996215,0.06533442319204297,-0.06119146785644286,0.0662119863337321,-0.9977282416924353,0.012422906063515926,-0.06024081222895916,-0.016424642324394854,-0.9980487341139763
1.933,0.04001201316714287,Empty,0.43514,0.22281,0.17927,0.05843,-0.05691,0.00076,0.99917,0.02921,-0.02843,0.00121,0.9966768157864825,0.05830089428645285,-0.05688875635059903,0.05843863537615823,-0.9982907139031532,0.0007592299422961787,-0.05674725340569708,-0.004081208170713191,-0.998380234665519
2.0,0.04001201316714287,Empty,0.44045,0.2271,0.16594,0.05253,-0.05456,-0.01096,0.99927,0.0261,-0.02741,-0.00476,0.9971343559696255,0.05243234860914825,-0.05453370484726486,0.05191035221214568,-0.998591760694888,-0.010945812235478667,-0.05503082298358663,0.008083581607933672,-0.9984519338606828
2.067,0.04001201316714287,Empty,0.44622,0.23169,0.15383,0.04593,-0.05192,-0.02259,0.99934,0.02266,-0.02621,-0.01069,0.9975985868842059,0.04585679293482492,-0.05190581844425644,0.04473584576932066,-0.9987441766165062,-0.022556014229478727,-0.052874980377670966,0.020179797232615433,-0.9983972216676642
2.133,0.04001201316714287,Empty,0.45336,0.23722,0.14267,0.0408,-0.0472,-0.03558,0.99936,0.01997,-0.02395,-0.0173,0.9980551477043698,0.040748419376458456,-0.047175083032558206,0.03909073745842595,-0.9986032916334201,-0.035544059754826156,-0.0485575574526242,0.033630823023210736,-0.9982540414929543
2.2,0.04001201316714287,Empty,0.46139,0.24378,0.13334,0.03723,-0.04004,-0.04937,0.99933,0.01811,-0.02047,-0.0243,0.9985057072403614,0.037199414616999604,-0.0400319392557752,0.03521000858054807,-0.9981630571723439,-0.04930280511408405,-0.04179243836130203,0.04781960736468035,-0.9979813010509289
2.267,0.04001201316714287,Empty,0.4702,0.2517,0.12484,0.02963,-0.03316,-0.06348,0.99926,0.01428,-0.01704,-0.03148,0.9990112740572272,0.02961281399353416,-0.033159546950161926,0.027466803999334266,-0.9976100034316566,-0.06340233222170881,-0.03495781721758117,0.06242885791422204,-0.9974370098983235
2.333,0.04001201316714287,Empty,0.47721,0.26032,0.11701,0.0196,-0.03228,-0.07447,0.99913,0.00919,-0.01649,-0.03706,0.9992869683261383,0.019585105858182406,-0.03227969271970989,0.017139685332794752,-0.9970836807908543,-0.07436642177256267,-0.03364202907447581,0.07376013238251201,-0.9967084110965784
2.4,0.04001201316714287,Empty,0.48208,0.26888,0.1097,0.00932,-0.03859,-0.0816,0.99897,0.00387,-0.01947,-0.04069,0.999212016561492,0.00932077327003189,-0.038580683570477725,0.0061524790282500574,-0.9966592707276243,-0.0814398248677317,-0.03921087809426893,0.08113828478793797,-0.9959312655905266
2.467,0.0400116853415966,Empty,0.48718,0.27647,0.10361,0.0005,-0.04348,-0.08726,0.99881,-0.0007,-0.02173,-0.0436,0.9990546664841811,0.0005058661401552977,-0.043468580326823436,-0.003284097106826478,-0.9961965306373008,-0.08707288356542583,-0.043347296136831734,0.08713332568916163,-0.9952531313550198
2.533,0.0400116853415966,Empty,0.49299,0.28249,0.09962,-0.00205,-0.04405,-0.09313,0.99867,-0.00205,-0.02195,-0.04656,0.9990280446882672,-0.0020505325165984245,-0.04403136657810275,-0.006138131031196259,-0.9956564705523843,-0.09290057047517429,-0.043649619400182194,0.09308054556977703,-0.9947013233944407
2.6,0.0400116853415966,Empty,0.49843,0.28578,0.09748,-0.00167,-0.04231,-0.09726,0.99859,-0.00186,-0.02109,-0.04862,0.9991032662684092,-0.0016675596465807185,-0.042307003871947066,-0.005769720344530993,-0.9952651160641715,-0.09702607419099812,-0.04194488835295384,0.09718316721838327,-0.9943822496155399
2.667,0.04001201316714287,Empty,0.50182,0.2861,0.09624,-0.00238,-0.04109,-0.09773,0.99859,-0.00219,-0.02046,-0.04886,0.9991534643110278,-0.0023684499754093036,-0.04107000365213222,-0.006366165751404862,-0.9952167615010764,-0.09748368869167406,-0.04064267078942782,0.09766262372076413,-0.9943893529393196
2.733,0.04001201316714287,Empty,0.50296,0.28457,0.09548,-0.00465,-0.04115,-0.0963,0.99862,-0.00331,-0.02044,-0.04817,0.9991428709325549,-0.004641100239479556,-0.04113372889999797,-0.00857875559015392,-0.9953370807919724,-0.0960754940296383,-0.04049602964706321,0.09634602113778115,-0.9945237633127437
2.8,0.0400116853415966,Empty,0.5029,0.28147,0.09425,-0.00536,-0.04341,-0.09168,0.99871,-0.00367,-0.02156,-0.04587,0.9990437968416737,-0.005351442339352086,-0.043391866254643814,-0.009306100690523567,-0.9957656905570372,-0.09145537709399329,-0.04271871348847185,0.09177173625008549,-0.9948633373200235
2.867,0.0400116853415966,Empty,0.50265,0.27817,0.09271,-0.00822,-0.04559,-0.08752,0.99877,-0.0051,-0.02259,-0.04383,0.9989271487162903,-0.008203763652750107,-0.04557685618240827,-0.01216511064624154,-0.9961051143083572,-0.08733047195395027,-0.044682900985799995,0.08779122684337434,-0.995136241350313
2.933,0.0400116853415966,Empty,0.50302,0.27555,0.09183,-0.01156,-0.04658,-0.08494,0.99881,-0.00676,-0.02302,-0.04258,0.9988490109328922,-0.011548761246079564,-0.04655404893307961,-0.015468517561003148,-0.9962832285936752,-0.08473755594438272,-0.045402404372978766,0.0853601460673743,-0.9953151597059642
3.0,0.04001201316714287,Empty,0.50404,0.27323,0.09149,-0.01334,-0.04565,-0.08218,0.99887,-0.0076,-0.02253,-0.04122,0.9988694305120978,-0.013328665620340518,-0.04563121148094214,-0.01704305228857944,-0.9964862478440872,-0.08200422078344981,-0.044377867874944875,0.0826892044368138,-0.9955868120422652
3.067,0.04001201316714287,Empty,0.5047,0.2711,0.0909,-0.01244,-0.04489,-0.0789,0.99895,-0.0071,-0.02218,-0.03957,0.9989152946669808,-0.012427296776749253,-0.044875342619316826,-0.01593784457258912,-0.9967678772108179,-0.07873870757777734,-0.04375179071487786,0.07936851551756109,-0.995884742103111
3.133,0.04001201316714287,Empty,0.5049,0.26887,0.0896,-0.01164,-0.04525,-0.07475,0.99902,-0.00666,-0.02239,-0.03749,0.9989082212452689,-0.011637259220609097,-0.04524311800093112,-0.0149952620929934,-0.9971003943883829,-0.07460526539925832,-0.04424372998941501,0.07520224536783249,-0.9961862851135124
3.2,0.04001201316714287,Empty,0.50451,0.26697,0.08729,-0.01145,-0.04792,-0.07104,0.99906,-0.00657,-0.02374,-0.03564,0.9987869221438979,-0.01142733038697713,-0.04789676684857108,-0.014811407719976577,-0.9973730890169372,-0.07090517263335298,-0.046960689471856554,0.07152857768081111,-0.9963324526578907
3.267,0.04001201316714287,Empty,0.50392,0.26474,0.08395,-0.01157,-0.05212,-0.06669,0.99908,-0.00665,-0.02585,-0.03348,0.998574755759827,-0.011559533645888131,-0.05210407221217245,-0.015021774633847518,-0.9976696969924517,-0.06655465415610928,-0.051213313171982924,0.06724249314889356,-0.9964214187125192
3.333,0.04001201316714287,Empty,0.5032,0.26189,0.0796,-0.01338,-0.05807,-0.06185,0.99907,-0.00758,-0.02881,-0.0311,0.9982254170304756,-0.013361966701264605,-0.05802994606414107,-0.01694532326682241,-0.9979506476897881,-0.061703815075856,-0.0570865379377286,0.0625776527316809,-0.9964061243112055
3.4,0.04001201316714287,Empty,0.5026,0.25884,0.07509,-0.01597,-0.06415,-0.05699,0.99904,-0.00889,-0.03183,-0.02873,0.9978155438193304,-0.01592848786310136,-0.06411258680578569,-0.019585956692375117,-0.9981917639196671,-0.056829505922432945,-0.06309144801776843,0.05796107070559052,-0.9963232324249408
3.467,0.04001201316714287,Empty,0.50273,0.25679,0.07153,-0.01925,-0.06878,-0.05428,0.99899,-0.01055,-0.03411,-0.02745,0.9974496709335725,-0.019210987368097343,-0.0687393040323393,-0.022956748900374857,-0.9982702961867516,-0.05412396355718932,-0.0675806306158262,0.05556396058199604,-0.9961654002473733
3.534,0.04001201316714287,Empty,0.50298,0.25508,0.06947,-0.02209,-0.07136,-0.05235,0.99895,-0.01197,-0.03537,-0.02655,0.9972119380109586,-0.02203584257926372,-0.0712935644378177,-0.02579198392322002,-0.998303460064736,-0.052201294888921806,-0.07002231254201559,0.05389455691067248,-0.9960884762317403
3.6,0.04001201316714287,Empty,0.50338,0.25462,0.06956,-0.0229,-0.07088,-0.05209,0.99896,-0.01236,-0.03512,-0.02643,0.9972269469744846,-0.022840144324225764,-0.07082897736941393,-0.026553978812924428,-0.9982969350423032,-0.05194338932285833,-0.06952195651124303,0.05368013871434962,-0.9961351014146911
3.667,0.04001201316714287,Empty,0.50381,0.25567,0.07112,-0.02159,-0.06838,-0.05354,0.99899,-0.0117,-0.03388,-0.02712,0.9974308139976475,-0.021534981525084096,-0.06832287946730906,-0.025210697319747732,-0.9982548411260592,-0.05340124445215067,-0.06705365037521993,0.05498651415666,-0.9962330506624728
3.733,0.04001201316714287,Empty,0.50459,0.25733,0.07369,-0.01949,-0.06412,-0.05585,0.99904,-0.01063,-0.03177,-0.02822,0.9977549499077687,-0.019456114880841313,-0.06408213111538727,-0.02304225319269354,-0.9981812649402612,-0.05570652466330776,-0.06288175015336309,0.05705805741526271,-0.9963886107245741
3.8,0.04001201316714287,Empty,0.50526,0.25861,0.07619,-0.0179,-0.06015,-0.05784,0.99908,-0.00981,-0.0298,-0.02917,0.9980318233687819,-0.017855853665286747,-0.06011362601830099,-0.02133323932203085,-0.9981053613072621,-0.05771118288276426,-0.058969249980080726,0.05888001545161798,-0.9965218368591849
3.867,0.04001201316714287,Empty,0.50588,0.25977,0.0786,-0.01651,-0.05635,-0.05973,0.99912,-0.00909,-0.02791,-0.03008,0.9982765782498599,-0.016476367494838662,-0.05632408571762464,-0.019834987459140363,-0.9980251953203696,-0.059601030009840246,-0.055230848176060526,0.06061549983224719,-0.996631985534199
3.933,0.04001201316714287,Empty,0.5066,0.26043,0.08071,-0.01584,-0.05288,-0.06109,0.99915,-0.00872,-0.02618,-0.03074,0.9984768946305889,-0.015813323794742262,-0.05285669001572456,-0.019033015134542364,-0.997957741922026,-0.060976140192531086,-0.05178450756494678,0.061889289287028956,-0.996738722357972
4.0,0.04001201316714287,Empty,0.50738,0.26059,0.08243,-0.01587,-0.04988,-0.06194,0.99917,-0.0087,-0.02468,-0.03115,0.9986309158498652,-0.015845653240120827,-0.04985187240468231,-0.018919730419679426,-0.9979086350262923,-0.06180938392193372,-0.04876820388024892,0.06266794566088944,-0.9968422096184223
4.067,0.0400116853415966,Empty,0.50783,0.26056,0.08333,-0.01609,-0.04833,-0.06232,0.99918,-0.00879,-0.0239,-0.03134,0.9987034285452903,-0.016070458293950818,-0.04830323159069849,-0.01906647435674319,-0.9978804135551924,-0.06221856474173765,-0.04720096786598695,0.06305886625321243,-0.9968929972767258
4.133,0.0400116853415966,Empty,0.50784,0.26054,0.08338,-0.01613,-0.04827,-0.06234,0.99918,-0.00881,-0.02387,-0.03135,0.9987057162974176,-0.016106171759027343,-0.04824399927587147,-0.01909898592849818,-0.9978790384874923,-0.06223064585700875,-0.04713937813934977,0.06307151320957925,-0.9968951114586172
4.2,0.0400116853415966,Empty,0.50762,0.26047,0.08321,-0.0161,-0.04869,-0.06216,0.99918,-0.0088,-0.02408,-0.03126,0.9986853682501615,-0.016087195159483092,-0.04866967633897061,-0.019097758965927636,-0.9978910378548773,-0.06203831212561171,-0.04756901139942681,0.06288623633845643,-0.9968864079892277
4.267,0.04001201316714287,Empty,0.50761,0.26047,0.0832,-0.0161,-0.04873,-0.06214,0.99918,-0.0088,-0.0241,-0.03125,0.9986839311215108,-0.01608036396774487,-0.04870141285784043,-0.019092570462484915,-0.9978916099618265,-0.06203070627462631,-0.047601254950053906,0.06287890474919854,-0.9968853313519671
4.333,0.04001201316714287,Empty,0.5076,0.26046,0.08319,-0.01612,-0.04873,-0.06214,0.99918,-0.00881,-0.0241,-0.03125,0.9986827856105809,-0.016094376526050835,-0.0487202706204307,-0.0191075265158146,-0.9978916280924666,-0.062025809252392476,-0.04761928344208627,0.06287503182666736,-0.9968847146070893
4.4,0.04001201316714287,Empty,0.50761,0.26047,0.0832,-0.0161,-0.04873,-0.06216,0.99918,-0.0088,-0.0241,-0.03126,0.9986839980200629,-0.016077914444420527,-0.048700849743934044,-0.019090564940683508,-0.9978910265934846,-0.06204070739802193,-0.047600655761332586,0.06288878843895239,-0.996884736496538
4.467,0.04001201316714287,Empty,0.5076,0.26047,0.0832,-0.0161,-0.04873,-0.06216,0.99918,-0.0088,-0.0241,-0.03126,0.99868333566278,-0.01608652172634456,-0.048711588849167875,-0.019099641780799037,-0.9978911139706215,-0.06203650814090591,-0.04761091002393967,0.06288520078062387,-0.9968844731309002
4.533,0.04001201316714287,Empty,0.5076,0.26047,0.0832,-0.01612,-0.04873,-0.06216,0.99918,-0.00881,-0.0241,-0.03126,0.9986829603459584,-0.016096526474132178,-0.04871597838594761,-0.019109846893695714,-0.9978910075937208,-0.06203507649135221,-0.047614687506399356,0.06288432872390366,-0.9968843477227496
4.6,0.04001201316714287,Empty,0.50761,0.26046,0.0832,-0.01612,-0.04873,-0.06216,0.99918,-0.00881,-0.0241,-0.03126,0.9986829094050595,-0.016100654768731626,-0.04871565845047549,-0.019113959045717388,-0.9978909193390415,-0.062035229267582224,-0.04761410538741511,0.06288467235106647,-0.9968843538502622
4.667,0.04001201316714287,Empty,0.5076,0.26047,0.0832,-0.01612,-0.04873,-0.06216,0.99918,-0.00881,-0.0241,-0.03126,0.9986833255391332,-0.01609340295068329,-0.0487095234175463,-0.0191066109601693,-0.9978906894724245,-0.06204119020349234,-0.047608326033523635,0.06289017606682396,-0.9968842826760634
4.734,0.04001201316714287,Empty,0.50761,0.26046,0.08319,-0.01612,-0.04873,-0.06216,0.99918,-0.00881,-0.0241,-0.03126,0.9986826692983156,-0.016108239990335116,-0.04871807311054556,-0.0191216595522401,-0.9978908120267784,-0.06203458235939367,-0.04761604959631694,0.06288443270754653,-0.9968842761042482
4.8,0.04001201316714287,Empty,0.5076,0.26047,0.0832,-0.01612,-0.04873,-0.06216,0.99918,-0.00881,-0.0241,-0.03126,0.998682959799361,-0.01609352710766132,-0.04871698052653944,-0.01910707895726904,-0.9978908446882908,-0.0620385494753876,-0.04761580977058938,0.06288768140521943,-0.9968840826231337
4.867,0.04001201316714287,Empty,0.50761,0.26047,0.0832,-0.01612,-0.04873,-0.06216,0.99918,-0.00881,-0.0241,-0.03126,0.9986832451705501,-0.016097141357806044,-0.04870993590353024,-0.01911043269981949,-0.9978905377913482,-0.06204245279258309,-0.04760847800176862,0.06289162604513454,-0.9968841839430264
4.934,0.04001201316714287,Empty,0.5076,0.26046,0.0832,-0.01612,-0.04873,-0.06216,0.99918,-0.00881,-0.0241,-0.03126,0.9986828890700641,-0.016104304667809266,-0.04871486887836557,-0.01911780368143523,-0.9978905236646223,-0.062040409111674195,-0.04761298836523569,0.06289001631031897,-0.9968840700840892
5.0,0.04001201316714287,Empty,0.5076,0.26047,0.0832,-0.01612,-0.04873,-0.06216,0.99918,-0.00881,-0.0241,-0.03126,0.998682867565339,-0.016102149497944696,-0.048716022138688496,-0.019115640555799562,-0.9978906723115801,-0.062038684703045945,-0.047614307908577416,0.06288820950773151,-0.9968841210428114
5.067,0.04001201316714287,Empty,0.50761,0.26046,0.0832,-0.01612,-0.04873,-0.06216,0.99918,-0.00881,-0.0241,-0.03126,0.9986831648946695,-0.01610746771264837,-0.0487081681019918,-0.019120688024077015,-0.9978902780585469,-0.06204347061312285,-0.047606044211337635,0.06289310327946547,-0.9968842069741233
5.133,0.04001201316714287,Empty,0.5076,0.26047,0.0832,-0.01612,-0.04873,-0.06216,0.99918,-0.00881,-0.0241,-0.03126,0.9986830084904619,-0.01609725616799107,-0.04871475029498101,-0.019110916175724135,-0.9978904435718206,-0.062043819280890145,-0.04761324852774404,0.06289309160708659,-0.9968838636434727
5.2,0.0400116853415966,Empty,0.5076,0.26046,0.0832,-0.01614,-0.04873,-0.06216,0.99918,-0.00882,-0.0241,-0.03126,0.9986826651013292,-0.016108775954405186,-0.04871798193025647,-0.019122388892144238,-0.9978905383306607,-0.06203876008756064,-0.047615844728027434,0.06288863846033786,-0.9968840205778409
5.267,0.0400116853415966,Empty,0.5076,0.26047,0.0832,-0.01612,-0.04873,-0.06216,0.99918,-0.00881,-0.0241,-0.03126,0.998682887873807,-0.01610153087633931,-0.04871581028240175,-0.019115176582505444,-0.9978904631541189,-0.06204219185584337,-0.04761406821783141,0.06289168664852246,-0.9968839131304364
5.333,0.04001201316714287,Empty,0.50761,0.26047,0.0832,-0.01612,-0.04873,-0.06216,0.99918,-0.00881,-0.0241,-0.03126,0.9986830293302902,-0.016104123939905013,-0.048712053126539874,-0.019117623651142057,-0.9978902953260175,-0.06204413719350664,-0.04761011860527075,0.06289368558354307,-0.9968839756561997
5.4,0.04001201316714287,Empty,0.5076,0.26047,0.0832,-0.01612,-0.04873,-0.06216,0.99918,-0.00881,-0.0241,-0.03126,0.9986827862120955,-0.016105197474134525,-0.048716682337421435,-0.01911881406545568,-0.9978904991370975,-0.06204049226630163,-0.04761474007465165,0.06289017686597503,-0.9968839762888103
5.467,0.04001201316714287,Empty,0.50761,0.26047,0.0832,-0.01612,-0.04873,-0.06216,0.99918,-0.00881,-0.0241,-0.03126,0.998682858147139,-0.01610753137317894,-0.04871443601360301,-0.019121199818988577,-0.9978901991814046,-0.062044581513450235,-0.04761227321336055,0.06289433846348107,-0.9968838315614801
5.534,0.0400116853415966,Empty,0.5076,0.26047,0.0832,-0.01612,-0.04873,-0.06216,0.99918,-0.00881,-0.0241,-0.03126,0.9986827804015522,-0.01610576607752706,-0.04871661347508656,-0.019119493568437618,-0.9978903355244169,-0.06204291444357883,-0.04761458909947108,0.06289262727874197,-0.9968838289082965
5.6,0.0400116853415966,Empty,0.50761,0.26047,0.0832,-0.01612,-0.04873,-0.06216,0.99918,-0.00881,-0.0241,-0.03126,0.99868289693487,-0.016108682927967244,-0.04871326004386929,-0.01912229775015173,-0.9978901502511573,-0.062045030102960474,-0.04761101866721585,0.06289481986657526,-0.99688386110691
5.667,0.04001201316714287,Empty,0.5076,0.26047,0.0832,-0.01612,-0.04873,-0.06216,0.99918,-0.00881,-0.0241,-0.03126,0.9986830722509092,-0.016095042090367884,-0.04871417472967846,-0.019108648808767004,-0.9978905114175722,-0.06204342643245154,-0.04761282117442293,0.06289258177945242,-0.9968839162193996
5.733,0.04001201316714287,Empty,0.50761,0.26047,0.0832,-0.01614,-0.04873,-0.06216,0.99918,-0.00882,-0.0241,-0.03126,0.9986830797716489,-0.016111395990916988,-0.048708614197471155,-0.019124677019731973,-0.9978901551182988,-0.06204421848060081,-0.04760622760422412,0.06289404770883673,-0.9968841386320145
5.8,0.04001201316714287,Empty,0.50761,0.26047,0.0832,-0.01612,-0.04873,-0.06216,0.99918,-0.00881,-0.0241,-0.03126,0.9986830116822668,-0.01610759506532805,-0.048711267263834596,-0.019121076502552514,-0.997890184876704,-0.062044849585769495,-0.04760910218246971,0.06289454911157756,-0.9968839697183572
5.867,0.0400116853415966,Empty,0.50761,0.26047,0.0832,-0.01612,-0.04873,-0.06216,0.99918,-0.00881,-0.0241,-0.03126,0.9986831732416255,-0.01610725996799023,-0.04870806566022776,-0.019120565896673047,-0.9978901607335763,-0.06204539524338915,-0.047605918159704275,0.06289501798585466,-0.9968840921936364
5.934,0.0400116853415966,Empty,0.5076,0.26047,0.0832,-0.01612,-0.04873,-0.06216,0.99918,-0.00881,-0.0241,-0.03126,0.9986830182812492,-0.016101400132774002,-0.04871318004830211,-0.019115016606582935,-0.9978902885616947,-0.062045049233501855,-0.04761139713119155,0.06289449028350516,-0.9968838638252673
6.0,0.0400116853415966,Empty,0.50761,0.26047,0.0832,-0.01614,-0.04873,-0.06216,0.99918,-0.00882,-0.0241,-0.03126,0.9986830205328645,-0.016113531666645475,-0.04870912231380874,-0.01912699765949677,-0.9978899093164912,-0.062047456393137974,-0.04760653799518701,0.06289740043557264,-0.996883912277934
6.067,0.04001201316714287,Empty,0.5076,0.26047,0.0832,-0.01612,-0.04873,-0.06216,0.99918,-0.00881,-0.0241,-0.03126,0.9986829270167092,-0.016100280917668797,-0.048715420964108594,-0.01911400590596951,-0.9978903517176337,-0.06204434484369748,-0.04761371717861084,0.06289377475735754,-0.9968837981596481
6.133,0.04001201316714287,Empty,0.5076,0.26047,0.0832,-0.01612,-0.04873,-0.06216,0.99918,-0.00881,-0.0241,-0.03126,0.9986829171048276,-0.01610374713507179,-0.04871447845560509,-0.019117364813504623,-0.9978903461402857,-0.06204339966997392,-0.04761257654842178,0.06289297582584573,-0.9968839030429724
6.2,0.0400116853415966,Empty,0.50761,0.26047,0.0832,-0.01614,-0.04873,-0.06216,0.99918,-0.00882,-0.0241,-0.03126,0.9986831026929033,-0.016111153749672813,-0.04870822436232049,-0.019124542486309015,-0.997889985713552,-0.06204698451412411,-0.04760580080583788,0.06289679751355394,-0.9968839855229763
6.267,0.0400116853415966,Empty,0.5076,0.26047,0.0832,-0.01614,-0.04873,-0.06216,0.99918,-0.00882,-0.0241,-0.03126,0.9986826025699257,-0.016113155876496477,-0.04871781534366519,-0.01912707748500525,-0.997890028494085,-0.06204551505916377,-0.047615273085874064,0.06289560588605558,-0.996883608316028
6.333,0.0400116853415966,Empty,0.5076,0.26047,0.0832,-0.01612,-0.04873,-0.06216,0.99918,-0.00881,-0.0241,-0.03126,0.9986828118444697,-0.016104395676482974,-0.04871642193673973,-0.01911811859331547,-0.9978903535200805,-0.06204304870830013,-0.047614481703312665,0.06289269267143711,-0.9968838299123229
6.4,0.0400116853415966,Empty,0.50761,0.26047,0.0832,-0.01614,-0.04873,-0.06216,0.99918,-0.00882,-0.0241,-0.03126,0.9986829667851023,-0.016108909806402283,-0.04871175297764217,-0.019122533813059117,-0.9978900098438703,-0.06204721552469836,-0.04760945865974588,0.06289698942436879,-0.9968837987285564
6.467,0.0400116853415966,Empty,0.50761,0.26047,0.0832,-0.01614,-0.04873,-0.06216,0.99918,-0.00882,-0.0241,-0.03126,0.9986827177158861,-0.016119082572947696,-0.04871349415324966,-0.019132831492588487,-0.9978897822266046,-0.06204770170454226,-0.047610546044846304,0.0628979944413661,-0.9968836833856626
6.533,0.0400116853415966,Empty,0.50761,0.26047,0.0832,-0.01612,-0.04873,-0.06216,0.99918,-0.00881,-0.0241,-0.03126,0.9986829623320584,-0.01610735170975114,-0.04871235950519313,-0.019121041563212926,-0.9978900041041636,-0.06204776771592996,-0.04761015140915555,0.06289747951937723,-0.9968837347218114
6.6,0.04001201316714287,Empty,0.50761,0.26047,0.08321,-0.01614,-0.04873,-0.06216,0.99918,-0.00882,-0.0241,-0.03126,0.9986833048937149,-0.016113047473770348,-0.04870345190718224,-0.019126307201115356,-0.9978897261325569,-0.062050615242225465,-0.04760084977619359,0.06290043068372558,-0.9968839927094759
6.667,0.04001201316714287,Empty,0.5076,0.26047,0.0832,-0.01612,-0.04873,-0.06216,0.99918,-0.00881,-0.0241,-0.03126,0.998682599881253,-0.016108193377482982,-0.04871951149729183,-0.019122140205986737,-0.9978902346015983,-0.062043722008838766,-0.047617312485730603,0.06289360693171518,-0.9968836370202668
6.734,0.0400116853415966,Empty,0.5076,0.26047,0.0832,-0.01614,-0.04873,-0.06216,0.99918,-0.00882,-0.0241,-0.03126,0.9986827190882748,-0.016113796432412397,-0.04871521486132383,-0.019127520670845666,-0.9978900628570192,-0.062044825764931935,-0.04761265112799906,0.06289489657952511,-0.996883778299564
6.8,0.0400116853415966,Empty,0.50761,0.26047,0.0832,-0.01612,-0.04873,-0.06216,0.99918,-0.00881,-0.0241,-0.03126,0.998682878295801,-0.01610832823204239,-0.04871375945646916,-0.019121977265588286,-0.9978901532079454,-0.06204508132058374,-0.047611538352255484,0.06289486379818549,-0.9968838335149887
6.867,0.0400116853415966,Empty,0.50761,0.26047,0.0832,-0.01614,-0.04873,-0.06216,0.99918,-0.00882,-0.0241,-0.03126,0.998682950277017,-0.016111374138532586,-0.04871127640865992,-0.019124996711632758,-0.9978899228462454,-0.0620478555849751,-0.047608815641356626,0.0628977384751003,-0.996883782177213
6.934,0.04001201316714287,Empty,0.5076,0.26047,0.0832,-0.01612,-0.04873,-0.06216,0.99918,-0.00881,-0.0241,-0.03126,0.9986828110389654,-0.016105332730569855,-0.04871612867364564,-0.019119142377572895,-0.9978901959710451,-0.062045267181432474,-0.04761408751678089,0.06289495244061226,-0.9968837061701016
7.0,0.04001201316714287,Empty,0.5076,0.26047,0.0832,-0.01612,-0.04873,-0.06216,0.99918,-0.00881,-0.0241,-0.03126,0.9986827707065061,-0.016108498882754896,-0.04871590867180937,-0.01912234640107624,-0.9978900639512764,-0.06204640308216548,-0.047613646805228386,0.06289623622333532,-0.9968836462229909
7.067,0.04001201316714287,Empty,0.5076,0.26047,0.0832,-0.01614,-0.04873,-0.06216,0.99918,-0.00882,-0.0241,-0.03126,0.9986823906887368,-0.016117429140637407,-0.048720745131064835,-0.019131593565009597,-0.9978898618597509,-0.06204680269917626,-0.04761790268263537,0.06289715474823765,-0.9968833849897807
7.133,0.04001201316714287,Empty,0.5076,0.26047,0.0832,-0.01612,-0.04873,-0.06216,0.99918,-0.00881,-0.0241,-0.03126,0.9986828723192134,-0.016106362003903196,-0.048714532115630815,-0.019120155236204528,-0.9978900658412628,-0.062047047948014855,-0.04761239544476909,0.06289675347996142,-0.9968836733549669
7.2,0.04001201316714287,Empty,0.50761,0.26047,0.0832,-0.01614,-0.04873,-0.06216,0.99918,-0.00882,-0.0241,-0.03126,0.9986829322818387,-0.016111281412756806,-0.04871167601496887,-0.019124940247684963,-0.9978899096129136,-0.0620480858145792,-0.04760921580398938,0.06289797217693002,-0.9968837483210163
7.267,0.04001201316714287,Empty,0.50761,0.26047,0.0832,-0.01614,-0.04873,-0.06216,0.99918,-0.00882,-0.0241,-0.03126,0.9986828670212723,-0.016110333802320964,-0.04871332736479106,-0.019124025835103198,-0.9978900204358545,-0.06204658532415731,-0.04761095203868364,0.0628964566514475,-0.9968837610206431
7.333,0.04001201316714287,Empty,0.50761,0.26047,0.0832,-0.01614,-0.04873,-0.06216,0.99918,-0.00882,-0.0241,-0.03126,0.9986831406141735,-0.016109391555955643,-0.048708029694371366,-0.019122898457905768,-0.9978898492034545,-0.06204968663317635,-0.047605665708815435,0.06289941462687605,-0.9968838268484533
7.4,0.04001201316714287,Empty,0.5076,0.26047,0.0832,-0.01612,-0.04873,-0.06216,0.99918,-0.00881,-0.0241,-0.03126,0.9986828615872039,-0.016107058783234207,-0.04871452175016314,-0.01912081614778366,-0.997890098301177,-0.06204632223032955,-0.04761235513851782,0.06289606005005936,-0.9968837190306314
7.467,0.04001201316714287,Empty,0.5076,0.26047,0.0832,-0.01614,-0.04873,-0.06216,0.99918,-0.00882,-0.0241,-0.03126,0.9986825430808006,-0.01611583735782407,-0.04871814787038853,-0.01912980197267805,-0.9978899448039467,-0.06204602111064282,-0.04761542630441348,0.06289624667205787,-0.9968835605688444
7.534,0.038405150175094604,Grasping,0.50761,0.26047,0.0832,-0.01614,-0.04873,-0.06216,0.99918,-0.00882,-0.0241,-0.03126,0.9986827611548712,-0.016115392560210384,-0.04871382447224577,-0.019129237206345184,-0.9978897574325984,-0.06204920865742638,-0.0476110791306588,0.06289933333303116,-0.99688357344791
7.6,0.038405150175094604,Grasping,0.5076,0.26047,0.0832,-0.01614,-0.04873,-0.06216,0.99918,-0.00882,-0.0241,-0.03126,0.998682685814947,-0.016110841791812547,-0.04871687418341755,-0.019124721747053208,-0.9978900530211543,-0.062045846754923174,-0.04761447334100796,0.0628958095440133,-0.9968836336655656
7.667,0.03678777813911438,Grasping,0.50761,0.26047,0.0832,-0.01614,-0.04873,-0.06216,0.99918,-0.00882,-0.0241,-0.03126,0.9986827308272019,-0.016114162268802634,-0.04871485319589108,-0.019128056468007804,-0.997889801262012,-0.062048867781921584,-0.04761218965012256,0.06289895318394713,-0.9968835443947726
7.734,0.03678777813911438,Grasping,0.5076,0.26047,0.0832,-0.01612,-0.04875,-0.06216,0.99918,-0.00881,-0.02411,-0.03126,0.9986825101793309,-0.016107018552197372,-0.04872173863143029,-0.01912118612772673,-0.9978901495152757,-0.06204538452978988,-0.04761957688786261,0.06289525780009039,-0.996883424700843
7.8,0.03678777813911438,Grasping,0.5076,0.26047,0.0832,-0.01612,-0.04873,-0.06216,0.99918,-0.00881,-0.0241,-0.03126,0.9986827769108282,-0.016102455046395847,-0.04871777953843887,-0.019116478491951305,-0.9978901071443428,-0.06204751657817241,-0.047615872897006695,0.06289709854143204,-0.9968834854903185
7.867,0.03519437834620476,Grasping,0.50761,0.26047,0.0832,-0.01614,-0.04873,-0.06216,0.99918,-0.00882,-0.0241,-0.03126,0.9986826215305917,-0.016119808508484268,-0.048715225817343076,-0.01913369288222294,-0.9978897307440727,-0.06204826405477394,-0.04761221743915832,0.06289862517712119,-0.9968835637632685
7.933,0.03519437834620476,Grasping,0.50761,0.26047,0.0832,-0.01614,-0.04873,-0.06216,0.99918,-0.00882,-0.0241,-0.03126,0.998682710467534,-0.016114043207762108,-0.04871530996225248,-0.01912793631130566,-0.9978898426050437,-0.062048239927916554,-0.04761266497152404,0.06289832777729504,-0.9968835611530213
8.0,0.03519437834620476,Grasping,0.5076,0.26046,0.0832,-0.01614,-0.04873,-0.06216,0.99918,-0.00882,-0.0241,-0.03126,0.9986826266051467,-0.01611564430253637,-0.048716499522846665,-0.019129432821827275,-0.9978900460414363,-0.062044506697493465,-0.047613822750968024,0.06289468992001018,-0.9968837353788582
8.067,0.03340069204568863,Grasping,0.50761,0.26047,0.0832,-0.01612,-0.04873,-0.06216,0.99918,-0.00881,-0.0241,-0.03126,0.998683036915482,-0.016107546110991466,-0.048710766115434304,-0.019121181747457305,-0.9978899410175404,-0.06204873910556784,-0.0476085305995781,0.06289843061867596,-0.9968837521195022
8.134,0.03340069204568863,Grasping,0.5076,0.26047,0.0832,-0.01614,-0.04873,-0.06216,0.99918,-0.00882,-0.0241,-0.03126,0.998682523968731,-0.016112876670631215,-0.04871951893073452,-0.019126906473904026,-0.9978900310229746,-0.06204552710474263,-0.04761699033101221,0.06289563729197638,-0.9968835243103643
8.2,0.03160602226853371,Grasping,0.50761,0.26046,0.0832,-0.01614,-0.04873,-0.06216,0.99918,-0.00882,-0.0241,-0.03126,0.9986826005886352,-0.016119987596559915,-0.04871559587449842,-0.019133821503437398,-0.9978898241663589,-0.06204672191105596,-0.047612605013749365,0.06289709711202944,-0.9968836416647054
8.267,0.03160602226853371,Grasping,0.5076,0.26047,0.0832,-0.01612,-0.04873,-0.06216,0.99918,-0.00881,-0.0241,-0.03126,0.9986828411380457,-0.016102156669956236,-0.04871656152702626,-0.019116134899685777,-0.9978900729339657,-0.062048172626929785,-0.04761466373857298,0.06289771768848564,-0.996883504180224
8.334,0.03160602226853371,Grasping,0.5076,0.26047,0.0832,-0.01614,-0.04873,-0.06216,0.99918,-0.00882,-0.0241,-0.03126,0.9986826312334188,-0.016110694787567437,-0.04871804169049849,-0.019124680902623148,-0.9978900115742502,-0.0620465259359122,-0.047615634544424135,0.06289650478210075,-0.9968835343374506
8.4,0.029811682179570198,Grasping,0.50761,0.26047,0.0832,-0.01614,-0.04873,-0.06216,0.99918,-0.00882,-0.0241,-0.03126,0.9986829199315972,-0.016111510971106247,-0.04871185329184739,-0.019125162342255198,-0.9978899293876438,-0.062047699329673,-0.04760938565326109,0.0628975996437944,-0.996883763714089
8.467,0.029811682179570198,Grasping,0.50761,0.26047,0.0832,-0.01614,-0.04873,-0.06216,0.99918,-0.00882,-0.0241,-0.03126,0.9986827776509309,-0.01611531047900916,-0.048713513439147184,-0.01912921347149238,-0.9978896564769899,-0.06205083954465659,-0.04761074264683266,0.06290095598955375,-0.9968834871338864
8.534,0.029811682179570198,Grasping,0.5076,0.26047,0.0832,-0.01614,-0.04873,-0.06216,0.99918,-0.00882,-0.0241,-0.03126,0.9986825614387997,-0.016109737351707287,-0.04871978900300808,-0.019123948243207733,-0.9978898773993555,-0.062048909639815956,-0.04761739263787699,0.06289887873688951,-0.9968833005783637
8.6,0.02783544361591339,Grasping,0.50761,0.26047,0.0832,-0.01614,-0.04873,-0.06216,0.99918,-0.00882,-0.0241,-0.03126,0.998682682965382,-0.01611468981448627,-0.04871565987697363,-0.01912850386665338,-0.9978899626889877,-0.06204613367804774,-0.04761301381859276,0.06289625693754466,-0.9968836751488896
8.667,0.02783544361591339,Grasping,0.50761,0.26046,0.0832,-0.01614,-0.04873,-0.06216,0.99918,-0.00882,-0.0241,-0.03126,0.9986827989764363,-0.016123178059640197,-0.04871047277381331,-0.019136548672834375,-0.9978899512570862,-0.06204383680127047,-0.047607347473719946,0.06289426292904288,-0.9968840715735852
8.733,0.02783544361591339,Grasping,0.50761,0.26047,0.0832,-0.01614,-0.04873,-0.06216,0.99918,-0.00882,-0.0241,-0.03126,0.998682723536614,-0.01612050746064736,-0.04871290330808544,-0.019134206938006493,-0.9978897702550278,-0.06204747009525665,-0.04760987118597603,0.06289781919573546,-0.9968837266733145
8.8,0.026019103825092316,Grasping,0.5076,0.26046,0.0832,-0.01616,-0.04875,-0.06216,0.99918,-0.00883,-0.02411,-0.03126,0.9986819618593247,-0.01613076302126437,-0.04872512227960262,-0.0191448611638122,-0.9978900390629015,-0.06203986000998967,-0.04762156389524379,0.06289092480948713,-0.9968836031497252
