time,gr,gr_state,tx,ty,tz,rx,ry,rz,qw,qx,qy,qz,xx,xy,xz,yx,yy,yz,zx,zy,zz
0.0,0.016338851302862167,Empty,0.30826,0.00216,0.48524,-0.00928,0.00172,-0.00535,0.99999,-0.00464,0.00087,-0.00267,0.9999553349595542,-0.009294052407963216,0.0017171708603049805,-0.009284735604342897,-0.9999425505715549,-0.0053562338644280155,0.0017668533280659,0.005340051150600413,-0.9999841809163914
0.067,0.016338851302862167,Empty,0.30826,0.00216,0.48524,-0.00928,0.00172,-0.00535,0.99999,-0.00464,0.00087,-0.00267,0.9999553510962755,-0.009293716906110416,0.0017095730441721057,-0.00928444235845377,-0.9999425584046789,-0.005355279749758375,0.0017592452975165392,0.005339168210002229,-0.9999841990445691
0.133,0.016338851302862167,Empty,0.30826,0.00216,0.48523,-0.0093,0.00172,-0.00535,0.99999,-0.00465,0.00087,-0.00267,0.9999553272370355,-0.009297014664059466,0.0017055933306010045,-0.00928776318147706,-0.9999425332361647,-0.005354220795456471,0.001755273584921857,0.005338140460681487,-0.9999842115108939
0.2,0.016338851302862167,Empty,0.30826,0.00216,0.48524,-0.00928,0.00172,-0.00535,0.99999,-0.00464,0.00087,-0.00267,0.9999554044423882,-0.0092874791719601,0.0017122666528637828,-0.009278189464522746,-0.9999426138352612,-0.005355766664613886,0.0017619099637948706,0.005339641086793984,-0.9999841918282226
0.267,0.016338851302862167,Empty,0.30826,0.00216,0.48524,-0.00928,0.00172,-0.00535,0.99999,-0.00464,0.00087,-0.00267,0.9999553925790422,-0.009289081651186637,0.001710501146027783,-0.00927980001971157,-0.9999425948404356,-0.005356522693874026,0.0017601601311066045,0.005340410644642727,-0.9999841908002641
0.333,0.016338851302862167,Empty,0.30826,0.00216,0.48523,-0.00928,0.00172,-0.00535,0.99999,-0.00464,0.00087,-0.00267,0.9999553745975711,-0.009291556282053026,0.0017075699952562523,-0.00928228891832944,-0.999942567611122,-0.005357293319684858,0.0017572495178315418,0.0053412040902703,-0.9999841916815475
0.4,0.016338851302862167,Empty,0.30826,0.00216,0.48524,-0.00928,0.00172,-0.00535,0.99999,-0.00464,0.00087,-0.00267,0.999955441051245,-0.009283041493478084,0.0017149497485546377,-0.009273741923575385,-0.9999426684681118,-0.005353268871112815,0.0017645460449148716,0.005337126333699522,-0.999984200605066
0.467,0.016338851302862167,Empty,0.30826,0.00216,0.48523,-0.00928,0.0017,-0.00537,0.99999,-0.00464,0.00086,-0.00268,0.9999553854218353,-0.009292117122965848,0.0016981534799465757,-0.009282896038875998,-0.9999425496832786,-0.005359587114216739,0.0017478578316873956,0.005343584216286104,-0.9999841954254695
0.533,0.016338851302862167,Empty,0.30825,0.00217,0.48525,-0.00932,0.00176,-0.00535,0.99999,-0.00466,0.00089,-0.00267,0.9999550790894152,-0.009315021936864398,0.001752189943130412,-0.009305532521165616,-0.9999424007755626,-0.005348102065355248,0.0018019067064078494,0.005331556763241512,-0.9999841636919563
0.6,0.016339179128408432,Empty,0.30825,0.00217,0.48525,-0.00934,0.00173,-0.00537,0.99999,-0.00467,0.00088,-0.00268,0.9999548672036771,-0.009339276693700993,0.0017439800787214376,-0.009329808677081775,-0.9999421087049847,-0.0053604019138006765,0.0017939413941186456,0.005343888983401782,-0.9999841121861923
0.667,0.016339179128408432,Empty,0.30825,0.00217,0.48525,-0.00932,0.00174,-0.00537,0.99999,-0.00466,0.00088,-0.00268,0.9999549304260118,-0.009333826168189785,0.001736895440726477,-0.009324393899149408,-0.999942152665475,-0.005361622995771741,0.0017868394229768197,0.005345185852456465,-0.9999841179704203
0.734,0.016338851302862167,Empty,0.30826,0.0022,0.48522,-0.00928,0.00168,-0.00533,0.99999,-0.00464,0.00085,-0.00266,0.999955453965426,-0.00929038226272283,0.0016669979637723954,-0.009281392281462408,-0.9999427646259766,-0.0053219572975033115,0.0017163455702001926,0.005306248163375364,-0.9999844488232363
0.8,0.016338851302862167,Empty,0.3083,0.00225,0.48516,-0.00938,0.00152,-0.00523,0.99999,-0.00469,0.00077,-0.00261,0.9999547603874627,-0.009389817472512052,0.0015193769398491991,-0.009381752842142377,-0.9999423097489724,-0.005230667978277087,0.0015684043041873927,0.005216176925960721,-0.9999851656930795
0.867,0.016338851302862167,Empty,0.30844,0.00231,0.48488,-0.00948,0.00062,-0.00512,0.99999,-0.00474,0.00032,-0.00256,0.9999548566842401,-0.00948134715086496,0.0006234178416393778,-0.0094780343420513,-0.9999419850631427,-0.005117946169339501,0.0006719066984235058,0.005111806352567032,-0.9999867089002745
0.933,0.016338851302862167,Empty,0.30885,0.00242,0.48415,-0.00974,-0.00158,-0.00487,0.99998,-0.00487,-0.00078,-0.00244,0.9999514351888794,-0.009727671366240254,-0.001581035575345357,-0.009735283961286034,-0.9999406994435376,-0.004880762498032156,-0.0015334633654584225,0.004895917295002197,-0.9999868391553696
1.0,0.016338851302862167,Empty,0.30948,0.00268,0.48289,-0.00923,-0.00564,-0.00463,0.99998,-0.00462,-0.00281,-0.00233,0.9999414445108616,-0.009236065994487508,-0.005639382455276975,-0.009262257346370872,-0.9999463573893954,-0.00463604708014754,-0.005596261107294121,0.0046880090257184785,-0.9999733518614351
1.067,0.016338851302862167,Empty,0.31034,0.0031,0.4811,-0.00798,-0.0114,-0.00437,0.99997,-0.004,-0.00569,-0.00221,0.9999032343624346,-0.007981134548797453,-0.011394007322104834,-0.008031385491859944,-0.9999581931019664,-0.004371372248147282,-0.011358642463927123,0.004462458914625553,-0.9999255310780959
1.133,0.016338851302862167,Empty,0.31141,0.00372,0.47888,-0.00618,-0.01847,-0.00398,0.99995,-0.00311,-0.00923,-0.00202,0.9998102856125344,-0.006181654992720886,-0.018471056410854413,-0.006256333860512664,-0.9999724767967827,-0.003987973863203282,-0.018445895749672866,0.0041027783828472665,-0.9998214421283097
1.2,0.016338851302862167,Empty,0.31272,0.00456,0.47614,-0.00403,-0.02707,-0.00379,0.9999,-0.00204,-0.01353,-0.00192,0.9996257529496008,-0.004033902189537586,-0.027057007836582644,-0.0041378033437778905,-0.9999842753210733,-0.0037851940605952324,-0.027041313271212928,0.0038957340403817015,-0.999626725649557
1.267,0.016338851302862167,Empty,0.31435,0.00573,0.4729,-0.00083,-0.0369,-0.00365,0.99983,-0.00045,-0.01845,-0.00183,0.999318763124114,-0.0008264467357165239,-0.03689616042197978,-0.0009616391168724148,-0.9999928889897186,-0.0036465353700930805,-0.036892884385750495,0.0036795320068539273,-0.9993124517016237
1.333,0.016338851302862167,Empty,0.31597,0.00709,0.46929,0.00341,-0.0483,-0.0035,0.99971,0.00166,-0.02415,-0.00171,0.9988281844590495,0.003398290483271782,-0.04827742279813848,0.0032335659028494557,-0.9999886828472369,-0.003489731938090511,-0.048288735558004094,0.003329534387734206,-0.9988278691641368
1.4,0.016338851302862167,Empty,0.31761,0.0081,0.46558,0.00632,-0.0601,-0.00311,0.99954,0.00311,-0.03005,-0.00146,0.9981741178459156,0.006302339790782152,-0.06007254760445711,0.006126249864325917,-0.9999763825929269,-0.0031150150824771107,-0.06009076073014947,0.0027413079954167973,-0.9981891532697327
1.467,0.016339179128408432,Empty,0.31914,0.00856,0.46195,0.00734,-0.07157,-0.00266,0.99935,0.00362,-0.03578,-0.0012,0.9974137948921463,0.007316562916334146,-0.07149957808224211,0.007145465856134403,-0.9999709635492922,-0.002648466726034082,-0.07151687966170032,0.0021307194539445565,-0.9974371137861585
1.533,0.016339179128408432,Empty,0.32065,0.00864,0.45822,0.00602,-0.08324,-0.00233,0.99913,0.00296,-0.04161,-0.00104,0.9965195585302843,0.006009071986629311,-0.08314241108163067,0.0058359600512368215,-0.9999802678066281,-0.0023249876697725297,-0.08315474151777358,0.001831679896634171,-0.9965349637177155
1.6,0.016339179128408432,Empty,0.32215,0.00867,0.45461,0.00561,-0.09459,-0.00217,0.99888,0.00275,-0.04728,-0.00095,0.9955145063283595,0.005574054355635905,-0.09444468014580348,0.005395299966450329,-0.999983138415698,-0.002147934487584255,-0.0944550603624535,0.0016287425614110315,-0.9955277940718651
1.667,0.016338851302862167,Empty,0.32366,0.00871,0.45093,0.00559,-0.1058,-0.002,0.9986,0.00274,-0.05288,-0.00085,0.9943917053476063,0.0055558812967960725,-0.10561377049843029,0.005375037229307433,-0.9999835605968771,-0.0019968752528255335,-0.10562312867295094,0.0014179982396670258,-0.9944052212103122
1.733,0.016338851302862167,Empty,0.32546,0.00874,0.44719,0.00556,-0.1161,-0.00189,0.99831,0.00272,-0.05802,-0.00078,0.9932535249396123,0.0055162347481144125,-0.11583180197699795,0.0053355263786547535,-0.999984017328158,-0.0018700926450280694,-0.1158402665453489,0.0012394524767023792,-0.9932670821104767
1.8,0.016338851302862167,Empty,0.32762,0.00884,0.44354,0.00558,-0.12458,-0.00175,0.99806,0.00273,-0.06225,-0.0007,0.9922344431720067,0.005545337416336227,-0.12425803401018756,0.005370910943323537,-0.9999840650091042,-0.0017386901698620769,-0.12426569558320126,0.0010578094378805372,-0.9922484154386021
1.867,0.016338851302862167,Empty,0.33026,0.00905,0.4399,0.00588,-0.13101,-0.00159,0.99785,0.00288,-0.06546,-0.0006,0.9914131770711666,0.005832426340451835,-0.13063650000148852,0.005675665166984756,-0.9999826572443296,-0.0015722708041928518,-0.1306434045582401,0.0008173209606058163,-0.9914290861336879
1.933,0.016338851302862167,Empty,0.3336,0.00948,0.43644,0.00669,-0.1338,-0.00143,0.99776,0.00329,-0.06685,-0.00049,0.9910399003858976,0.006624574016238671,-0.13340176483920274,0.006494879095583439,-0.9999779177074604,-0.0014073531844064208,-0.13340814213774332,0.0005283148259138505,-0.9910610417601937
2.0,0.016338851302862167,Empty,0.33745,0.01018,0.43323,0.00821,-0.13358,-0.00109,0.99776,0.00406,-0.06674,-0.00027,0.9910575091848262,0.008144161036829911,-0.13318665897669585,0.00807318722785233,-0.9999668356995335,-0.0010729161411968807,-0.13319097993615248,-1.191923571221477e-05,-0.9910903907926761
2.067,0.016338851302862167,Empty,0.34194,0.01143,0.43043,0.0113,-0.12927,-0.00089,0.9979,0.00561,-0.06459,-8e-05,0.9915926500784646,0.011215759054341023,-0.12891168705436704,0.011195595510137213,-0.9999369391809347,-0.0008810803805339856,-0.12891343976304998,-0.0005695702753242366,-0.991655686535483
2.133,0.016338851302862167,Empty,0.34694,0.01358,0.42779,0.01698,-0.12205,-0.0008,0.9981,0.00845,-0.06099,0.00012,0.9924165346932119,0.016857619923897116,-0.121758951695628,0.016888044823215265,-0.9998570808661691,-0.0007821661153776943,-0.121754735470806,-0.0012800360480858706,-0.9925593916225617
2.2,0.016338851302862167,Empty,0.35183,0.01635,0.42521,0.02421,-0.11453,-0.00051,0.99829,0.01207,-0.05723,0.00044,0.99315846640325,0.024047593163642245,-0.11427149195919525,0.024147531096963493,-0.9997082758833161,-0.000509776743826594,-0.11425041511288112,-0.002253085316474194,-0.9934494281306379
2.267,0.016338851302862167,Empty,0.35643,0.0198,0.42252,0.03324,-0.10796,-0.00049,0.99841,0.01658,-0.05395,0.00065,0.9936295412204373,0.03303383155948997,-0.10774553720021313,0.0331731212262219,-0.9994494955779181,-0.0004998171216785419,-0.10770273368013301,-0.003077622709819519,-0.9941783790629741
2.333,0.016339179128408432,Empty,0.36068,0.02378,0.41968,0.04341,-0.10271,-0.00015,0.99845,0.02167,-0.05132,0.00104,0.9937929388775234,0.04317048408254215,-0.10252757649166583,0.04338473445458435,-0.9990584292765625,-0.00014038430502009286,-0.10243709998570157,-0.004308618749304802,-0.9947301525293142
2.4,0.016339179128408432,Empty,0.36426,0.02805,0.41658,0.05198,-0.10025,0.00056,0.99841,0.02597,-0.05008,0.00158,0.993634115892345,0.051704633340092065,-0.10008933322789279,0.05202040478794645,-0.9986458729560201,0.0005458146266371228,-0.09992557840981298,-0.005749027663450327,-0.9949783050199582
2.467,0.016339179128408432,Empty,0.36747,0.03245,0.41334,0.05857,-0.09916,0.00138,0.99834,0.02928,-0.04952,0.00214,0.9933804486439636,0.05825747728111269,-0.09900177065466201,0.05868118680233175,-0.9982758332307573,0.0013708037446038962,-0.0987512155235951,-0.007171271036365267,-0.9950863129921622
2.533,0.016339179128408432,Empty,0.37051,0.03705,0.40981,0.0619,-0.09918,0.00292,0.99829,0.03098,-0.0495,0.00299,0.9931802733564592,0.06155059492028736,-0.09901751804881914,0.062143081048068205,-0.9980630155243466,0.0029076657822453694,-0.09864675409481438,-0.00904108994572603,-0.9950814421941304
2.6,0.016339179128408432,Empty,0.37323,0.04137,0.40603,0.05865,-0.10077,0.00493,0.9983,0.02941,-0.05027,0.00394,0.9932173943577634,0.05831535052230208,-0.10059089142977501,0.059108350131174436,-0.9982394558233891,0.004918514226347884,-0.10012697184048983,-0.010830915514642922,-0.9949157154147121
2.667,0.016338851302862167,Empty,0.37618,0.04545,0.40232,0.05471,-0.10091,0.00687,0.99834,0.02749,-0.05032,0.00481,0.993423981183092,0.05440527119513827,-0.10074155089395201,0.05537346341840493,-0.9984423020878594,0.006837320421493029,-0.10021263971867915,-0.012370766656883686,-0.9948891350160256
2.733,0.016338851302862167,Empty,0.37899,0.04958,0.39852,0.04997,-0.10137,0.00864,0.99839,0.02517,-0.05054,0.00558,0.9936248383358701,0.0496939839548341,-0.10119381700831835,0.05082103251062137,-0.9986708464892048,0.008588540451650792,-0.10063251609977114,-0.013676561381866204,-0.9948296579677335
2.8,0.016338851302862167,Empty,0.38193,0.05356,0.395,0.04521,-0.10027,0.00985,0.99847,0.02282,-0.04999,0.00605,0.9939606549518938,0.04495784536000136,-0.1001049876289343,0.04616800324042003,-0.9988855769598353,0.009804061322209776,-0.0995526588514615,-0.014366498606247021,-0.9949285762472607
2.867,0.016338851302862167,Empty,0.38493,0.05752,0.39174,0.04394,-0.09784,0.01059,0.99854,0.0222,-0.04877,0.00636,0.9942569093891889,0.043719616309621345,-0.09768210317963937,0.04495978744897666,-0.9989332987087665,0.01053006378733578,-0.09711753520554901,-0.014861355273393084,-0.9951619589167571
2.933,0.016338851302862167,Empty,0.38779,0.06169,0.38867,0.04359,-0.09494,0.01113,0.99861,0.02203,-0.04732,0.00659,0.9945505362105448,0.04337811333822228,-0.09480279640671904,0.04462594376048046,-0.9989423073114929,0.011081146451390737,-0.09422184495542393,-0.01525142440584076,-0.9954343966263116
3.0,0.016338851302862167,Empty,0.39048,0.06584,0.38573,0.0429,-0.09186,0.01163,0.99869,0.02169,-0.04578,0.00679,0.994868000604774,0.04269554445195628,-0.09173195657245353,0.04393942897621489,-0.9989670521055143,0.011582546734763624,-0.09114267910207399,-0.015553754902590186,-0.9957163716413056
3.067,0.016338851302862167,Empty,0.39305,0.06992,0.38285,0.04211,-0.08878,0.01209,0.99877,0.0213,-0.04424,0.00697,0.9951776361401269,0.041941038245813245,-0.08867029850752066,0.043173837086935396,-0.9989951391315116,0.012030452310798717,-0.08807662753387176,-0.01580067411457086,-0.9959883766288565
3.133,0.016338851302862167,Empty,0.39564,0.07417,0.38,0.04318,-0.08533,0.01223,0.99883,0.02183,-0.04251,0.00703,0.9954325610315622,0.04301915394669853,-0.0852254001566161,0.044214141052026756,-0.9989477876954439,0.012183069785970814,-0.08461161958724452,-0.01589559222201523,-0.9962872095830274
3.2,0.016338851302862167,Empty,0.398,0.07861,0.37717,0.04467,-0.0821,0.01238,0.99888,0.02257,-0.04089,0.0071,0.9956372778887599,0.04450441791009985,-0.08201077773526907,0.045665471707030725,-0.998880623370657,0.01233551573393074,-0.08136999183995845,-0.01602676015702627,-0.9965551000255
3.267,0.016338851302862167,Empty,0.39973,0.08305,0.37419,0.04727,-0.08113,0.01274,0.99887,0.02387,-0.04039,0.00732,0.9955973506058917,0.047094829619970247,-0.08104315202159418,0.048276958799000236,-0.9987533954720906,0.012688194595339701,-0.08034457489867546,-0.016544849834179833,-0.9966298295898612
3.333,0.016338851302862167,Empty,0.40113,0.08739,0.37088,0.04809,-0.08191,0.01347,0.99884,0.0243,-0.04077,0.00771,0.995493824563316,0.04792276191261241,-0.08182575479009793,0.04917987865070261,-0.9986998238984691,0.013416455607523761,-0.08107641329143968,-0.017380179395896946,-0.996556342898866
3.4,0.016338851302862167,Empty,0.4021,0.09148,0.36711,0.049,-0.08555,0.01466,0.99875,0.02479,-0.04257,0.00837,0.9951455191768462,0.048812616852830726,-0.08545597754530813,0.05023782439369606,-0.9986304735169258,0.014606107063435292,-0.08462598101312399,-0.018828324390107766,-0.9962348807074702
3.467,0.016338851302862167,Empty,0.4032,0.0956,0.36297,0.04838,-0.08921,0.01604,0.99867,0.02452,-0.04438,0.00909,0.9948581828063029,0.04816297992010643,-0.08909278011464189,0.04977592754201371,-0.9986327144155421,0.015970558424127236,-0.08820177515601775,-0.02032311649973212,-0.9958952845530828
3.533,0.016338851302862167,Empty,0.40445,0.09939,0.35866,0.04659,-0.09273,0.01746,0.99861,0.02367,-0.04613,0.0098,0.9946228665941392,0.046374571039921264,-0.09259995901144463,0.04818214238705287,-0.9986873514024193,0.01737973831258874,-0.09167242989607997,-0.02174794955124772,-0.9955517024681667
3.6,0.016338851302862167,Empty,0.40598,0.10324,0.35416,0.04303,-0.09533,0.01894,0.99858,0.02194,-0.04743,0.01048,0.9945384200892298,0.04282350795002737,-0.09518129087837035,0.0448122383006237,-0.998817480701777,0.018854801591194473,-0.09426130841924013,-0.023017111274204957,-0.9952813764577753
3.667,0.016338851302862167,Empty,0.40782,0.10722,0.34969,0.04091,-0.09613,0.01996,0.99858,0.02091,-0.04783,0.01095,0.9945491374703241,0.040719928315887,-0.0959890649760827,0.04281507611830693,-0.9988854359029583,0.019868447295654623,-0.09507303726092457,-0.023869926244243958,-0.9951840755393332
3.734,0.016339179128408432,Empty,0.41006,0.11115,0.34494,0.03817,-0.09584,0.02076,0.99861,0.01956,-0.04769,0.01128,0.9946868728856504,0.03798656013305762,-0.0956820054044818,0.04013734121745216,-0.9989806769195597,0.020654321129768026,-0.09479988791638662,-0.024385003395434705,-0.9951976451240451
3.8,0.016339179128408432,Empty,0.41256,0.11536,0.3402,0.03732,-0.09403,0.02105,0.99866,0.01913,-0.04679,0.01139,0.9948892787212246,0.037135847905763686,-0.09389489808227831,0.039267719802409284,-0.9990088812904242,0.0209595153659293,-0.09302348771724761,-0.024539435673526507,-0.995361465413316
3.867,0.016338851302862167,Empty,0.41496,0.11954,0.33535,0.0368,-0.09243,0.02131,0.9987,0.01887,-0.04599,0.01149,0.9950578516659578,0.03662841027787478,-0.09229426525220566,0.03874280074915981,-0.9990238336072241,0.021222046904954925,-0.09142684085124951,-0.024692902730154974,-0.9955055968334481
3.933,0.016338851302862167,Empty,0.4172,0.1239,0.33039,0.03788,-0.0912,0.02152,0.99871,0.01941,-0.04537,0.01161,0.9951303728608198,0.0377102445846037,-0.09106853717533288,0.03981629962147942,-0.9989773908386828,0.02142043131196031,-0.09016763995102807,-0.02494213396057362,-0.995614225822007
4.0,0.016338851302862167,Empty,0.41957,0.12847,0.32537,0.04054,-0.08961,0.02147,0.99872,0.02073,-0.04456,0.01163,0.9951688493360747,0.04036655767500197,-0.08949582298958873,0.04244048894344438,-0.9988699511901756,0.0213921833288927,-0.08853115953919516,-0.02508708095427456,-0.9957574364069993
4.067,0.016338851302862167,Empty,0.42189,0.13294,0.32052,0.04166,-0.08776,0.02146,0.99875,0.02128,-0.04363,0.01163,0.9952881211424612,0.041486467920132164,-0.0876380561869165,0.04351561093798112,-0.9988241515904097,0.021370676273632587,-0.08664841324227189,-0.025083603792318332,-0.9959231221853354
4.133,0.016338851302862167,Empty,0.42421,0.13762,0.31563,0.04163,-0.08556,0.02144,0.9988,0.02125,-0.04253,0.0116,0.9954797876607315,0.041470239384439334,-0.08544127576495092,0.043443676434370526,-0.9988273443331568,0.021367807333443463,-0.08445495448350436,-0.024983103445544087,-0.9961140523079768
4.2,0.016338851302862167,Empty,0.42657,0.14223,0.31086,0.03822,-0.08292,0.02156,0.99889,0.01954,-0.04123,0.01156,0.9958358159122456,0.03808663556520575,-0.08282774859740663,0.039993269286786315,-0.9989689848709935,0.021482683202326547,-0.08192414880941146,-0.024705777808847453,-0.9963323031924204
4.267,0.016338851302862167,Empty,0.42912,0.14681,0.30662,0.03316,-0.08008,0.02163,0.999,0.017,-0.03984,0.01147,0.9962482462680835,0.033042012704870116,-0.07998535618586507,0.03487017069762455,-0.9991590941374702,0.02156793448405617,-0.07920544806569173,-0.024276119928877314,-0.9965626759004733
4.333,0.016338851302862167,Empty,0.4315,0.15159,0.30238,0.02703,-0.07781,0.02195,0.99909,0.01393,-0.03874,0.01149,0.9966108899314841,0.026948830485298836,-0.07772061892091332,0.02872981710417749,-0.9993475288784613,0.021888675923260333,-0.07708003424451562,-0.02404739195812361,-0.9967348650774069
4.4,0.016338851302862167,Empty,0.43389,0.15594,0.29801,0.02196,-0.07503,0.02189,0.99917,0.01138,-0.03738,0.01135,0.9969462940350868,0.021885075926443898,-0.07496085819545839,0.02358197063401718,-0.9994835992103048,0.02182717504925635,-0.07444445896587736,-0.023528246031277296,-0.9969475633993843
4.467,0.016338851302862167,Empty,0.43631,0.16015,0.29332,0.02111,-0.07289,0.02159,0.99922,0.01094,-0.03632,0.01117,0.9971218977713887,0.02104455668617794,-0.07283575782997243,0.022667220425386714,-0.999511340259451,0.02152388930799552,-0.07234720521879957,-0.023112925531791846,-0.9971116660486882
4.533,0.016338851302862167,Empty,0.4393,0.16404,0.28876,0.02147,-0.07089,0.02107,0.99925,0.0111,-0.03532,0.01091,0.9972582513012577,0.021414639640485733,-0.07083356140012592,0.022955489333777168,-0.9995156746446167,0.02101098877167384,-0.07034931215729212,-0.022579400983743822,-0.9972668373761415
4.6,0.016338851302862167,Empty,0.4426,0.16763,0.28414,0.02057,-0.06857,0.02045,0.9993,0.01063,-0.03417,0.01057,0.9974388855039602,0.02053047780316858,-0.06851400707732277,0.02197457081841775,-0.9995505701623314,0.02039058423647032,-0.06806458640118358,-0.021843927516173842,-0.9974417551459855
4.667,0.016338851302862167,Empty,0.44616,0.17096,0.27938,0.01799,-0.06648,0.01991,0.99935,0.00932,-0.03314,0.01025,0.9976295407353641,0.0179541471941585,-0.06643002371425895,0.019312935641743856,-0.9996160419435461,0.019869051462417325,-0.06604778549689908,-0.021104911457971744,-0.9975932401251059
4.733,0.016338851302862167,Empty,0.44943,0.1743,0.27451,0.015,-0.0655,0.0198,0.99938,0.00782,-0.03267,0.01014,0.9977424729602296,0.014966036772620928,-0.06546736129191423,0.016291396921964352,-0.999672056431839,0.019757782660727218,-0.0651501959900082,-0.020779733700364955,-0.9976590873789531
4.8,0.016338851302862167,Empty,0.45248,0.17814,0.26976,0.01052,-0.06574,0.02029,0.99939,0.00559,-0.03281,0.01031,0.9977846371284691,0.010488015743746637,-0.06569489657627714,0.011841585749042038,-0.9997248499213658,0.020248488749792747,-0.06546445415152338,-0.02098156275069435,-0.9976342913448704
4.867,0.016338851302862167,Empty,0.45529,0.18213,0.26495,0.00919,-0.06575,0.02051,0.99939,0.00493,-0.03282,0.0104,0.997796744308824,0.00917604369733882,-0.0657073608416573,0.010541316045487303,-0.9997350665589103,0.0204616066935178,-0.06550219616730706,-0.021109166599266482,-0.9976291221605073
4.933,0.016338851302862167,Empty,0.458,0.18691,0.2604,0.01,-0.0653,0.02049,0.9994,0.00533,-0.03259,0.0104,0.9978184267147285,0.00998158693971285,-0.06525913905889992,0.011338130058343554,-0.9997265885860526,0.02044981371244443,-0.06503717487194532,-0.021145117551305905,-0.9976587842987289
5.0,0.016338851302862167,Empty,0.461,0.19202,0.25618,0.01052,-0.06304,0.0198,0.99944,0.00557,-0.03146,0.01006,0.997957896895084,0.01050733540355886,-0.06300501509766986,0.011773532898414152,-0.9997354421452501,0.019759292541256912,-0.06278072911196904,-0.020460733646624884,-0.9978175877537995
5.067,0.016338851302862167,Empty,0.46338,0.19737,0.25173,0.01206,-0.06183,0.01948,0.99945,0.00633,-0.03085,0.00992,0.9980163070609787,0.012049173108539368,-0.06179213758858713,0.013273849827872275,-0.9997227666495294,0.019447229966180538,-0.06154068370690657,-0.02022887218830723,-0.9978995625707408
5.133,0.016339179128408432,Empty,0.46596,0.20282,0.24735,0.01176,-0.0598,0.01894,0.99949,0.00616,-0.02984,0.00964,0.9981428401381165,0.011730140195844507,-0.059776872551182844,0.012880848286731306,-0.999738379807732,0.018901208607524245,-0.05953951988745561,-0.019636082867944268,-0.9980327999726134
5.2,0.016339179128408432,Empty,0.46869,0.20812,0.24318,0.00948,-0.05734,0.01824,0.99954,0.005,-0.02862,0.00925,0.9983117976075231,0.009469709060514198,-0.057305142595971345,0.010529185941513808,-0.9997786554774549,0.01821472742319353,-0.05711997024722987,-0.018787353778577348,-0.998190535086841
5.267,0.016338851302862167,Empty,0.47117,0.21312,0.2386,0.0063,-0.05518,0.01767,0.99957,0.00339,-0.02756,0.00892,0.9984581632360344,0.006286150434042792,-0.0551523397513219,0.007269930020042392,-0.9998177073222426,0.017655034477399266,-0.05503130368098078,-0.01802876694660667,-0.9983218514975803
5.333,0.016338851302862167,Empty,0.47343,0.21763,0.23363,0.00179,-0.05398,0.01754,0.9996,0.00113,-0.02698,0.00879,0.9985416916286842,0.001782380483352497,-0.05395658624429333,0.0027304479721589336,-0.999843094453332,0.017502317785257248,-0.053916924366998305,-0.017624119660208923,-0.9983898815958654
5.4,0.016338851302862167,Empty,0.47563,0.22171,0.22859,-0.00376,-0.05298,0.01747,0.99961,-0.00165,-0.0265,0.00868,0.998590039357152,-0.0037499592258269376,-0.05295159206753319,-0.002829951812841458,-0.999843927619583,0.017438800847049706,-0.05300872257863602,-0.017264362370232527,-0.998444799236558
5.467,0.016338851302862167,Empty,0.47765,0.22517,0.22295,-0.00769,-0.05206,0.01727,0.99962,-0.00362,-0.02606,0.00853,0.9986155629280173,-0.007690874346074628,-0.05203660182748502,-0.006801594546016809,-0.9998281582623729,0.017245064723084555,-0.05216028939328189,-0.01686725814899012,-0.9984962693034682
5.533,0.016338851302862167,Empty,0.47977,0.228,0.21725,-0.00975,-0.05168,0.01714,0.99962,-0.00465,-0.02588,0.00844,0.998616806767523,-0.009728102862459065,-0.05167046793027191,-0.008853863290395891,-0.9998142134492096,0.017121556289466353,-0.05182742851300687,-0.016640390609471895,-0.9985174084882514
5.6,0.016338851302862167,Empty,0.48175,0.23002,0.21137,-0.01169,-0.05181,0.01717,0.99961,-0.00562,-0.02595,0.00843,0.9985901055186663,-0.01167138290545816,-0.05178397417438245,-0.010796108621613842,-0.9997946384745691,0.017150070441133276,-0.051973504777427126,-0.01656682524141832,-0.9985110390489285
5.667,0.016338851302862167,Empty,0.48325,0.23156,0.2054,-0.0133,-0.05341,0.0179,0.99958,-0.00641,-0.02676,0.00877,0.998485477134615,-0.013283330364173729,-0.05338824857303954,-0.012344696632522745,-0.999764058417947,0.0178727714897946,-0.05361306199343049,-0.01718664103632965,-0.9984138715750983
5.733,0.016338851302862167,Empty,0.48458,0.23308,0.19935,-0.01335,-0.05578,0.01892,0.99955,-0.00641,-0.02795,0.00927,0.9983550085198097,-0.013341470706613234,-0.05576093724817863,-0.012305390766363056,-0.9997459727969721,0.018882987960676292,-0.05599869928398175,-0.018165765484022895,-0.9982655711998093
5.8,0.016338851302862167,Empty,0.48552,0.23458,0.19334,-0.01356,-0.05788,0.01984,0.99951,-0.00649,-0.029,0.00972,0.9982338534544459,-0.013544382348589568,-0.057842229592944744,-0.012416852374077803,-0.9997266885194172,0.019808332567896735,-0.05809471227752216,-0.019055129723915664,-0.998129203278111
5.867,0.016338851302862167,Empty,0.48665,0.23608,0.18731,-0.0143,-0.05773,0.01972,0.99951,-0.00686,-0.02893,0.00965,0.9982322621914477,-0.014264155218505215,-0.057696486860532026,-0.01314790467832444,-0.9997198656826627,0.019680517320653873,-0.05796105004841478,-0.018887139416577766,-0.9981401668312642
5.933,0.016338851302862167,Empty,0.48819,0.2376,0.18164,-0.01509,-0.05589,0.01873,0.99954,-0.00728,-0.02801,0.00915,0.998325043401616,-0.015056090289819302,-0.0558607363211964,-0.014030693563471863,-0.9997266252463957,0.018703326217021407,-0.056127064374411874,-0.017888234083809865,-0.9982633739279798
6.0,0.016338851302862167,Empty,0.48978,0.23901,0.17635,-0.01617,-0.05439,0.01791,0.99956,-0.00784,-0.02726,0.00873,0.9983910241865822,-0.016152937046436944,-0.05435481072031569,-0.015200803515749428,-0.9997244915119335,0.01788509557374032,-0.05462873233146721,-0.017030082089646233,-0.9983614966072545
6.067,0.016338851302862167,Empty,0.49122,0.24041,0.17102,-0.01847,-0.05251,0.01699,0.99958,-0.00901,-0.02633,0.00825,0.9984509022338826,-0.01843776314412049,-0.05249614003511775,-0.01756860840091229,-0.9997016339555145,0.016970181658715923,-0.0527933691594006,-0.016021609061381257,-0.9984769242280381
6.133,0.016338851302862167,Empty,0.49232,0.24177,0.1656,-0.02131,-0.05116,0.01637,0.99958,-0.01044,-0.02566,0.00791,0.9984648927781896,-0.021279753022964865,-0.05113736403765887,-0.02046754387927291,-0.9996567465094144,0.01635447357032244,-0.05146783011735071,-0.015282711457524549,-0.998557710497254
6.2,0.016338851302862167,Empty,0.49353,0.2431,0.16041,-0.02459,-0.05015,0.01592,0.99958,-0.01209,-0.02517,0.00765,0.9984408108193978,-0.024560663176140807,-0.05012704973017758,-0.023790117890386986,-0.9995903494363214,0.01591111575391997,-0.05049730271078863,-0.01469377889180696,-0.9986161000508723
6.267,0.016338851302862167,Empty,0.49518,0.24484,0.15592,-0.02526,-0.04872,0.01512,0.9996,-0.01244,-0.02445,0.00725,0.9984950597798676,-0.025229400515000167,-0.048693869684515556,-0.024520823191887253,-0.9995853539534909,0.015094680906411435,-0.049054508714195616,-0.013877950544942388,-0.9986996834201366
6.333,0.016339179128408432,Empty,0.49667,0.24705,0.15172,-0.02376,-0.0473,0.01423,0.99963,-0.01171,-0.02373,0.00683,0.9985995583756875,-0.0237289210472566,-0.04728488466534059,-0.023080304184403377,-0.999632529557291,0.014216378218336042,-0.04760484818416027,-0.013105119489131727,-0.9987802732696208
6.4,0.016339179128408432,Empty,0.49839,0.25017,0.14823,-0.0208,-0.04515,0.01295,0.99967,-0.01025,-0.02264,0.00624,0.9987648020168245,-0.020772952446277915,-0.045137065688392985,-0.02020810376259191,-0.9997121229684995,0.012934594393940506,-0.04539276147816926,-0.012006483102061889,-0.9988970625489426
6.467,0.016338851302862167,Empty,0.50043,0.25372,0.14501,-0.0191,-0.04222,0.01131,0.99972,-0.00943,-0.02116,0.00545,0.9989268044541435,-0.019089503279724362,-0.04219988397575255,-0.01862785849290438,-0.9997625626687499,0.011305802668655425,-0.04240568630504534,-0.010507575864471834,-0.9990452185053742
6.533,0.016338851302862167,Empty,0.50232,0.2572,0.1417,-0.02228,-0.04073,0.01066,0.99972,-0.01103,-0.02042,0.0051,0.9989228669302113,-0.022253234138061462,-0.040717311973213585,-0.021836773124859155,-0.9997048816001457,0.010644484221046144,-0.04094216974490765,-0.00974388399126774,-0.9991140052373122
6.6,0.016338851302862167,Empty,0.50444,0.26074,0.13845,-0.03084,-0.03985,0.01052,0.99967,-0.01531,-0.02,0.00495,0.9987311889487648,-0.030804097965577593,-0.0398386717840108,-0.030408433389931655,-0.9994824054164005,0.010499925800496582,-0.04014149224626725,-0.009275171781316302,-0.9991509554560161
6.667,0.016338851302862167,Empty,0.50669,0.26393,0.13509,-0.04332,-0.03916,0.01059,0.99956,-0.02155,-0.01969,0.00487,0.9982956762790544,-0.043267855306425795,-0.039161657520182566,-0.04288456969121951,-0.999024061650743,0.010575345159913783,-0.039581010660982616,-0.008877890517152608,-0.999176924600954
6.733,0.016338851302862167,Empty,0.50864,0.26621,0.13104,-0.05442,-0.04058,0.01175,0.99941,-0.02708,-0.02044,0.00532,0.9976979644389159,-0.05433629154950653,-0.040575105361426986,-0.053901384586928947,-0.9984772764525838,0.011737510274452684,-0.04115109347339234,-0.009523435749660929,-0.999107547603093
6.8,0.016338851302862167,Empty,0.50998,0.26709,0.12624,-0.06097,-0.04489,0.0144,0.99926,-0.03031,-0.02265,0.00651,0.9971362198863671,-0.0608757917460116,-0.044872006529931126,-0.06028604790521919,-0.9980775245987592,0.014382187552043513,-0.045661268255443366,-0.011635844194074683,-0.998889210929418
6.867,0.016339179128408432,Empty,0.5099,0.26694,0.12041,-0.06191,-0.05188,0.01844,0.99915,-0.0307,-0.02621,0.00841,0.9967414710027944,-0.061780558685700426,-0.05186137822761864,-0.060898859309362674,-0.9979740739376111,0.018414034951258554,-0.05289394027678257,-0.015195733508140923,-0.9984845120306803
6.933,0.016339179128408432,Empty,0.5096,0.26627,0.11442,-0.06294,-0.05926,0.02295,0.99901,-0.03111,-0.02997,0.01053,0.9962683309719333,-0.06278123222102744,-0.059227777125330366,-0.06151877225486524,-0.9978430742768727,0.022905016435998102,-0.06053803236521983,-0.019175922363441417,-0.9979816785086081
7.0,0.016338851302862167,Empty,0.50889,0.26525,0.10872,-0.06423,-0.06667,0.02747,0.99885,-0.03163,-0.03375,0.01265,0.9957210951722385,-0.06403455729118313,-0.06662639192932468,-0.062327027893272546,-0.9976795698270997,0.027401050045649827,-0.06822640414816725,-0.023131178572116745,-0.9974016775376288
7.067,0.016338851302862167,Empty,0.50845,0.26425,0.10392,-0.06568,-0.07278,0.03115,0.9987,-0.03224,-0.03687,0.01436,0.9952022160961455,-0.06546156290577149,-0.07271404856872529,-0.06334333989310681,-0.9975081261012626,0.031067018735859507,-0.07456654993029752,-0.026312015199935142,-0.9968688516989639
7.133,0.016338851302862167,Empty,0.50843,0.2632,0.10012,-0.06737,-0.07726,0.03419,0.99856,-0.03299,-0.03917,0.01577,0.9947554619603938,-0.06711558850894533,-0.07718204894314445,-0.0646442336897387,-0.9973260186345797,0.03408717655020731,-0.07926344649730108,-0.028919030647593477,-0.996434140179758
7.2,0.016338851302862167,Empty,0.50878,0.26222,0.09723,-0.06915,-0.0803,0.03663,0.99845,-0.0338,-0.04074,0.0169,0.9943956550314546,-0.06887423944007698,-0.08020985223846101,-0.06611946612842479,-0.9971434802605821,0.03651158682810554,-0.08249543898578209,-0.031003530691925026,-0.9961090721558448
7.267,0.016338851302862167,Empty,0.50907,0.26167,0.09502,-0.07023,-0.08252,0.03839,0.99838,-0.03428,-0.04189,0.01772,0.9941413327423866,-0.06992820705591435,-0.0824199999462321,-0.06695979346086944,-0.9970222672088771,0.03824898363810292,-0.08484925805727146,-0.03250606939658076,-0.995863423798422
7.333,0.016338851302862167,Empty,0.50909,0.26135,0.09313,-0.07073,-0.08367,0.03928,0.99834,-0.0345,-0.04248,0.01813,0.9940104924438569,-0.07042156306524883,-0.08356999681086864,-0.0673407375581433,-0.9969623486694754,0.03913183359578906,-0.08607186518628877,-0.03326978795980572,-0.9957332751457404
7.4,0.016338851302862167,Empty,0.50958,0.26119,0.0918,-0.07082,-0.08191,0.03846,0.99838,-0.03458,-0.04159,0.01775,0.9941498068313723,-0.07052010336114467,-0.08181122538551047,-0.06756672074760939,-0.9969783274582449,0.03832692038208826,-0.08426683703901518,-0.03257498427465186,-0.9959106237885736
7.467,0.016338851302862167,Empty,0.51095,0.26101,0.09114,-0.07067,-0.07705,0.03607,0.9985,-0.0346,-0.03912,0.01665,0.9945450154002591,-0.07039648174189894,-0.07697108353700657,-0.06779170405311064,-0.9970516342800957,0.03594890041385914,-0.07927482074450778,-0.030534798799935904,-0.9963850304265784
7.533,0.016338851302862167,Empty,0.51316,0.26101,0.0907,-0.06954,-0.06874,0.03179,0.9987,-0.03419,-0.03489,0.01468,0.9952272165735442,-0.06931108771948646,-0.06869323482277741,-0.0672625201267627,-0.997231536606489,0.03170198390727616,-0.07070035910426764,-0.02693019711405825,-0.9971340048889747
7.6,0.016338851302862167,Empty,0.51529,0.26118,0.09012,-0.06803,-0.06032,0.0273,0.99889,-0.03358,-0.0306,0.01261,0.995872740532731,-0.06784753286383416,-0.060284301008793686,-0.0663041015149009,-0.9974273862571363,0.027246564307431474,-0.06197782495481471,-0.02313701425310116,-0.9978093143408323
7.667,0.016338851302862167,Empty,0.51698,0.2616,0.08905,-0.06693,-0.05294,0.02319,0.99903,-0.03314,-0.02684,0.0107,0.9963637428231973,-0.0667825301329601,-0.052909220901370374,-0.06563374544431333,-0.9975749218855313,0.023162182194846663,-0.054327741038081155,-0.019605328207312808,-0.9983306704993004
7.733,0.016338851302862167,Empty,0.51792,0.26198,0.08734,-0.06667,-0.04811,0.02042,0.99911,-0.03307,-0.02438,0.0094,0.9966248792215235,-0.06652987925034198,-0.04808976277356735,-0.0656130544208483,-0.9976365872540423,0.02040016817759844,-0.049333327540820676,-0.017175998924150032,-0.9986346718668984
7.8,0.016338851302862167,Empty,0.51835,0.26189,0.08469,-0.06704,-0.0459,0.01935,0.99914,-0.03328,-0.02326,0.0089,0.9967036180568571,-0.06690884206899306,-0.045881418955355156,-0.06608054778841344,-0.9976268512154076,0.019339776059043537,-0.04706653754371016,-0.01624415547257848,-0.9987596650128742
7.867,0.016338851302862167,Empty,0.51817,0.26103,0.08137,-0.06808,-0.04701,0.0206,0.9991,-0.03378,-0.02384,0.00949,0.9965809693358634,-0.06795911014978101,-0.046988625275069223,-0.06705400985091275,-0.9975370973784956,0.020579094163713042,-0.04827143379375294,-0.017357957867651812,-0.9986834182953876
7.933,0.016338851302862167,Empty,0.51755,0.25961,0.07782,-0.06963,-0.0503,0.02343,0.99902,-0.0345,-0.02554,0.01083,0.9963148662824153,-0.0694803802995147,-0.05029079416839252,-0.0683742706014468,-0.9973854610935069,0.023392330345918404,-0.05178461493892721,-0.01986753011139641,-0.998460632625493
8.0,0.016338851302862167,Empty,0.5168,0.25822,0.07446,-0.07104,-0.05417,0.02649,0.99893,-0.03514,-0.02753,0.01227,0.9960143121526412,-0.07088223494282192,-0.05414054632723556,-0.06953110527128809,-0.9972291519842561,0.026447000444548143,-0.05586515360091686,-0.02257713893015314,-0.9981830280118343
8.067,0.016338851302862167,Empty,0.51639,0.25734,0.07154,-0.07164,-0.05602,0.02812,0.99888,-0.0354,-0.02849,0.01304,0.9958708997302133,-0.07145720488805635,-0.055991239851622104,-0.069971522313437,-0.9971541945153642,0.028062402348255588,-0.057837160508411124,-0.024028737586513745,-0.9980368142680525
8.133,0.016338851302862167,Empty,0.51621,0.25726,0.06911,-0.07007,-0.05591,0.02799,0.99891,-0.03462,-0.02842,0.013,0.9959870483995794,-0.06990832330555724,-0.05588045949076709,-0.06843097979123752,-0.9972648172159333,0.027930008021518814,-0.057680156250697515,-0.023993971656991422,-0.9980467368310055
8.2,0.016338851302862167,Empty,0.51642,0.2577,0.0673,-0.06569,-0.05382,0.02627,0.99902,-0.03247,-0.02732,0.01224,0.9963991877726819,-0.06554485640475743,-0.05378224990476731,-0.06420701250066324,-0.9975915918383929,0.02623881550452796,-0.055372539689622115,-0.022691136864879596,-0.9982078912511663
8.267,0.016338851302862167,Empty,0.51673,0.25834,0.06577,-0.05752,-0.05114,0.02395,0.9992,-0.02844,-0.0259,0.01123,0.9970400834330992,-0.057419928317392066,-0.051127525460793966,-0.05625640789463365,-0.998129924006947,0.023913832245776846,-0.052405043636191986,-0.020966798370568713,-0.9984057816176631
8.333,0.016338851302862167,Empty,0.51673,0.25866,0.06398,-0.0522,-0.04956,0.02259,0.9993,-0.02581,-0.02506,0.01064,0.9974118967005092,-0.0521181854843592,-0.04952981992810457,-0.05105148213372196,-0.9984410947312501,0.02256383220582573,-0.05062859362299967,-0.01997686396009857,-0.9985177366547262
8.4,0.016338851302862167,Empty,0.51608,0.25833,0.06187,-0.05209,-0.05119,0.02351,0.99927,-0.02573,-0.02589,0.01108,0.9973357493144535,-0.0519986240436392,-0.05116196083953233,-0.05085106863427813,-0.9984301409632601,0.023482385629159375,-0.05230269551494955,-0.020818182285033404,-0.9984142583758596
8.467,0.016338851302862167,Empty,0.51538,0.25798,0.05993,-0.05217,-0.05344,0.02479,0.99923,-0.02574,-0.02703,0.01169,0.9972135392881483,-0.05207639359097599,-0.05341541248518615,-0.0508120526513261,-0.9984012134745297,0.024761911031762243,-0.05461952366840723,-0.02197876618793232,-0.9982653161715539
8.533,0.016338851302862167,Empty,0.51499,0.25781,0.05814,-0.05216,-0.05439,0.02534,0.99922,-0.02572,-0.02751,0.01195,0.9971632371011694,-0.052051721845685295,-0.054369999326984345,-0.05073682778372207,-0.998391758442482,0.025291717627988028,-0.055599036685555984,-0.022461409729318888,-0.9982004969907649
8.6,0.016338851302862167,Empty,0.5147,0.2578,0.05641,-0.05144,-0.05472,0.02541,0.99922,-0.02536,-0.02767,0.01199,0.9971820117820813,-0.05135079137624676,-0.05469123881641181,-0.050023704547945524,-0.9984258940933592,0.025364601064796814,-0.05590764135196963,-0.02255726554593071,-0.9981810985034477
8.667,0.016338851302862167,Empty,0.5149,0.25839,0.05499,-0.04866,-0.05223,0.02355,0.9993,-0.02401,-0.02639,0.01113,0.9974547828187651,-0.04856627736289826,-0.052204146723036936,-0.047391468931779035,-0.9985996386602334,0.02351191910797329,-0.05327292843892243,-0.020978044969961057,-0.998359612927516
8.733,0.016339179128408432,Empty,0.51547,0.25948,0.05383,-0.04521,-0.0476,0.02051,0.99941,-0.02235,-0.02402,0.00971,0.997846588744352,-0.045148074613712896,-0.04757979287402003,-0.04421532571727682,-0.9988121255471197,0.020477861991903448,-0.048447810094731536,-0.01833000869391319,-0.9986575090982422
