time,gr,gr_state,tx,ty,tz,rx,ry,rz,qw,qx,qy,qz,xx,xy,xz,yx,yy,yz,zx,zy,zz
0.0,0.015700900927186012,Empty,0.30805,-0.00081,0.48552,0.01107,0.0023,0.00739,0.99998,0.00553,0.00117,0.00369,0.999936024683183,0.011073700645188644,0.002306446360306467,0.01105636933830112,-0.9999115227632821,0.007396170784222252,0.0023881452734909156,-0.007370196689034574,-0.9999699880310997
0.067,0.015700900927186012,Empty,0.30805,-0.00081,0.48552,0.01109,0.0023,0.00739,0.99998,0.00554,0.00117,0.00369,0.9999359572594725,0.011080744844685797,0.0023018412779519533,0.011063440316094353,-0.9999114228579422,0.007399103092778613,0.0023836249608805795,-0.007373162950343363,-0.999969976949385
0.134,0.015700900927186012,Empty,0.30805,-0.0008,0.48552,0.01109,0.0023,0.00741,0.99998,0.00554,0.00117,0.0037,0.9999358975166339,0.011086312000950393,0.00230098757517556,0.01106899884233381,-0.999911315399836,0.007405308906271913,0.002382881078010998,-0.0073793645787750845,-0.9999699329760777
0.2,0.015701228752732277,Empty,0.30805,-0.0008,0.48553,0.01109,0.00232,0.00741,0.99998,0.00554,0.00118,0.0037,0.9999357369569463,0.01109703630569614,0.002318995816948756,0.01107957384910635,-0.9999111484534167,0.0074120335867808185,0.0024010413763955597,-0.007385863781537662,-0.9999698415534887
0.267,0.015701228752732277,Empty,0.30805,-0.00079,0.48554,0.01111,0.00236,0.00741,0.99998,0.00555,0.0012,0.0037,0.9999354952230686,0.011111326095446683,0.002354532946661329,0.011093591275540826,-0.9999109639867274,0.007415951169237552,0.002436724360184074,-0.007389352578806592,-0.9999697294632764
0.334,0.015701228752732277,Empty,0.30809,-0.00071,0.48541,0.01145,0.002,0.00745,0.99998,0.00572,0.00102,0.00372,0.9999324367577798,0.01145296236109572,0.001987856333890585,0.011437862847132108,-0.9999068474562023,0.007447932846711472,0.002072972054577527,-0.007424692812113667,-0.9999702879203496
0.4,0.015701228752732277,Empty,0.30883,4e-05,0.48416,0.02158,-0.0015,0.00708,0.99994,0.01079,-0.00071,0.00355,0.9997661340976935,0.021574049304145693,-0.001495830195717304,0.021584115401156012,-0.9997419946485053,0.007076022793736562,-0.0013427857988924715,-0.00710665412484606,-0.9999738458547044
0.467,0.015701228752732277,Empty,0.3115,0.00188,0.48041,0.05456,-0.00986,0.00629,0.99961,0.02729,-0.00484,0.00328,0.9984641814440514,0.05451830079206238,-0.009850545772032947,0.05458185372240909,-0.9984894109843065,0.006302173945398959,-0.009492081830992077,-0.006830155998125795,-0.9999316223380252
0.533,0.015700900927186012,Empty,0.31644,0.00475,0.47452,0.11089,-0.02196,0.00471,0.9984,0.05544,-0.01083,0.00296,0.993618522592582,0.1106351035138568,-0.0219568994034519,0.11076326389399066,-0.9938356795793177,0.004705461365871374,-0.02130096083479053,-0.007107451413391937,-0.9997478448098404
0.6,0.015700900927186012,Empty,0.32265,0.00836,0.46678,0.17692,-0.03753,0.00119,0.99591,0.08834,-0.01864,0.00225,0.9836979181777898,0.17587062745703191,-0.03752236893576842,0.1760387236488712,-0.9843825132142079,0.0011981044009779195,-0.036725652461983525,-0.007783962740736355,-0.9992950697242993
0.667,0.015700900927186012,Empty,0.3301,0.01239,0.4571,0.24875,-0.05534,-0.00482,0.9919,0.12394,-0.02775,0.00104,0.9677364053796258,0.2458187774731509,-0.05531164745807031,0.24593383085099302,-0.9692746191607037,-0.004823224422297042,-0.054797815156040125,-0.008935395485269856,-0.9984574894113651
0.733,0.015700900927186012,Empty,0.33751,0.01609,0.44689,0.306,-0.07372,-0.01204,0.98766,0.15208,-0.03734,-0.00033,0.9509553179261495,0.30042983585162264,-0.07366068855327841,0.3003804198339789,-0.9537438519404191,-0.012011172557841274,-0.07386194343732519,-0.010704140134485939,-0.9972110281658757
0.8,0.015700900927186012,Empty,0.34513,0.02003,0.43626,0.35127,-0.09026,-0.01973,0.98364,0.17411,-0.04614,-0.00182,0.9351115779568173,0.3426973161625512,-0.09013815100220247,0.34236127988958176,-0.9393629013186076,-0.019649266109845867,-0.09140618580533169,-0.01248555650632304,-0.9957354167022728
0.867,0.015700900927186012,Empty,0.35402,0.02427,0.425,0.39665,-0.10072,-0.02673,0.9792,0.1961,-0.05198,-0.00317,0.9176840558265936,0.38437774765355265,-0.10054710732007711,0.38371799462138534,-0.9230671302507862,-0.026600256658917895,-0.1030362765505228,-0.014171102969057096,-0.9945766463954626
0.933,0.015700900927186012,Empty,0.36504,0.02936,0.41268,0.44273,-0.10449,-0.03199,0.97433,0.21842,-0.05445,-0.00412,0.8986570532263871,0.42607073725850253,-0.10430353559905209,0.4251723505814351,-0.9045527723747039,-0.031823800689014456,-0.10790724251654239,-0.015748296454949778,-0.9940362257841729
1.0,0.015700900927186012,Empty,0.37784,0.03505,0.39957,0.47908,-0.10162,-0.03385,0.97026,0.23608,-0.05334,-0.00437,0.8828433541671162,0.45858029219892865,-0.1014481523227578,0.4576481504535439,-0.8884958938446533,-0.03366328872289827,-0.10557358755582089,-0.016708148549019954,-0.994271117644809
1.067,0.015700900927186012,Empty,0.39312,0.04148,0.38576,0.50613,-0.08952,-0.03059,0.96724,0.24943,-0.04714,-0.00359,0.8711211784778523,0.4828617988365036,-0.08940008742576117,0.482184747978501,-0.8755397737137841,-0.030462656846130958,-0.09298258559680518,-0.01657069309327857,-0.995529834262209
1.133,0.015700900927186012,Empty,0.40979,0.04837,0.37132,0.51849,-0.07082,-0.02305,0.96602,0.25578,-0.03717,-0.00206,0.8663875599752362,0.4943326029499559,-0.07076633084226783,0.4940255902553372,-0.8691429301020568,-0.023006156273418222,-0.0728787492553325,-0.015028130766420044,-0.9972275784356577
1.2,0.015700900927186012,Empty,0.42685,0.05579,0.35591,0.52408,-0.04856,-0.01359,0.9656,0.25881,-0.02521,-0.00027,0.8647652164327133,0.49982384526568796,-0.04855145880304928,0.4997964088678924,-0.8660365086425645,-0.013576280085340522,-0.048833084387955056,-0.012525549968710824,-0.9987284117652507
1.267,0.015700900927186012,Empty,0.44323,0.06381,0.33993,0.52757,-0.02568,-0.00424,0.96533,0.26069,-0.01295,0.0013,0.8637435608009795,0.5032771564013201,-0.025674209227276402,0.5033446146410695,-0.8640753806984065,-0.004235018622990857,-0.02431584024207491,-0.009265004884237073,-0.9996613924713793
1.333,0.015700900927186012,Empty,0.45836,0.07237,0.32403,0.52594,-0.0036,0.00436,0.96562,0.25995,-0.00117,0.00257,0.8648532478180181,0.502011916369198,-0.003591039118666571,0.502023919361827,-0.8648427642869712,0.004356311405356325,-0.0009187639611464855,-0.005570357600363718,-0.9999840633675057
1.4,0.015700900927186012,Empty,0.4733,0.08228,0.3083,0.51765,0.01965,0.0123,0.96664,0.25587,0.01107,0.00343,0.8688112798043165,0.49475366617328986,0.019641025759224606,0.4946018531250407,-0.8690327244355993,0.012293524527791935,0.023150960456565083,-0.0009662650405075442,-0.9997315136384418
1.467,0.015700900927186012,Empty,0.48767,0.09381,0.29334,0.50197,0.04429,0.01904,0.96844,0.24808,0.02381,0.00372,0.8757768406316753,0.48068150903846607,0.04427428465491564,0.48032753597170275,-0.876883107504875,0.01901246853899184,0.04796231437862678,0.004615478425518006,-0.9988384823175115
1.533,0.015701228752732277,Empty,0.50124,0.10704,0.27937,0.4794,0.06908,0.02332,0.97086,0.23686,0.03631,0.00312,0.885157191946273,0.46014242280062334,0.06903402266245867,0.4596894798935539,-0.8877751277076974,0.02325735794916506,0.07198838532001049,0.0111477963182932,-0.9973431701356679
1.6,0.015701228752732277,Empty,0.5151,0.12237,0.26672,0.44888,0.09699,0.02497,0.97383,0.22169,0.05003,0.00137,0.8966993777326214,0.431916378226503,0.09684249167400674,0.431642260455961,-0.9017024691421596,0.024851883860197745,0.09805704952933324,0.019516643221433108,-0.9949894048053823
1.667,0.015701228752732277,Empty,0.52955,0.13878,0.25546,0.40976,0.12741,0.02287,0.97718,0.20231,0.06465,-0.00178,0.9097835543909619,0.39515177147856095,0.1270785649002336,0.3956128530050351,-0.9181374066770722,0.02267538307321402,0.12563580181207998,0.02964422300644161,-0.991633432950594
1.734,0.015700900927186012,Empty,0.54399,0.15474,0.24553,0.35974,0.15622,0.01558,0.98095,0.17775,0.07816,-0.00632,0.9245914011421072,0.3477354768343203,0.15559813329498282,0.3497120699977612,-0.936730903835357,0.015384469366075945,0.15110330582735898,0.04019019719536799,-0.9877006322856339
1.8,0.015700900927186012,Empty,0.5582,0.17014,0.23605,0.29906,0.17947,0.00278,0.98488,0.14825,0.08882,-0.01198,0.9402644673388247,0.2898971473981334,0.17850035123343994,0.29415233362846527,-0.9557546144024092,0.002742566212544359,0.17139759648537817,0.0499275573098376,-0.983936025837101
1.867,0.015700900927186012,Empty,0.57101,0.18381,0.22584,0.23281,0.19053,-0.01307,0.98864,0.11623,0.09372,-0.01751,0.9554144704839145,0.22653369180300714,0.1893823541622645,0.2330991672457865,-0.9723681633358836,-0.012842630576359704,0.18124008336806197,0.056414904138003756,-0.9818194288013646
1.933,0.015701228752732277,Empty,0.58301,0.19626,0.21555,0.17098,0.19173,-0.02797,0.99156,0.08632,0.09417,-0.02204,0.9673635055593558,0.16702362304040724,0.1905543425334894,0.1753267527162497,-0.9841273305836294,-0.027457730793240764,0.18294364677104624,0.05997088080723109,-0.9812925738847287
2.0,0.015701228752732277,Empty,0.5933,0.20643,0.20472,0.10565,0.18448,-0.04147,0.99404,0.05447,0.09087,-0.02548,0.9775488428686492,0.1036666734710528,0.1834433989480433,0.11292930600142886,-0.9927666490090289,-0.04075969162566502,0.17789106681393693,0.06056072511809764,-0.9821848944679252
2.067,0.015701228752732277,Empty,0.59977,0.21515,0.19227,0.02747,0.16922,-0.05418,0.99593,0.01597,0.0841,-0.02815,0.9853436874489746,0.02707914670760808,0.16841774674316576,0.036548070516262465,-0.9979052611919221,-0.05337909915894181,0.1666194950958488,0.05875210208213542,-0.9842693403509708
2.134,0.015700900927186012,Empty,0.59959,0.22252,0.17734,-0.04741,0.14116,-0.05917,0.99684,-0.02155,0.07117,-0.02783,0.9889408903274421,-0.046925222238385966,0.14069093416508485,-0.03900255513484141,-0.9975221654403497,-0.05855194401682749,0.1430898882916602,0.05241710572965795,-0.9883206619795046
2.2,0.015700900927186012,Empty,0.59307,0.22876,0.16012,-0.10204,0.10471,-0.05284,0.99705,-0.04953,0.05359,-0.02368,0.9893505700196832,-0.1013002468206014,0.10451655177919605,-0.09622408914544722,-0.9939725694293287,-0.05253052341436495,0.10920794050735162,0.04191409328785814,-0.993134852129357
2.267,0.015700900927186012,Empty,0.58265,0.23559,0.1427,-0.12031,0.07015,-0.03935,0.99743,-0.05938,0.03618,-0.01752,0.9903297981299963,-0.11972175936798163,0.07009701327186549,-0.11718684955301634,-0.9923344682764388,-0.039237040693155166,0.07425720993708089,0.03064316244046494,-0.9967682094489206
2.333,0.015700900927186012,Empty,0.57318,0.24385,0.12782,-0.10744,0.0469,-0.02865,0.9982,-0.05334,0.02418,-0.01304,0.9931403667147592,-0.10711763034864641,0.04688310218153413,-0.10585658083033467,-0.9939697933167285,-0.02860829021124184,0.04966483964118113,0.023449162935818564,-0.9984906311333248
2.4,0.015700900927186012,Empty,0.56282,0.25379,0.11506,-0.0865,0.02659,-0.01991,0.99893,-0.0431,0.01371,-0.00937,0.995907980705881,-0.08637457206283511,0.026584342521416966,-0.08586050947977286,-0.996108238026431,-0.019908567194869078,0.028200476559940898,0.01754455576071585,-0.9994483086608089
2.467,0.015700900927186012,Empty,0.55259,0.26308,0.10517,-0.06616,0.00861,-0.01129,0.99943,-0.03305,0.00449,-0.0055,0.9977749335724891,-0.06611283742677776,0.008618274873506358,-0.06601394891700574,-0.9977547798943895,-0.0112941465494838,0.009345613024185037,0.010700089965916764,-0.9998990787034077
2.533,0.015700900927186012,Empty,0.54253,0.2706,0.09802,-0.04982,-0.00756,-0.00239,0.99968,-0.02491,-0.00375,-0.00129,0.9987303603509214,-0.04980367905363353,-0.007567090989315913,-0.049823073442740284,-0.9987551846388674,-0.002396353417422689,-0.007438324141712958,0.002770326642219269,-0.9999684978159351
2.6,0.015700900927186012,Empty,0.53215,0.27563,0.09337,-0.03865,-0.02411,0.00719,0.99973,-0.01928,-0.01212,0.00336,0.9989626325622791,-0.03863608510984701,-0.024102109277516708,-0.03847337921301153,-0.9992338410458468,0.007178439990365892,-0.024360990049103443,-0.006243703720399028,-0.9996837291502145
2.667,0.015701228752732277,Empty,0.52374,0.27836,0.09091,-0.03316,-0.03575,0.0143,0.99968,-0.01645,-0.01799,0.00685,0.998811491483369,-0.03312939404390164,-0.03574979344068479,-0.03263602002389865,-0.9993650368195557,0.014297320715714613,-0.03620075520990449,-0.013113597253698563,-0.9992584945294687
2.733,0.015701228752732277,Empty,0.51847,0.27939,0.09112,-0.038,-0.03964,0.01748,0.99959,-0.01882,-0.01998,0.00836,0.9984931543546565,-0.037957438248003184,-0.039631472197455796,-0.03728928077496718,-0.9991518860762143,0.01746476709348238,-0.04026077801253154,-0.015960621290944308,-0.9990617239799714
2.8,0.015700900927186012,Empty,0.51531,0.27739,0.09261,-0.04953,-0.04087,0.02032,0.99944,-0.02455,-0.02068,0.00965,0.9979394388081487,-0.049476015159792164,-0.040853401268253514,-0.04867778627246905,-0.9986080536065156,0.02030833316197643,-0.04180131092308848,-0.018277833463352138,-0.9989587434969461
2.867,0.015700900927186012,Empty,0.51283,0.27214,0.09551,-0.05704,-0.04058,0.02523,0.99932,-0.02825,-0.02064,0.01203,0.997551870244044,-0.05695502947238751,-0.04057574140307808,-0.05596209900720234,-0.9981147923117941,0.025201286536434823,-0.041934587720855086,-0.02286888685928699,-0.998858600787168
2.933,0.015700900927186012,Empty,0.50975,0.26458,0.09836,-0.0616,-0.04236,0.03261,0.99918,-0.03044,-0.02167,0.01564,0.9972082340176849,-0.06149876768096385,-0.0423513822803146,-0.06014289389216898,-0.9976579916041652,0.03257858349619796,-0.04425573772524637,-0.029940497024369555,-0.998571477820355
3.0,0.015700900927186012,Empty,0.50581,0.25737,0.10087,-0.06205,-0.04412,0.03778,0.99911,-0.03059,-0.02263,0.01819,0.9971043021804673,-0.061947266787296895,-0.04410835193913711,-0.06030079450445164,-0.9974669551270687,0.03772913478555213,-0.046333840282618576,-0.03496011394600878,-0.9983140616447046
3.067,0.015700900927186012,Empty,0.50253,0.2522,0.10287,-0.05109,-0.0435,0.03861,0.99926,-0.02511,-0.02223,0.01874,0.997751219746382,-0.05101185904750688,-0.043477508336199594,-0.049345613757932116,-0.998036639525375,0.03857300309477449,-0.04535982691170666,-0.036340836553576825,-0.9983094859316554
3.134,0.015700900927186012,Empty,0.50316,0.25078,0.10473,-0.02844,-0.03063,0.03092,0.99967,-0.01398,-0.01553,0.01524,0.999126862225012,-0.028421671164323647,-0.03062224336374669,-0.02747473630104541,-0.999144415274047,0.03091239705798812,-0.031474625424133325,-0.030044068215035927,-0.9990529024628779
3.2,0.015701228752732277,Empty,0.50643,0.25287,0.10582,0.00229,-0.00802,0.01763,0.99995,0.00118,-0.004,0.00882,0.9999652516127119,0.0022955882459054777,-0.008014102677843585,0.002436585175093875,-0.9998416387740452,0.017628398291281596,-0.007972366010806845,-0.017647312776646974,-0.9998124892858424
3.267,0.015701228752732277,Empty,0.50808,0.25517,0.10468,0.02656,0.01147,0.00691,0.99989,0.01326,0.00578,0.00338,0.9995818084796866,0.026546460233071112,0.01146706612754831,0.026468386520029197,-0.999625785617004,0.006907477442196001,0.01164614406170292,-0.006601074055188125,-0.9999103925601592
3.333,0.015700900927186012,Empty,0.50767,0.25646,0.1009,0.03028,0.02477,-0.00061,0.99981,0.01514,0.01238,-0.00049,0.9992353232972722,0.03025675368349684,0.024764844670051227,0.03028092438428842,-0.9995412466828425,-0.0006014965849840837,0.0247352843813967,0.0013509390234013356,-0.9996931232484928
3.4,0.015700900927186012,Empty,0.50812,0.25709,0.09573,0.03042,0.04106,-0.00892,0.99966,0.0153,0.02046,-0.00477,0.9986945766995154,0.030399289411591146,0.04104906423106516,0.030789399741462276,-0.9994862263330242,-0.00890484329624884,0.04075727339428161,0.010157094753945939,-0.9991174495982058
3.467,0.015700900927186012,Empty,0.51132,0.25736,0.09069,0.02827,0.06496,-0.01985,0.99932,0.01445,0.03233,-0.01038,0.9974914013602574,0.02821449400341025,0.06492184948444664,0.029556887813461552,-0.9993667730584027,-0.019810181463515854,0.06432180497414575,0.02167937349109765,-0.997693695564877
3.533,0.015701228752732277,Empty,0.51546,0.25748,0.08555,0.02519,0.09032,-0.03102,0.99877,0.01328,0.04494,-0.01606,0.995608110735486,0.025091452996000407,0.09019372940657099,0.02797882112361022,-0.9991310482285535,-0.030892297328702075,0.0893402227792683,0.033280136001245665,-0.9954450045791023
3.6,0.015701228752732277,Empty,0.51795,0.25742,0.07925,0.02344,0.10943,-0.03978,0.99822,0.01279,0.05444,-0.0205,0.9937453805816618,0.023296962712105518,0.10921249974704615,0.02776142400417908,-0.9988323493795953,-0.03953784478316883,0.10816386600833,0.04232244512346277,-0.9932317900313619
3.667,0.015700900927186012,Empty,0.51878,0.25686,0.07242,0.02185,0.11794,-0.04363,0.99795,0.01219,0.05868,-0.02242,0.9928170065814803,0.02169748760991952,0.11765887333306438,0.026959320942808285,-0.9986976369221372,-0.04331541319716437,0.11656580311948835,0.046176282197203974,-0.9921089479011631
3.733,0.015700900927186012,Empty,0.51727,0.25603,0.06562,0.02204,0.11373,-0.0416,0.99809,0.01218,0.05659,-0.02139,0.9932973081765536,0.021897721703009076,0.11349426132378124,0.026739249159834888,-0.9987883735466916,-0.04131340487448087,0.1124520792319176,0.044071245185177986,-0.9926793315186161
3.8,0.015700900927186012,Empty,0.51515,0.25486,0.05975,0.02195,0.10508,-0.03738,0.99837,0.01194,0.0523,-0.01924,0.9942445018019332,0.02183315449717682,0.10488652916999607,0.025858049200242594,-0.9989744111262329,-0.03716836297920949,0.10396745610133902,0.03966660156477799,-0.9937893784862654
3.867,0.015700900927186012,Empty,0.51374,0.25364,0.05603,0.02092,0.09924,-0.03439,0.99856,0.0113,0.04941,-0.01769,0.9948625349042753,0.020810959946771734,0.09907290542793801,0.024306670391080032,-0.9991190827414103,-0.03420883331044699,0.09827371173583832,0.03644121908027258,-0.9944919884713022
3.933,0.015700900927186012,Empty,0.51328,0.2528,0.05431,0.0202,0.09667,-0.03291,0.99864,0.01088,0.04814,-0.01692,0.9951282648248096,0.020106880235597036,0.09651657844098416,0.023364990338953562,-0.9991905520485402,-0.0327462657931226,0.09578002804981792,0.034841843581024684,-0.994792557351859
4.0,0.015700900927186012,Empty,0.51364,0.2525,0.05418,0.01962,0.09682,-0.03269,0.99864,0.01059,0.04822,-0.0168,0.9951263134988393,0.019524717277858372,0.09665612033094145,0.022764284985687944,-0.9992115522747977,-0.03252785159950771,0.09594481492660306,0.034569628517079926,-0.9947861746490502
4.067,0.015701228752732277,Empty,0.51415,0.25276,0.05459,0.0196,0.09744,-0.03295,0.99862,0.01059,0.04853,-0.01693,0.9950661091452259,0.01951706062150882,0.09727549935763594,0.02280375561469855,-0.9992020523626247,-0.03279096345311181,0.09655789538119695,0.034847423133060544,-0.9947171607751317
4.133,0.015701228752732277,Empty,0.51424,0.25283,0.05469,0.01975,0.09672,-0.03259,0.99864,0.01065,0.04817,-0.01675,0.995132199178272,0.019666806051765184,0.09656667592051535,0.022894930991552875,-0.999211571297139,-0.03243544235546476,0.09585263842747159,0.034488440463797565,-0.9947978785566783
4.2,0.015701228752732277,Empty,0.51359,0.25254,0.05401,0.02026,0.09234,-0.03044,0.99876,0.01082,0.04599,-0.01567,0.9955366275516376,0.020166064237394976,0.09219627463344132,0.02304773751487199,-0.9992751348555786,-0.030298624635626752,0.09151844075680718,0.032288306126805326,-0.9952797799055823
4.267,0.015701228752732277,Empty,0.51264,0.2521,0.05242,0.02116,0.08444,-0.02653,0.99896,0.01113,0.04206,-0.0137,0.9962136893870817,0.021077672734333308,0.08434463106732912,0.023382565183847903,-0.9993770799112427,-0.026433081422722642,0.08373494326267046,0.02830519139983905,-0.9960859779239019
4.333,0.015701228752732277,Empty,0.51305,0.25226,0.05115,0.02231,0.07887,-0.02364,0.99909,0.01161,0.03929,-0.01225,0.9966423466072152,0.022235219665811767,0.07880119260313345,0.024160626507151284,-0.9994303149409696,-0.02356501015861871,0.07823232756376962,0.025389773205110974,-0.9966117911908067
4.4,0.015700900927186012,Empty,0.51432,0.25309,0.05029,0.02302,0.07425,-0.0214,0.99918,0.0119,0.03699,-0.01112,0.9969795623764748,0.022963422118098153,0.07419186915180227,0.024609030640021512,-0.9994692985714803,-0.021342840110706463,0.07366239077419763,0.02310416537464029,-0.9970155714570214
4.467,0.015700900927186012,Empty,0.51413,0.25458,0.04862,0.02518,0.06458,-0.0178,0.99936,0.01287,0.03217,-0.0093,0.9975988740989896,0.02511570989179379,0.06454213749992727,0.026312656789809263,-0.9994959426492263,-0.0177624525445166,0.06406348795601084,0.01941807777216284,-0.9977568881077917
4.533,0.015700900927186012,Empty,0.51292,0.25631,0.04656,0.02833,0.05099,-0.01256,0.99955,0.01432,0.0254,-0.00664,0.998299607098226,0.02828856089332482,0.050967163842148167,0.028963397454032536,-0.9995016739574114,-0.012550910893288945,0.050586718370017235,0.014005751636960129,-0.9986214612382595
4.6,0.015700900927186012,Empty,0.51247,0.25702,0.04435,0.02975,0.03877,-0.00681,0.99969,0.01494,0.01933,-0.00369,0.9988061934911086,0.02973816249786221,0.03875344546040731,0.03002334971423143,-0.9995260818188311,-0.006797811105938967,0.03853292508672233,0.007953204080483677,-0.9992256803290812
4.667,0.015700900927186012,Empty,0.51262,0.25671,0.04309,0.02868,0.03135,-0.00295,0.99977,0.01436,0.01565,-0.0017,0.9990981685623299,0.028650979493543616,0.0313364157085461,0.02875750607737443,-0.9995820526192498,-0.0029539677887048046,0.03123868466513993,0.003852460972868765,-0.9995045288165754
4.733,0.015700900927186012,Empty,0.51389,0.25648,0.04273,0.02615,0.03089,-0.0023,0.99979,0.01309,0.01543,-0.00135,0.9991809762178185,0.026127367009068148,0.030898826152144752,0.026210686537761596,-0.9996538076591728,-0.0022945029389490647,0.03082817989480118,0.003102503133132472,-0.9995198836434834
4.8,0.015700900927186012,Empty,0.51379,0.25624,0.04223,0.02529,0.03015,-0.00198,0.99981,0.01266,0.01506,-0.00118,0.9992253751538906,0.025289014177942548,0.030151540764507954,0.025359991267895177,-0.9996764349910048,-0.0019738709601669485,0.030091867530252055,0.002736984761179656,-0.9995433899651172
4.867,0.015700900927186012,Empty,0.51352,0.25611,0.04172,0.02534,0.0293,-0.00157,0.99981,0.01268,0.01464,-0.00097,0.9992497729118631,0.025322171598785415,0.029303224414926027,0.025379066899375802,-0.9996766647904314,-0.0015712532566304147,0.029253962106129294,0.0023137629526687603,-0.9995693333641703
4.933,0.015700900927186012,Empty,0.51331,0.25603,0.04135,0.02528,0.02868,-0.0013,0.99982,0.01265,0.01433,-0.00083,0.999269167409634,0.02528044903507215,0.0286710648745745,0.02532801017086217,-0.9996783533165412,-0.0012968466033359029,0.02862905805718425,0.0020220798483261047,-0.9995880592663388
5.0,0.015701228752732277,Empty,0.51287,0.25584,0.04044,0.02355,0.02715,-0.00082,0.99984,0.01178,0.01357,-0.00057,0.9993543254749666,0.023544429043362125,0.027140228729624877,0.0235752845937654,-0.9997217301634921,-0.000817432099127725,0.02711343045055792,0.0014567429202862264,-0.9996313019254985
5.067,0.015701228752732277,Empty,0.51188,0.2556,0.03854,0.02361,0.02406,0.00046,0.99986,0.0118,0.01203,9e-05,0.9994319097826371,0.023599602652056628,0.02406068292664463,0.023595218681605357,-0.9997214854050008,0.000466127649834832,0.024064982102605215,0.00010185422800598075,-0.9997103911944285
5.133,0.015700900927186012,Empty,0.51077,0.25504,0.03598,0.02367,0.02015,0.00234,0.99988,0.01182,0.01009,0.00105,0.9995169603409664,0.023658269222049,0.02015272408811513,0.023616017569033587,-0.9997183830443128,0.00233202003506436,0.020202220297129297,-0.0018549664907729494,-0.9997941935190384
5.2,0.015700900927186012,Empty,0.50986,0.25454,0.03342,0.02368,0.01669,0.00404,0.99989,0.01182,0.00837,0.00192,0.9995804618022238,0.02367468500736597,0.016685612756348497,0.02361033687741204,-0.9997130617925499,0.004043027813438074,0.016776542426493107,-0.0036473786706521915,-0.999852611264803
5.267,0.015700900927186012,Empty,0.50975,0.25448,0.03206,0.0237,0.01613,0.00431,0.9999,0.01183,0.00809,0.00206,0.9995889356953612,0.023696182919356545,0.016138480426231394,0.023629401671893646,-0.9997114691485122,0.004316228625973296,0.01623610211977503,-0.0039331117420891145,-0.999860450072899
5.333,0.015700900927186012,Empty,0.51059,0.25499,0.03233,0.02381,0.0185,0.00312,0.99989,0.01189,0.00927,0.00145,0.9995451407305236,0.023809152506979847,0.018510426761611694,0.02375520138782533,-0.9997129083580104,0.003129100412556235,0.01857961380173115,-0.0026879581967316833,-0.9998237708875055
5.4,0.015700900927186012,Empty,0.51173,0.25614,0.03333,0.02448,0.02118,0.00148,0.99987,0.01223,0.0106,0.00061,0.9994759164108333,0.024473521491050254,0.021188186816062517,0.024447838209872952,-0.9997000256110349,0.00147037415655462,0.021217816136189487,-0.0009515981943495013,-0.9997744239273614
5.467,0.015700900927186012,Empty,0.51296,0.25823,0.03461,0.02607,0.02428,-0.00108,0.99984,0.01304,0.01213,-0.0007,0.9993652982138204,0.026068351758319563,0.024278421748666595,0.026102327729606856,-0.9996586889874868,-0.0010835215344457763,0.024241889635459517,0.0017165571426338202,-0.9997046484929827
5.534,0.015700900927186012,Empty,0.51382,0.26066,0.03582,0.02567,0.02687,-0.00404,0.99982,0.01286,0.01341,-0.00219,0.9993094535866847,0.025660919954397676,0.02687253541026251,0.02577859173433361,-0.9996595069021919,-0.004041592292778102,0.026759674521121404,0.00473153750492374,-0.9996306979941959
5.6,0.015700900927186012,Empty,0.51338,0.2622,0.03599,0.02153,0.02672,-0.00575,0.99985,0.0108,0.01333,-0.00302,0.9994111771879266,0.021519521969446676,0.026724690569748417,0.021680645142279076,-0.9997483893780204,-0.005753917123879413,0.026594144807774087,0.006329937618997933,-0.9996262718394724
5.667,0.015700900927186012,Empty,0.513,0.26266,0.03582,0.01722,0.02617,-0.00618,0.99987,0.00865,0.01306,-0.0032,0.9995090235709624,0.01721141284965505,0.02618165517953812,0.01737867014240213,-0.9998299157470472,-0.00617425309925947,0.026070934473146155,0.0066262240356681264,-0.9996381342919676
5.733,0.015700900927186012,Empty,0.51319,0.26242,0.03587,0.0159,0.02635,-0.00613,0.99988,0.00799,0.01315,-0.00317,0.9995263700340098,0.015886523693972476,0.026356289032352112,0.016053308491865925,-0.9998523549016116,-0.00612859561125479,0.02625503557607582,0.006548798563261033,-0.999633826130487
5.8,0.015700900927186012,Empty,0.51346,0.26185,0.03585,0.01496,0.02645,-0.00586,0.99988,0.00752,0.0132,-0.00303,0.9995381790031375,0.014962412752654974,0.026449100546351505,0.015122207876246518,-0.9998685281807638,-0.005851938360966454,0.026358064117825753,0.006249204609560751,-0.9996330326163237
5.867,0.015700900927186012,Empty,0.5138,0.26119,0.03584,0.01393,0.02662,-0.00552,0.99988,0.007,0.01329,-0.00285,0.999548945441245,0.013915902622202658,0.02661302916814895,0.014067408526317382,-0.9998858443441232,-0.005514190565566568,0.026533256201398438,0.005886079718205191,-0.9996306019629961
5.933,0.015700900927186012,Empty,0.51401,0.26073,0.03582,0.01323,0.02668,-0.00528,0.99989,0.00665,0.01332,-0.00273,0.999556649339297,0.013227308837601426,0.02667476452589114,0.01337262911555287,-0.999896658539507,-0.005276839211643104,0.026602209534827944,0.00563121145424168,-0.9996302375905917
6.0,0.015701228752732277,Empty,0.51397,0.26054,0.03566,0.01301,0.02643,-0.00503,0.99989,0.00654,0.0132,-0.0026,0.9995659756745934,0.013014801123233222,0.02642868187067053,0.013151817426984735,-0.9999009238751504,-0.005017183670939595,0.02636076577161003,0.005362591289980298,-0.9996381108394133
6.067,0.015701228752732277,Empty,0.51369,0.26031,0.03527,0.01294,0.02569,-0.00457,0.99989,0.0065,0.01283,-0.00237,0.9995864608362428,0.01293364854786222,0.025683225033364288,0.013055456625813311,-0.9999042815432937,-0.004580699038435566,0.02562152152323408,0.004914110970419832,-0.9996596366504976
6.133,0.015700900927186012,Empty,0.51366,0.25994,0.03495,0.01253,0.02525,-0.00408,0.9999,0.00629,0.01261,-0.00212,0.9996024975831056,0.012533652660649819,0.025253799250788963,0.012640492619825527,-0.9999118004049941,-0.004075457909337428,0.025200491502054084,0.004393058368020788,-0.9996727645916087
6.2,0.015700900927186012,Empty,0.51361,0.25887,0.03452,0.01135,0.0246,-0.00288,0.99991,0.00569,0.01229,-0.00151,0.9996333973027329,0.011332679321573114,0.0245894566103143,0.011406761785926423,-0.9999308088383625,-0.0028745993489109004,0.02455517832464808,0.00315403158703527,-0.9996935006801797
6.267,0.015700900927186012,Empty,0.51354,0.2572,0.03396,0.00945,0.02367,-0.00107,0.99992,0.00473,0.01183,-0.00059,0.9996751325856941,0.0094483807479801,0.023671869191433697,0.009476096724398864,-0.9999545400880891,-0.0010589372445357834,0.023660787828070972,0.0012829101524365744,-0.999719221212084
6.333,0.015701228752732277,Empty,0.51379,0.25526,0.03356,0.00701,0.0232,0.0009,0.99993,0.0035,0.0116,0.00041,0.9997064778619822,0.007018967103232354,0.02318819142568564,0.006999939468031069,-0.9999750936340939,0.0009016423511864526,0.023193942490107075,-0.0007390617628429426,-0.999730711151496
6.4,0.015701228752732277,Empty,0.51419,0.2541,0.03347,0.00472,0.02328,0.00198,0.99993,0.00235,0.01164,0.00096,0.999718252724171,0.004712441067597828,0.02326387906852042,0.004667960699805629,-0.9999871725533076,0.0019659277062932436,0.02327284497081087,-0.0018567789383006736,-0.9997274263812805
6.467,0.015700900927186012,Empty,0.5146,0.25434,0.03386,0.00474,0.02418,0.00154,0.99992,0.00236,0.01209,0.00074,0.9996964082330666,0.00473663074599312,0.024179654569117626,0.004700878968571576,-0.9999877723486592,0.0015352166259631102,0.024186630663004395,-0.0014210849172036964,-0.9997064506217959
6.533,0.015700900927186012,Empty,0.51502,0.25457,0.03431,0.00475,0.02514,0.00104,0.99992,0.00237,0.01257,0.00049,0.9996728494181698,0.004743734279741563,0.02513346616049049,0.00471924335001106,-0.9999883300758816,0.0010336606082579653,0.02513807626610862,-0.0009147115025479959,-0.9996835701483276
6.6,0.015700900927186012,Empty,0.51508,0.25452,0.03439,0.00467,0.02526,0.00102,0.99992,0.00233,0.01263,0.00048,0.9996702891957554,0.004664093482323106,0.02524993329225691,0.004639813303164875,-0.999988715705117,0.0010200955554873197,0.02525440618559572,-0.0009026042425678511,-0.9996806491444127
6.667,0.015700900927186012,Empty,0.51504,0.25456,0.03437,0.00475,0.02522,0.00102,0.99992,0.00237,0.01261,0.00048,0.9996709650882037,0.004746991020801172,0.02520769001450653,0.004722751029055894,-0.9999883264629368,0.0010210585548709739,0.025212242707394573,-0.0009016729470032739,-0.9996817142488704
6.733,0.015700900927186012,Empty,0.51504,0.25456,0.03436,0.00477,0.0252,0.00102,0.99992,0.00238,0.0126,0.00048,0.9996712706702336,0.004769362278882916,0.0251913433546729,0.00474524856185593,-0.9999882241805957,0.0010169150527923661,0.025195896742256575,-0.0008970415771637766,-0.9996821305313816
6.8,0.015700900927186012,Empty,0.51503,0.25458,0.03437,0.00481,0.0252,0.001,0.99992,0.0024,0.0126,0.00047,0.9996708146786493,0.004813145667810159,0.025201109271338396,0.004789444461352821,-0.9999880297811379,0.001000757807632936,0.02520562440165106,-0.0008797290596328559,-0.9996819006940683
6.867,0.015701228752732277,Empty,0.51503,0.25461,0.03438,0.00487,0.02524,0.00098,0.99992,0.00243,0.01262,0.00046,0.9996699411980697,0.004864362270915523,0.025225912168756907,0.004841353090575984,-0.9999878070960226,0.000973118461443748,0.025230338192360965,-0.000850669727289532,-0.9996813024137814
6.933,0.015701228752732277,Empty,0.51503,0.2546,0.03437,0.00485,0.02522,0.00098,0.99992,0.00242,0.01261,0.00046,0.9996704440507695,0.004856553600756652,0.025207482588713026,0.0048332418485564355,-0.9999878340699692,0.0009856395309077986,0.025211962727456443,-0.0008634808477921157,-0.9996817550281962
7.0,0.015700900927186012,Empty,0.51502,0.25462,0.03437,0.00489,0.0252,0.00098,0.99992,0.00244,0.0126,0.00046,0.9996706462724374,0.004887986961889357,0.025193383351739033,0.0048647162824676515,-0.9999876821888498,0.0009848888581650995,0.02519788714829858,-0.0008620058191467078,-0.9996821111879665
7.067,0.015700900927186012,Empty,0.51502,0.25462,0.03437,0.00489,0.02522,0.00098,0.99992,0.00244,0.01261,0.00046,0.9996702154890922,0.004893500899390335,0.025209401280868925,0.004870409331498793,-0.9999876619138295,0.000977309089597412,0.02521387270801266,-0.0008542066849573913,-0.9996817148242751
7.133,0.015700900927186012,Empty,0.51502,0.25462,0.03437,0.00489,0.0252,0.00098,0.99992,0.00244,0.0126,0.00046,0.999670424233102,0.004890268634526795,0.025201749667258223,0.004867139573416279,-0.9999876761652742,0.000979014783951999,0.025206226730351285,-0.0008560316912789744,-0.9996819060800098
7.2,0.015700900927186012,Empty,0.51502,0.25462,0.03437,0.00489,0.0252,0.00098,0.99992,0.00244,0.0126,0.00046,0.9996705091162883,0.004898004642947262,0.02519687984054904,0.004874828736309178,-0.999987636632179,0.000981135862439031,0.02520137393026507,-0.0008579821132046339,-0.9996820267558683
7.267,0.015700900927186012,Empty,0.51502,0.25462,0.03437,0.00489,0.0252,0.00098,0.99992,0.00244,0.0126,0.00046,0.9996703504401561,0.004889218883602053,0.02520488027275978,0.004866052415157862,-0.9999876801199317,0.000980378626016012,0.025209363037348973,-0.0008574071761084433,-0.9996818258166873
7.333,0.015700900927186012,Empty,0.51502,0.25462,0.03437,0.00489,0.02522,0.00098,0.99992,0.00244,0.01261,0.00046,0.9996701330836745,0.0048959808416850215,0.02521218737171453,0.004872909588358676,-0.9999876505817296,0.0009764405645306864,0.02521665665016431,-0.0008532617595055598,-0.9996816454110565
7.4,0.015700900927186012,Empty,0.51502,0.25462,0.03437,0.00489,0.02522,0.00098,0.99992,0.00244,0.01261,0.00046,0.9996702727993648,0.00490027539971799,0.02520581246954652,0.004877222927913705,-0.9999876300172184,0.0009759657053143543,0.0252102831748171,-0.0008527095363812201,-0.9996818066308361
7.467,0.015701228752732277,Empty,0.51502,0.25461,0.03437,0.00489,0.0252,0.00098,0.99992,0.00244,0.0126,0.00046,0.9996703537772971,0.004894278663144513,0.025203765892042575,0.004871123956946666,-0.9999876557860075,0.0009800137762407263,0.025208251231877667,-0.0008569200505591593,-0.9996818542705762
7.533,0.015701228752732277,Empty,0.51502,0.25462,0.03437,0.00489,0.0252,0.00098,0.99992,0.00244,0.0126,0.00046,0.9996704277469884,0.004894515629820295,0.025200785799304702,0.0048713246503458985,-0.9999876532950138,0.0009815567645811152,0.025205278897562997,-0.0008584720616344517,-0.9996819278857728
7.6,0.014294976368546486,Grasping,0.51502,0.25462,0.03437,0.00489,0.02522,0.00098,0.99992,0.00244,0.01261,0.00046,0.9996702650077909,0.00489877243536585,0.025206413625888588,0.0048757214222562295,-0.9999876374341237,0.0009758686040352849,0.025210882568157754,-0.0008526473751147384,-0.9996817915679911
7.667,0.014294976368546486,Grasping,0.51501,0.25463,0.03437,0.00493,0.0252,0.00098,0.99992,0.00246,0.0126,0.00046,0.9996703040755972,0.004924778039003597,0.02519979584577773,0.0049017706341693,-0.9999875112338403,0.0009746902071673322,0.02520428126434718,-0.0008508452365145782,-0.9996819595593046
7.734,0.014294976368546486,Grasping,0.51501,0.25463,0.03437,0.00491,0.0252,0.00098,0.99992,0.00245,0.0126,0.00046,0.9996703396967195,0.004921060216722228,0.025199109051500385,0.0048980906756622145,-0.9999875307512895,0.0009731647711682979,0.02520358383998199,-0.0008494164362945741,-0.9996819783577872
7.8,0.01266053318977356,Grasping,0.51501,0.25463,0.03437,0.00491,0.0252,0.00098,0.99992,0.00245,0.0126,0.00046,0.9996705686423475,0.0049180679448850295,0.0251906093212394,0.004894999242032627,-0.99998754180877,0.000977348286957681,0.025195102157092274,-0.0008537183042509434,-0.9996821884940986
7.867,0.01266053318977356,Grasping,0.51502,0.25463,0.03438,0.00491,0.02522,0.00096,0.99992,0.00245,0.01261,0.00045,0.9996699746314461,0.004913748876336499,0.025215013233063806,0.004890965784033807,-0.9999875733960584,0.0009651461870010345,0.02521944238207292,-0.0008415018973081255,-0.9996815851062246
7.934,0.0109463045373559,Grasping,0.51502,0.25463,0.03437,0.00491,0.0252,0.00098,0.99992,0.00245,0.0126,0.00046,0.9996702969386728,0.004918059187487611,0.025201391080132272,0.004895092392820488,-0.9999875456504382,0.0009729411486985688,0.025205862195353666,-0.0008492572292584192,-0.9996819210494642
8.0,0.0109463045373559,Grasping,0.51501,0.25463,0.03437,0.00493,0.0252,0.00096,0.99992,0.00246,0.0126,0.00045,0.9996703247292541,0.004927092948010692,0.02519852398036953,0.004904189221015431,-0.999987503305354,0.0009706498899410172,0.025202991564337526,-0.0008467515609856198,-0.9996819955505861
8.067,0.0109463045373559,Grasping,0.51502,0.25463,0.03437,0.00493,0.0252,0.00096,0.99992,0.00246,0.0126,0.00045,0.99967022092327,0.004924067851341418,0.025203233027050215,0.00490117757045283,-0.999987518778589,0.0009699203390044833,0.02520769441347808,-0.0008460749591555585,-0.9996818775488132
8.133,0.009053791873157024,Grasping,0.51501,0.25463,0.03437,0.00493,0.0252,0.00096,0.99992,0.00246,0.0126,0.00045,0.9996702154296522,0.0049260151615429515,0.025203070397491104,0.00490316857172618,-0.9999875106683193,0.0009682176074381349,0.025207525082599467,-0.0008443234015264078,-0.9996818832994844
8.2,0.009053791873157024,Grasping,0.51502,0.25463,0.03437,0.00493,0.0252,0.00096,0.99992,0.00246,0.0126,0.00045,0.9996702290597863,0.004925817148827616,0.025202568459800984,0.004902980055869366,-0.9999875119433709,0.0009678552984215306,0.025207021206925345,-0.0008439684373547654,-0.9996818963045946
8.267,0.007436749991029501,Grasping,0.51501,0.25463,0.03437,0.00493,0.0252,0.00096,0.99992,0.00246,0.0126,0.00045,0.9996702955657784,0.004926564082468443,0.02519978431992291,0.0049036895300336725,-0.9999875069258938,0.0009694437212855525,0.025204245523767155,-0.0008455521728631595,-0.9996819649514043
8.333,0.007436749991029501,Grasping,0.51501,0.25463,0.03437,0.00493,0.0252,0.00096,0.99992,0.00246,0.0126,0.00045,0.9996702941210365,0.00492725167524749,0.025199707198477632,0.00490434772644166,-0.9999875025561091,0.0009706209218778364,0.02520417476011426,-0.0008467127757477702,-0.9996819657531775
8.4,0.007436749991029501,Grasping,0.51501,0.25463,0.03437,0.00493,0.0252,0.00096,0.99992,0.00246,0.0126,0.00045,0.9996701810476807,0.004929385206398018,0.025203775224839263,0.004906533841556149,-0.9999874939603876,0.0009684257770376271,0.025208233769126665,-0.0008444431957867997,-0.9996818653281303
8.467,0.0056207384914159775,Grasping,0.51502,0.25463,0.03437,0.00493,0.0252,0.00096,0.99992,0.00246,0.0126,0.00045,0.999670249717243,0.004926324144109706,0.025201649959719727,0.004903431642988232,-0.999987507563777,0.0009700899481195693,0.025206114107248198,-0.0008461954928169196,-0.9996819172940962
8.534,0.0056207384914159775,Grasping,0.51501,0.25463,0.03437,0.00493,0.0252,0.00098,0.99992,0.00246,0.0126,0.00046,0.9996702859876925,0.00493476224628131,0.025198560174301055,0.004911815198621439,-0.9999874641145113,0.0009724635127132172,0.025203043164264576,-0.0008483722070190776,-0.9996819928756638
8.6,0.0056207384914159775,Grasping,0.51502,0.25463,0.03437,0.00493,0.0252,0.00098,0.99992,0.00246,0.0126,0.00046,0.9996702625400986,0.004927393883942088,0.025200932175669717,0.004904454504643885,-0.9999875007057472,0.0009719867722334935,0.025205406543479837,-0.0008480694464539931,-0.9996819335464616
8.667,0.0038854966405779123,Grasping,0.51501,0.25462,0.03437,0.00491,0.0252,0.00098,0.99992,0.00245,0.0126,0.00046,0.9996705907480776,0.004920429166434759,0.02518927093441826,0.004897295212835995,-0.9999875279597816,0.000980012491230366,0.025193778854863565,-0.0008563303700866935,-0.9996822196104668
8.733,0.0038854966405779123,Grasping,0.51501,0.25463,0.03437,0.00493,0.0252,0.00098,0.99992,0.00246,0.0126,0.00046,0.9996705197676823,0.004925786152224887,0.025191040831895287,0.004902691535135395,-0.9999875030387978,0.0009784589625160788,0.025195545700043523,-0.0008546326769819487,-0.9996821765340547
8.8,0.00225171004422009,Grasping,0.51502,0.25462,0.03437,0.00491,0.0252,0.00098,0.99992,0.00245,0.0126,0.00046,0.9996703368707928,0.004919246361245966,0.02519957531136756,0.0048960841127808075,-0.9999875331478887,0.0009807696777621375,0.02520408579965732,-0.0008570671138302901,-0.9996819591724989
8.867,0.00225171004422009,Grasping,0.51501,0.25462,0.03437,0.00491,0.0252,0.00098,0.99992,0.00245,0.0126,0.00046,0.9996706081486215,0.004913203358480722,0.025189990800386253,0.004889997944347468,-0.9999875610010404,0.0009827325652450331,0.02519450582705706,-0.0008592298579139461,-0.99968219880129
