time,gr,gr_state,tx,ty,tz,rx,ry,rz,qw,qx,qy,qz,xx,xy,xz,yx,yy,yz,zx,zy,zz
0.0,0.01573701575398445,Empty,0.30804,0.00211,0.48564,-0.00997,0.00239,-0.00595,0.99998,-0.00498,0.00121,-0.00297,0.9999474364558824,-0.00996950644992406,0.0023944240338742676,-0.00995510782706599,-0.999932733317161,-0.005951862651558321,0.002453600102006008,0.0059277130511223184,-0.9999794208205102
0.067,0.01573701575398445,Empty,0.30809,0.00292,0.48554,-0.00771,0.00212,-0.00645,0.99999,-0.00385,0.00107,-0.00322,0.9999680672308358,-0.007703934512726829,0.0021245968206997615,-0.007690082700173739,-0.9999496119646278,-0.00645260876347851,0.0021742002417901073,0.006436064388556651,-0.9999769246980125
0.133,0.01573701575398445,Empty,0.3086,0.00496,0.48525,-0.00085,0.00224,-0.00692,0.99999,-0.00042,0.00112,-0.00346,0.9999971447909892,-0.0008472561281762658,0.0022344052726208205,-0.000831760827539274,-0.9999756641987311,-0.006926700818733163,0.002240219586294869,0.00692482255077596,-0.9999735137736626
0.2,0.01573701575398445,Empty,0.31026,0.00987,0.48475,0.01868,0.00494,-0.00809,0.99995,0.00935,0.00243,-0.00407,0.9998135057177956,0.018671723071198187,0.004931586138746291,0.018711282980165,-0.9997921070971012,-0.008101263825781595,0.00477929634230632,0.0081920292901826,-0.9999550234798471
0.267,0.01573701575398445,Empty,0.31456,0.01751,0.48369,0.05687,0.01323,-0.00649,0.99957,0.02845,0.00652,-0.00343,0.9982958095360199,0.05683894950521812,0.013221591506567735,0.05692827407833145,-0.9983572388942177,-0.006480367117395128,0.012831534330923251,0.007222005722588196,-0.9998915913038058
0.333,0.01573701575398445,Empty,0.32104,0.02752,0.48212,0.11396,0.0263,-0.00064,0.99829,0.05695,0.01311,-0.00107,0.9931705637321813,0.11367107659874282,0.026289117154894952,0.11372703284489316,-0.993511829063024,-0.0006383667763334485,0.026045985030281164,0.0036237903812569696,-0.9996541776069738
0.4,0.01573701575398445,Empty,0.32927,0.04035,0.47953,0.19063,0.04117,0.00882,0.99525,0.09506,0.02091,0.00243,0.9810517979303048,0.18932305689845602,0.04116005228786761,0.18911940812021272,-0.9819144678032716,0.008821983386867502,0.04208585569970565,-0.0008706579361191145,-0.9991136185163234
0.467,0.01573701575398445,Empty,0.33717,0.05428,0.47522,0.26866,0.04969,0.01869,0.99067,0.13365,0.02587,0.00593,0.9629375725101691,0.2651098899975539,0.04967874468731754,0.26449650118879825,-0.9642061189606022,0.018659073337572288,0.05284725448977301,-0.004827668631723999,-0.998590937926274
0.533,0.01573701575398445,Empty,0.34535,0.06928,0.46907,0.34351,0.05392,0.0281,0.9849,0.17046,0.02896,0.00923,0.9402090364255267,0.33630500920850837,0.053906480176768065,0.3352358447982238,-0.9417165113815761,0.028052460742958623,0.060198805521407835,-0.008303792662344482,-0.9981518676239686
0.6,0.01573701575398445,Empty,0.35318,0.08429,0.46128,0.40772,0.05392,0.03544,0.97888,0.20188,0.02998,0.01189,0.9166952965834758,0.39593721211461974,0.05388373859185913,0.3945109676506844,-0.9182094736774941,0.035390095397153695,0.06348881496022603,-0.011184208143700492,-0.9979198784788009
0.667,0.01573701575398445,Empty,0.36102,0.0998,0.45135,0.46248,0.05013,0.04058,0.97299,0.22857,0.02904,0.014,0.8938294690612177,0.4455980402734273,0.05011254076798402,0.44397234674275643,-0.8951242880608787,0.04051005123712589,0.06290815182050294,-0.013960495262919039,-0.9979216747854226
0.733,0.01573701575398445,Empty,0.36964,0.11431,0.43898,0.50259,0.04409,0.04245,0.96826,0.24809,0.02662,0.01507,0.8754900868045508,0.48122231960476225,0.04407025097695556,0.4796177979536893,-0.8764530122081621,0.042389683618699,0.059024366095824767,-0.015974871062118392,-0.9981287129932364
0.8,0.01573701575398445,Empty,0.37994,0.12703,0.42391,0.52728,0.03808,0.04093,0.96517,0.26012,0.02371,0.01479,0.8635500554891313,0.5028238635681707,0.03807182542374703,0.50142135345504,-0.8642368173311357,0.040882146086829795,0.053459591880543854,-0.0162137532893174,-0.9984383737818969
0.867,0.01573701575398445,Empty,0.39244,0.13747,0.40555,0.5406,0.03213,0.03664,0.96348,0.26666,0.02037,0.01336,0.8569590564145491,0.5143822339703583,0.03212620433150181,0.5132934624237502,-0.857431832432068,0.03661248646601556,0.046378842828645225,-0.014885231199057684,-0.9988130119446914
0.933,0.015737345442175865,Empty,0.40654,0.14487,0.38529,0.53726,0.02839,0.0308,0.96398,0.26514,0.01777,0.01108,0.8587743866832586,0.5115667824794433,0.02838978408552837,0.5107791644436785,-0.8591606121771056,0.030784535950344964,0.04013973028073926,-0.011936060786143546,-0.9991227814967983
1.0,0.015737345442175865,Empty,0.42247,0.15027,0.36384,0.51792,0.02979,0.02463,0.96652,0.25585,0.01755,0.00809,0.8684691057754931,0.4948473470522372,0.029791197170943664,0.4942791115062849,-0.8689543862664071,0.0246258911905564,0.0380732483782627,-0.006661659232824492,-0.9992527458327013
1.067,0.01573701575398445,Empty,0.44005,0.15553,0.34293,0.48914,0.03926,0.01887,0.97006,0.2419,0.02133,0.0044,0.8820561902185204,0.4695055602034345,0.03926074674848053,0.46913040392860184,-0.8829276984441756,0.018850555160471953,0.04351484122659859,0.0017911611123032163,-0.9990511750330379
1.133,0.01573701575398445,Empty,0.4591,0.16199,0.32374,0.45854,0.05798,0.01393,0.97344,0.22697,0.02981,0.00019,0.8951873091142766,0.4419059833900018,0.057955012249642605,0.4418828297540638,-0.8969648982600854,0.013911723754292688,0.05813128563245335,0.01315572625855711,-0.9982222600690329
1.2,0.01573701575398445,Empty,0.47779,0.16921,0.30601,0.42899,0.07856,0.00827,0.97636,0.21253,0.03925,-0.00432,0.906580500806411,0.41467035209696446,0.07848754454928822,0.4153492370478984,-0.9096246946863362,0.008241729218910449,0.07481180950442012,0.02512795074351922,-0.9968810256244751
1.267,0.01573701575398445,Empty,0.494,0.17666,0.28771,0.39841,0.08973,0.00046,0.97924,0.19768,0.04401,-0.00865,0.9179746331003458,0.3863850864050375,0.08960545735644271,0.3879073407604125,-0.9216982596810956,0.0004616113348776957,0.08276755383887416,0.03433486718498894,-0.9959772331368415
1.333,0.01573701575398445,Empty,0.50633,0.18368,0.26887,0.36877,0.08674,-0.00853,0.98208,0.18335,0.04184,-0.01214,0.9292667858076239,0.3591083879808984,0.08662797744682779,0.3611398426927581,-0.9324729214438086,-0.008500870184776133,0.077725509420122,0.03918439046111394,-0.9962044613078048
1.4,0.01573701575398445,Empty,0.51457,0.19037,0.24913,0.33734,0.06793,-0.01748,0.98515,0.16806,0.03201,-0.01431,0.9414627619624009,0.33021193294991513,0.0678818619044056,0.33204475478140016,-0.9431023207861625,-0.017444006131461243,0.05825932251827057,0.03896269838236779,-0.9975408560427373
1.467,0.01573701575398445,Empty,0.51986,0.19724,0.22997,0.30537,0.04081,-0.02479,0.98805,0.1523,0.01828,-0.01535,0.9529435523423502,0.30038886534510667,0.04080582833152177,0.30151179653762494,-0.953140542798165,-0.02477382132560645,0.031451909286974174,0.035911491908561195,-0.9988599211857013
1.533,0.01573701575398445,Empty,0.52455,0.20537,0.21298,0.2748,0.01654,-0.03042,0.99041,0.13707,0.00611,-0.0162,0.9623497970280165,0.27131029082645997,0.016540684743908726,0.27170616017855365,-0.9618993466400955,-0.030420543295332166,0.0076570673995900035,0.03376940960423637,-0.9994003183378617
1.6,0.01573701575398445,Empty,0.52934,0.21444,0.19875,0.24593,-0.00183,-0.03541,0.9923,0.12262,-0.00308,-0.01746,0.9699108105965947,0.24345357361550785,-0.0018376565769426603,0.24323828852993795,-0.9693203375330286,-0.03540082255939791,-0.010399734654445776,0.03388865206369051,-0.9993715048871581
1.667,0.01573701575398445,Empty,0.53421,0.22448,0.18669,0.21473,-0.01571,-0.03945,0.99403,0.10698,-0.00992,-0.01877,0.9769117216984609,0.21306573349007374,-0.01569972039514685,0.21232099239808666,-0.9764035538066413,-0.03944485138586204,-0.023733608980527673,0.0352007574648323,-0.9990984048023807
1.733,0.01573701575398445,Empty,0.53838,0.23512,0.17644,0.17546,-0.02686,-0.04301,0.99586,0.0873,-0.01526,-0.02024,0.984290903009188,0.17450012951506028,-0.02685373442529316,0.17326509205431645,-0.9839373352130485,-0.04297124910046309,-0.03392088042439671,0.03764339481332695,-0.998715349185223
1.8,0.01573701575398445,Empty,0.54084,0.24525,0.16727,0.13236,-0.03767,-0.04482,0.99741,0.06568,-0.02027,-0.02111,0.9905503021890791,0.13187784280415055,-0.037660767523350576,0.13016655904625413,-0.9904809733391599,-0.044767268837495794,-0.04320608451575047,0.039442059155605835,-0.9982873124658969
1.867,0.015737345442175865,Empty,0.54015,0.25422,0.15689,0.08425,-0.05312,-0.04345,0.99855,0.04151,-0.02744,-0.02058,0.995048024507619,0.0840283670194697,-0.05309107702360034,0.0817693669626322,-0.9957066996844528,-0.043381318906008645,-0.05650840247268489,0.03882527191837482,-0.997646930888102
1.933,0.015737345442175865,Empty,0.53577,0.2607,0.14484,0.036,-0.07388,-0.03798,0.99899,0.01728,-0.03726,-0.01831,0.9966269806495112,0.035886753578973474,-0.07380245496594949,0.033158606605871,-0.9987325823371438,-0.03786470369800227,-0.07506775772191449,0.035289798748964936,-0.9965537927552439
2.0,0.015737345442175865,Empty,0.5294,0.26363,0.13155,-0.00802,-0.09728,-0.02694,0.99872,-0.00466,-0.04856,-0.01365,0.9952404260063934,-0.007988004146894934,-0.09712201723791329,-0.010639852347661183,-0.9995837313340131,-0.026817113834101257,-0.09686737316884533,0.02772283971963122,-0.9949111297865992
2.067,0.01573701575398445,Empty,0.52327,0.26355,0.11789,-0.04235,-0.12038,-0.01386,0.99793,-0.02155,-0.05999,-0.00819,0.9918737313004444,-0.04202012281647449,-0.12008667883917054,-0.04398536024907701,-0.9989374040075847,-0.013760485396472975,-0.11938085792911958,0.018930719824561033,-0.9926680404883755
2.133,0.01573701575398445,Empty,0.51861,0.2617,0.10555,-0.05765,-0.14016,-0.00307,0.99713,-0.02886,-0.06995,-0.00355,0.9885488029034453,-0.05706334937010232,-0.13969623630159353,-0.058057082249683145,-0.9983086201029225,-0.003045361858960441,-0.13928617834809945,0.011120844701015948,-0.990189722898757
2.2,0.015737345442175865,Empty,0.51538,0.25885,0.09507,-0.05951,-0.15628,0.0049,0.99651,-0.02947,-0.0781,0.00012,0.9860657621433424,-0.058746379697411366,-0.15563796323878365,-0.05870846911173355,-0.9982634165509674,0.004844257481391237,-0.15565226751713565,0.0043605101120107485,-0.9878022866790382
2.267,0.015737345442175865,Empty,0.51323,0.25571,0.08698,-0.0567,-0.16807,0.01138,0.99607,-0.02777,-0.08406,0.00329,0.9843246482299488,-0.05587195302341175,-0.1672821321968882,-0.054766654193814934,-0.9984361729591302,0.011217045740313333,-0.16764725012776868,-0.0018797319156822001,-0.9858452546584188
2.333,0.015737345442175865,Empty,0.51241,0.25292,0.0816,-0.04503,-0.17403,0.01489,0.99595,-0.02178,-0.08705,0.00546,0.9838960433614967,-0.044324512501493885,-0.17315863665753686,-0.04242330209921713,-0.9989920633580561,0.01466699650957104,-0.17363421119292854,-0.007084838679752562,-0.9847847306717805
2.4,0.01573701575398445,Empty,0.51217,0.25163,0.07857,-0.02681,-0.17637,0.01325,0.99601,-0.01277,-0.08815,0.00542,0.9841341588370476,-0.026387637005894082,-0.17545270024522885,-0.02447625884865151,-0.9996152382531934,0.013049452279104812,-0.17572953696766738,-0.008547986035083973,-0.9844013722927619
2.467,0.01573701575398445,Empty,0.51302,0.25201,0.0777,-0.00194,-0.17207,0.00669,0.9963,-0.00068,-0.08593,0.00325,0.9852316726408687,-0.0019210714691064723,-0.1712158307800025,-0.0008026721604686982,-0.9999778904254202,0.00660108913202688,-0.1712247264348193,-0.006366171905999617,-0.9852114315783108
2.533,0.01573701575398445,Empty,0.51494,0.25408,0.07821,0.02212,-0.15965,-0.00291,0.99676,0.01091,-0.07975,-0.00057,0.9870428823363091,0.02184932870442763,-0.1589621189604524,0.02166668779702091,-0.9997610952763734,-0.002882188698388799,-0.15898711604761448,-0.000599338762774321,-0.9872804757129098
2.6,0.01573701575398445,Empty,0.51647,0.25759,0.07805,0.03559,-0.142,-0.01292,0.99731,0.01729,-0.07104,-0.00518,0.989310205539382,0.03521390082014397,-0.1415107713379265,0.03374233901715251,-0.9993487768971402,-0.012785799616825827,-0.14186885413394074,0.007874217625844263,-0.9898541432572294
2.667,0.01573701575398445,Empty,0.51763,0.26156,0.07662,0.03919,-0.11908,-0.02342,0.99798,0.01886,-0.05972,-0.01052,0.992156419060862,0.038905792861905875,-0.11879385252660682,0.036393753153918074,-0.999067178232987,-0.02324366814744753,-0.11958735237347813,0.01873800040995424,-0.9926468417785541
2.734,0.01573701575398445,Empty,0.51962,0.26494,0.07477,0.03926,-0.08802,-0.03673,0.99869,0.0188,-0.04434,-0.01748,0.9953605853099841,0.03909910195894856,-0.08791225988091762,0.03599801842071587,-0.9986818529080941,-0.03658824048567175,-0.0892269459364606,0.033253825314680616,-0.9954560438416119
2.8,0.01573701575398445,Empty,0.52081,0.26697,0.0717,0.0389,-0.0544,-0.05115,0.99913,0.01874,-0.02768,-0.02503,0.9977652826637965,0.03883667013059694,-0.05437052293294456,0.036065845602755,-0.9980447846531056,-0.05104765036408809,-0.056246737610219755,0.04897265440940634,-0.9972151140191889
2.867,0.01573701575398445,Empty,0.51979,0.26662,0.06766,0.03755,-0.03104,-0.06075,0.99925,0.01829,-0.01608,-0.03007,0.9988134657579574,0.0375272233230593,-0.031038172147190138,0.03559311579038377,-0.9975225219422443,-0.06067906003158736,-0.03323839239358141,0.0595023169939281,-0.9976746381177806
2.933,0.015737345442175865,Empty,0.51637,0.26339,0.06275,0.0347,-0.0238,-0.06224,0.9993,0.01697,-0.01243,-0.0309,0.9991150260028354,0.03468697814177002,-0.023790299761578333,0.03315087736029826,-0.9975144019143125,-0.062177466205804346,-0.02588791504922439,0.061333771455241895,-0.9977815313651983
3.0,0.015737345442175865,Empty,0.51374,0.25809,0.0585,0.03112,-0.02326,-0.05884,0.99938,0.01521,-0.01208,-0.02923,0.9992453400708545,0.031108668865362954,-0.02325942965997788,0.029696117232996866,-0.9978286035778223,-0.05878961220502269,-0.02503779079644131,0.05805453129048633,-0.9979993889921354
3.067,0.015737345442175865,Empty,0.51246,0.25213,0.05554,0.02667,-0.02661,-0.05269,0.99948,0.01298,-0.01365,-0.02616,0.9992901738311746,0.026661632689790937,-0.026614015607865006,0.025232633529951143,-0.9982938100359422,-0.05265722219282966,-0.02797253455810154,0.051948303015945926,-0.998257938172374
3.133,0.015737345442175865,Empty,0.51178,0.24778,0.0537,0.02535,-0.02985,-0.04791,0.99953,0.01231,-0.01522,-0.02376,0.9992336299572322,0.025328499692251594,-0.029843254947015556,0.023881731743105483,-0.9985677226425635,-0.04787657240649766,-0.031013152878146714,0.04712717262666914,-0.9984073386893613
3.2,0.015737345442175865,Empty,0.51046,0.24596,0.0523,0.0273,-0.03297,-0.04562,0.99952,0.01327,-0.01679,-0.02258,0.9990837724511167,0.027294713868044718,-0.032963831993674884,0.025777967307779315,-0.998627470022498,-0.045592461196384146,-0.03416302132898547,0.04470094754394256,-0.9984161022651573
3.267,0.015737345442175865,Empty,0.50888,0.24637,0.0515,0.02936,-0.03547,-0.0454,0.99948,0.01427,-0.01806,-0.02243,0.998940161716973,0.02934512412427559,-0.03546007612793327,0.027724600151750933,-0.9985859804660946,-0.045358418876697996,-0.036740983319632214,0.044327229855917284,-0.9983412226478516
3.333,0.01573701575398445,Empty,0.50734,0.24786,0.05105,0.03163,-0.03727,-0.04593,0.99944,0.01538,-0.01899,-0.02266,0.9988061354236001,0.031593654316383224,-0.0372578159197448,0.029872265760705563,-0.9984998800511078,-0.04588722345321139,-0.038651669802150804,0.04471946494380322,-0.9982515804528663
3.4,0.01573701575398445,Empty,0.50598,0.24917,0.05056,0.03114,-0.03879,-0.04562,0.99944,0.01512,-0.01974,-0.0225,0.9987632304248353,0.031119843640761813,-0.038775828593628874,0.029343513436152047,-0.998530241447699,-0.045566601076033185,-0.040136862988658095,0.04437242664284359,-0.9982084551751979
3.467,0.01573701575398445,Empty,0.50513,0.25064,0.05037,0.03,-0.0393,-0.04533,0.99944,0.01455,-0.01998,-0.02236,0.9987778356676568,0.029984661474672603,-0.039290648445653394,0.02819745928341183,-0.9985764168124047,-0.04527740138367205,-0.04059234249203885,0.044114168498874506,-0.9982014836037171
3.533,0.01573701575398445,Empty,0.50428,0.25196,0.05005,0.02489,-0.04016,-0.0447,0.99948,0.01199,-0.02035,-0.02209,0.9988841350832778,0.024869782648489713,-0.040149453171229144,0.02307145366477764,-0.9987362754347031,-0.04464930186028226,-0.04120913375364536,0.04367317302227415,-0.9981956027019159
3.6,0.01573701575398445,Empty,0.50341,0.25278,0.04916,0.01611,-0.04208,-0.04375,0.99951,0.00759,-0.02121,-0.0217,0.9989847457763069,0.016098390529598883,-0.042075165223724405,0.01425708704016665,-0.9989428855758777,-0.04370179431634441,-0.042734215511417956,0.043057556592257754,-0.9981582207470558
3.667,0.01573701575398445,Empty,0.50255,0.25346,0.04789,0.01101,-0.04432,-0.04284,0.99951,0.00503,-0.02227,-0.02129,0.9989572847097047,0.010997410878017477,-0.044310272842688396,0.009100299862446426,-0.9990426084754562,-0.04279078163542029,-0.04473843837045492,0.04234292626327007,-0.9981009712086429
3.733,0.015737345442175865,Empty,0.50229,0.25433,0.04723,0.0097,-0.04503,-0.04265,0.99951,0.00437,-0.02261,-0.02121,0.9989391051127638,0.009697168328493544,-0.04501809861510665,0.007778860982586289,-0.9990622135095275,-0.042593225508961136,-0.04538891492781276,0.04219784904296044,-0.9980777464395364
3.8,0.015737345442175865,Empty,0.50294,0.25586,0.0469,0.00754,-0.04427,-0.04306,0.99952,0.00329,-0.02221,-0.02144,0.9989914856510559,0.0075323409049046774,-0.04426370338312022,0.005626982224162191,-0.9990586389217349,-0.043013638150005716,-0.04454602864168164,0.04272118720661874,-0.9980934582973238
3.867,0.01573701575398445,Empty,0.50342,0.2575,0.04556,0.00683,-0.04449,-0.04275,0.99952,0.00294,-0.02231,-0.02129,0.9989868801077542,0.006825492556239043,-0.0444817493354345,0.004925229885619664,-0.9990762058750131,-0.04269047862184236,-0.04473204090078487,0.04242814520754944,-0.9980976390168939
3.933,0.01573701575398445,Empty,0.50372,0.25896,0.04333,0.00699,-0.04589,-0.04193,0.99951,0.00301,-0.02301,-0.02088,0.9989228305205804,0.006970607369434556,-0.045875802964669,0.005048282140875382,-0.9991096399524126,-0.04188606213989399,-0.04612692827598711,0.04160934975533898,-0.9980686191343558
4.0,0.01573701575398445,Empty,0.50468,0.2601,0.04122,0.00691,-0.04693,-0.04218,0.9995,0.00296,-0.02353,-0.021,0.9988754039245844,0.006905908280486539,-0.04690667186361137,0.004929374628379446,-0.9991002597791552,-0.04212329729493783,-0.04715536767190024,0.041844705041930066,-0.9980107173571244
4.067,0.01573701575398445,Empty,0.5057,0.2604,0.04006,0.0058,-0.04715,-0.04235,0.9995,0.0024,-0.02363,-0.0211,0.9988715945776252,0.005792514938920856,-0.047137928641745076,0.003798105751173342,-0.9990981512887676,-0.042290170064323826,-0.04734038380341659,0.042063414769237466,-0.9979927641016725
4.133,0.01573701575398445,Empty,0.50673,0.26045,0.03914,0.00392,-0.04713,-0.04233,0.9995,0.00146,-0.0236,-0.02111,0.9988818734530123,0.003918547486240986,-0.04711313906543162,0.0019253803841945416,-0.9991040664763613,-0.04227714821005164,-0.04723659383758299,0.042139166294512594,-0.9979944863908953
4.2,0.01573701575398445,Empty,0.50704,0.26005,0.03812,0.00228,-0.04803,-0.04167,0.99949,0.00064,-0.02403,-0.0208,0.9988443115533725,0.0022751350971827455,-0.04800900996437348,0.0002756450665626353,-0.9991337322993042,-0.04161380782215337,-0.04806209834440271,0.041552481778485834,-0.9979796721180155
4.267,0.01573701575398445,Empty,0.50687,0.25896,0.03705,0.0009,-0.04956,-0.04024,0.99949,-5e-05,-0.02478,-0.0201,0.9987717009323754,0.0009051734989491966,-0.049540590202242066,-0.0010871982906168198,-0.9991920576958377,-0.04017523910861558,-0.049536929825399874,0.04017975234486079,-0.9979637669199113
4.333,0.01573701575398445,Empty,0.50657,0.25817,0.03629,8e-05,-0.05083,-0.03916,0.99949,-0.00046,-0.02541,-0.01957,0.9987085510452223,6.704820757269525e-05,-0.050805763193664755,-0.0019214595894364583,-0.9992338636379765,-0.03908956065457281,-0.05076945993605849,0.0391366997032098,-0.9979432752787813
4.4,0.015737345442175865,Empty,0.50653,0.25794,0.03603,-0.00025,-0.05118,-0.03885,0.99948,-0.00062,-0.02558,-0.01942,0.9986901859163426,-0.00024273963136656196,-0.051164964886649275,-0.0022298815227241864,-0.9992451125758892,-0.03878443787903735,-0.05111692657794784,0.03884772928588818,-0.9979368285350305
4.467,0.015737345442175865,Empty,0.50657,0.25776,0.036,-0.00051,-0.05123,-0.03866,0.99949,-0.00075,-0.0256,-0.01933,0.9986880421623874,-0.0005095628051994261,-0.051204831682222854,-0.0024888855260283838,-0.9992516938419511,-0.03859867617975772,-0.05114684634164194,0.038675479308458764,-0.9979419859939581
4.533,0.015737345442175865,Empty,0.5064,0.25767,0.03588,-0.00057,-0.05157,-0.0385,0.99948,-0.00078,-0.02577,-0.01925,0.9986702118386566,-0.0005585878247044707,-0.05155090654658532,-0.002543685293070197,-0.9992572896990966,-0.03844994991343156,-0.051491141483390346,0.03852994890805927,-0.9979299100567535
4.6,0.01573701575398445,Empty,0.50635,0.25772,0.03589,-0.00097,-0.05165,-0.03855,0.99948,-0.00098,-0.02581,-0.01928,0.9986653999390104,-0.0009727208392171227,-0.05163790060435661,-0.0029637800892502453,-0.9992543765745011,-0.03849554395365671,-0.051561952758201725,0.03859721118001022,-0.9979236545532363
4.667,0.01573701575398445,Empty,0.50649,0.25775,0.03611,-0.00119,-0.05132,-0.0388,0.99948,-0.00109,-0.02564,-0.01941,0.9986826627994789,-0.0011805723703079973,-0.051298589382367185,-0.0031710714513029092,-0.9992443635121286,-0.03873817619728126,-0.051214093075958776,0.038849816448978815,-0.9979317654190031
4.733,0.01573701575398445,Empty,0.5067,0.25748,0.03623,-0.00179,-0.05113,-0.03889,0.99948,-0.00139,-0.02554,-0.01946,0.9986915848698045,-0.0017783067506552674,-0.0511072982590469,-0.0037662187244501544,-0.9992388542059314,-0.03882689585502729,-0.050999352022924785,0.03896857542069139,-0.9979381324625911
4.8,0.01573701575398445,Empty,0.50689,0.25707,0.03622,-0.00259,-0.05117,-0.03887,0.99948,-0.00179,-0.02555,-0.01946,0.9986878717009564,-0.0025822812195790967,-0.05114554468492171,-0.004571676083546139,-0.9992358380148048,-0.03881803452827405,-0.05100622212241826,0.039000921150072254,-0.9979365177476194
4.867,0.01573701575398445,Empty,0.50706,0.25672,0.03622,-0.00327,-0.05118,-0.03889,0.99948,-0.00213,-0.02555,-0.01948,0.9986852419538295,-0.003262585108894711,-0.051158020309899375,-0.0052531221797218475,-0.9992322741679223,-0.03882353627075576,-0.05099207988487779,0.03904123204522358,-0.9979356642536659
4.933,0.01573701575398445,Empty,0.50718,0.25649,0.03622,-0.00355,-0.05118,-0.03888,0.99948,-0.00227,-0.02555,-0.01948,0.9986843180791333,-0.003534438529014694,-0.05115799612084801,-0.005524897133873996,-0.9992309805838389,-0.03881910551673599,-0.050981450886339014,0.03905067458756613,-0.997935837857214
5.0,0.015737345442175865,Empty,0.50713,0.25658,0.03622,-0.0034,-0.05124,-0.03895,0.99948,-0.0022,-0.02558,-0.01951,0.9986820815604782,-0.003400224600719648,-0.05121072585596429,-0.005396292029384242,-0.9992289325945236,-0.03888984826843826,-0.051039004715645285,0.03911494265205068,-0.9979303789638649
5.067,0.015737345442175865,Empty,0.50697,0.25693,0.03624,-0.00289,-0.05133,-0.03924,0.99948,-0.00195,-0.02563,-0.01965,0.9986783987600397,-0.0028829619770620596,-0.05131417328888484,-0.004897950411030361,-0.9992199547513734,-0.039185355790574035,-0.05116117602102186,0.03938490265192488,-0.9979135050249818
5.133,0.015737345442175865,Empty,0.50675,0.25742,0.03628,-0.00216,-0.05148,-0.03968,0.99947,-0.00159,-0.02571,-0.01986,0.9986727241315954,-0.0021570419736379187,-0.05146005485327871,-0.004199511664517486,-0.9992061789959679,-0.039615350030733076,-0.05133375280805092,0.03977887663323196,-0.9978890152699549
5.2,0.015737345442175865,Empty,0.50651,0.25792,0.0363,-0.00139,-0.05164,-0.04008,0.99947,-0.00121,-0.0258,-0.02005,0.9986659212295792,-0.0013935308885889564,-0.051618173605216845,-0.0034628264990199664,-0.9991928463596831,-0.04002080229421195,-0.051520739584301874,0.04014615617088715,-0.9978646699514866
5.267,0.015737345442175865,Empty,0.50638,0.25817,0.03631,-0.001,-0.05172,-0.04029,0.99946,-0.00102,-0.02584,-0.02015,0.9986620617166146,-0.0010065749193315376,-0.0517017726470987,-0.0030894297948666494,-0.9991859979441609,-0.040221846500053796,-0.05161920099597725,0.04032776114865641,-0.9978522584878353
5.333,0.015737345442175865,Empty,0.50637,0.2582,0.03631,-0.00096,-0.05174,-0.04029,0.99946,-0.001,-0.02585,-0.02015,0.9986617545886207,-0.0009486267933736525,-0.051708800306953795,-0.0030321089867172413,-0.9991858828571298,-0.04022906678150308,-0.05162854091556537,0.04033201713558174,-0.9978516032741065
5.4,0.015737345442175865,Empty,0.50637,0.25819,0.03631,-0.00096,-0.05172,-0.04029,0.99946,-0.001,-0.02584,-0.02015,0.9986620631240829,-0.0009649438491391993,-0.05170253920377702,-0.003047973891663003,-0.999185996077527,-0.04022505559618203,-0.05162163821408444,0.04032882500058986,-0.9978520894111342
5.467,0.01573701575398445,Empty,0.50637,0.2582,0.03632,-0.00096,-0.05174,-0.04029,0.99946,-0.001,-0.02585,-0.02015,0.9986620456806281,-0.0009502041094623936,-0.05170314912201379,-0.003033574196437072,-0.9991857884414534,-0.04023130129918009,-0.05162282387256202,0.04033431899488399,-0.9978518060146211
5.533,0.01573701575398445,Empty,0.50637,0.25819,0.03632,-0.00096,-0.05174,-0.04029,0.99946,-0.001,-0.02585,-0.02015,0.9986619599735982,-0.0009661092462867615,-0.051704509809253715,-0.00304927631052071,-0.9991859479619274,-0.040226152058162844,-0.05162355679021997,0.04032998919350934,-0.9978519431037745
5.6,0.01573701575398445,Empty,0.50637,0.2582,0.03632,-0.00096,-0.05174,-0.04029,0.99946,-0.001,-0.02585,-0.02015,0.9986619923372207,-0.0009574929703241031,-0.05170404498938972,-0.003040991134534432,-0.9991856973872945,-0.04023300274135204,-0.05162341943316753,0.04033640221781986,-0.9978516909952848
5.667,0.01573701575398445,Empty,0.50637,0.25819,0.03631,-0.00098,-0.05174,-0.04029,0.99946,-0.00101,-0.02585,-0.02015,0.9986616024549464,-0.0009742623059080802,-0.05171126178191328,-0.0030576981885176435,-0.9991859288376084,-0.04022598780283641,-0.05162997447129148,0.04033026687099029,-0.9978515998434879
5.733,0.01573701575398445,Empty,0.50637,0.25819,0.03631,-0.00096,-0.05174,-0.04029,0.99946,-0.001,-0.02585,-0.02015,0.9986614583079532,-0.0009641323080560316,-0.05171423536247237,-0.0030476085582359924,-0.9991860176707744,-0.040224546899809484,-0.051633359103474975,0.04032830941301365,-0.9978515038258848
5.8,0.01573701575398445,Empty,0.50637,0.25819,0.03631,-0.00096,-0.05174,-0.04029,0.99946,-0.001,-0.02585,-0.02015,0.9986615458334176,-0.000962652758495719,-0.05171257268087696,-0.0030463400451482547,-0.9991858044193143,-0.04022993983660906,-0.05163174107017652,0.040333627987008784,-0.9978513725838472
5.867,0.015737345442175865,Empty,0.50637,0.25819,0.03632,-0.00096,-0.05174,-0.04029,0.99946,-0.001,-0.02585,-0.02015,0.9986619676861606,-0.0009618497303067186,-0.05170444025712141,-0.0030452810941408726,-0.9991857505325545,-0.04023135836326285,-0.0516236434229859,0.040334982060141265,-0.9978517368136133
5.933,0.015737345442175865,Empty,0.50637,0.25819,0.03632,-0.00096,-0.05174,-0.04029,0.99946,-0.001,-0.02585,-0.02015,0.9986619143160789,-0.0009631162938613103,-0.051705447503619266,-0.0030465245338717195,-0.9991857969583076,-0.040230111173804005,-0.05162460249541439,0.04033380175233432,-0.9978517349052384
6.0,0.015737345442175865,Empty,0.50637,0.25819,0.03632,-0.00098,-0.05174,-0.04029,0.99946,-0.00101,-0.02585,-0.02015,0.9986616467165108,-0.000968248230271862,-0.05171051994354047,-0.0030517900182104873,-0.9991858386946496,-0.04022867546606979,-0.05162946789529699,0.04033264493476938,-0.9978515299369011
6.067,0.01573701575398445,Empty,0.50637,0.25819,0.03631,-0.00096,-0.05174,-0.04029,0.99946,-0.001,-0.02585,-0.02015,0.9986613453284936,-0.0009574034320478653,-0.0517165420861773,-0.0030409978853973008,-0.9991860156688479,-0.04022509693803241,-0.05163593398539487,0.04032851931922856,-0.9978513621030811
6.133,0.01573701575398445,Empty,0.50637,0.25819,0.03631,-0.00098,-0.05174,-0.04029,0.99946,-0.00101,-0.02585,-0.02015,0.9986613323988047,-0.00096897915874955,-0.05171657617083426,-0.003052483087567448,-0.9991860568758715,-0.040223203401121496,-0.0516355063734627,0.040327221876020544,-0.9978514366664601
6.2,0.015737345442175865,Empty,0.50637,0.2582,0.03632,-0.00096,-0.05174,-0.04029,0.99946,-0.001,-0.02585,-0.02015,0.9986615967226865,-0.0009599815758606356,-0.051711639566624994,-0.003043645796742933,-0.9991858001227591,-0.040230250475305575,-0.0516309156567893,0.040333798090631985,-0.9978514084171178
6.267,0.015737345442175865,Empty,0.50637,0.2582,0.03632,-0.00096,-0.05174,-0.04029,0.99946,-0.001,-0.02585,-0.02015,0.9986617281913587,-0.0009581267920072967,-0.05170913496568396,-0.003041784907293288,-0.9991857309587013,-0.04023210898154703,-0.05162848235641497,0.04033555555060258,-0.9978514632789781
6.333,0.015737345442175865,Empty,0.50637,0.2582,0.03631,-0.00096,-0.05174,-0.04029,0.99946,-0.001,-0.02585,-0.02015,0.9986612421582703,-0.000953225497678678,-0.05171861146677551,-0.003037062400748969,-0.9991859024116666,-0.04022820743903108,-0.05163816091685177,0.04033142426116801,-0.9978511294547855
6.4,0.01573701575398445,Empty,0.50637,0.25819,0.03632,-0.00098,-0.05174,-0.04029,0.99946,-0.00101,-0.02585,-0.02015,0.9986615046706346,-0.0009694005317207322,-0.05171324154984682,-0.0030530388010024945,-0.9991858459188734,-0.040228401279008286,-0.05163214156960057,0.0403324382847658,-0.9978513999483802
6.467,0.01573701575398445,Empty,0.50637,0.2582,0.03632,-0.00096,-0.05174,-0.04029,0.99946,-0.001,-0.02585,-0.02015,0.9986615082976129,-0.0009586522619077775,-0.051713371873988896,-0.0030423773790635433,-0.9991858105714013,-0.040230086908374686,-0.051632700729480493,0.04033357086364605,-0.9978513252367645
6.533,0.01573701575398445,Empty,0.50637,0.25819,0.03632,-0.00098,-0.05174,-0.04029,0.99946,-0.00101,-0.02585,-0.02015,0.9986614212569981,-0.0009705692364653795,-0.05171483044843177,-0.0030542488619605956,-0.9991858605157385,-0.04022794686921738,-0.051633683355364286,0.040332048556707224,-0.9978513359225298
6.6,0.015391609631478786,Empty,0.50637,0.25819,0.03631,-0.00096,-0.05174,-0.04029,0.99946,-0.001,-0.02585,-0.02015,0.9986613968065192,-0.0009614429396357926,-0.05171547308036283,-0.0030450905312088272,-0.9991859298825415,-0.040226918206812484,-0.05163469717262456,0.04033054862303101,-0.9978513440867114
6.667,0.015391609631478786,Empty,0.50637,0.25819,0.03632,-0.00096,-0.05174,-0.04029,0.99946,-0.001,-0.02585,-0.02015,0.9986614154032907,-0.0009643764585030579,-0.05171505934195702,-0.003048075870507594,-0.9991858686425157,-0.04022821321646196,-0.05163416134869896,0.04033199577441936,-0.9978513133221145
6.733,0.015391609631478786,Empty,0.50637,0.25819,0.03631,-0.00096,-0.05174,-0.04029,0.99946,-0.001,-0.02585,-0.02015,0.9986611861076684,-0.0009615381500520659,-0.05171953988978382,-0.003045264089845734,-0.9991859963801926,-0.04022525331610766,-0.05163876188143973,0.04032889884571518,-0.9978512004248148
6.8,0.01349088829010725,Grasping,0.50637,0.25819,0.03631,-0.00096,-0.05176,-0.04029,0.99946,-0.001,-0.02586,-0.02015,0.9986609556070503,-0.0009648348129061568,-0.051723929083136284,-0.0030487279210308915,-0.9991859951911213,-0.040225020472243155,-0.05164301505602704,0.040328849570904664,-0.9978509823055796
6.867,0.01349088829010725,Grasping,0.50637,0.2582,0.03631,-0.00096,-0.05174,-0.04029,0.99946,-0.001,-0.02585,-0.02015,0.9986612618934967,-0.0009574093502221492,-0.05171815310532232,-0.003041308699406775,-0.9991858281999548,-0.0402297298743785,-0.051637529323975105,0.040333163670937755,-0.9978510918336507
6.933,0.011679473333060741,Grasping,0.50637,0.25819,0.03631,-0.00096,-0.05174,-0.04029,0.99946,-0.001,-0.02585,-0.02015,0.9986610320849448,-0.0009660793274233748,-0.05172242923302804,-0.0030498812857276403,-0.9991860159059509,-0.040224418481018834,-0.05164146801917458,0.04032830654424122,-0.9978510843167422
7.0,0.011679473333060741,Grasping,0.50636,0.2582,0.03631,-0.00096,-0.05176,-0.04029,0.99946,-0.001,-0.02586,-0.02015,0.9986609402930167,-0.0009551061471068101,-0.05172440531621179,-0.00303921978478372,-0.9991858636105967,-0.04022900823840715,-0.051643871622563106,0.040332341030416406,-0.9978507968583471
7.067,0.011679473333060741,Grasping,0.50637,0.25819,0.03632,-0.00096,-0.05174,-0.04029,0.99946,-0.001,-0.02585,-0.02015,0.9986615892848897,-0.0009583490924999771,-0.051711813485846636,-0.003041993877754001,-0.9991858250833277,-0.04022975547772267,-0.05163115687475749,0.040333218561956444,-0.997851419360722
7.133,0.011679473333060741,Grasping,0.50637,0.2582,0.03631,-0.00096,-0.05176,-0.04029,0.99946,-0.001,-0.02586,-0.02015,0.9986609959876551,-0.0009603956463019592,-0.05172323204467447,-0.0030444131921885664,-0.9991858878052142,-0.04022801460699887,-0.051642488720625254,0.040331616024010884,-0.99785089773354
7.2,0.009525278583168983,Grasping,0.50637,0.25819,0.03631,-0.00096,-0.05176,-0.04029,0.99946,-0.001,-0.02586,-0.02015,0.9986609828926813,-0.0009639060488255136,-0.05172341957907384,-0.003047897356604101,-0.9991859049294612,-0.04022732543927473,-0.051642536435844225,0.04033110803613941,-0.9978509157960669
7.267,0.009525278583168983,Grasping,0.50637,0.25819,0.03632,-0.00098,-0.05174,-0.04029,0.99946,-0.00101,-0.02585,-0.02015,0.9986611499347054,-0.0009681161725804688,-0.05172011564341033,-0.0030520308950489627,-0.9991858496702289,-0.04022838458350613,-0.05163906194449148,0.04033237619901896,-0.9978510443506253
7.333,0.007887223735451698,Grasping,0.50637,0.25819,0.03632,-0.00098,-0.05174,-0.04029,0.99946,-0.00101,-0.02585,-0.02015,0.998661379732923,-0.0009682683068872877,-0.05171567544198341,-0.003051996402252899,-0.9991858553334152,-0.040228246538868646,-0.051634619664478354,0.04033223224813175,-0.9978512800482783
7.4,0.007887223735451698,Grasping,0.50637,0.25819,0.03632,-0.00096,-0.05174,-0.04029,0.99946,-0.001,-0.02585,-0.02015,0.9986612902933099,-0.0009583009944869048,-0.05171758819691337,-0.00304212846782137,-0.9991858642162081,-0.04022877334564063,-0.05163693178420653,0.040332250243615544,-0.99785115967573
7.467,0.007887223735451698,Grasping,0.50637,0.25819,0.03632,-0.00096,-0.05174,-0.04029,0.99946,-0.001,-0.02585,-0.02015,0.9986613545250286,-0.0009573338396198783,-0.051716365786417806,-0.003041055689693928,-0.99918591080337,-0.040227697328235286,-0.051635752715799836,0.0403311190516633,-0.9978512664107377
7.533,0.006076464895159006,Grasping,0.50636,0.25819,0.03631,-0.00096,-0.05176,-0.04029,0.99946,-0.001,-0.02586,-0.02015,0.998660535107535,-0.0009646001796414505,-0.05173205162397265,-0.003048617241398377,-0.9991861544711937,-0.04022107216351696,-0.05165115247162816,0.04032490867393028,-0.9978507203929813
7.6,0.006076464895159006,Grasping,0.50636,0.25818,0.03631,-0.00098,-0.05176,-0.04027,0.99946,-0.00101,-0.02586,-0.02014,0.9986601726272156,-0.0009713965125240365,-0.05173892149045115,-0.0030554128083316034,-0.9991863530623437,-0.04021562266761152,-0.051657758959814504,0.04031982443895911,-0.9978505838533449
7.667,0.004361908417195082,Grasping,0.50636,0.25819,0.03631,-0.00096,-0.05176,-0.04027,0.99946,-0.001,-0.02586,-0.02014,0.9986602816460959,-0.0009656537559307177,-0.05173692468019246,-0.003049618842666413,-0.9991863454608755,-0.040216251310313034,-0.05165599372245873,0.04032015076067381,-0.997850662050781
7.733,0.004361908417195082,Grasping,0.50637,0.25819,0.03631,-0.00098,-0.05176,-0.04029,0.99946,-0.00101,-0.02586,-0.02015,0.9986601791551453,-0.0009736577468371643,-0.05173875298463693,-0.003057834972826079,-0.9991862161599141,-0.040218839880240116,-0.05165748943853355,0.04032316240853949,-0.9978504629243214
7.8,0.0029474482871592045,Grasping,0.50636,0.25819,0.03631,-0.00096,-0.05176,-0.04027,0.99946,-0.001,-0.02586,-0.02014,0.9986602942979854,-0.0009621214761219021,-0.05173674627309344,-0.003045994003887109,-0.9991864214264019,-0.040214638598759844,-0.05165596299740757,0.04031835263705316,-0.9978507362964889
7.867,0.0029474482871592045,Grasping,0.50636,0.25819,0.03631,-0.00096,-0.05178,-0.04027,0.99946,-0.001,-0.02587,-0.02014,0.9986596624705208,-0.0009625005069905379,-0.05174893377683589,-0.003046664742832994,-0.9991865757560426,-0.040210753075001715,-0.05166813706928183,0.04031451874558373,-0.9978502609059647
7.933,0.0029474482871592045,Grasping,0.50636,0.25819,0.03631,-0.00096,-0.05178,-0.04027,0.99946,-0.001,-0.02587,-0.02014,0.9986599160013658,-0.0009631745316567852,-0.05174402832179481,-0.0030473912318132457,-0.9991863788966142,-0.04021558944180411,-0.05166319365685221,0.04031938147210401,-0.9978503203882243
8.0,0.0010654416400939226,Grasping,0.50637,0.25818,0.03631,-0.001,-0.05178,-0.04027,0.99946,-0.00102,-0.02587,-0.02014,0.9986597544477702,-0.00099270947508312,-0.05174658804421489,-0.0030766546471897582,-0.9991865928133313,-0.04020804569073362,-0.05166458208968217,0.04031336341691531,-0.9978504916506854
8.067,0.0010654416400939226,Grasping,0.50637,0.25818,0.03631,-0.00098,-0.05178,-0.04027,0.99946,-0.00101,-0.02587,-0.02014,0.9986597630244873,-0.0009830785007849396,-0.05174660638666173,-0.003067022318017476,-0.999186620106747,-0.04020810333447604,-0.051664989015537184,0.04031292294434162,-0.9978504883767448
8.133,0.0010654416400939226,Grasping,0.50636,0.25818,0.03631,-0.00098,-0.05178,-0.04027,0.99946,-0.00101,-0.02587,-0.02014,0.998659726978689,-0.0009738630728136077,-0.05174747628209264,-0.003057785389942058,-0.99918668867476,-0.04020710290081968,-0.051666233260799846,0.04031144708247842,-0.9978504835769522
8.2,0.00029779833857901394,Grasping,0.50636,0.25819,0.03631,-0.00096,-0.05178,-0.04027,0.99946,-0.001,-0.02587,-0.02014,0.9986595282959075,-0.0009645974297250448,-0.05175148399412481,-0.003048911338499549,-0.9991865335574242,-0.04021163136641602,-0.051670597862281106,0.04031551449872777,-0.9978500932541207
8.267,0.00029779833857901394,Grasping,0.50636,0.25819,0.03631,-0.00098,-0.05178,-0.04027,0.99946,-0.00101,-0.02587,-0.02014,0.9986596906872557,-0.0009739389411971833,-0.05174817522747416,-0.003058217045302236,-0.9991864328178159,-0.04021342787318216,-0.05166690918700645,0.04031778659285039,-0.9978501924534139
8.333,0.00029779833857901394,Grasping,0.50636,0.25819,0.03631,-0.00096,-0.05178,-0.04027,0.99946,-0.001,-0.02587,-0.02014,0.9986595004156527,-0.0009655594661472366,-0.05175200406241851,-0.003049801263765306,-0.9991866036167337,-0.040209822992740514,-0.05167108419426467,0.040313755069123984,-0.9978501391543804
8.4,0.00029779833857901394,Grasping,0.50636,0.25819,0.03631,-0.00096,-0.05178,-0.04027,0.99946,-0.001,-0.02587,-0.02014,0.9986592262335705,-0.0009647054617749062,-0.051757310613463496,-0.0030490463352025876,-0.9991866952609894,-0.04020760288637114,-0.05167642765335371,0.04031150402545602,-0.9978499533838707
8.467,0.00029779833857901394,Grasping,0.50636,0.25819,0.03631,-0.00098,-0.05178,-0.04027,0.99946,-0.00101,-0.02587,-0.02014,0.9986589839961599,-0.000974699555183256,-0.05176179715325532,-0.003059212204052142,-0.9991866757257611,-0.040207316160038975,-0.051680507973976,0.04031174782715176,-0.9978497322155636
8.533,0.0002505183219909668,Grasping,0.50636,0.25819,0.03631,-0.00098,-0.0518,-0.04027,0.99946,-0.00101,-0.02588,-0.02014,0.9986588605267344,-0.000969087857405182,-0.05176428460018833,-0.0030535668289777274,-0.9991867949642448,-0.040204782037728565,-0.05168322765719693,0.040308927519904586,-0.997849705286888
8.6,0.0002505183219909668,Grasping,0.50636,0.25818,0.03631,-0.00098,-0.0518,-0.04027,0.99946,-0.00101,-0.02588,-0.02014,0.9986588704402951,-0.0009715903483428767,-0.05176404643291539,-0.003056090681829937,-0.9991867642019108,-0.04020535478589247,-0.051682886922640454,0.04030962981608814,-0.997849694564984
8.667,0.00020356666937004775,Grasping,0.50636,0.25818,0.03631,-0.00098,-0.0518,-0.04027,0.99946,-0.00101,-0.02588,-0.02014,0.9986587071047237,-0.0009769627902261324,-0.051767096380114515,-0.0030614451443372603,-0.9991868597434379,-0.04020257292357847,-0.051685726052264735,0.04030713162399362,-0.997849648425401
8.733,0.00020356666937004775,Grasping,0.50636,0.25818,0.03631,-0.00098,-0.05178,-0.04027,0.99946,-0.00101,-0.02587,-0.02014,0.9986590094466076,-0.0009818615363896832,-0.051761170765778214,-0.00306624020757279,-0.9991867415461033,-0.04020514506216293,-0.05167959967056782,0.040309942525429764,-0.9978498521879363
