time,gr,gr_state,tx,ty,tz,rx,ry,rz,qw,qx,qy,qz,xx,xy,xz,yx,yy,yz,zx,zy,zz
0.0,0.015918584540486336,Empty,0.30721,0.00133,0.48495,0.00482,-0.00117,-0.0033,1.0,0.00241,-0.00059,-0.00165,0.9999877075642919,0.0048198423073949614,-0.0011635464940783797,0.004815976532179522,-0.9999829492722703,-0.0033026557152821597,-0.0011794449345071667,0.003297011504989533,-0.9999938692935985
0.067,0.015918584540486336,Empty,0.30721,0.00133,0.48495,0.00482,-0.00117,-0.0033,1.0,0.00241,-0.00059,-0.00165,0.9999876673949076,0.004827400092273171,-0.0011667332345451315,0.00482352538428088,-0.9999829173828707,-0.003301294490020422,-0.0011826499730138598,0.0032956260090856696,-0.9999938700753366
0.133,0.015918584540486336,Empty,0.30721,0.00133,0.48494,0.00482,-0.00119,-0.0033,1.0,0.00241,-0.0006,-0.00165,0.9999876733533044,0.004820724680506094,-0.0011890142974960427,0.004816769766760709,-0.9999829312766025,-0.003306944884246022,-0.0012049358733603325,0.0033011769125843673,-0.999993825161202
0.2,0.015918584540486336,Empty,0.30721,0.00133,0.48495,0.00482,-0.00117,-0.0033,1.0,0.00241,-0.00059,-0.00165,0.9999877020770033,0.004819917201044022,-0.001167943889734795,0.004816036877325125,-0.9999829488424028,-0.0033026978742279715,-0.001183842705233289,0.0032970323970602246,-0.9999938640280857
0.267,0.015918584540486336,Empty,0.30721,0.00132,0.48495,0.00482,-0.00115,-0.0033,1.0,0.00241,-0.00058,-0.00165,0.9999877338324965,0.004815385851781928,-0.0011594152176128975,0.004811530385319729,-0.9999829613041823,-0.003305491895246701,-0.0011753126815951388,0.0032998727879806847,-0.9999938647210208
0.333,0.015918584540486336,Empty,0.30721,0.00132,0.48495,0.00482,-0.00117,-0.0033,1.0,0.00241,-0.00059,-0.00165,0.99998771032373,0.004816249032360831,-0.0011759875686249382,0.0048123413249447355,-0.9999829641923836,-0.00330343699594523,-0.001191877709962171,0.0032977371441998576,-0.999993852159728
0.4,0.015918584540486336,Empty,0.30721,0.00133,0.48495,0.00482,-0.00117,-0.0033,1.0,0.00241,-0.00059,-0.00165,0.999987713656178,0.004816809237184916,-0.0011708481807880754,0.004812917291602381,-0.9999829581242485,-0.0033044346296031623,-0.0011867450585865335,0.00329875883472801,-0.999993854894277
0.467,0.015918584540486336,Empty,0.30721,0.00133,0.48495,0.00482,-0.00117,-0.0033,1.0,0.00241,-0.00059,-0.00165,0.9999876878896081,0.004822732534251528,-0.0011684691263532656,0.004818850868783142,-0.9999829364106565,-0.003302357313429655,-0.0011843755741311455,0.0032966859759771846,-0.9999938645392156
0.533,0.015918584540486336,Empty,0.30721,0.00133,0.48495,0.00482,-0.00117,-0.0033,1.0,0.00241,-0.00059,-0.00165,0.9999876992602839,0.004819067890130924,-0.0011738453025993806,0.0048151665943002575,-0.9999829488157073,-0.0033039746536105605,-0.0011897473653097684,0.0032982817515903647,-0.9999938529004536
0.6,0.015918584540486336,Empty,0.30721,0.00133,0.48495,0.00482,-0.00117,-0.0033,1.0,0.00241,-0.00059,-0.00165,0.9999877048473798,0.004819875561055564,-0.0011657416721509298,0.004816009963540091,-0.9999829698178807,-0.00329638017255269,-0.0011816099615914895,0.0032907254195473786,-0.9999938874433743
0.667,0.015918584540486336,Empty,0.30721,0.00133,0.48495,0.00482,-0.00117,-0.0033,1.0,0.00241,-0.00059,-0.00165,0.9999876824097397,0.004825277901939928,-0.0011626357842023291,0.004821420017725231,-0.9999829368040654,-0.003298485975249193,-0.0011785320574064092,0.0032928397904071934,-0.99999388411545
0.733,0.015918584540486336,Empty,0.30721,0.00133,0.48495,0.0048,-0.00117,-0.0033,1.0,0.0024,-0.00059,-0.00165,0.9999877458055945,0.004811861355118907,-0.0011637134288836315,0.004807996587192054,-0.9999829919264647,-0.003301367385452269,-0.001179579358500971,0.0032957317996599824,-0.9999938733534529
0.8,0.015918584540486336,Empty,0.30721,0.00132,0.48494,0.00482,-0.00117,-0.0033,1.0,0.00241,-0.00059,-0.00165,0.9999877269582358,0.004813085727213395,-0.001174793038655813,0.004809182291961311,-0.9999829802719382,-0.003303170013051372,-0.0011906714844420422,0.003297479679229624,-0.9999938544457068
0.867,0.015918584540486336,Empty,0.30721,0.00133,0.48495,0.00482,-0.00117,-0.0033,1.0,0.00241,-0.00059,-0.00165,0.999987707665912,0.00481895760545803,-0.0011671181050461055,0.004815079095706276,-0.9999829509048619,-0.0033034698282638835,-0.001183017487791724,0.003297809454919278,-0.9999938624423765
0.933,0.015918584540486336,Empty,0.3072,0.00133,0.48495,0.00482,-0.00115,-0.0033,1.0,0.00241,-0.00058,-0.00165,0.999987677042939,0.0048286791222980074,-0.001153091583635763,0.004824843365599851,-0.9999828940648429,-0.0033064277095496072,-0.0011690375373764458,0.0033008234783056824,-0.9999938689390055
1.0,0.015918584540486336,Empty,0.30721,0.00135,0.48495,0.00488,-0.00117,-0.00328,1.0,0.00244,-0.00059,-0.00164,0.9999874377675242,0.004875604203098294,-0.0011630953514769847,0.004871772925489626,-0.9999827718037058,-0.0032744349650472068,-0.0011790401623202188,0.0032687274943908606,-0.9999939626242065
1.067,0.015918584540486336,Empty,0.30721,0.00137,0.48493,0.00492,-0.00123,-0.00324,1.0,0.00246,-0.00062,-0.00162,0.9999870955130419,0.0049303705637108175,-0.0012248483559136876,0.00492638749280272,-0.9999826361579767,-0.0032338968466174745,-0.0012407713976589673,0.0032278210372166413,-0.9999940208109698
1.133,0.015918584540486336,Empty,0.30724,0.00136,0.48482,0.00492,-0.00153,-0.00324,1.0,0.00246,-0.00077,-0.00162,0.9999867117572139,0.0049213835013106055,-0.0015350222890843715,0.0049163893193304165,-0.9999826640811101,-0.0032404711549231854,-0.0015509432793407933,0.0032328813275687477,-0.9999935715059703
1.2,0.015918584540486336,Empty,0.30735,0.00134,0.48445,0.00486,-0.00261,-0.00329,0.99999,0.00243,-0.00131,-0.00164,0.9999847417895689,0.0048659689332019584,-0.0026150591562025018,0.004857383741032506,-0.9999828256419621,-0.0032793664494161294,-0.002630971539503607,0.003266614066325588,-0.9999912035719613
1.267,0.015918584540486336,Empty,0.30771,0.00127,0.48374,0.00471,-0.00489,-0.00343,0.99999,0.00235,-0.00245,-0.00171,0.9999769256946598,0.004707065372725139,-0.004898123501298423,0.004690319887998617,-0.9999831362125462,-0.003424644487924137,-0.0049141609258678675,0.0034015917005595264,-0.9999821399386579
1.333,0.015918584540486336,Empty,0.30847,0.00101,0.48221,0.00414,-0.00985,-0.00396,0.99998,0.00206,-0.00493,-0.00197,0.999942873655333,0.004129787002206231,-0.009858716206045167,0.004090954413326575,-0.9999838076138992,-0.003955831391310265,-0.00987489331096862,0.003915273850549905,-0.9999435769646066
1.4,0.015918584540486336,Empty,0.30968,0.00059,0.47973,0.00322,-0.01787,-0.00489,0.99996,0.00159,-0.00894,-0.00243,0.9998352009513634,0.003214664104553566,-0.017867201046664317,0.0031278724007303693,-0.9999831841511615,-0.004883423916576501,-0.017882599162084296,0.0048267328079288,-0.9998284429328906
1.467,0.015918584540486336,Empty,0.31138,0.00031,0.47617,0.00262,-0.02921,-0.00552,0.99989,0.00127,-0.01461,-0.00274,0.9995701427163142,0.0026116321397496867,-0.02920118435362222,0.0024513138441407123,-0.9999817348656754,-0.005524581022263594,-0.029215079163423818,0.005450624973400524,-0.9995582873634103
1.533,0.015918584540486336,Empty,0.31337,0.00032,0.47192,0.00268,-0.0427,-0.00554,0.99977,0.00128,-0.02135,-0.00274,0.9990854051517865,0.002681498983203523,-0.042675083783086,0.0024472313218515396,-0.9999816547926039,-0.00554086068250767,-0.042689158712109744,0.005431357238176174,-0.9990736389711239
1.6,0.015918584540486336,Empty,0.31573,0.00039,0.46743,0.00362,-0.0562,-0.0055,0.9996,0.00173,-0.0281,-0.0027,0.998415114233986,0.0036054651605738064,-0.056162801658330694,0.0033016776829353778,-0.9999794192901656,-0.005500901797050147,-0.05618147909778723,0.005306752027245324,-0.9984064702260829
1.667,0.015918584540486336,Empty,0.31863,0.00047,0.46277,0.00401,-0.06886,-0.0054,0.9994,0.00191,-0.03443,-0.00263,0.997622338816863,0.003992508618266055,-0.06880210002976381,0.003630028993327483,-0.9999788708374253,-0.005392658733463292,-0.06882217653547563,0.005130083200208986,-0.9976157528143184
1.733,0.015918584540486336,Empty,0.32237,0.00061,0.45852,0.00451,-0.07845,-0.00518,0.99923,0.00215,-0.03922,-0.0025,0.9969147962517305,0.004488228800189564,-0.07836290459527143,0.004096728111197212,-0.9999783157779694,-0.005156044282094888,-0.07838434686309122,0.004819105320819023,-0.9969115659830383
1.8,0.015918584540486336,Empty,0.32795,0.00071,0.45537,0.0047,-0.07807,-0.00495,0.99923,0.00225,-0.03903,-0.00238,0.9969435578196342,0.004690329725807629,-0.07798425051888909,0.004318473388800981,-0.9999784915726382,-0.004936312358577541,-0.07800572613289283,0.00458445189465791,-0.9969423701956429
1.867,0.015918584540486336,Empty,0.33558,0.0007,0.45339,0.00459,-0.06666,-0.00488,0.99944,0.00221,-0.03333,-0.00236,0.9977690151413681,0.004574130392130227,-0.0666038268793926,0.004259612510958133,-0.9999791009836777,-0.0048634655475336686,-0.06662468105049955,0.00456890873528349,-0.99776764677348
1.933,0.015918584540486336,Empty,0.34471,0.00068,0.45291,0.00443,-0.04685,-0.00477,0.99972,0.00216,-0.02343,-0.00233,0.9988926729644219,0.004421425015455616,-0.046838860989834044,0.004203267107145026,-0.9999798606036447,-0.004755095450201124,-0.04685894198142199,0.004552953760717656,-0.9988911402992993
2.0,0.015918584540486336,Empty,0.35369,0.00075,0.45344,0.00446,-0.02499,-0.0045,0.99992,0.0022,-0.0125,-0.00222,0.9996779996552281,0.004454937186626373,-0.024981003582425273,0.004343988712325164,-0.9999804674649103,-0.004493823619894718,-0.025000535342050392,0.004383859409555158,-0.9996778256064739
2.067,0.015918584540486336,Empty,0.3617,0.00077,0.4541,0.00429,-0.00545,-0.00431,0.99999,0.00214,-0.00273,-0.00215,0.9999759616547458,0.004296401816042517,-0.005442154362191635,0.004272928132207143,-0.9999815499712248,-0.004317615351581407,-0.005460604164724413,0.004294257628778887,-0.9999758702856653
2.133,0.015918584540486336,Empty,0.36859,0.00073,0.45424,0.00364,0.00973,-0.00428,0.99998,0.00183,0.00486,-0.00215,0.999946048601932,0.0036490286371037572,0.009725455022157995,0.003690747103728409,-0.999984050714811,-0.004275125941368871,0.0097096998511149,0.004310789487302888,-0.9999435678191032
2.2,0.015918584540486336,Empty,0.37488,0.0007,0.45326,0.00347,0.02219,-0.00424,0.99993,0.00176,0.01109,-0.00214,0.9997476906748517,0.003481314984290329,0.022190886333835178,0.0035763930852995562,-0.9999845890109643,-0.0042463105246355,0.022175761605871737,0.004324602473333654,-0.9997447341249901
2.267,0.015918584540486336,Empty,0.3807,0.0007,0.45131,0.00343,0.03235,-0.00419,0.99987,0.00175,0.01617,-0.00212,0.999471030255971,0.003430829734808072,0.0323402085088977,0.0035681205425017737,-0.9999848625908435,-0.004188448992835802,0.032325349106582066,0.004301627192373573,-0.9994681424681006
2.333,0.015918584540486336,Empty,0.38583,0.00078,0.44869,0.00339,0.03923,-0.00437,0.9998,0.00174,0.01961,-0.00222,0.9992249962316533,0.0033995471832176105,0.039215430442640295,0.0035740504297535614,-0.9999840180632339,-0.004380614298855383,0.03919991159911029,0.004517377232292589,-0.9992211768340197
2.4,0.015918584540486336,Empty,0.39077,0.00108,0.44544,0.00356,0.04345,-0.00484,0.99976,0.00183,0.02172,-0.00246,0.9990498613791012,0.00354976420159564,0.04343700786785239,0.003763453863702415,-0.99998121130998,-0.004838743849521741,0.043419015343678466,0.00499761954720162,-0.9990444499147405
2.467,0.015918584540486336,Empty,0.39558,0.00126,0.4416,0.0039,0.04567,-0.00459,0.99973,0.002,0.02283,-0.00234,0.9989496754864231,0.003896543313097911,0.045654822262053585,0.004110294203261311,-0.9999810233302562,-0.0045889498729591305,0.04563607484362772,0.004771784737710643,-0.9989467346877327
2.533,0.015918584540486336,Empty,0.40045,0.00146,0.43694,0.0043,0.04565,-0.00436,0.99973,0.0022,0.02282,-0.00223,0.9989487698472705,0.00429459054677539,0.045638927601997545,0.004498491546442052,-0.9999803509146565,-0.004365931562303058,0.04561928095039874,0.004566648293406276,-0.9989484605969084
2.6,0.015918584540486336,Empty,0.4052,0.00179,0.43176,0.00493,0.04405,-0.00407,0.99975,0.00251,0.02202,-0.00209,0.9990177459853746,0.004932666360072779,0.04403648497418872,0.0051165294987846055,-0.9999786542782407,-0.004063510030360179,0.04401550104440258,0.004284832605712613,-0.9990216593634751
2.667,0.015918584540486336,Empty,0.41045,0.0021,0.42595,0.00558,0.04259,-0.00372,0.99977,0.00283,0.02129,-0.00192,0.9990771165262923,0.005568606331134929,0.042589973667966796,0.005732085060901448,-0.9999766622616072,-0.00371727494142041,0.04256827967352981,0.0039579736816160865,-0.9990857200510733
2.733,0.015918584540486336,Empty,0.41623,0.00217,0.41987,0.00566,0.04271,-0.00366,0.99977,0.00287,0.02135,-0.00189,0.9990718546190266,0.005665380450542712,0.042700500845412576,0.005826855221930716,-0.9999763329239931,-0.003658052775152895,0.04267876598873431,0.0039034672066964307,-0.9990812208611697
2.8,0.015918584540486336,Empty,0.42237,0.00216,0.41388,0.00558,0.04473,-0.00368,0.99974,0.00283,0.02236,-0.0019,0.9989843333665257,0.0055701006067310765,0.04471326053274193,0.00574037635810154,-0.9999767500878611,-0.003680674257003195,0.044691719227450966,0.003933606862627449,-0.9989930815423823
2.867,0.015918584540486336,Empty,0.42837,0.00217,0.40816,0.00553,0.04716,-0.00369,0.99972,0.00281,0.02357,-0.00191,0.9988732983282171,0.005519703062146553,0.047134560197528326,0.005699399490601054,-0.9999769911166974,-0.003678869750716636,0.04711316941530493,0.003943363450397729,-0.9988817743618825
2.933,0.015918584540486336,Empty,0.43371,0.00217,0.4031,0.00547,0.04898,-0.00369,0.99969,0.00278,0.02448,-0.00191,0.9987859716609067,0.005458070342490184,0.04895704526945019,0.005645468510865781,-0.9999772547482317,-0.00369034842289993,0.048935789547849357,0.003962253692787108,-0.9987940673867675
3.0,0.015918584540486336,Empty,0.43857,0.00214,0.39851,0.00535,0.0491,-0.00373,0.99969,0.00272,0.02454,-0.00193,0.9987803789323937,0.005337728445444168,0.04908424711357613,0.005527163313469641,-0.9999777891802267,-0.0037244612941849074,0.0490632767492159,0.003991215512640473,-0.9987876976982453
3.067,0.015918584540486336,Empty,0.44308,0.00213,0.39455,0.00525,0.04901,-0.00375,0.99969,0.00267,0.0245,-0.00194,0.9987849260885331,0.005239102126844697,0.04900227777591242,0.00542973824888815,-0.9999781972786146,-0.003758046029561899,0.04898152060595662,0.004019549267795806,-0.998791596812274
3.133,0.015918584540486336,Empty,0.44738,0.00212,0.39058,0.00517,0.04923,-0.00377,0.99969,0.00263,0.02461,-0.00195,0.99877491658094,0.005162010067126854,0.049214018945856315,0.00535443245427325,-0.999978524848603,-0.003778874793387104,0.04919345547762268,0.004037758496783929,-0.9987811073726277
3.2,0.015918584540486336,Empty,0.45165,0.00213,0.38652,0.00515,0.04886,-0.0038,0.9997,0.00262,0.02442,-0.00196,0.9987936510083529,0.005140542441773921,0.048834593566537084,0.005332232549653426,-0.9999785792657391,-0.0037958274079020575,0.04881403488179351,0.004051645724700657,-0.9987996666827038
3.267,0.015918584540486336,Empty,0.45597,0.00212,0.38278,0.00509,0.04805,-0.00382,0.99971,0.00259,0.02402,-0.00197,0.9988331724555604,0.005076062055564712,0.04802631774734586,0.0052657659890357755,-0.999978822983524,-0.0038243029475691845,0.04800588829414249,0.0040727359961242665,-0.9988387495039407
3.333,0.015918584540486336,Empty,0.46017,0.00213,0.37883,0.00507,0.04745,-0.00384,0.99971,0.00258,0.02372,-0.00198,0.9988611828569236,0.005057170593977478,0.04744220069991609,0.005245217881310216,-0.9999788705990698,-0.0038400579144234857,0.047421778446672495,0.004084529470080028,-0.9988666034801458
3.4,0.015918584540486336,Empty,0.46489,0.00214,0.37526,0.00503,0.04907,-0.00386,0.99969,0.00256,0.02453,-0.00199,0.9987839155240587,0.005023312781307243,0.04904545258361559,0.005218654212113205,-0.9999789496823939,-0.003855624503418916,0.04902505215341362,0.0041068869960257295,-0.9987891057378213
3.467,0.015918584540486336,Empty,0.46941,0.00215,0.37184,0.00501,0.04979,-0.00388,0.99968,0.00255,0.02489,-0.002,0.9987478635962124,0.00500737088867198,0.04977580937347953,0.005206096461233212,-0.9999789844927344,-0.0038635647419986534,0.04975541700798034,0.004117864696971105,-0.9987529432590923
3.533,0.015918584540486336,Empty,0.474,0.00217,0.36854,0.005,0.05072,-0.00387,0.99967,0.00255,0.02535,-0.002,0.9987022201469686,0.005001584164882555,0.05068391884373093,0.0052047689093553395,-0.9999789368109022,-0.003877668776197364,0.05066345679201663,0.0041364345007850285,-0.9987072163830119
3.6,0.015918584540486336,Empty,0.47836,0.00217,0.36527,0.00494,0.05012,-0.00392,0.99968,0.00252,0.02505,-0.00202,0.998732424063727,0.004946478795584797,0.05009069246193586,0.00514884583118691,-0.9999790934534314,-0.00391178254253605,0.050070295689141654,0.0041647333141811025,-0.9987370126745196
3.667,0.015918584540486336,Empty,0.48292,0.00217,0.36201,0.00492,0.05058,-0.00394,0.99968,0.00251,0.02528,-0.00203,0.9987089655921553,0.004917623444543828,0.05055906472141861,0.005122813596244502,-0.9999791571381587,-0.003929639947330196,0.05053868643628427,0.004183571311116037,-0.9987133417074089
3.733,0.015918584540486336,Empty,0.48761,0.00218,0.3591,0.0049,0.05172,-0.00395,0.99966,0.0025,0.02585,-0.00204,0.998651512858446,0.004894403183942964,0.0516836597292607,0.005105341154077958,-0.999979165896851,-0.003950096699920486,0.05166324958069778,0.00420863276032191,-0.9986556944478168
3.8,0.015918584540486336,Empty,0.49266,0.0022,0.35628,0.00488,0.05346,-0.00397,0.99964,0.00249,0.02672,-0.00205,0.9985596544165716,0.00486990793981501,0.0534312695723631,0.005089316258494514,-0.999979164507065,-0.003971071866988512,0.05341081755110878,0.004237280780110049,-0.9985636334356026
3.866,0.015918584540486336,Empty,0.49732,0.00224,0.353,0.00493,0.05396,-0.00399,0.99963,0.00252,0.02697,-0.00206,0.9985324045469288,0.004933248277466495,0.05393236626703129,0.005155335844468312,-0.9999787926448758,-0.003979544298929803,0.053911590424129435,0.004251743398804822,-0.9985366608672972
3.933,0.015918584540486336,Empty,0.50203,0.00224,0.34954,0.00489,0.05428,-0.00401,0.99963,0.0025,0.02713,-0.00207,0.9985156692164765,0.004893393880700203,0.054244935482497744,0.005118083578790622,-0.9999788864262613,-0.004003988283558517,0.054224197086287194,0.004275675154017894,-0.9985196317811307
4.0,0.015918584540486336,Empty,0.50636,0.00227,0.34565,0.00498,0.0526,-0.00403,0.99965,0.00254,0.02629,-0.00208,0.9986043509470559,0.004960500208836038,0.05258083022630455,0.005179585075869408,-0.9999784605081222,-0.004031180751031108,0.05255970098898172,0.004297901520950677,-0.9986085348496002
4.067,0.015918584540486336,Empty,0.51008,0.0024,0.34118,0.00526,0.04872,-0.00403,0.9997,0.00268,0.02435,-0.00208,0.9987999069697645,0.0052526136403855395,0.04869451598624159,0.00545551236657188,-0.9999769786307571,-0.004034797804179681,0.04867220173782655,0.004295609205603649,-0.9988055689269784
4.133,0.01591825671494007,Empty,0.51337,0.00244,0.33685,0.00529,0.04335,-0.00409,0.99976,0.00269,0.02167,-0.0021,0.9990464249006867,0.005286236269017808,0.043339319321655356,0.005468290257385877,-0.999976712410198,-0.004083189801186066,0.04331672534734452,0.004316288150674228,-0.999052066191639
4.2,0.01591825671494007,Empty,0.51586,0.00244,0.33209,0.00527,0.03547,-0.00415,0.99984,0.00267,0.01773,-0.00212,0.9993571570591009,0.00525654897267841,0.035463239102619226,0.005407034695188884,-0.9999767752083264,-0.004148857645364105,0.035440606802885286,0.004337941545745631,-0.9993623695399927
4.267,0.01591825671494007,Empty,0.51776,0.00247,0.32696,0.0053,0.02637,-0.00421,0.99991,0.00268,0.01318,-0.00214,0.9996383237516809,0.005310297395170915,0.026363278030324996,0.0054231950189551625,-0.9999764206490283,-0.004212730912830745,0.026340285547346555,0.004354180466216401,-0.9996435517071832
4.333,0.015918584540486336,Empty,0.51908,0.00249,0.32103,0.00535,0.01595,-0.00428,0.99996,0.00269,0.00797,-0.00216,0.9998585797184931,0.005339915968937348,0.015946970269061087,0.005408780673925195,-0.9999762201086642,-0.004278353516232918,0.01592374500357891,0.004364002134873224,-0.9998636856244094
4.4,0.015918584540486336,Empty,0.51998,0.0027,0.31485,0.00577,0.00447,-0.00435,0.99999,0.00289,0.00223,-0.00218,0.9999734045270123,0.005761863287368996,0.0044711486347389934,0.005781298475777741,-0.999973843578913,-0.004346118492401806,0.004445989944908775,0.0043718519501118325,-0.9999805598530086
4.467,0.015918584540486336,Empty,0.52068,0.00321,0.30894,0.00677,-0.00649,-0.0044,0.99999,0.00338,-0.00325,-0.00219,0.9999560339604023,0.006780735922375658,-0.006477018336638724,0.006752250467760235,-0.9999674802270766,-0.0044097167631863615,-0.006506708830336703,0.0043657884353112755,-0.9999693008445484
4.533,0.015918584540486336,Empty,0.52082,0.00386,0.30318,0.00808,-0.01732,-0.00447,0.99995,0.00402,-0.00867,-0.0022,0.9998171783413641,0.00807699720584576,-0.017331243742151194,0.00800075043410342,-0.999958028487018,-0.004464219623534156,-0.017366573813055126,0.004324740511604497,-0.9998398365405846
4.6,0.015918584540486336,Empty,0.52067,0.00492,0.29787,0.01082,-0.02696,-0.00453,0.99989,0.00538,-0.01349,-0.00219,0.999578157194498,0.010815818728081406,-0.026954141145521533,0.01069781226350991,-0.9999325681070467,-0.004518412511133996,-0.027001193907420295,0.004228156109624947,-0.9996264593454328
4.667,0.015918584540486336,Empty,0.52044,0.0064,0.29302,0.01446,-0.03579,-0.0046,0.99981,0.00719,-0.01791,-0.00217,0.9992552825464612,0.014447483000986416,-0.0357791914096517,0.01429181247305289,-0.9998872727072696,-0.004602822422506949,-0.035841657316973606,0.004088045126249163,-0.9993491199214708
4.733,0.015918584540486336,Empty,0.52013,0.00844,0.28824,0.01899,-0.04458,-0.0047,0.9997,0.00944,-0.02231,-0.00214,0.9988264773567475,0.018979019489883342,-0.04455855642088695,0.018788426383021584,-0.9998124710390065,-0.004692311682467049,-0.044639255875972075,0.0038496199914109254,-0.9989957543757436
4.8,0.015918584540486336,Empty,0.51994,0.01078,0.28347,0.02386,-0.05271,-0.00479,0.99958,0.01186,-0.02638,-0.00208,0.9983263331949941,0.023825212057046075,-0.052696221115698674,0.02360602779482146,-0.9997099210879432,-0.004777983893700391,-0.05279477153268027,0.0035260386803234165,-0.9985991583964193
4.867,0.015918584540486336,Empty,0.5218,0.01247,0.27907,0.02626,-0.05279,-0.00475,0.99956,0.01306,-0.02642,-0.00203,0.9982623945038874,0.026214521968367765,-0.052773009742998436,0.025999631444072302,-0.9996506459049774,-0.004754503815733634,-0.05287921032066407,0.0033741635602597382,-0.9985952153581208
4.933,0.015918584540486336,Empty,0.52654,0.01343,0.27574,0.02759,-0.04172,-0.0047,0.99969,0.01374,-0.02089,-0.00206,0.9987501715997067,0.027552460584436056,-0.04170079909665622,0.027380061273050538,-0.9996140475450115,-0.004699808013474534,-0.04181419584591552,0.003552163625541746,-0.9991190895780827
5.0,0.015918584540486336,Empty,0.53391,0.01428,0.27351,0.02611,-0.0217,-0.00456,0.99985,0.01303,-0.01088,-0.00214,0.9994235632221613,0.0261096529421041,-0.02169855524133451,0.026016351215836675,-0.9996510660221403,-0.004571178208347106,-0.021810335754696597,0.004004025979074973,-0.9997541082837451
5.067,0.015918584540486336,Empty,0.5422,0.01568,0.27174,0.02402,0.00134,-0.00474,0.99992,0.01201,0.00064,-0.00238,0.999710512835726,0.024022425077435294,0.001346706771725343,0.02402857047556911,-0.9996999891789433,-0.004749677517586698,0.0012322039728129095,0.0047806619854852414,-0.9999878133979184
5.133,0.015918584540486336,Empty,0.55024,0.01784,0.27,0.02106,0.0222,-0.00529,0.99988,0.01056,0.01107,-0.00276,0.9995317987971475,0.021056794921524624,0.022198977025339073,0.021178872212814392,-0.9997617679272828,-0.005278518988049792,0.02208253982520947,0.005746196876785166,-0.9997396374338277
5.2,0.015918584540486336,Empty,0.55705,0.02032,0.2679,0.01649,0.03739,-0.00611,0.99979,0.0083,0.01867,-0.00321,0.9991653349202535,0.016480932886081212,0.037376628324422775,0.01672030842263511,-0.9998415927194031,-0.006100881459181317,0.037270159376497414,0.006720738019854206,-0.9992826261376303
5.267,0.015918584540486336,Empty,0.56139,0.02238,0.26444,0.00369,0.04278,-0.00712,0.99976,0.00192,0.02138,-0.0036,0.9990786030870601,0.003688795296163394,0.04275906503738625,0.00399698788694397,-0.9999666329195875,-0.007124404206294937,0.04273135782350056,0.007288747267264204,-0.9990600108210889
5.333,0.015918584540486336,Empty,0.56415,0.02424,0.26034,-0.02056,0.04098,-0.0086,0.99973,-0.01019,0.02053,-0.00409,0.9989492570592202,-0.0205520140624334,0.04096335604915258,-0.020216246473450716,-0.9997586918033337,-0.008594273803642853,0.041130100891643574,0.007757118128843156,-0.9991236869972498
5.4,0.015918584540486336,Empty,0.56611,0.02607,0.25593,-0.05365,0.03736,-0.01019,0.99946,-0.02672,0.01881,-0.00459,0.9978646314132675,-0.05357808387959362,0.03735727910668137,-0.053232942873781997,-0.9985302928529979,-0.01017389049983585,0.03784747240516762,0.008163527589051747,-0.9992501817111882
5.467,0.015918584540486336,Empty,0.568,0.02764,0.25202,-0.09245,0.03304,-0.01126,0.99878,-0.04611,0.01676,-0.00486,0.9951862278021352,-0.09226531129823018,0.033037619829478206,-0.09193934936055631,-0.9957009832147021,-0.011256467671191775,0.033934172041086154,0.008164824328526386,-0.9993907181936253
5.533,0.015918584540486336,Empty,0.56917,0.02861,0.24847,-0.13186,0.02794,-0.01183,0.99772,-0.06579,0.01433,-0.00498,0.9909317728721425,-0.13142903998857253,0.027939738011572623,-0.13114353812055984,-0.9912928705318875,-0.01182443410363566,0.029250537118049542,0.008053091352526359,-0.9995396709475687
5.6,0.015918584540486336,Empty,0.57077,0.02895,0.24601,-0.16688,0.02506,-0.01233,0.99643,-0.08326,0.013,-0.0051,0.9857978401198777,-0.16605532033327186,0.02506489585054366,-0.16579007022903847,-0.9860840078110087,-0.012328104186317038,0.02676324024543037,0.007997507636298987,-0.9996098082968035
5.667,0.015918584540486336,Empty,0.57252,0.02903,0.24441,-0.1986,0.02415,-0.01302,0.99499,-0.09905,0.01266,-0.00528,0.980058829845927,-0.19723497016740416,0.024146564643760395,-0.19696766668456628,-0.9803236301161868,-0.013012244873934781,0.026237917635927695,0.007996672988487651,-0.9996237416644551
5.733,0.015918584540486336,Empty,0.57456,0.02912,0.24314,-0.22595,0.02433,-0.01385,0.99354,-0.11264,0.01287,-0.00551,0.9742932299938003,-0.22396511791809587,0.024337788399552446,-0.2236814444002635,-0.9745639366852399,-0.013847192624472746,0.026820019001854795,0.00804731436572401,-0.999607886779731
5.8,0.015918584540486336,Empty,0.57634,0.02927,0.2424,-0.24858,0.02456,-0.0146,0.9922,-0.12387,0.01309,-0.00572,0.9689688782158035,-0.24595950352509077,0.024560856558729666,-0.24565983999603663,-0.9692461566881803,-0.014598998538036666,0.027396278256897215,0.008112359144092402,-0.9995917334426031
5.867,0.015918584540486336,Empty,0.57789,0.02934,0.24127,-0.26658,0.02462,-0.01517,0.99104,-0.13279,0.01321,-0.00588,0.9643869311122646,-0.26334669341379235,0.02462450340392828,-0.26303602664722153,-0.9646668845188502,-0.015160824460997605,0.027746995972721854,0.00814376944154296,-0.9995818041730117
5.933,0.015918584540486336,Empty,0.57906,0.02945,0.23957,-0.2784,0.02341,-0.01514,0.99024,-0.13865,0.01264,-0.00587,0.961230964194576,-0.2747495349322836,0.02340355802136874,-0.27445269963750574,-0.961481516909434,-0.015133020294013415,0.026659878755364592,0.008123158008302952,-0.9996115571404334
6.0,0.015918584540486336,Empty,0.57967,0.02958,0.23707,-0.28293,0.02039,-0.01428,0.98994,-0.14091,0.0111,-0.00563,0.9600448254218482,-0.27910209777737144,0.020394906153350215,-0.2788518769663725,-0.9602278912273985,-0.014283823763765696,0.023570402904161444,0.008025953230226162,-0.9996899620290693
6.067,0.015918584540486336,Empty,0.57948,0.02981,0.23305,-0.28348,0.01537,-0.01264,0.98993,-0.14121,0.0085,-0.00517,0.9599722732818732,-0.279673363091347,0.015363740013685116,-0.27949779177537304,-0.960063299021116,-0.012627203387184562,0.018281655360573402,0.007827633733552192,-0.9998022350582193
6.133,0.015918584540486336,Empty,0.57902,0.02986,0.22813,-0.28627,0.00894,-0.01048,0.98975,-0.14262,0.00517,-0.00455,0.9592632479270771,-0.2823725756505521,0.008930268577620212,-0.28227854009381864,-0.9592752419110768,-0.010480269984469213,0.011525926379155307,0.007532514647718259,-0.9999052026288214
6.2,0.015918584540486336,Empty,0.5787,0.0297,0.22286,-0.29705,0.00294,-0.00845,0.98898,-0.14797,0.00208,-0.00396,0.9562005741115419,-0.292697371990212,0.002951355414181429,-0.2926643598867044,-0.956177913210702,-0.008448120508903933,0.00529476353228794,0.007214341137687872,-0.9999599585788853
6.267,0.015918584540486336,Empty,0.57871,0.02973,0.21738,-0.31735,-0.0017,-0.00682,0.98743,-0.15801,-0.0003,-0.0035,0.9500680367245156,-0.31203824936592817,-0.001690126347737931,-0.31204238931855827,-0.9500437025755277,-0.00681985813250287,0.0005223626993646108,0.007006720290485112,-0.9999753161993457
6.333,0.015918584540486336,Empty,0.5787,0.02987,0.21199,-0.34575,-0.00611,-0.00509,0.98509,-0.17202,-0.00257,-0.00303,0.9408075149982495,-0.33888630323418745,-0.006106816116875817,-0.33891742515725654,-0.9408024246237388,-0.005077080545930841,-0.0040247543520553685,0.0068462619261035395,-0.9999684645277795
6.4,0.015918584540486336,Empty,0.57892,0.02998,0.20703,-0.38221,-0.009,-0.00366,0.98178,-0.18995,-0.00407,-0.00265,0.9278084235998727,-0.3729485098839746,-0.008996558922285267,-0.3729916579594736,-0.9278274773704793,-0.0036599629746309837,-0.006982276832259545,0.006751385906279561,-0.9999528321868899
6.467,0.015918584540486336,Empty,0.57958,0.03011,0.20323,-0.42586,-0.00914,-0.0033,0.9774,-0.21133,-0.00412,-0.00258,0.9106433180448724,-0.413092200532599,-0.00914227320529687,-0.4131347655936084,-0.9106638814342345,-0.0033106659524182276,-0.006957927718755052,0.006791826725511375,-0.9999527280484768
6.533,0.015918584540486336,Empty,0.58018,0.03049,0.20049,-0.47521,-0.00869,-0.00335,0.97189,-0.23538,-0.00383,-0.00265,0.8891637199389651,-0.4575066006416555,-0.008694223002557632,-0.457547220186482,-0.8891790167970474,-0.0033492368472314996,-0.00619842269650797,0.0069560374605426275,-0.9999565956074908
6.6,0.015918584540486336,Empty,0.5807,0.03112,0.19908,-0.52452,-0.0078,-0.00385,0.96579,-0.25927,-0.00327,-0.00287,0.8655348819164093,-0.5007877408800673,-0.007810683080621274,-0.5008253182748184,-0.8655398339785337,-0.0038466051706936765,-0.00483412462337067,0.007241158791991284,-0.9999620977109457
6.667,0.015918584540486336,Empty,0.58134,0.03177,0.19911,-0.57181,-0.00573,-0.00538,0.9594,-0.28203,-0.00199,-0.00339,0.8409103742032508,-0.5411441003138941,-0.005727586997581386,-0.5411710621063399,-0.8408953041133841,-0.00538229121798206,-0.0019037058713847659,0.007625628860971744,-0.9999691123671921
6.733,0.015918584540486336,Empty,0.58209,0.03226,0.19961,-0.61475,-0.00342,-0.00735,0.95312,-0.30256,-0.00052,-0.00402,0.8169200342416459,-0.5767407722257353,-0.003426267224057566,-0.5767491451433583,-0.8168882040106608,-0.00735429973840933,0.0014426472311887062,0.00798397148663259,-0.9999670869424989
6.8,0.015918584540486336,Empty,0.58249,0.03255,0.19992,-0.6549,-0.00256,-0.00834,0.94686,-0.32163,0.00013,-0.00436,0.7931099633575018,-0.609073097493213,-0.0025588929413514244,-0.6090708128771012,-0.7930719195005658,-0.008347179219089397,0.003054656165507724,0.008178778008444876,-0.9999618876067223
6.867,0.015918584540486336,Empty,0.5825,0.03273,0.1999,-0.69198,-0.00287,-0.00836,0.94073,-0.33913,7e-05,-0.00442,0.7699883472053259,-0.6380515274645271,-0.0028624234827078327,-0.6380502700345932,-0.769949325186345,-0.0083599972413059,0.0031301879805061333,0.00826347053456931,-0.9999609577268159
6.934,0.015918584540486336,Empty,0.58251,0.03274,0.1999,-0.72856,-0.00314,-0.00829,0.93437,-0.35628,1e-05,-0.00443,0.7461341949553878,-0.6657882066241437,-0.0031348107568979614,-0.6657880185712874,-0.7460949939657234,-0.008280960463968506,0.0031744992036794564,0.00826582721167159,-0.9999607985592801
7.0,0.015918584540486336,Empty,0.58251,0.0327,0.19987,-0.76366,-0.00343,-0.00813,0.92798,-0.37262,-8e-05,-0.00441,0.7223150491883399,-0.6915555575606266,-0.003446813464240555,-0.6915570574035789,-0.7222761042324776,-0.008128075421538768,0.0031314647290692915,0.008254699374664548,-0.9999610261739628
7.067,0.015918584540486336,Empty,0.5825,0.03266,0.19981,-0.79782,-0.00378,-0.00794,0.92147,-0.38842,-0.0002,-0.00439,0.698265452809903,-0.7158289568317621,-0.0037765027912762534,-0.7158324341299674,-0.6982269550684634,-0.007940117340945808,0.003046909868530749,0.008247652816017184,-0.9999613455345558
7.133,0.015918584540486336,Empty,0.58248,0.03263,0.19968,-0.83028,-0.00416,-0.00765,0.91505,-0.40332,-0.00036,-0.00434,0.6746704809873493,-0.738107335236991,-0.004159778076630283,-0.7381136024712951,-0.6746331160889438,-0.0076464712756019616,0.002837592491125195,0.008229237234989013,-0.9999621131439853
7.2,0.015918584540486336,Empty,0.58243,0.03243,0.19942,-0.86228,-0.00464,-0.00716,0.90848,-0.41791,-0.00061,-0.00422,0.6507086857455594,-0.7593133152906208,-0.004636325878639319,-0.759323645621908,-0.6506739009560616,-0.007146734504396537,0.002409874424477353,0.008170914085187919,-0.9999637136757866
7.267,0.015918584540486336,Empty,0.5823,0.03198,0.1987,-0.89377,-0.00547,-0.00596,0.90179,-0.43216,-0.00118,-0.00387,0.6264796061057241,-0.7794186298532034,-0.005468324365978895,-0.7794368550371724,-0.6264524237441083,-0.005962364874261572,0.0012215332080955832,0.00799751354402773,-0.999967273281348
7.333,0.015918584540486336,Empty,0.58231,0.03165,0.19731,-0.92573,-0.0061,-0.00492,0.89476,-0.44652,-0.00163,-0.00356,0.6012274142359869,-0.7990547105895921,-0.0060963805403042425,-0.7990779228948225,-0.6012073665561046,-0.004916862899244025,0.0002636535708039124,0.00782763586638807,-0.9999693288314087
7.4,0.015918584540486336,Empty,0.58316,0.03121,0.19543,-0.95835,-0.0048,-0.00663,0.88736,-0.46105,-0.0006,-0.00405,0.5748654702170377,-0.8182338982224713,-0.004793636594760219,-0.8182435470657855,-0.5748333223688978,-0.006644484896240145,0.0026812007283358304,0.007742047144868066,-0.9999664353710382
7.467,0.015918584540486336,Empty,0.58476,0.0308,0.19303,-0.99057,-0.00208,-0.01104,0.87982,-0.47528,0.00171,-0.00535,0.548212789194749,-0.8363363072993975,-0.0020781857764461103,-0.8362997530833832,-0.548161404681146,-0.011036186418547835,0.008090782161551157,0.007788164790288608,-0.9999369398783172
7.533,0.015918584540486336,Empty,0.587,0.0306,0.18979,-1.01867,0.00151,-0.01773,0.87304,-0.48757,0.00498,-0.00737,0.5244941372651479,-0.8514127244199494,0.0015075378227939404,-0.8512659354142599,-0.5244350937556402,-0.017723984901761212,0.01588103201222376,0.008012810575056699,-0.9998417813278833
7.6,0.015918584540486336,Empty,0.58969,0.03058,0.18607,-1.04218,0.00576,-0.02648,0.86721,-0.49775,0.00909,-0.01005,0.5043192526591105,-0.8634981240785422,0.005751618050164022,-0.8631328633886186,-0.5042822847023197,-0.026477112266500076,0.02576337586421152,0.008388506914056952,-0.9996328733169156
7.667,0.015918584540486336,Empty,0.59233,0.03068,0.182,-1.06525,0.00944,-0.03526,0.86137,-0.50764,0.01302,-0.01279,0.4842576209435986,-0.8748745244004998,0.009440503855476326,-0.8742086639029882,-0.48426939746249364,-0.035247164967777786,0.03540859380148451,0.008815737990235656,-0.9993340353699002
7.733,0.015918584540486336,Empty,0.59448,0.03077,0.17806,-1.09065,0.01184,-0.04253,0.85482,-0.51846,0.01609,-0.01511,0.4618911727122236,-0.8868577225816346,0.011828967319380684,-0.8858851988214751,-0.4619517995817014,-0.04251998791466277,0.04317359238657745,0.009160500016030877,-0.9990255883409063
7.8,0.015918584540486336,Empty,0.59572,0.03081,0.17421,-1.11982,0.01211,-0.0464,0.84713,-0.53084,0.01745,-0.01644,0.43580497219791225,-0.8999596536578196,0.012109830538616726,-0.8988123858625549,-0.43587343008867596,-0.04637507911361129,0.04701405351209925,0.009326024384978027,-0.9988506915658277
7.867,0.015918584540486336,Empty,0.59599,0.0308,0.17096,-1.14989,0.01069,-0.04663,0.83905,-0.54353,0.01716,-0.01666,0.40855332360467744,-0.9126719799038707,0.010678898347681244,-0.9115288175360925,-0.40858689549568805,-0.04660433059758305,0.04689772460178382,0.009306230576563712,-0.9988563447761801
7.933,0.015918584540486336,Empty,0.59556,0.0308,0.16842,-1.17902,0.00826,-0.04403,0.83105,-0.55574,0.01567,-0.016,0.38181072413016237,-0.9242036270096357,0.008259949239273742,-0.9232008101114293,-0.3817897658222426,-0.04400953218335566,0.04382733335262053,0.009177719522379913,-0.9989969641172922
8.0,0.015918584540486336,Empty,0.59513,0.03078,0.1669,-1.20914,0.00614,-0.04182,0.8226,-0.56823,0.01441,-0.01546,0.35381988117058455,-0.9352934464737246,0.0061368291270889885,-0.9344019205708041,-0.3537570243157835,-0.0418212694789927,0.04128610567764712,0.009062931674893403,-0.9991062609890052
8.067,0.01591825671494007,Empty,0.59502,0.03074,0.16649,-1.23857,0.00472,-0.04131,0.81414,-0.58029,0.01391,-0.01545,0.3261416217254368,-0.9453091657371029,0.00471420743328381,-0.9444494089999134,-0.3260509805912084,-0.041304623170118585,0.04058271082636284,0.009018826361192635,-0.9991354784777942
8.133,0.01591825671494007,Empty,0.59503,0.03079,0.16653,-1.26585,0.00359,-0.0415,0.80614,-0.59135,0.01372,-0.01567,0.3002242515312871,-0.9538618940277965,0.0035896955557459913,-0.9530017902815295,-0.30010969318491615,-0.04149409327429386,0.04065693683344608,0.009036546805052701,-0.9991323007035462
8.2,0.015918584540486336,Empty,0.59501,0.03086,0.1665,-1.28816,0.00261,-0.04153,0.7995,-0.60031,0.01351,-0.01582,0.27888483500206307,-0.9603209851632958,0.002618064336375743,-0.9594660472360259,-0.2787497338779697,-0.041514937844560076,0.04059745074692117,0.00906594275066899,-0.99913445325186
8.267,0.015918584540486336,Empty,0.59501,0.03087,0.16648,-1.30448,0.00193,-0.04154,0.79457,-0.60682,0.01337,-0.01592,0.26317978736702646,-0.9647448774462453,0.0019289796980811284,-0.9638935869394357,-0.2630305794515098,-0.04152188977433058,0.04056541110940982,0.009068390961568673,-0.9991357323741817
8.333,0.015918584540486336,Empty,0.59501,0.03089,0.1665,-1.31491,0.00148,-0.04158,0.79139,-0.61096,0.01329,-0.016,0.2530930487385787,-0.9674407942076684,0.0014894237299817523,-0.9665902118039742,-0.25293451563550723,-0.04156312361913111,0.04058658799356261,0.009079675273235386,-0.9991347698744018
8.4,0.015918584540486336,Empty,0.595,0.03091,0.16649,-1.32171,0.0012,-0.04157,0.7893,-0.61365,0.01323,-0.01604,0.24650977050853562,-0.9691395743127746,0.001191026734689793,-0.9682906481721507,-0.24634491593733154,-0.041562038619217284,0.040572819795835616,0.009092188552967007,-0.9991352152742552
8.466,0.015918584540486336,Empty,0.595,0.03098,0.16649,-1.32957,0.00082,-0.04159,0.78688,-0.61675,0.01315,-0.01611,0.23889139541350785,-0.971045940495822,0.0008262227130347785,-0.9701984886247056,-0.23871828432214004,-0.04157491311633392,0.040568385076606275,0.009130288981102616,-0.9991350479066369
8.533,0.015918584540486336,Empty,0.595,0.03107,0.16649,-1.33641,0.0005,-0.0416,0.78477,-0.61944,0.01308,-0.01617,0.23225462441009015,-0.9726548928772791,0.000498800577471651,-0.9718086364778675,-0.23207387984613725,-0.04158952224043809,0.0405680108848739,0.009174620158280945,-0.9991346570096525
8.6,0.015918584540486336,Empty,0.595,0.03104,0.16649,-1.33687,0.00052,-0.04159,0.78463,-0.61962,0.01309,-0.01616,0.23181044046851035,-0.9727608429151134,0.0005120360082960032,-0.9719148994207756,-0.23163073574960769,-0.04157680290738143,0.04056288911923153,0.00914028156972968,-0.9991351796824726
8.667,0.015918584540486336,Empty,0.59499,0.03106,0.16649,-1.33656,0.00055,-0.04159,0.78472,-0.6195,0.0131,-0.01615,0.23208527904261472,-0.9726952916181693,0.0005412167363784103,-0.9718490153001111,-0.23190649267847913,-0.0415796839065785,0.04056987443801301,0.00912405158964869,-0.9991350444112513
8.733,0.015918584540486336,Empty,0.59498,0.03108,0.16648,-1.33638,0.00052,-0.04156,0.78477,-0.61943,0.01308,-0.01615,0.23226404047426746,-0.9726526272380767,0.0005312527032581109,-0.9718077042095938,-0.23208497139651807,-0.041549393386139125,0.0405364224056164,0.009134154517211071,-0.9991363098595751
8.8,0.015918584540486336,Empty,0.59494,0.03104,0.16644,-1.33646,0.00054,-0.04145,0.78476,-0.61946,0.01305,-0.0161,0.23220707655402117,-0.9726662291759365,0.0005293570624752206,-0.9718260856290504,-0.23202905539287194,-0.04143159114020897,0.04042193574227801,0.009106265653724015,-0.9991412027519888
