time,gr,gr_state,tx,ty,tz,rx,ry,rz,qw,qx,qy,qz,xx,xy,xz,yx,yy,yz,zx,zy,zz
0.0,0.016148746013641357,Empty,0.30817,0.00195,0.48575,-0.00953,0.00323,-0.006,0.99998,-0.00476,0.00163,-0.00299,0.9999494693804063,-0.00952185454734894,0.0032238132425493555,-0.009502374887757903,-0.9999368218271346,-0.006004766918158424,0.003280786085104593,0.005973829611566713,-0.9999767746315091
0.067,0.016148746013641357,Empty,0.30817,0.00195,0.48576,-0.00951,0.00323,-0.006,0.99998,-0.00475,0.00163,-0.00299,0.9999495025988046,-0.009515377939122771,0.0032326204662703247,-0.009495848975009047,-0.9999368897113848,-0.006003786019304258,0.003289544747699049,0.005972786367971723,-0.9999767520889451
0.133,0.016148746013641357,Empty,0.30817,0.00195,0.48575,-0.00951,0.00321,-0.006,0.99998,-0.00475,0.00162,-0.00299,0.9999496420552991,-0.00950796697293177,0.003211217451444432,-0.009488581325242884,-0.9999369869524887,-0.005999078997033905,0.0032680541478185897,0.005968306997804448,-0.9999768492988558
0.2,0.016148746013641357,Empty,0.30817,0.00195,0.48577,-0.00951,0.00327,-0.00602,0.99998,-0.00475,0.00165,-0.003,0.9999494749314951,-0.009506520947971497,0.0032670542836650473,-0.009486776678704012,-0.9999369582028717,-0.006006720256275747,0.003323951334636451,0.005975422951936976,-0.9999766225607829
0.267,0.016148746013641357,Empty,0.30817,0.00195,0.48577,-0.00951,0.00327,-0.00602,0.99998,-0.00475,0.00165,-0.003,0.999949368090046,-0.00951783890219926,0.00326680255742688,-0.009498098391575283,-0.9999368550556562,-0.006005999362927487,0.00332376040974425,0.005974666855592269,-0.9999766277132199
0.334,0.01614907570183277,Empty,0.30817,0.00194,0.48575,-0.00953,0.00321,-0.00602,0.99998,-0.00476,0.00162,-0.003,0.9999495163618228,-0.009519799448645505,0.003215298775251173,-0.009500357555482952,-0.9999368169027898,-0.006008777632330086,0.0032722979807073243,0.0059779277993616126,-0.9999767779529439
0.4,0.01614907570183277,Empty,0.30817,0.00195,0.48576,-0.00951,0.00323,-0.006,0.99998,-0.00475,0.00163,-0.00299,0.9999495246639831,-0.00951027917308006,0.0032407891514721733,-0.009490709456823787,-0.9999369530200211,-0.0060013680975405095,0.0032976595155314817,0.005970307788221776,-0.9999767401628068
0.467,0.01614907570183277,Empty,0.30817,0.00194,0.48576,-0.00953,0.00323,-0.00602,0.99998,-0.00476,0.00163,-0.003,0.9999493090809655,-0.009535808010874114,0.00323228001258786,-0.009516246005777718,-0.9999366321977281,-0.006014370376258403,0.003289427071321594,0.00598330633053727,-0.9999766895857609
0.533,0.016148746013641357,Empty,0.30817,0.00194,0.48576,-0.00955,0.00325,-0.00602,0.99998,-0.00477,0.00164,-0.003,0.9999492229199934,-0.00954047493602711,0.0032451378548044967,-0.009520840875374192,-0.9999365974472275,-0.006012875741880081,0.0033022977950892467,0.005981673984473219,-0.9999766569303583
0.6,0.016148746013641357,Empty,0.30819,0.00191,0.48568,-0.01055,0.00305,-0.00602,0.99998,-0.00527,0.00154,-0.003,0.9999396143539347,-0.01055693416569986,0.0030526687874084637,-0.01053840443811277,-0.9999263258955542,-0.0060236876510012674,0.003116035558735632,0.00599115364843345,-0.9999771979402121
0.667,0.016148746013641357,Empty,0.30866,0.00196,0.48477,-0.01844,0.00053,-0.00593,0.99995,-0.00922,0.00029,-0.00296,0.9998298903314391,-0.018436658381191906,0.0005291763013745344,-0.01843319998165749,-0.9998125147317217,-0.005928956423064809,0.0006383872327426465,0.00591819343766398,-0.9999822835671517
0.733,0.016148746013641357,Empty,0.30963,0.00241,0.48279,-0.02683,-0.00585,-0.00498,0.9999,-0.01342,-0.00289,-0.00253,0.9996232494858883,-0.02681872212198444,-0.0058408245152322125,-0.026847990242190256,-0.9996270653943982,-0.00499154795019379,-0.0057047793322104684,0.005146481781528638,-0.9999704841734298
0.8,0.016148746013641357,Empty,0.31066,0.00353,0.48048,-0.02586,-0.01314,-0.00335,0.99989,-0.01294,-0.00655,-0.00176,0.9995790122730797,-0.025863550387411505,-0.013148193204103851,-0.025909652226288382,-0.9996586817153001,-0.0033481327245419162,-0.013057110885927523,0.003687388315079165,-0.9999079532750633
0.867,0.016148746013641357,Empty,0.31198,0.00518,0.47754,-0.02181,-0.02238,-0.00124,0.99988,-0.01091,-0.01118,-0.00074,0.9995117173466002,-0.02180468366455196,-0.02238040788588641,-0.021837646418120416,-0.9997607741860228,-0.0012294705695170167,-0.022348245697749604,0.0017176056744703568,-0.9997487713145639
0.933,0.016148746013641357,Empty,0.31424,0.00664,0.47301,-0.02781,-0.03506,0.00149,0.99975,-0.01389,-0.01754,0.0005,0.9989988297441628,-0.027800565400521227,-0.03504948977095719,-0.027765336294417742,-0.9996133559450497,0.0014915484347958821,-0.03507740398391771,-0.0005168942704294327,-0.9993844648332603
1.0,0.016148746013641357,Empty,0.31717,0.00757,0.46704,-0.04166,-0.05264,0.0045,0.99944,-0.02076,-0.02636,0.0017,0.9977482779862166,-0.041588504928383785,-0.05261910331202331,-0.04140911380104517,-0.9991321620266094,0.0044953418384906275,-0.052760393002248274,-0.002306309141156893,-0.99860453727609
1.067,0.016148746013641357,Empty,0.31991,0.00856,0.46047,-0.05081,-0.07293,0.0074,0.99901,-0.02525,-0.03654,0.00277,0.9960541432702283,-0.05065336080654442,-0.07287235904795064,-0.05024862850592715,-0.9987094890131516,0.007377796985739898,-0.07315202668063797,-0.003686949157701835,-0.9973139863645872
1.133,0.016148746013641357,Empty,0.32407,0.01002,0.45368,-0.05817,-0.08941,0.01025,0.99857,-0.02882,-0.04482,0.00382,0.9943219659811924,-0.0578928611435226,-0.08928742686354953,-0.05720868194858403,-0.9983100844579136,0.010204997762830285,-0.08972733517163348,-0.005039037432926812,-0.995953620117296
1.2,0.016148746013641357,Empty,0.33073,0.01196,0.44732,-0.06258,-0.0953,0.01176,0.99837,-0.03097,-0.04779,0.00438,0.9935148107122693,-0.0622541317094763,-0.09514590890029415,-0.06141692921035152,-0.9980435601609623,0.011705247865894976,-0.09568846169593552,-0.005785767566240913,-0.9953945163561707
1.267,0.016148746013641357,Empty,0.33886,0.01406,0.44126,-0.05953,-0.09373,0.01225,0.99845,-0.02944,-0.04701,0.00472,0.9938469949961655,-0.05922557585154964,-0.0935974449552143,-0.05833854354114465,-0.9982224604188455,0.0121874465268062,-0.09415288033082145,-0.006652118489483133,-0.9955355264605135
1.333,0.016148746013641357,Empty,0.34731,0.01627,0.43509,-0.05428,-0.08941,0.013,0.99862,-0.02682,-0.04485,0.00528,0.9945377774286543,-0.05404919974234906,-0.08929329915779433,-0.05310163903199855,-0.9985050717459638,0.01295521631247143,-0.08986003115616531,-0.008142831497659321,-0.9959211159001568
1.4,0.016148746013641357,Empty,0.35555,0.01927,0.42857,-0.04711,-0.08582,0.0141,0.99878,-0.02323,-0.04305,0.00603,0.9952140552226445,-0.04691500336005866,-0.08572028200504332,-0.04587599001214765,-0.9988483042022112,0.014052001023768773,-0.08628080799171853,-0.010052246121755811,-0.9962201436029107
1.467,0.016148746013641357,Empty,0.3634,0.0229,0.42184,-0.03872,-0.08277,0.0161,0.99893,-0.01901,-0.04152,0.00724,0.9958294773589644,-0.038583797956593224,-0.08267371140946733,-0.03738180974066396,-0.9991723421812992,0.016038420135688167,-0.0832241090278768,-0.012881038590922576,-0.9964476035002217
1.533,0.016148746013641357,Empty,0.37114,0.02693,0.41474,-0.02949,-0.08007,0.01816,0.99905,-0.01437,-0.04015,0.00848,0.9963631819628669,-0.029402655196238636,-0.0799743302331552,-0.02804067233222901,-0.9994428897980936,0.018100572565317337,-0.08046198061188428,-0.01579221008747197,-0.9966325680894469
1.6,0.016148746013641357,Empty,0.37816,0.03178,0.40773,-0.01821,-0.07831,0.01987,0.99915,-0.00871,-0.03923,0.00957,0.9967703837263093,-0.01816304732936158,-0.07822343534911734,-0.016661181094608568,-0.9996649325521767,0.01980978722713808,-0.07855703132526606,-0.01844251439373693,-0.9967390162385529
1.667,0.016148746013641357,Empty,0.38524,0.03686,0.40088,-0.00676,-0.07443,0.02143,0.99925,-0.00298,-0.03724,0.01058,0.9972078653074021,-0.0067426603044618005,-0.07437075971826836,-0.005166515825238915,-0.9997583899670006,0.02136513058275783,-0.07449684881443878,-0.020921238553426355,-0.9970017659433253
1.733,0.016148746013641357,Empty,0.39247,0.04236,0.39418,0.00481,-0.06813,0.02257,0.99935,0.00279,-0.03403,0.01136,0.9976678753022206,0.004809056766860387,-0.06808585435291852,0.006356006393972269,-0.9997261382073152,0.022522206104370293,-0.06795889767111819,-0.02290243563687205,-0.9974252185849453
1.8,0.016148746013641357,Empty,0.40003,0.04775,0.38742,0.0151,-0.05971,0.0236,0.99945,0.0079,-0.02976,0.01202,0.9981041077027878,0.015073072467410076,-0.05967405360132712,0.01650430800070779,-0.999586077390094,0.02356441608236998,-0.059294165010054994,-0.02450461944771818,-0.9979397404760886
1.867,0.016148746013641357,Empty,0.40753,0.05368,0.38062,0.02445,-0.0503,0.02383,0.99953,0.01252,-0.025,0.01222,0.9984360450167418,0.02442101867041402,-0.050289937944146754,0.025643482152625574,-0.9993876028754062,0.0238082137515039,-0.04967771969821898,-0.02506058790309211,-0.9984508456101064
1.933,0.016148746013641357,Empty,0.41426,0.06005,0.37343,0.03451,-0.04313,0.02427,0.99954,0.01751,-0.02135,0.0125,0.998475312065475,0.03446173681049575,-0.04312122321730009,0.03552944106319533,-0.9990745177820541,0.024243901012260344,-0.042245828356052,-0.02573900958777307,-0.9987756471660447
2.0,0.016148746013641357,Empty,0.42036,0.06705,0.3659,0.04552,-0.03751,0.02436,0.99949,0.02298,-0.01847,0.0126,0.9982613622820786,0.04548032687480358,-0.037493898731521556,0.046411344356723894,-0.9986256834596592,0.024346076680443866,-0.03633510272078742,-0.026043889918548613,-0.9990002382923542
2.067,0.016148746013641357,Empty,0.42599,0.07434,0.35819,0.05688,-0.03257,0.02437,0.99938,0.02863,-0.01593,0.01264,0.9978535487225095,0.056818387263782466,-0.032557121657752604,0.05762391334382627,-0.9980410812014562,0.024361544392178115,-0.031109161236492117,-0.026185322281226647,-0.999172932471747
2.134,0.016148746013641357,Empty,0.43092,0.08182,0.35061,0.06903,-0.02861,0.02461,0.99922,0.03468,-0.01387,0.01279,0.9972100630257392,0.0689490212122787,-0.02860284381088222,0.06965839863214113,-0.9972677190612194,0.024592763538048068,-0.02682904583108933,-0.02651657957394531,-0.9992882833834746
2.2,0.016148746013641357,Empty,0.43571,0.09024,0.34338,0.08136,-0.02295,0.02433,0.99903,0.0408,-0.01097,0.01262,0.9964292781292217,0.081250720186543,-0.022956788887957776,0.0818048347684256,-0.9963514367179036,0.024326601872832674,-0.020896475669087155,-0.026117714665276622,-0.9994404445915094
2.267,0.016148746013641357,Empty,0.44041,0.09904,0.33695,0.09219,-0.01501,0.02321,0.99884,0.04616,-0.00696,0.01194,0.9956412762170684,0.09205000032765515,-0.01500821550104894,0.0923824113432754,-0.9954531514304152,0.02320589109808259,-0.012803873134683917,-0.024491238166595628,-0.9996180470988997
2.333,0.016148746013641357,Empty,0.44511,0.10887,0.33109,0.10446,-0.00496,0.02179,0.99857,0.05223,-0.00191,0.01101,0.9945364795732358,0.10427157266228376,-0.00496285528793756,0.10435564350291571,-0.994301372638889,0.02178715303826891,-0.0026627931138702,-0.02218602043978781,-0.9997503138433507
2.4,0.016148746013641357,Empty,0.4497,0.11866,0.32565,0.11411,0.00573,0.02,0.99832,0.05699,0.00343,0.00982,0.9934805208400864,0.11385783785614839,0.005731271240594609,0.11372303656297345,-0.9933111286601156,0.020001815789165732,0.007970299003603808,-0.0192196367991214,-0.9997835165150017
2.467,0.016148746013641357,Empty,0.45369,0.12886,0.32061,0.12208,0.01523,0.01806,0.99807,0.06093,0.00815,0.00855,0.9924415722850571,0.12176879939249136,0.015234339331743663,0.12149006365858861,-0.9924284553565144,0.0180534049673509,0.017317333299199898,-0.01606612875568657,-0.9997209558042734
2.533,0.016148746013641357,Empty,0.45693,0.13863,0.31487,0.12483,0.02274,0.01555,0.99796,0.06228,0.01183,0.00705,0.9919620722048941,0.12447588196857523,0.022737680513132612,0.12414228198311261,-0.9921426929010314,0.015542546352351846,0.02449369573986901,-0.012594908941116381,-0.9996206416124908
2.6,0.016148746013641357,Empty,0.4596,0.14811,0.3086,0.12373,0.02841,0.01264,0.99797,0.06173,0.01457,0.00543,0.9919549365185267,0.12336392973841831,0.028403252560585908,0.12304776456645145,-0.9923203895026155,0.012629022629519232,0.029743092504394695,-0.009032464606759346,-0.9995167647575517
2.667,0.016148746013641357,Empty,0.46143,0.15678,0.30174,0.12038,0.0296,0.01026,0.99807,0.06007,0.01508,0.00423,0.9923291603777993,0.12003145433533702,0.029585257038527886,0.11977659976164945,-0.99274798276,0.010247383836302684,0.030600712629438382,-0.006625156307198008,-0.9995097316637169
2.733,0.016148746013641357,Empty,0.46314,0.16498,0.2951,0.11335,0.02909,0.00772,0.99828,0.05658,0.01474,0.00303,0.993161866651241,0.11306389554573293,0.02908714757149937,0.1128853011039439,-0.9935780670503443,0.0077157936191355955,0.029772729543904912,-0.004379520581612899,-0.9995470996281168
2.8,0.016148746013641357,Empty,0.4649,0.17256,0.2883,0.10118,0.0285,0.00463,0.99862,0.05053,0.01435,0.00159,0.9944811744821325,0.10097195758667138,0.02849311112801544,0.10088062055299618,-0.9948877700513952,0.00462875782517559,0.02881482253078042,-0.0017288097862943003,-0.9995832717784158
2.867,0.016148746013641357,Empty,0.46734,0.17934,0.28195,0.08479,0.02853,0.00095,0.999,0.04237,0.01427,-0.00013,0.9960028337433828,0.08464248348356807,0.028530775749800962,0.08465001959313001,-0.9964102968948202,0.0009457403760400104,0.02850840854965746,0.0014731706317065094,-0.9995924671636215
2.933,0.016148746013641357,Empty,0.47007,0.18549,0.27619,0.06463,0.0295,-0.00313,0.99937,0.03233,0.01469,-0.00204,0.9974778387392027,0.06455926455619243,0.02949682328883637,0.0646790792585224,-0.9979012229422863,-0.0031250530489644133,0.029233164906301984,0.005024998532599661,-0.999559988924781
3.0,0.016148746013641357,Empty,0.47367,0.19163,0.27056,0.03954,0.03093,-0.00803,0.99968,0.01983,0.01538,-0.00432,0.9987403054821085,0.03952376212718145,0.030913984421596027,0.03978919738307901,-0.999175922190231,-0.008018496549326577,0.0305715877427896,0.009238438321230034,-0.999489884531239
3.067,0.01614907570183277,Empty,0.47699,0.19694,0.26464,0.01398,0.02969,-0.01209,0.99985,0.00708,0.0148,-0.00615,0.9994617117000855,0.013983926185471784,0.029677207651231496,0.014347776461804518,-0.9998240566632158,-0.012082922995391397,0.0295030194410184,0.012502220840704566,-0.9994865013185088
3.133,0.01614907570183277,Empty,0.4795,0.20193,0.25861,-0.0071,0.02457,-0.01433,0.99989,-0.00346,0.01231,-0.00712,0.9996728376145477,-0.007091239199509325,0.024575029242982424,-0.00674047168263564,-0.9998746452261729,-0.014326893429152545,0.024673544074041816,0.014156558919809875,-0.9995953221491065
3.2,0.016148746013641357,Empty,0.48088,0.20625,0.2519,-0.02121,0.01507,-0.01414,0.99989,-0.01055,0.00761,-0.00699,0.999661564241777,-0.021211156467817793,0.01506133523235149,-0.020998543904610367,-0.999679551803564,-0.014137003208296911,0.015356371041677835,0.013815952631758518,-0.9997866278968262
3.267,0.016148746013641357,Empty,0.48154,0.21035,0.24553,-0.02839,0.00428,-0.01264,0.99988,-0.01418,0.00223,-0.00629,0.999587913971899,-0.02838368133522401,0.004285892575382198,-0.028327544100391233,-0.9995188344547106,-0.012635260802113371,0.004642465567738941,0.012508645176736811,-0.9999109866929629
3.333,0.016148746013641357,Empty,0.48256,0.21362,0.23975,-0.02805,-0.00522,-0.01121,0.99988,-0.01404,-0.00253,-0.00564,0.9995931667263307,-0.028040999934990207,-0.005215683720455842,-0.02809810154139064,-0.9995422277970082,-0.011217465861913455,-0.004898747165924503,0.0113594530343397,-0.9999234796237986
3.4,0.016148746013641357,Empty,0.48338,0.216,0.23468,-0.02481,-0.0135,-0.00987,0.99989,-0.01244,-0.00669,-0.00502,0.9996009032814221,-0.024812467964802964,-0.013504650771523631,-0.02494677232081871,-0.999640064700932,-0.009869123339479136,-0.01325491266430793,0.010202082052808467,-0.9998601026203864
3.467,0.016148746013641357,Empty,0.48494,0.21813,0.23156,-0.02203,-0.01777,-0.00991,0.99989,-0.01106,-0.00883,-0.00505,0.999599202621532,-0.022033189265358855,-0.017775620641594905,-0.022211562794088202,-0.9997042698173032,-0.009900474094549519,-0.017552224834513103,0.010291330324571498,-0.9997929825336389
3.534,0.016148746013641357,Empty,0.48751,0.22011,0.22982,-0.01708,-0.0186,-0.01132,0.9999,-0.00859,-0.00925,-0.00574,0.9996813022034752,-0.01707459128780836,-0.018594417364320232,-0.01728698069574458,-0.9997864634220126,-0.011322007619227165,-0.018397128123410853,0.011639840654372197,-0.9997630018091044
3.6,0.016148746013641357,Empty,0.49046,0.22144,0.22903,-0.01376,-0.01845,-0.01287,0.99991,-0.00694,-0.00918,-0.0065,0.999735281566212,-0.013749740913294839,-0.01844753144851701,-0.01398839477210484,-0.9998193168256646,-0.012870839675852301,-0.018267227579096764,0.013125483879804408,-0.9997469830259528
3.667,0.016148746013641357,Empty,0.49348,0.22298,0.22968,-0.01332,-0.01586,-0.01516,0.99992,-0.00672,-0.00788,-0.00763,0.9997857412906446,-0.013309709358414967,-0.01585317472025359,-0.013549980121605076,-0.9997934730300297,-0.015146264399353564,-0.015648308235093052,0.01535782938261554,-0.9997596048681072
3.733,0.016148746013641357,Empty,0.49653,0.22453,0.23175,-0.01302,-0.01074,-0.01807,0.99992,-0.00656,-0.00531,-0.00907,0.9998574915679321,-0.01302636731043022,-0.01073826383435967,-0.013218954178055853,-0.999749459861162,-0.01806313255648907,-0.010500276468789847,0.018202507025368506,-0.9997791820857594
3.8,0.016148746013641357,Empty,0.50071,0.22636,0.23488,-0.01325,-0.00129,-0.02289,0.99991,-0.00663,-0.00057,-0.01145,0.9999113719292497,-0.013249904940165314,-0.0012993481606345305,-0.013276177489913998,-0.9996499837969276,-0.02288346577900794,-0.0009956896214514354,0.02289868803838567,-0.9997372948371481
3.867,0.01614907570183277,Empty,0.50673,0.22902,0.23778,-0.01369,0.01108,-0.02974,0.99985,-0.00676,0.00564,-0.01483,0.9998449164299503,-0.01369318283972909,0.011074287015575363,-0.0133586362716262,-0.9994684251193935,-0.029739099285643382,0.011475623126784181,0.02958654986774735,-0.9994963462368314
3.933,0.01614907570183277,Empty,0.5119,0.23148,0.23801,-0.01387,0.01684,-0.03432,0.99979,-0.00679,0.00854,-0.0171,0.9997618892665487,-0.013874855455545898,0.016842005708011462,-0.013290781682113673,-0.9993228721086733,-0.03430965465798252,0.017306643015309757,0.03407764173999333,-0.9992693302813719
4.0,0.01614907570183277,Empty,0.51537,0.2332,0.23445,-0.01297,0.01297,-0.03521,0.9998,-0.00637,0.0066,-0.01756,0.9998317069629615,-0.012964441852229447,0.012980023073592138,-0.012500626624385669,-0.9993021708847983,-0.03519809084207858,0.013427288837606936,0.03502990882645389,-0.9992960589345291
4.067,0.016148746013641357,Empty,0.5169,0.23414,0.22711,-0.01258,0.00201,-0.03335,0.99984,-0.00627,0.00111,-0.01667,0.9999188031844375,-0.012582638027358928,0.00201600061379556,-0.01250843359485504,-0.9993654263969677,-0.03335091620045735,0.0024343638194533894,0.03332299120246097,-0.9994416701989743
4.133,0.016148746013641357,Empty,0.51681,0.23441,0.21643,-0.01284,-0.01505,-0.02923,0.99984,-0.00653,-0.00743,-0.01466,0.9998043382304231,-0.012831175995900279,-0.015054772604993829,-0.013267065434744152,-0.9994849521658433,-0.029220119246714374,-0.014672090184294112,0.029414134639730905,-0.9994596232229792
4.2,0.016148746013641357,Empty,0.516,0.23447,0.20392,-0.01332,-0.03521,-0.02411,0.99975,-0.00687,-0.01752,-0.01217,0.9992914141733638,-0.013317588125185242,-0.03520385498672759,-0.014170814181753255,-0.9996091281044904,-0.024099357576633874,-0.03486914947091258,0.024581148400922317,-0.9990895403108108
4.267,0.016148746013641357,Empty,0.51509,0.23451,0.19099,-0.01448,-0.05515,-0.01919,0.99955,-0.0075,-0.0275,-0.00979,0.9983746220972012,-0.01444882246816137,-0.055130259219002276,-0.015526074747814145,-0.999695831245305,-0.019162097841421855,-0.05483662056688148,0.01998690871651964,-0.9982952812293371
4.333,0.016148746013641357,Empty,0.51461,0.23476,0.1791,-0.0151,-0.07359,-0.01487,0.99926,-0.00782,-0.03673,-0.00771,0.9971796712303096,-0.01505374770949125,-0.07352610396934131,-0.01618704008591554,-0.9997588191398012,-0.014841943452502202,-0.07328494400808655,0.01599025428469783,-0.9971828461970464
4.4,0.016148746013641357,Empty,0.51412,0.23513,0.1681,-0.01552,-0.0905,-0.01103,0.99893,-0.008,-0.04519,-0.00586,0.9957874717867634,-0.015461242031709843,-0.0903784323130398,-0.016520548753811648,-0.999803187412541,-0.010984439384711012,-0.09019081162401608,0.012431268421216989,-0.9958469164806613
4.467,0.016148746013641357,Empty,0.51325,0.2353,0.15779,-0.01598,-0.10639,-0.00726,0.99855,-0.00817,-0.05314,-0.00405,0.9942178832612819,-0.01588314608026542,-0.10620040618589258,-0.01674374800216455,-0.9998337684791729,-0.0072168075750483895,-0.10606812672191238,0.008953271990072658,-0.9943185563059638
4.533,0.016148746013641357,Empty,0.51182,0.23535,0.14785,-0.01635,-0.12205,-0.00337,0.9981,-0.00826,-0.06097,-0.00218,0.9924276756822817,-0.016226064090895276,-0.12175394607150077,-0.01675757314202264,-0.999853994460689,-0.0033426790743812315,-0.12168193079604514,0.00535766788096314,-0.992554685200077
4.6,0.016148746013641357,Empty,0.50927,0.23532,0.1383,-0.01598,-0.13783,0.00086,0.99759,-0.00794,-0.06886,-0.00012,0.9903913663862678,-0.015834353722893935,-0.13738345835550808,-0.015867575470080608,-0.9998737378972637,0.0008534120078959179,-0.13737962525877948,0.0013347305092061873,-0.9905175702925338
4.667,0.016148746013641357,Empty,0.50658,0.23536,0.1293,-0.01526,-0.15047,0.0042,0.99714,-0.00745,-0.07518,0.00152,0.9885835326621273,-0.015093894747401748,-0.14991588738563694,-0.014637507071236566,-0.9998842648576776,0.004147321637070239,-0.1499611360853476,-0.0019055790133630207,-0.9886900557973748
4.733,0.016148746013641357,Empty,0.50545,0.23615,0.12203,-0.01427,-0.15489,0.00422,0.99698,-0.00695,-0.07738,0.00155,0.9879291662018168,-0.014099183599018572,-0.15426333196720515,-0.013619382375656797,-0.9998985703889709,0.004166696268953454,-0.15430643211314513,-0.0020154294661991843,-0.9880209831033843
4.8,0.016148746013641357,Empty,0.50567,0.23831,0.11724,-0.01098,-0.15088,0.00113,0.99714,-0.00543,-0.07537,0.00015,0.9885784956330743,-0.010857081421979942,-0.1503152745227319,-0.010810554217859092,-0.9999409294993127,0.0011266896436919055,-0.1503186278854037,0.0005111702719941099,-0.9886374708737288
4.867,0.016148746013641357,Empty,0.50612,0.24192,0.11494,-0.00273,-0.1411,-0.0037,0.99751,-0.00149,-0.07049,-0.00194,0.9900581924250758,-0.002700354116282444,-0.1406324418462471,-0.003246144852481203,-0.9999880636679521,-0.0036517208568413034,-0.1406209022712774,0.0040719294279563025,-0.990055140502359
4.933,0.016148746013641357,Empty,0.50687,0.24707,0.11513,0.00708,-0.12659,-0.01055,0.99798,0.0032,-0.06327,-0.00504,0.9919726619618885,0.007029453287139387,-0.1262569788436602,0.0057550546946882886,-0.9999287770827394,-0.010455625628251579,-0.126321483785244,0.009645078968102284,-0.9919424656632024
5.0,0.016148746013641357,Empty,0.50782,0.25342,0.11643,0.01664,-0.11068,-0.01759,0.9984,0.00782,-0.05538,-0.00832,0.9937437918472638,0.016529578865267958,-0.11045383283326876,0.014685860982376175,-0.9997392660455715,-0.017485005400872826,-0.11071405354438585,0.015753505933573105,-0.9937274401960389
5.067,0.01614907570183277,Empty,0.5072,0.25958,0.11709,0.02644,-0.10097,-0.02184,0.99859,0.01265,-0.0506,-0.01024,0.9945586861760249,0.02630867291397676,-0.10080115813483742,0.024235473582170264,-0.9994699292682391,-0.021737118226415997,-0.10131960112469354,0.019175875939488267,-0.9946691028728532
5.133,0.01614907570183277,Empty,0.50692,0.26392,0.11744,0.03043,-0.09273,-0.025,0.99874,0.01462,-0.04653,-0.01178,0.995241940530682,0.030294412778187785,-0.09260522859507894,0.02810241061420149,-0.9992952782696862,-0.024883756661342633,-0.0932938064739181,0.022162928108327005,-0.9953919179354797
5.2,0.01614907570183277,Empty,0.50718,0.26619,0.11745,0.02584,-0.08543,-0.02699,0.99892,0.01233,-0.04287,-0.01293,0.9960209714602137,0.02573223046401396,-0.08532336565560039,0.023515529296266047,-0.9993619260661084,-0.026884207471195055,-0.08596071366251486,0.024770810337667332,-0.9959905434600502
5.267,0.016148746013641357,Empty,0.50715,0.26661,0.1166,0.01771,-0.08026,-0.02874,0.99906,0.00827,-0.04024,-0.014,0.9966245765123061,0.017648101611947742,-0.08017479654580437,0.015394777905799573,-0.9994713246890704,-0.028636898182340338,-0.08063779699928478,0.027305963337135662,-0.9963693743092132
5.333,0.016148746013641357,Empty,0.50671,0.26604,0.11493,0.01348,-0.07591,-0.03028,0.99915,0.00616,-0.03804,-0.01487,0.9970302902159863,0.013431185981299165,-0.0758300971578047,0.01116837030110479,-0.9994818956977138,-0.030186216677839467,-0.07619624594849637,0.029249673769801702,-0.9966637289917379
5.4,0.016148746013641357,Empty,0.50643,0.26524,0.11307,0.01215,-0.06965,-0.03272,0.99925,0.0055,-0.03491,-0.01614,0.9975025321426372,0.012121310212351077,-0.06958284420576143,0.009868219247590182,-0.9994186869622548,-0.032632903633050894,-0.06993794833928706,0.03186474524264166,-0.9970422866622624
5.467,0.016148746013641357,Empty,0.50597,0.2648,0.11082,0.01142,-0.06061,-0.03671,0.99936,0.00515,-0.0304,-0.01817,0.998097945480118,0.011408127668611157,-0.06058337933347893,0.009197939729272075,-0.9992863407756241,-0.03663614395647673,-0.06095809325351489,0.036009217741568254,-0.9974905749452153
5.533,0.016148746013641357,Empty,0.50536,0.2645,0.10808,0.01272,-0.04813,-0.0412,0.99948,0.00586,-0.02419,-0.02044,0.998760995479931,0.012697921617192076,-0.04811690653544586,0.01071999543923785,-0.9990957144075157,-0.04114407794954572,-0.048595839386925806,0.04057728723238203,-0.9979939519632077
5.6,0.016148746013641357,Empty,0.50457,0.26403,0.10496,0.01438,-0.03322,-0.04645,0.99957,0.0068,-0.01677,-0.0231,0.999345321668667,0.014358974866466756,-0.03320764821141249,0.012809582174966805,-0.9988403951948186,-0.04640883031882711,-0.03383552369110785,0.04595307136463334,-0.9983704085001244
5.667,0.01614907570183277,Empty,0.50404,0.26243,0.10142,0.01537,-0.01684,-0.0508,0.99961,0.00747,-0.00861,-0.02533,0.999740279713172,0.015369352917023682,-0.016827243087957515,0.014497397400394962,-0.9986052485347805,-0.05076793345611432,-0.017584043552160002,0.05051079676367616,-0.9985687061102277
5.733,0.01614907570183277,Empty,0.50477,0.25948,0.09841,0.01539,0.0028,-0.05449,0.9996,0.00773,0.00119,-0.02725,0.999877645303305,0.015388607249647579,0.002808057982676769,0.015518734840067383,-0.9983954821586487,-0.05445759886520088,0.001965525802848461,0.054494513229457586,-0.9985121354977129
5.8,0.016148746013641357,Empty,0.50549,0.25614,0.09584,0.0177,0.02113,-0.05617,0.99951,0.00914,0.01031,-0.02817,0.9996203370515483,0.017696711308100355,0.021118905317919556,0.018858289590579502,-0.9982451707964166,-0.05613326905989947,0.020088470988787018,0.05651022376978332,-0.9981999037982431
5.867,0.016148746013641357,Empty,0.50493,0.25356,0.09301,0.02232,0.03553,-0.05686,0.99937,0.01166,0.01744,-0.02862,0.9991198002501643,0.022300220682573868,0.035529212003374035,0.024297152071363626,-0.9980897438775964,-0.05680239050934017,0.03419463626496455,0.057615651726445505,-0.9977530573878708
5.933,0.016148746013641357,Empty,0.50418,0.25145,0.09057,0.03167,0.04906,-0.05513,0.99918,0.0165,0.02408,-0.02794,0.9982950864362716,0.03163544746633146,0.04905220546317541,0.034326930357164165,-0.9978942013631904,-0.05503475936146987,0.04720786215717661,0.056624741494557713,-0.997278825806115
6.0,0.016148746013641357,Empty,0.50351,0.24975,0.08846,0.0422,0.06184,-0.05302,0.99893,0.0219,0.03034,-0.02714,0.9971999455722675,0.042110083047578184,0.06179813473231108,0.045403054724805325,-0.99756785724279,-0.052886036131334455,0.05942079747296525,0.05554377644484179,-0.996686539352229
6.067,0.016148746013641357,Empty,0.50279,0.24839,0.0866,0.05079,0.07221,-0.05158,0.99867,0.0263,0.03542,-0.02668,0.9961084150183482,0.05063248491073874,0.07214136816971295,0.05441198719858081,-0.9971934749897142,-0.05142479058819162,0.06933513668217385,0.05515002184679256,-0.9960678259594388
6.133,0.016148746013641357,Empty,0.50214,0.24687,0.08437,0.05443,0.07785,-0.05073,0.99852,0.02817,0.0382,-0.02639,0.9954943150696571,0.05423284173902504,0.07778089444654201,0.058265967743844516,-0.9970202029161859,-0.050554841309619125,0.07480739045620773,0.054859036209884034,-0.9956878730200821
6.2,0.016148746013641357,Empty,0.50225,0.24588,0.08168,0.05216,0.07932,-0.05154,0.99852,0.02707,0.03895,-0.02677,0.995499319641052,0.05197820000945552,0.07924248429964435,0.05614941493916492,-0.9971009496461041,-0.05135113841801976,0.07634361660408681,0.05556944248968326,-0.9955318625062656
6.267,0.016148746013641357,Empty,0.50235,0.24559,0.07826,0.0486,0.07911,-0.0527,0.99855,0.02531,0.03888,-0.02728,0.9956956092856499,0.04843386250348952,0.07902160851483314,0.0526764034637866,-0.9972297451420592,-0.052516967943931375,0.07625909891546617,0.056453488527252474,-0.9954886003695393
6.333,0.016148746013641357,Empty,0.50254,0.2459,0.0737,0.04225,0.07952,-0.05538,0.99858,0.0222,0.03914,-0.0285,0.9959495663162623,0.04211454045445201,0.0794407127155779,0.04657618063536684,-0.9973899454530313,-0.05517205911165766,0.07690982220672697,0.058648633330273654,-0.9953116180657294
6.4,0.016148746013641357,Empty,0.50385,0.24703,0.06862,0.03275,0.08668,-0.06236,0.99842,0.0177,0.04279,-0.03185,0.9957117132605253,0.03261089166418796,0.08657201522810608,0.03806210806577226,-0.9973450170421627,-0.06208214647350219,0.08431761385012225,0.06511103382710559,-0.9943093549135436
6.467,0.016148746013641357,Empty,0.50806,0.24997,0.06478,0.02167,0.10711,-0.07685,0.99775,0.01287,0.05307,-0.03894,0.9940367036429587,0.02155712255237774,0.10689397680834173,0.029823104752572105,-0.9966354606849218,-0.0763435716237493,0.10488858009124576,0.07907622254897612,-0.991335128396965
6.533,0.016148746013641357,Empty,0.51158,0.25339,0.06138,0.01849,0.12923,-0.09149,0.9968,0.01217,0.06408,-0.04623,0.9914917804912251,0.0183449376631849,0.12887013804785924,0.030194691852088507,-0.9954287557932266,-0.09060834798133258,0.1266188366804001,0.09372862637467118,-0.9875133491733767
6.6,0.016148746013641357,Empty,0.51182,0.25501,0.05673,0.01955,0.1377,-0.09801,0.99635,0.01311,0.06823,-0.04954,0.9903443887457235,0.019373362830399976,0.1372685852353013,0.03289505944418053,-0.99474716952455,-0.09693288289873711,0.13466962071686145,0.10051239493484429,-0.9857795654812684
6.667,0.016148746013641357,Empty,0.51193,0.25446,0.05324,0.02271,0.14073,-0.09874,0.99621,0.01478,0.06966,-0.05002,0.9898589493506407,0.022486724829962612,0.1402626379221033,0.03642231947282987,-0.9945597713461352,-0.09759239654882118,0.13730504373352295,0.10171139772092792,-0.9852929090067536
6.733,0.016148746013641357,Empty,0.51223,0.25302,0.05186,0.03252,0.14218,-0.09528,0.99616,0.01958,0.07017,-0.04865,0.9893866675564376,0.032188441427808745,0.14169659946525015,0.04584132856363832,-0.9945002906113062,-0.09416870270714928,0.13788616557540334,0.09966481933197613,-0.985420889331273
6.8,0.016148746013641357,Empty,0.51193,0.25247,0.05157,0.04965,0.14338,-0.09134,0.996,0.028,0.0704,-0.0473,0.9885195399123061,0.049112197846024996,0.14288845731652214,0.062432639144513136,-0.9939572784593818,-0.09028341025387909,0.13759100545098757,0.0981678186594372,-0.9856123957208708
6.867,0.016148746013641357,Empty,0.511,0.25268,0.05105,0.06976,0.14386,-0.08772,0.99574,0.0379,0.07023,-0.04621,0.9872621798059991,0.06899633128001242,0.14336280757088257,0.08197734038286336,-0.9928557931218398,-0.08670115182715327,0.13635653262113745,0.09734926981904737,-0.9858651102849919
6.934,0.016148746013641357,Empty,0.51044,0.25307,0.05083,0.07878,0.144,-0.08626,0.99559,0.04234,0.07012,-0.0458,0.9865817347163988,0.07787849237098893,0.14349711199185375,0.09072349455438561,-0.9922203500072847,-0.0852527100288385,0.13574140215800462,0.09712732600788863,-0.985971883109623
7.0,0.016148746013641357,Empty,0.51023,0.25353,0.05084,0.07966,0.14398,-0.08626,0.99557,0.04278,0.07009,-0.04583,0.9865123904933558,0.07876563970856038,0.1434896421501768,0.09161444399879193,-0.9921388089821677,-0.08524891414110508,0.13564695740736948,0.09724483386147846,-0.9859732984383383
7.067,0.01614907570183277,Empty,0.50967,0.25381,0.05057,0.08031,0.14274,-0.08577,0.99561,0.04306,0.06947,-0.04559,0.9866386179750568,0.0794048368285562,0.14226422392330462,0.09207522173679811,-0.9921341986179224,-0.08480498496487125,0.13441127580076462,0.0967708831260878,-0.9861891325281412
7.133,0.01614907570183277,Empty,0.50915,0.25367,0.05021,0.07906,0.14118,-0.08532,0.99571,0.04239,0.06873,-0.04529,0.9869595166808496,0.07818255776146726,0.14070678766491038,0.09063314091822844,-0.9923047267616641,-0.08436209465011843,0.13302836614947908,0.09601467027665003,-0.9864505242997574
7.2,0.01614907570183277,Empty,0.50939,0.25285,0.05002,0.075,0.1408,-0.08497,0.99581,0.04035,0.06864,-0.04497,0.9873223295463234,0.07417862185309976,0.14032871993713936,0.08652575014689506,-0.9926995388487452,-0.08402928139051119,0.13307107927997866,0.09510603361229757,-0.9865327821364064
7.267,0.016148746013641357,Empty,0.50993,0.25069,0.04942,0.06882,0.13937,-0.08315,0.99602,0.03718,0.0681,-0.04383,0.9879614328070838,0.06808548966984346,0.13891210667969717,0.08002337309198448,-0.9933945330715397,-0.08224087440293196,0.13239511714846194,0.09236702745025102,-0.9868839167780827
7.333,0.016148746013641357,Empty,0.50953,0.24734,0.04783,0.05422,0.13358,-0.07997,0.99653,0.02969,0.06558,-0.04168,0.9896353536410575,0.05370179252630869,0.133184024204105,0.06463659018151918,-0.9947622283493899,-0.07918472238419802,0.128234075165085,0.0869725619308611,-0.9879229703968513
7.4,0.016148746013641357,Empty,0.50945,0.24333,0.04607,0.03669,0.12946,-0.07728,0.99695,0.02079,0.06392,-0.03973,0.9909630932616742,0.03638221880116271,0.12910647523791688,0.046541755856074896,-0.9959775945526856,-0.07656693875870743,0.12580148152978174,0.08188385252386741,-0.988670330262197
7.467,0.016148746013641357,Empty,0.50982,0.24157,0.04548,0.02469,0.12855,-0.07592,0.99711,0.01475,0.06371,-0.03866,0.9914477197237737,0.02449064263966888,0.12818590982485473,0.034341557329247985,-0.9965760730149843,-0.07521162233481507,0.12590502966415493,0.07897049523163008,-0.9888941219302194
7.533,0.016148746013641357,Empty,0.509,0.24302,0.04536,0.02171,0.12793,-0.07565,0.99716,0.01324,0.06346,-0.03843,0.9915953522438554,0.021523853746694188,0.1275750019724694,0.031278117545100514,-0.9966961922660327,-0.07495585157428657,0.125540179907548,0.07831617995205421,-0.9889925374776587
7.6,0.016148746013641357,Empty,0.5074,0.24624,0.04532,0.02005,0.12707,-0.07626,0.99718,0.01242,0.06306,-0.03868,0.991739545382881,0.019889605367401086,0.12671652505527928,0.02964566961495474,-0.9966991932367716,-0.07557679851812656,0.12479506559490695,0.07870909604040437,-0.9890556454536142
7.667,0.016148746013641357,Empty,0.50676,0.24932,0.04572,0.01442,0.12782,-0.07734,0.99717,0.00966,0.06354,-0.03904,0.9917377531705422,0.014303407526905954,0.12748192604979056,0.024225522324892168,-0.9967656864131096,-0.07662434637560611,0.12597362027159165,0.07907957335824435,-0.9888766697991953
7.733,0.016148746013641357,Empty,0.50653,0.24964,0.04551,0.00835,0.12731,-0.07498,0.99726,0.00655,0.06341,-0.03767,0.9918735325633836,0.008296618860419547,0.1269569277972623,0.01784979099776457,-0.997076483023621,-0.07429584081617704,0.12596936278941187,0.07595823271200773,-0.9891218663651603
7.8,0.016148746013641357,Empty,0.50636,0.2476,0.04451,0.00855,0.12557,-0.06781,0.99744,0.00639,0.06256,-0.0341,0.9920909971850267,0.008481002698923434,0.1252338847821949,0.01701427114294346,-0.99759261338556,-0.06722716932939174,0.12436224459977234,0.06882623272989123,-0.9898469486775807
7.867,0.016148746013641357,Empty,0.5063,0.24489,0.0435,0.00879,0.12347,-0.05922,0.99764,0.00621,0.06154,-0.02982,0.9923474560899832,0.008722730686091584,0.12316834155381184,0.01606315745081366,-0.9981446552494591,-0.05873007891743832,0.12242753515630757,0.06025911687301838,-0.9906464240430263
7.934,0.016148746013641357,Empty,0.50619,0.24198,0.04261,0.00884,0.12025,-0.04993,0.99787,0.00591,0.05996,-0.02518,0.9927385342393076,0.008782311893697936,0.11997113667125381,0.014823031252866936,-0.9986615314087834,-0.049552229301409706,0.11937537594021393,0.05097074339329159,-0.9915399653756111
8.0,0.016148746013641357,Empty,0.50609,0.24115,0.04229,0.01247,0.12053,-0.04349,0.99792,0.00753,0.06008,-0.02208,0.9926663319650152,0.012373216390545283,0.12025163990264401,0.017680337702207005,-0.998911405869547,-0.04316721999922279,0.11958661731924013,0.044976735540478305,-0.991804483866787
8.067,0.016148746013641357,Empty,0.50598,0.24267,0.04259,0.02147,0.12347,-0.03942,0.99783,0.01193,0.06147,-0.02033,0.9921594986002114,0.021306599117204728,0.12314852078460385,0.026305196496964722,-0.9988887029840076,-0.0391074889015299,0.12217841861242672,0.04204031261760476,-0.9916173889864885
8.133,0.016148746013641357,Empty,0.50652,0.24521,0.04359,0.03398,0.12841,-0.0355,0.99762,0.01809,0.06384,-0.0188,0.9911935768701376,0.03369071178323896,0.12806337927339506,0.03849061411641774,-0.9986390768465211,-0.035191857297807556,0.12670345613409176,0.03981118102577402,-0.9911414147683516
8.2,0.016148746013641357,Empty,0.5072,0.24753,0.04453,0.0429,0.13309,-0.03197,0.99741,0.02246,0.06613,-0.01737,0.9902437715120695,0.04250640208686279,0.1327044790622461,0.04710145774099023,-0.998387619631895,-0.03167986181207638,0.13114391202120618,0.037621360254362225,-0.9906492353968612
8.267,0.016148746013641357,Empty,0.50753,0.24811,0.04447,0.04715,0.13492,-0.02681,0.99734,0.02442,0.06707,-0.01496,0.9898102637934016,0.04669997890530603,0.1345167411866675,0.050714051155016815,-0.9983597545438101,-0.02656850621825315,0.13305535203321645,0.033119669042232514,-0.9905550771248662
8.334,0.016148746013641357,Empty,0.50747,0.24731,0.04323,0.04941,0.13505,-0.02036,0.99735,0.02533,0.0672,-0.01182,0.9896839612750412,0.048939150182772506,0.13464997725336106,0.05211548182629622,-0.9984374600539081,-0.020164694768668917,0.13345273825948853,0.02697402343901706,-0.9906880279434872
8.4,0.016148746013641357,Empty,0.5071,0.24507,0.04086,0.04911,0.13318,-0.01297,0.99745,0.02493,0.06636,-0.0081,0.9899496291737561,0.048664029890560845,0.13278382391524116,0.050812933109642355,-0.9986256309281243,-0.012841148009442124,0.13197642792384592,0.019459225272760207,-0.9910618351163796
8.467,0.016148746013641357,Empty,0.50583,0.24416,0.038,0.05165,0.13008,-0.00654,0.99754,0.02598,0.06489,-0.00494,0.9902286148628869,0.05118199767232856,0.1297215996702081,0.052463007132031614,-0.9986018770245522,-0.006474881134484273,0.12920883557014354,0.013217197785878917,-0.9915293149944165
8.533,0.016148746013641357,Empty,0.50457,0.24545,0.03634,0.05633,0.1287,-0.00339,0.99753,0.02821,0.06423,-0.0035,0.9901585650236431,0.05583231517137771,0.12833070050819173,0.056731734290640934,-0.998383800581701,-0.00336110999737331,0.12793563395198151,0.01060845505444837,-0.9917257353959623
8.6,0.01614907570183277,Empty,0.50382,0.2484,0.03641,0.06181,0.12956,-0.00349,0.99742,0.03095,0.06465,-0.00374,0.989724705175623,0.06126405563734,0.12919645293850368,0.06223141724121889,-0.9980557492736184,-0.003460065031921325,0.1287332850244077,0.011464590212508367,-0.9916129812069242
8.667,0.01614907570183277,Empty,0.50395,0.25082,0.03716,0.06547,0.13163,-0.00437,0.99729,0.0328,0.06566,-0.00433,0.9892248452557915,0.06485632094811422,0.1312549548083071,0.06599472446263205,-0.9978105449639036,-0.004337361172275539,0.13068627269823252,0.012952760011392235,-0.9913391569671455
8.733,0.01614907570183277,Empty,0.50458,0.25203,0.0378,0.06702,0.13349,-0.00515,0.9972,0.0336,0.06657,-0.0048,0.9888801139317925,0.06637126019203671,0.13308259123854596,0.06764887042188272,-0.9976961736294099,-0.005096612196076086,0.13243772348122032,0.014042825419226608,-0.9910918466284325
8.8,0.016148746013641357,Empty,0.50491,0.25166,0.03728,0.06648,0.13322,-0.00455,0.99722,0.03331,0.06645,-0.00448,0.9889494598923656,0.06583263143367973,0.13283459796723085,0.06702296718965234,-0.9977412633417763,-0.0045048079039227695,0.13223799623290355,0.013357996244711737,-0.991127981790764
8.867,0.016148746013641357,Empty,0.5051,0.24949,0.03554,0.06395,0.1312,-0.00177,0.99734,0.03196,0.06549,-0.00298,0.9893775053406949,0.06336691514502663,0.130831135402953,0.06414874258976666,-0.9979387861005091,-0.0017657917187111905,0.13044957167417112,0.010139687433300683,-0.9914030946031892
