time,gr,gr_state,tx,ty,tz,rx,ry,rz,qw,qx,qy,qz,xx,xy,xz,yx,yy,yz,zx,zy,zz
0.0,0.01606173813343048,Empty,0.30795,-0.00071,0.48467,0.0099,-0.00051,0.00672,0.99998,0.00495,-0.00024,0.00336,0.9999508499490584,0.009901672257332406,-0.0005045519434621957,0.009904840291749983,-0.9999283664507073,0.006719829314418845,-0.000437978253119088,-0.006724496540884608,-0.9999772944028886
0.067,0.01606173813343048,Empty,0.30794,-0.00073,0.48467,0.0099,-0.00051,0.00672,0.99998,0.00495,-0.00024,0.00336,0.999950831348317,0.009903608430877009,-0.0005034142007597398,0.009906765853218591,-0.9999283922368389,0.0067131504511512025,-0.00043689373898906384,-0.006717807581209088,-0.9999773398358399
0.133,0.01606173813343048,Empty,0.30795,-0.00071,0.48467,0.00994,-0.00049,0.00672,0.99998,0.00497,-0.00023,0.00336,0.9999504476467068,0.009942761108501175,-0.0004937131654359681,0.009945857578865569,-0.99992792395497,0.006725088261479608,-0.00042681163452628165,-0.0067296654183583845,-0.9999772644591405
0.2,0.01606173813343048,Empty,0.30795,-0.00063,0.48467,0.01012,-0.00049,0.00688,0.99998,0.00506,-0.00023,0.00344,0.9999485966962223,0.010127098344406227,-0.0004958269643186553,0.010130273963405267,-0.9999249712300786,0.006886904961758762,-0.00042604539919492706,-0.006891573815077917,-0.9999761620637109
0.267,0.01606173813343048,Empty,0.30797,-0.00057,0.48463,0.0114,-0.00062,0.007,0.99998,0.0057,-0.00029,0.0035,0.9999348854569611,0.01139462396724944,-0.0006224072770668553,0.011398706795052616,-0.9999104891277045,0.007005941463851094,-0.0005425214963316003,-0.007012579913232515,-0.9999752643907681
0.333,0.01606173813343048,Empty,0.308,-0.00058,0.48455,0.01154,-0.00088,0.007,0.99998,0.00577,-0.00042,0.0035,0.9999329687270808,0.011544864050420045,-0.0008798674354647418,0.011550739292029044,-0.9999088301730423,0.006993694573347272,-0.0007990459650431957,-0.007003388896456213,-0.9999751567261612
0.4,0.01606173813343048,Empty,0.308,-0.00059,0.48456,0.01148,-0.00084,0.00698,0.99998,0.00574,-0.0004,0.00349,0.9999338549996877,0.011470223183852213,-0.0008482956891018674,0.01147587125839128,-0.9999097638175896,0.006983451948199937,-0.0007681173896979913,-0.0069927249598858215,-0.9999752555905126
0.467,0.01606173813343048,Empty,0.308,-0.00061,0.48456,0.01144,-0.00084,0.00696,0.99998,0.00572,-0.0004,0.00348,0.9999342598962653,0.011435155555581222,-0.0008444543373506684,0.011440756499355775,-0.9999103586677818,0.006955840681787924,-0.0007648375191227464,-0.006965044600548396,-0.9999754512873212
0.533,0.01606173813343048,Empty,0.30801,-0.00059,0.48454,0.0114,-0.0009,0.00698,0.99998,0.0057,-0.00043,0.00349,0.9999345705818696,0.011403990548894016,-0.0008964121888203648,0.011409977333492305,-0.9999105124492124,0.006984233014645768,-0.0008166838437987313,-0.006994004083099438,-0.999975208159875
0.6,0.01606173813343048,Empty,0.30838,-0.00058,0.48383,0.01139,-0.00308,0.00698,0.99998,0.0057,-0.00152,0.0035,0.9999303100701102,0.011397150779929421,-0.0030789539120507662,0.01141839818541518,-0.9999104895651522,0.00697373934534733,-0.002999197554728547,-0.007008410067703621,-0.9999709430790232
0.667,0.01606173813343048,Empty,0.30991,-0.00058,0.48118,0.01135,-0.01004,0.00688,0.99997,0.00569,-0.005,0.00347,0.9998851612841274,0.011349596862777311,-0.01004245462356819,0.011419080798295789,-0.999911069567851,0.0068889439972906665,-0.009963374806559235,-0.007002828480568045,-0.9999258430282395
0.733,0.01606173813343048,Empty,0.3122,-0.00053,0.47631,0.01148,-0.02488,0.0068,0.9999,0.00578,-0.01242,0.00347,0.9996245564464027,0.011471981581154478,-0.02488251972637615,0.011644567683563867,-0.999909062491944,0.0068022635897386375,-0.024802221529426374,-0.007089455908815402,-0.9996672393462347
0.8,0.016061410307884216,Empty,0.3152,-0.0002,0.46958,0.0112,-0.04627,0.00722,0.99971,0.00568,-0.02311,0.00374,0.9988673839841822,0.01117595950989686,-0.04624983396325609,0.01152210272165155,-0.9999075204234273,0.007224385755522086,-0.046164817355507023,-0.0077490986382949,-0.9989037797049456
0.867,0.016061410307884216,Empty,0.3197,0.00072,0.46144,0.01299,-0.06863,0.00878,0.99938,0.00664,-0.03428,0.00461,0.9975617474553702,0.012959920923879764,-0.06857550921017627,0.0135925886262514,-0.9998691795763417,0.008767283944897172,-0.06845291482636567,-0.009678025779038691,-0.99760740487869
0.933,0.016061410307884216,Empty,0.32729,0.00202,0.45276,0.01629,-0.08246,0.01086,0.9991,0.00836,-0.04117,0.00576,0.9964711949673926,0.016220876605860357,-0.08235314664537075,0.017170002385283878,-0.9997939305846157,0.010829930020721398,-0.08216050522207034,-0.012205717033498145,-0.9965443652208128
1.0,0.016061410307884216,Empty,0.33719,0.00383,0.44396,0.02197,-0.08852,0.01334,0.99894,0.01127,-0.04417,0.00715,0.9958447912836554,0.021884052041185986,-0.088398189684358,0.023147764453171737,-0.9996436374595874,0.013295829699029559,-0.08807572125185002,-0.015286803224473422,-0.9959964763859068
1.067,0.016061410307884216,Empty,0.34698,0.00595,0.4355,0.02733,-0.09294,0.01559,0.99879,0.01401,-0.04634,0.00842,0.995313649201665,0.02719729017401501,-0.09279572791920787,0.02875713226097415,-0.9994660347721357,0.015513628878784033,-0.09232424956093624,-0.018109465592728906,-0.9955643023928468
1.133,0.016061410307884216,Empty,0.35581,0.00861,0.42733,0.03366,-0.09665,0.01862,0.99864,0.01726,-0.04814,0.01011,0.9947689257712546,0.033502164457538786,-0.09650072174115493,0.03544881526701332,-0.9991997153546038,0.01852863544472371,-0.09580274430343312,-0.02185254703549068,-0.9951604395131434
1.2,0.016061410307884216,Empty,0.36503,0.01203,0.41947,0.0425,-0.09567,0.02196,0.99856,0.02175,-0.04757,0.01198,0.9945270961678764,0.042306924176056915,-0.09552999086492447,0.04458567296457472,-0.9987666824055443,0.021845637617579808,-0.09448795031212796,-0.025985347474759703,-0.9951868110874603
1.267,0.016061410307884216,Empty,0.3746,0.01674,0.41235,0.05357,-0.08933,0.02626,0.99854,0.02734,-0.04428,0.01431,0.9945840144186027,0.05332890290055037,-0.08921135790021409,0.05586283395019309,-0.9980959351810202,0.026150486767498864,-0.0876469169225568,-0.030992455381070493,-0.9956693656347083
1.333,0.016061410307884216,Empty,0.38391,0.02234,0.4067,0.06651,-0.079,0.03092,0.99853,0.03383,-0.03895,0.01675,0.9946779221632724,0.06624983919106708,-0.0789100118369843,0.06885904983729546,-0.9971504084210423,0.03081386443231499,-0.07664373696826193,-0.036083539085100313,-0.9964053973110713
1.4,0.01606173813343048,Empty,0.39322,0.02938,0.40199,0.08259,-0.06642,0.03591,0.99841,0.04185,-0.03243,0.0193,0.9943936430944798,0.08231933604514058,-0.06636873877343015,0.0848228661986184,-0.9957517838013823,0.03582549966457149,-0.06313765867641814,-0.04125423577588305,-0.9971518059389994
1.467,0.01606173813343048,Empty,0.40082,0.03766,0.39728,0.10148,-0.05793,0.04025,0.99806,0.05127,-0.0279,0.02156,0.9931863432295722,0.10113014841914075,-0.05791010881523993,0.10353709631597541,-0.9938134755896042,0.04018513932995001,-0.05348791740876406,-0.04590717609735604,-0.9975126935904324
1.533,0.01606173813343048,Empty,0.40661,0.04643,0.39255,0.12124,-0.05566,0.04449,0.99749,0.06116,-0.02642,0.02388,0.9911242656619903,0.12074330006033862,-0.0556214482598133,0.1232663078934284,-0.9913797337364552,0.04440316289362309,-0.04978059214495666,-0.05086530278268444,-0.9974640913930302
1.6,0.01606173813343048,Empty,0.41143,0.05536,0.38753,0.14089,-0.05759,0.04813,0.99677,0.07103,-0.02702,0.02602,0.98844907375058,0.1401943879068313,-0.05756702355559329,0.14300683577017054,-0.9885555146921661,0.04803164888602381,-0.05017443098456343,-0.05570931673549558,-0.9971855386557907
1.667,0.01606173813343048,Empty,0.41639,0.06394,0.38239,0.15796,-0.0599,0.05106,0.99605,0.0796,-0.02783,0.0278,0.9857773415092099,0.1570337749071195,-0.0598617282197401,0.16012836869075864,-0.9857802586012948,0.05095279474572765,-0.0510092002237865,-0.05981367143374439,-0.9969054048414752
1.733,0.01606173813343048,Empty,0.42217,0.07253,0.3776,0.17422,-0.0609,0.05288,0.99533,0.08773,-0.02802,0.02897,0.9830375046368689,0.17300949354085532,-0.060868543781286755,0.17625719288413466,-0.982929262760221,0.05275856675700613,-0.05070173994965726,-0.06259216847485964,-0.9967504973721817
1.8,0.01606173813343048,Empty,0.42832,0.0808,0.3732,0.1867,-0.06254,0.05358,0.99472,0.09397,-0.02862,0.02957,0.9807027225178495,0.18524922225243623,-0.062489164668328226,0.1886340897784275,-0.9805917463354437,0.053450979338725675,-0.05137460675802922,-0.064207107656958,-0.9966133137314521
1.867,0.01606173813343048,Empty,0.43508,0.08829,0.36985,0.19277,-0.0628,0.05402,0.99442,0.097,-0.02864,0.02989,0.9795434260426386,0.19119927072986181,-0.06274962445320738,0.1946230361074061,-0.979396390969147,0.053894184964106834,-0.05115222686242304,-0.06500421700919964,-0.9965730788346813
1.933,0.01606173813343048,Empty,0.44171,0.09527,0.36743,0.19613,-0.06308,0.05382,0.99426,0.09867,-0.02874,0.02985,0.9788744309752326,0.1944982809795191,-0.06304971910268146,0.19793001672820132,-0.9787453414276219,0.05367741714819609,-0.05126945348732495,-0.06502288312386276,-0.9965658371675057
2.0,0.01606173813343048,Empty,0.44817,0.10203,0.36565,0.19609,-0.06537,0.05293,0.99423,0.09866,-0.02992,0.02952,0.978742536437336,0.19441588165418017,-0.06531088981814437,0.19794802154734836,-0.9787898940217266,0.0527913262423606,-0.05366216668846411,-0.06459727797333743,-0.9964675426448848
2.067,0.01606173813343048,Empty,0.45481,0.10836,0.36416,0.19347,-0.0676,0.05123,0.99435,0.09736,-0.03115,0.02874,0.9791019912651557,0.1918291929133461,-0.06753407618988383,0.19540932414486833,-0.9793903687688337,0.05108523857332201,-0.05634258369876666,-0.06321444699640837,-0.9964082732259332
2.133,0.01606173813343048,Empty,0.46108,0.11458,0.36208,0.19098,-0.07087,0.04905,0.99444,0.09612,-0.03292,0.02777,0.9793530550144676,0.18935236373991549,-0.07080449124127548,0.19300870474795595,-0.9799775929329879,0.048903550390367284,-0.060126812033779786,-0.061559724620676735,-0.9962907039510508
2.2,0.01606173813343048,Empty,0.46659,0.12048,0.35902,0.19072,-0.07604,0.04643,0.99438,0.096,-0.03562,0.02671,0.9790287278097582,0.18902847240231657,-0.07596701089587111,0.1928343416770198,-0.9801390555929284,0.046285509302506495,-0.06570895519788084,-0.05996389182373592,-0.996035473707716
2.267,0.01606173813343048,Empty,0.47134,0.12638,0.35549,0.19188,-0.08198,0.04373,0.99424,0.09658,-0.03869,0.02567,0.9783505010603457,0.19006195432401135,-0.08189475315005418,0.19403489331837698,-0.9800264607929385,0.04357288515342077,-0.07197747737936411,-0.05851999371329968,-0.9956880300003101
2.333,0.01606173813343048,Empty,0.47564,0.1324,0.35161,0.18766,-0.08807,0.0414,0.99434,0.09449,-0.04188,0.02471,0.9786361885239887,0.18583471488210057,-0.08795833818307638,0.18997366681162658,-0.9809235951108439,0.04121779315977799,-0.07862071247060205,-0.05704699202855141,-0.9952710305595703
2.4,0.01606173813343048,Empty,0.48065,0.13827,0.3476,0.17937,-0.09135,0.0386,0.99468,0.09033,-0.04374,0.02329,0.9798541943844314,0.1776643608588127,-0.0912202424238526,0.18173877561238866,-0.9825957663116859,0.03842626009983924,-0.08280564706677072,-0.05423038730251088,-0.9950890864173282
2.467,0.016061410307884216,Empty,0.48614,0.14395,0.34325,0.17117,-0.09245,0.03501,0.99505,0.08618,-0.04454,0.02137,0.9811782442973705,0.16960996553743413,-0.09231312207871276,0.17341606763595385,-0.9842320893629495,0.03484338895579829,-0.08494775101914812,-0.0501961538231087,-0.9951202066776432
2.533,0.016061410307884216,Empty,0.49043,0.14998,0.33787,0.16723,-0.0977,0.03131,0.99513,0.08417,-0.04735,0.01966,0.9813456479826843,0.165665786778535,-0.09754776407737317,0.16938903933578692,-0.9850567424991374,0.031153930889811172,-0.09092894224802688,-0.04709629654268977,-0.9947431157407512
2.6,0.016061410307884216,Empty,0.49377,0.15609,0.33187,0.16353,-0.10514,0.02783,0.99513,0.08228,-0.05123,0.01814,0.9812103199026161,0.16189912854363248,-0.10495227626601644,0.16561699764496635,-0.9858017271009718,0.027676071538560637,-0.09898140334261318,-0.0445379278991815,-0.9940920756000291
2.667,0.016061410307884216,Empty,0.49714,0.16232,0.32487,0.15508,-0.1114,0.02427,0.99532,0.07801,-0.05456,0.01639,0.9818742081066586,0.1535066412110696,-0.1111699175092716,0.1570831998831192,-0.9872910505058454,0.02410912494356445,-0.10605615384975227,-0.0411350543352056,-0.9935089327909626
2.733,0.016061410307884216,Empty,0.50064,0.16852,0.31751,0.14093,-0.11385,0.02075,0.99581,0.07088,-0.05602,0.01434,0.9836746439707236,0.13956461399857917,-0.11360419591061693,0.14277812742982737,-0.9895399135007884,0.02061955180124022,-0.10953812640675481,-0.036503124637210005,-0.9933120963498926
2.8,0.016061410307884216,Empty,0.50405,0.17482,0.30994,0.11966,-0.11361,0.01753,0.99653,0.06019,-0.05615,0.01213,0.9864475475977784,0.11860103698257779,-0.113380024100306,0.12132547088442008,-0.9924600115073094,0.017414237668772488,-0.11045979337751113,-0.030934116854501956,-0.9933990710995403
2.867,0.01606173813343048,Empty,0.50669,0.18124,0.30243,0.09938,-0.11084,0.01412,0.99719,0.04998,-0.05497,0.00979,0.988960999993157,0.09860498757572517,-0.11060378346930869,0.10075695014107461,-0.9948122076961043,0.014025277789472622,-0.10864703167046788,-0.025014552644290027,-0.9937656135453684
2.933,0.01606173813343048,Empty,0.50877,0.18875,0.29478,0.08485,-0.1058,0.00932,0.99768,0.0426,-0.05263,0.00689,0.9908304518300503,0.08427073533465496,-0.10560993746998995,0.08572129921425292,-0.996276086149076,0.009263856027568282,-0.10443598320157277,-0.018231931703347626,-0.9943644815051901
3.0,0.01606173813343048,Empty,0.51014,0.19659,0.28713,0.07445,-0.10252,0.00393,0.99799,0.03727,-0.05113,0.00387,0.9919938148208065,0.0739847727340397,-0.10234512573032459,0.07477666004024242,-0.9971926122660772,0.003917289264623598,-0.10176798352374573,-0.011538953394882997,-0.9947412377518393
3.067,0.01606173813343048,Empty,0.51059,0.20463,0.27919,0.06641,-0.10237,-0.00144,0.99814,0.03312,-0.05116,0.00098,0.9925714507589409,0.06600830076797642,-0.10219989906069374,0.06620833117497682,-0.9978047859425563,-0.0014373702214741588,-0.10207042677150034,-0.005339792117053237,-0.9947628433947612
3.133,0.01606173813343048,Empty,0.51031,0.2119,0.27084,0.05671,-0.10598,-0.00601,0.9982,0.02815,-0.05303,-0.0015,0.9927912549574648,0.05635199979314881,-0.10578268383480816,0.05603314585675234,-0.9984109634174829,-0.005986208580493806,-0.10595192610508765,1.571897663101917e-05,-0.9943712531582637
3.2,0.016061410307884216,Empty,0.50942,0.21872,0.262,0.04305,-0.11254,-0.00958,0.99818,0.02122,-0.05633,-0.00357,0.9927519267688216,0.042771727661577386,-0.11231291648619914,0.04196793120525916,-0.9990736746982993,-0.009512374844756179,-0.1126157388962251,0.004729887702724064,-0.9936273564647748
3.267,0.016061410307884216,Empty,0.50903,0.22493,0.25285,0.02588,-0.11829,-0.01347,0.99815,0.01252,-0.05919,-0.00596,0.9926806169527851,0.02569690100783223,-0.11800365250631743,0.024286851877034,-0.9996155963488011,-0.013371924399041016,-0.11830190848900536,0.01040811293291614,-0.9929231237276301
3.333,0.016061410307884216,Empty,0.50896,0.23047,0.24356,0.00885,-0.12333,-0.0177,0.99805,0.00387,-0.06166,-0.00856,0.9923673344715154,0.008776194974454532,-0.12300427584303612,0.006664226958948749,-0.9998234118659473,-0.01757080430076098,-0.12313675955188595,0.01661696381732774,-0.9922505807307723
3.4,0.016061410307884216,Empty,0.50803,0.2352,0.23359,-0.00531,-0.13224,-0.02003,0.99776,-0.00331,-0.06604,-0.01017,0.9912554948441031,-0.005264063759322202,-0.1318515588611286,-0.007949724366465571,-0.9997713493402428,-0.019850715878461822,-0.13171691548115272,0.02072531474134912,-0.9910706914771532
3.467,0.016061410307884216,Empty,0.50638,0.23892,0.22298,-0.01633,-0.14413,-0.01909,0.99732,-0.00883,-0.07192,-0.01011,0.9894984095719949,-0.01614845747700655,-0.1436388693063466,-0.01905814570921338,-0.9996396457191521,-0.018904120942648955,-0.14328183603171327,0.02144308810785486,-0.9894495992397894
3.533,0.01606173813343048,Empty,0.5052,0.24214,0.21238,-0.0238,-0.15422,-0.01913,0.9969,-0.0126,-0.07691,-0.01045,0.9878511629903164,-0.02352268041981581,-0.1536123799846435,-0.026737978692554232,-0.9994638159313562,-0.01889870734648573,-0.15308546722049024,0.022776394574181527,-0.9879504418623868
3.6,0.01606173813343048,Empty,0.50514,0.24528,0.20209,-0.02525,-0.15832,-0.02009,0.99673,-0.01338,-0.07894,-0.01101,0.9871804263803989,-0.02492708761369644,-0.1576497576100665,-0.02840191131381048,-0.9993999358179857,-0.019826742564738126,-0.15706093468821605,0.02405012661307743,-0.9872960316970585
3.667,0.016061410307884216,Empty,0.50637,0.24811,0.19273,-0.02207,-0.15571,-0.0229,0.99684,-0.01189,-0.07764,-0.01227,0.9876623514215424,-0.0218101531656138,-0.15507223092276237,-0.025619161395258105,-0.9994161287103522,-0.022606641568709077,-0.15448863438413146,0.026300549281428134,-0.9876444415646866
3.733,0.016061410307884216,Empty,0.50796,0.25005,0.18387,-0.01698,-0.14946,-0.02153,0.99711,-0.00927,-0.07456,-0.01137,0.9887102305478426,-0.01679639217247958,-0.14889580658977764,-0.02018625710479699,-0.9995696467478827,-0.021284649971566982,-0.14847422346700875,0.024050000214165507,-0.9886237921755513
3.8,0.016061410307884216,Empty,0.50942,0.25176,0.17563,-0.01323,-0.14129,-0.01627,0.99745,-0.00717,-0.07053,-0.00858,0.9899491707539213,-0.013093172816725895,-0.14081622118639273,-0.0155138366698222,-0.9997499246723884,-0.01610617860747699,-0.1405701255438216,0.01812889801243368,-0.9899047342352942
3.867,0.01606173813343048,Empty,0.511,0.25249,0.16798,-0.00841,-0.13068,-0.00504,0.99785,-0.00436,-0.06528,-0.00279,0.9914388591647697,-0.00833562058787618,-0.13030543337664102,-0.009064107559386692,-0.9999464269363394,-0.004998520921216512,-0.13025678674146363,0.006136830343340521,-0.9914612997092351
3.933,0.01606173813343048,Empty,0.51248,0.2519,0.16131,-0.00373,-0.11875,0.01278,0.99822,-0.00148,-0.05935,0.00627,0.9929517522001738,-0.003702229626230513,-0.11846143380188845,-0.0022137073137439844,-0.999916970173053,0.012694576002007046,-0.11849859620490698,-0.012342862542227325,-0.9928775032408227
4.0,0.01606173813343048,Empty,0.51252,0.24996,0.15501,0.00216,-0.11162,0.03768,0.99826,0.00213,-0.05575,0.01887,0.9937756145914647,0.0021570769391234257,-0.11137941848670102,0.006363975250689824,-0.9992790177775905,0.03742919246340868,-0.11121837825811705,-0.03790503460667183,-0.9930728476245342
4.067,0.01606173813343048,Empty,0.51174,0.24838,0.14962,0.00858,-0.10669,0.0622,0.99808,0.00594,-0.05316,0.03128,0.9942765135196462,0.00852797704547742,-0.1064964237461927,0.015180604952627408,-0.9979721955646323,0.061814610839014614,-0.10575331624345916,-0.06307749588734773,-0.9923897750461218
4.133,0.01606173813343048,Empty,0.51146,0.24817,0.14641,0.01308,-0.09991,0.08035,0.99791,0.00853,-0.04963,0.04044,0.9949278026890405,0.013009220218353823,-0.0997468176217575,0.021037179311076737,-0.9965841458796892,0.07985910885981484,-0.09836719231019748,-0.08155243939061861,-0.9918029517532442
4.2,0.016061410307884216,Empty,0.5129,0.25027,0.14641,0.02319,-0.08568,0.08678,0.99805,0.01343,-0.04228,0.04383,0.9960649687874982,0.023093055600453993,-0.08556452966851757,0.030504255576104644,-0.9957980551041898,0.08634653347100915,-0.08321098693146214,-0.08861683944796703,-0.992583995146076
4.266,0.016061410307884216,Empty,0.5145,0.25463,0.14782,0.0362,-0.07014,0.08382,0.99832,0.01954,-0.03427,0.0425,0.9968873543928292,0.03609732497701845,-0.0700898407843082,0.041923398134777856,-0.9956242884407012,0.08351469904023036,-0.0667684906261856,-0.08619315167953233,-0.9940385853995054
4.333,0.016061410307884216,Empty,0.51546,0.25977,0.14913,0.04449,-0.05762,0.07647,0.99858,0.02332,-0.02793,0.03884,0.9973519920191019,0.044399956329336354,-0.05759902684492654,0.04874014092375428,-0.9958948018790881,0.07627543676010437,-0.0539759453670069,-0.0788808434803099,-0.9954217246240776
4.4,0.016061410307884216,Empty,0.51639,0.26491,0.15013,0.05182,-0.04541,0.0683,0.9988,0.02666,-0.0218,0.03471,0.9976280664217739,0.05173530340802324,-0.045405940897989466,0.05476295069170661,-0.9961686229715363,0.06818426386293577,-0.0417044400404755,-0.07050909862047988,-0.9966389550346895
4.467,0.016061410307884216,Empty,0.51729,0.26877,0.15095,0.05734,-0.03522,0.06174,0.99894,0.02919,-0.01671,0.03135,0.9977376617463681,0.057268164882678996,-0.03521243564225783,0.059363208863397854,-0.9963308741060528,0.061650618297865306,-0.0315526190090528,-0.06360146691735027,-0.9974764586894423
4.534,0.016061410307884216,Empty,0.51786,0.27019,0.15109,0.05879,-0.03018,0.05883,0.99901,0.02982,-0.01421,0.02984,0.9978174786339189,0.05873696451600724,-0.030170322041601715,0.060432864539920916,-0.996440731871531,0.05876850134916803,-0.026611054397528287,-0.060463516824386845,-0.99781562170427
4.6,0.016061410307884216,Empty,0.51741,0.26929,0.14997,0.05528,-0.03145,0.06075,0.99902,0.0281,-0.01487,0.03079,0.9979782815329227,0.055228672658172995,-0.03145064872162571,0.05706074437983877,-0.9965245176376314,0.06068737263966147,-0.027989659508708336,-0.06235927728496225,-0.9976612147904137
4.667,0.016061410307884216,Empty,0.51705,0.26692,0.14802,0.0551,-0.03263,0.06665,0.99892,0.02807,-0.01538,0.03375,0.9979510687699917,0.05503537461656738,-0.03263084249058318,0.057112122026261314,-0.9961468034097976,0.06655637891366799,-0.02884215419292725,-0.06828362612849734,-0.9972489541454809
4.733,0.01606173813343048,Empty,0.51747,0.26317,0.14554,0.06176,-0.03066,0.07848,0.99862,0.03145,-0.0141,0.03968,0.9976236309597395,0.06170293099085489,-0.03065679790589591,0.06394059475384833,-0.9948730233110745,0.07835348001465184,-0.02566498184743786,-0.08012749712189982,-0.9964541599650989
4.8,0.01606173813343048,Empty,0.51775,0.2585,0.14241,0.07072,-0.02766,0.09545,0.99812,0.03597,-0.01212,0.04816,0.9971187692900167,0.07063498624440095,-0.027656077954320513,0.07296943005981615,-0.9927740950825439,0.09526310098764253,-0.020727329936771854,-0.09700667426156537,-0.9950678785602532
4.867,0.01606173813343048,Empty,0.51811,0.25436,0.13922,0.06999,-0.02237,0.11315,0.9977,0.03556,-0.00918,0.0569,0.9973025231076512,0.06990866197175738,-0.02237088251347827,0.07199887514585229,-0.990995116186071,0.11289305414013481,-0.014277232954787254,-0.11419920611227545,-0.9933552747846466
4.933,0.01606173813343048,Empty,0.51926,0.25315,0.13639,0.06284,-0.01192,0.12335,0.99758,0.03172,-0.00401,0.06179,0.9979552706048314,0.06279310947116651,-0.011929093636132815,0.06378527751655005,-0.9903509713032502,0.12303004515501728,-0.004088550375650079,-0.12353938255330141,-0.9923312474744381
5.0,0.01606173813343048,Empty,0.52103,0.25425,0.13362,0.05802,0.00155,0.12476,0.99764,0.0289,0.00258,0.06229,0.9983158900878776,0.05799147172586605,0.0015403912218956914,0.05734948904586307,-0.9905694380063478,0.12443160608931689,0.008741836433315952,-0.12413370893861407,-0.9922269914696519
5.067,0.016061410307884216,Empty,0.52154,0.25514,0.13058,0.06209,0.00857,0.12529,0.99756,0.03071,0.00622,0.06244,0.9980361946688195,0.062050811359711966,0.00857035241888928,0.06049783605832271,-0.9903163356718461,0.12495426016646144,0.016240873229072212,-0.1241903865485928,-0.9921254869852242
5.133,0.016061410307884216,Empty,0.52123,0.25632,0.12769,0.06797,0.01021,0.12282,0.99754,0.0336,0.00718,0.06116,0.9976393084674473,0.06790644265682771,0.010223758911890798,0.06614877045139289,-0.9902608279170856,0.1225064604857116,0.01844316589857749,-0.12154097144034692,-0.9924150552530803
5.2,0.016061410307884216,Empty,0.52132,0.25861,0.12557,0.07019,0.01379,0.11512,0.99772,0.03463,0.0089,0.05725,0.9974435519976519,0.07011283512029898,0.013804018606955605,0.06807347180956874,-0.9910459519830387,0.11486480528788762,0.02173391391579693,-0.11363147191436974,-0.9932852186439068
5.267,0.016061410307884216,Empty,0.5216,0.26059,0.12343,0.07171,0.01808,0.10715,0.9979,0.03531,0.01094,0.05319,0.9972663867422862,0.07164470249579608,0.018077347102745736,0.06931726679729183,-0.9918480868470454,0.1069228186198296,0.025590435669157852,-0.10537746069319001,-0.9941029727247161
5.333,0.01606173813343048,Empty,0.52161,0.26127,0.1209,0.07162,0.01986,0.10178,0.99803,0.03525,0.01173,0.05048,0.9972400396945588,0.07153820850501214,0.01986423806462375,0.06916894376060173,-0.9924195171000298,0.10158326288314637,0.02698074218840789,-0.09992890874435251,-0.994628700947306
5.4,0.01606173813343048,Empty,0.52093,0.26047,0.11816,0.07055,0.01618,0.10174,0.99807,0.03481,0.00987,0.05053,0.9973815536611244,0.07048427996299944,0.016186497293089748,0.06848896570126645,-0.992469340064843,0.10155722824312063,0.023222790394188533,-0.10018270963271102,-0.9946980077877685
5.466,0.01606173813343048,Empty,0.51996,0.25975,0.1152,0.06973,0.01091,0.10255,0.99807,0.03453,0.00723,0.05103,0.9975107928679201,0.06966481171349698,0.01091018427598562,0.06818888116866789,-0.9924076880558864,0.10235847386775332,0.0179581345628725,-0.10135972916544944,-0.9946877453284163
5.533,0.01606173813343048,Empty,0.51883,0.25932,0.11204,0.06931,0.00522,0.10309,0.99807,0.03447,0.00439,0.0514,0.9975856153513378,0.06925035827713455,0.005227611556064431,0.06834704853362478,-0.9923407829382547,0.10290020152669183,0.012313447966954686,-0.10229446903904424,-0.9946779481838257
5.6,0.01606173813343048,Empty,0.51748,0.25915,0.10864,0.0693,-0.00092,0.10342,0.99806,0.03462,0.00133,0.05167,0.9975991069070208,0.06924725061817216,-0.0009166134075313803,0.06897176186655263,-0.9922639716824972,0.10322357563027723,0.006238426351119186,-0.10303896730218173,-0.9946577568460229
5.667,0.01606173813343048,Empty,0.51603,0.25921,0.10539,0.06974,-0.00682,0.10355,0.99804,0.03499,-0.0016,0.05184,0.9975457297403945,0.06968533273470079,-0.006816999219464791,0.07001659952276773,-0.9921763557956853,0.10336225032023003,0.00043916736274211187,-0.10358587452759936,-0.9946204169080686
5.733,0.01606173813343048,Empty,0.51478,0.25966,0.10222,0.07051,-0.01137,0.10249,0.99804,0.03549,-0.00387,0.05139,0.9974507553519683,0.0704448035652937,-0.011380698503817642,0.07124115782564883,-0.9921988276806804,0.10230436833657007,-0.00408510458233411,-0.10285434361139448,-0.994688039498224
5.8,0.01606173813343048,Empty,0.51415,0.2603,0.09948,0.07107,-0.01316,0.09966,0.9981,0.03581,-0.0048,0.05001,0.997389460767617,0.07099932077122068,-0.013166624461392613,0.07195984709692521,-0.992433671889956,0.09948460838142795,-0.006003661838343531,-0.10017236819125445,-0.994951985120632
5.867,0.01606173813343048,Empty,0.51382,0.2614,0.097,0.07242,-0.01265,0.09526,0.99818,0.03646,-0.00459,0.04781,0.9972996799038556,0.07234134436635048,-0.012652207670437142,0.07321936293088926,-0.9927711705938642,0.09510167048839102,-0.0056809643249606445,-0.09577125212169299,-0.9953871577991056
5.933,0.01606173813343048,Empty,0.51353,0.26322,0.09455,0.0757,-0.01018,0.08983,0.99825,0.03803,-0.00338,0.04506,0.9970853268323389,0.07561267410018141,-0.010177157317619583,0.07622207596945535,-0.993047446691314,0.0897048702957012,-0.0033235749659702046,-0.09021913397545857,-0.995916392933746
6.0,0.01606173813343048,Empty,0.51358,0.26538,0.09226,0.08137,-0.00486,0.08398,0.99828,0.04074,-0.00072,0.04204,0.9966798771559762,0.08127502736400105,-0.004857200770930908,0.08139563566165581,-0.9931461757588773,0.08387743481265895,0.0019932304390780494,-0.08399430636952539,-0.9964642409689969
6.067,0.01606173813343048,Empty,0.51393,0.26726,0.09004,0.08545,0.00094,0.07771,0.99833,0.04266,0.00213,0.03879,0.9963515364928607,0.08533895075406417,0.0009376633249016386,0.0850089041800976,-0.9933511666702108,0.07763340701676053,0.007556582456008561,-0.07727045463258532,-0.9969815318763228
6.133,0.016061410307884216,Empty,0.51377,0.26833,0.08796,0.08385,0.00414,0.07267,0.99846,0.04181,0.00359,0.03621,0.9964785198162611,0.0837458675412629,0.0041459877658246505,0.08322564161074975,-0.993882638749471,0.07260022707173502,0.010200594260735886,-0.07199951431884596,-0.9973525042905234
6.2,0.016061410307884216,Empty,0.51297,0.26837,0.08634,0.08154,0.00353,0.07162,0.99853,0.04067,0.00322,0.0357,0.996671821349705,0.08144258173636709,0.0035194328486901974,0.08098332085750032,-0.9941436585935062,0.0715547889467174,0.0093264285957927,-0.07103162646619669,-0.9974304616218687
6.267,0.016061410307884216,Empty,0.51225,0.26825,0.08576,0.08166,0.00222,0.07215,0.99852,0.04075,0.00258,0.03599,0.9966659899396553,0.08155988960673793,0.002211086824071909,0.08118909262797974,-0.994088922747187,0.07208012839599293,0.008076864233858934,-0.07166029638980163,-0.9973963937098798
6.333,0.016061410307884216,Empty,0.51158,0.2683,0.08535,0.08264,0.00124,0.07271,0.99849,0.04126,0.00212,0.03629,0.9965865774521223,0.08254485854208399,0.0012409554915237195,0.08223694040355017,-0.9939612142403091,0.07265115428534416,0.007230440880575964,-0.07230111281437744,-0.9973566412324506
6.4,0.016061410307884216,Empty,0.51092,0.2683,0.08489,0.08554,0.00092,0.07432,0.9984,0.04271,0.00205,0.0371,0.9963437366959471,0.08543018806335284,0.0009172318232052307,0.08512658060800304,-0.9936000161340455,0.07424603162738216,0.007254213999220453,-0.07389648777773708,-0.99723953264668
6.467,0.016061410307884216,Empty,0.51094,0.26828,0.08489,0.08577,0.00156,0.07513,0.99838,0.04281,0.00239,0.03749,0.9963227505167245,0.08566541636986341,0.0015534609640395838,0.08530766866358414,-0.9935231796653,0.07506192866517676,0.00797361084910581,-0.07465338509357701,-0.9971776640218618
6.533,0.01606173813343048,Empty,0.51088,0.26826,0.08482,0.08273,0.00167,0.07525,0.99844,0.04129,0.00239,0.03755,0.9965793751624608,0.08262408936566601,0.0016759645859812447,0.08226478749900679,-0.9937706370511046,0.0751826154957713,0.007877419535752937,-0.07478757110333369,-0.997168373681156
6.6,0.01606173813343048,Empty,0.51054,0.26815,0.08456,0.08387,0.00162,0.07637,0.99839,0.04186,0.00241,0.03811,0.9964845594815663,0.08376074354346236,0.0016311210484625943,0.08339268668477001,-0.993591645842056,0.07629745159813733,0.008011399523440993,-0.07589320887879665,-0.997083766954289
6.667,0.01606173813343048,Empty,0.51022,0.26804,0.08429,0.08652,0.00176,0.07787,0.99831,0.04318,0.00256,0.03885,0.9962577952164213,0.08641386050962718,0.0017464771220820005,0.08601684432891371,-0.9932526764021452,0.07778318141905838,0.008456238064924392,-0.07734187437473591,-0.9969687690725282
6.733,0.01606173813343048,Empty,0.50971,0.26806,0.08393,0.08735,0.00083,0.07819,0.99828,0.04361,0.00212,0.03903,0.9961866332665414,0.08724389012833211,0.0008338683041675329,0.08691243396018439,-0.9931485588497663,0.07811638034208292,0.007643332008342148,-0.07774602041203069,-0.9969438980132745
6.8,0.01606173813343048,Empty,0.50935,0.26787,0.08345,0.0873,-0.00031,0.07854,0.99828,0.04361,0.00156,0.03923,0.9961920602404565,0.08718534402531536,-0.0003080601601670105,0.08694067743906658,-0.9931192462089685,0.07845687615350586,0.006534349264542844,-0.07818490005440823,-0.9969174608176803
6.867,0.016061410307884216,Empty,0.50875,0.26775,0.0822,0.08719,-0.0027,0.07874,0.99827,0.0436,0.00037,0.03938,0.9961970339774586,0.0870873523878114,-0.00269491161180771,0.08702904110832771,-0.9930961633136917,0.07865085133290425,0.004173188023474209,-0.07858628039108861,-0.9968985811184675
6.933,0.016061410307884216,Empty,0.5081,0.26762,0.08072,0.08708,-0.00542,0.07888,0.99827,0.0436,-0.00099,0.03951,0.9961955532989581,0.08697759196477511,-0.005414617566572022,0.08713347129475851,-0.9930760774211469,0.07878872148952284,0.0014757260953950895,-0.07896076842228177,-0.9968766319272683
7.0,0.01606173813343048,Empty,0.50778,0.26723,0.0797,0.08661,-0.0072,0.07924,0.99827,0.0434,-0.00188,0.03973,0.996225576580528,0.08650211372562833,-0.007210054631778713,0.08680151297255406,-0.9930758855624079,0.07915669813803072,-0.0003129096839258775,-0.07948377089342369,-0.9968361110293363
7.067,0.01606173813343048,Empty,0.50758,0.26706,0.07917,0.08645,-0.00819,0.07944,0.99826,0.04334,-0.00237,0.03985,0.9962314898889735,0.08634671665306787,-0.008189204896128087,0.08672472304362139,-0.9930673365332904,0.07934788922008998,-0.0012810021870170488,-0.07975907242383956,-0.9968133473220979
7.133,0.01606173813343048,Empty,0.50722,0.26708,0.07876,0.08669,-0.0091,0.07954,0.99825,0.04348,-0.00282,0.03992,0.9962024273634642,0.08658948269093086,-0.009109621422381947,0.08704041323217343,-0.9930307048561302,0.07946059197683748,-0.0021656822284509213,-0.07995173982005616,-0.9967963829791074
7.2,0.016061410307884216,Empty,0.5071,0.26714,0.07864,0.08682,-0.00937,0.07951,0.99825,0.04355,-0.00295,0.03991,0.9961887727952947,0.08671808113906304,-0.009375679184146668,0.087189780041669,-0.9930208154465059,0.07942041517293771,-0.002423058581741279,-0.0799351893318287,-0.9967971179199879
7.267,0.016061410307884216,Empty,0.50723,0.2672,0.07876,0.0868,-0.00908,0.07938,0.99825,0.04353,-0.00281,0.03984,0.9961950837832441,0.08667664438272737,-0.009083741775558062,0.08712487255812035,-0.993036541395462,0.07929491809107123,-0.0021474700989923645,-0.07978462741586667,-0.9968098121508862
7.333,0.016061410307884216,Empty,0.50771,0.26732,0.0791,0.08657,-0.00817,0.07906,0.99827,0.0434,-0.00237,0.03966,0.9962214187865714,0.08646375963335035,-0.008179426687509692,0.086840137966127,-0.993086869232719,0.07897632933721471,-0.001294290884680415,-0.07938821340490275,-0.9968429346609643
7.4,0.01606173813343048,Empty,0.50828,0.26755,0.07954,0.0864,-0.00703,0.07861,0.99828,0.04329,-0.00181,0.03941,0.9962447904804053,0.08629567704810193,-0.007026632441170674,0.08658103970421593,-0.9931456414249558,0.07852043353389118,-0.00020249540892620103,-0.07883394599677791,-0.9968877408987366
7.467,0.01606173813343048,Empty,0.50862,0.26766,0.07979,0.08628,-0.00637,0.07836,0.99829,0.04322,-0.00149,0.03927,0.996259988932211,0.086171161674997,-0.006369093214268429,0.0864052019038204,-0.9931807093283702,0.07827017121454974,0.0004189710617329518,-0.07852776269305264,-0.9969118391059829
7.533,0.01606173813343048,Empty,0.50875,0.26775,0.07991,0.08634,-0.00608,0.07821,0.99829,0.04324,-0.00135,0.03919,0.9962574323058513,0.0862219309020259,-0.0060751301943377176,0.08643283416541431,-0.9931894223183402,0.0781289739667426,0.0007026759465836297,-0.07836166171341825,-0.9969247495272778
7.6,0.01606173813343048,Empty,0.50856,0.26813,0.07996,0.08696,-0.00614,0.07791,0.99829,0.04355,-0.00137,0.03904,0.9962033520393865,0.08683972988754451,-0.006143508651291693,0.08705429795591191,-0.9931595707719286,0.07781783980246067,0.0006561957737272739,-0.07805721169229954,-0.9969486652330349
7.667,0.01606173813343048,Empty,0.50851,0.26816,0.07993,0.08699,-0.00624,0.07788,0.99829,0.04357,-0.00142,0.03903,0.996198530439358,0.08688897449504307,-0.006228487911440525,0.08711003714644622,-0.993156248067802,0.07779786855840534,0.000573915331678225,-0.07804468614252945,-0.9969496966176911
7.733,0.01606173813343048,Empty,0.50841,0.26815,0.07988,0.08704,-0.0064,0.07794,0.99828,0.0436,-0.0015,0.03906,0.9961929869829157,0.08694036116115456,-0.006395802312771787,0.08717430528847825,-0.9931466898015686,0.07784788393821615,0.00041615324966556714,-0.07810906565408932,-0.996944733011373
7.8,0.01606173813343048,Empty,0.50841,0.26814,0.07987,0.08706,-0.0064,0.07794,0.99828,0.04361,-0.0015,0.03906,0.9961926580164266,0.08694311005899519,-0.006409658917313994,0.08717812451677293,-0.9931456573076374,0.07785677861765383,0.000403385553639862,-0.07811913327892066,-0.9969439494253653
7.867,0.016061410307884216,Empty,0.50841,0.26814,0.07986,0.08704,-0.00642,0.07793,0.99828,0.0436,-0.00151,0.03906,0.9961941623882715,0.08692513777933414,-0.006419598552407833,0.08716098203760253,-0.9931468335201986,0.07786096762206147,0.000392471363385316,-0.07812417993711498,-0.996943558319819
7.933,0.016061410307884216,Empty,0.50841,0.26814,0.07987,0.08704,-0.00642,0.07793,0.99828,0.0436,-0.00151,0.03906,0.9961929681523533,0.08693874014695097,-0.006420721568919124,0.08717463103950929,-0.9931457369497313,0.07785967429742177,0.0003923097373566669,-0.07812298407150194,-0.9969436520951592
8.0,0.016061410307884216,Empty,0.5084,0.26814,0.07987,0.08704,-0.00642,0.07793,0.99828,0.0436,-0.00151,0.03906,0.9961935261545745,0.0869324703281299,-0.006419038118285529,0.08716824917523236,-0.9931463550463862,0.07785893522134806,0.00039342526583064475,-0.07812210353495543,-0.9969437206562034
8.067,0.01606173813343048,Empty,0.5084,0.26814,0.07987,0.08704,-0.00642,0.07793,0.99828,0.0436,-0.00151,0.03906,0.9961939015983856,0.08692830955665892,-0.00641711896475055,0.08716395191076137,-0.9931468722699475,0.07785714859741401,0.0003948486856485579,-0.07812015807743239,-0.9969438725407127
8.133,0.01606173813343048,Empty,0.5084,0.26814,0.07986,0.08704,-0.00642,0.07793,0.99828,0.0436,-0.00151,0.03906,0.9961939319313816,0.0869271823129878,-0.00642767129047539,0.08716365091686684,-0.9931465835387456,0.0778611685255221,0.0003846322092745916,-0.07812508291478323,-0.9969434906139976
8.2,0.01606173813343048,Empty,0.50841,0.26814,0.07987,0.08704,-0.00642,0.07793,0.99828,0.0436,-0.00151,0.03906,0.9961940795047042,0.08692612477120243,-0.006419095889380548,0.08716192751297647,-0.9931469042298744,0.07785900725567903,0.00039287656877611313,-0.07812218283483027,-0.9969437146585173
8.267,0.016061410307884216,Empty,0.5084,0.26814,0.07986,0.08704,-0.00642,0.07793,0.99828,0.0436,-0.00151,0.03906,0.996193849085137,0.08692830168316662,-0.006425372473233722,0.08716458676880429,-0.9931464005403579,0.07786245505476314,0.0003871154388691337,-0.07812616373668817,-0.9969434049540753
8.333,0.016061410307884216,Empty,0.5084,0.26814,0.07987,0.08704,-0.00642,0.07793,0.99828,0.0436,-0.00151,0.03906,0.9961934333017445,0.08693322959476762,-0.006423164228479203,0.08716932768269914,-0.9931461044515307,0.0778609242437769,0.0003895610719785426,-0.07812444434984728,-0.9969435387408851
8.4,0.016061410307884216,Empty,0.5084,0.26814,0.07986,0.08704,-0.00642,0.07793,0.99828,0.0436,-0.00151,0.03906,0.9961932291275302,0.08693532198080606,-0.006426510138299056,0.08717167491786837,-0.9931458685977425,0.0778613047620506,0.0003864356059815138,-0.07812511426762193,-0.9969434874596421
8.466,0.016061410307884216,Empty,0.5084,0.26814,0.07986,0.08704,-0.00642,0.07793,0.99828,0.0436,-0.00151,0.03906,0.996193210448679,0.08693555625942229,-0.006426236364972797,0.08717188666011244,-0.9931457628758871,0.0778624162082639,0.00038682304765631824,-0.07812619752386026,-0.9969434024198126
8.533,0.016061410307884216,Empty,0.50841,0.26813,0.07987,0.08704,-0.00642,0.07793,0.99828,0.0436,-0.00151,0.03906,0.9961943741597469,0.08692243705077168,-0.006423303637918737,0.0871585781655676,-0.9931468712344512,0.07786317749345235,0.00038877323325978207,-0.07812670538538574,-0.9969433618621464
8.6,0.016061410307884216,Empty,0.5084,0.26815,0.07987,0.08704,-0.00642,0.07793,0.99828,0.0436,-0.00151,0.03906,0.9961929713801584,0.08693885503044724,-0.006418664874073672,0.08717458636142861,-0.9931460312059507,0.07785597082165435,0.00039403741519126247,-0.07811911536790071,-0.9969439545674832
8.667,0.016061410307884216,Empty,0.5084,0.26813,0.07986,0.08704,-0.00642,0.07795,0.99828,0.0436,-0.00151,0.03907,0.996193969450162,0.08692652774850579,-0.006430707948434818,0.08716323364056472,-0.9931462203143062,0.07786626854246623,0.00038201106019607634,-0.07813042844497534,-0.99694307270704
8.733,0.016061410307884216,Empty,0.5084,0.26814,0.07987,0.08706,-0.00642,0.07793,0.99828,0.04361,-0.00151,0.03906,0.9961925772999279,0.08694273440958827,-0.006427275154429854,0.08717912528592453,-0.9931453860772442,0.07785911782099131,0.0003860659374044596,-0.07812299947432709,-0.9969436533256162
8.8,0.01606173813343048,Empty,0.5084,0.26814,0.07986,0.08704,-0.00642,0.07793,0.99828,0.0436,-0.00151,0.03906,0.9961943516551247,0.08692259883682923,-0.006424604414125651,0.08715884182266975,-0.9931469975504923,0.07786127117234565,0.0003873274547008744,-0.07812491963448251,-0.9969435023658806
8.867,0.01606173813343048,Empty,0.5084,0.26814,0.07986,0.08704,-0.00644,0.07793,0.99828,0.0436,-0.00152,0.03906,0.9961929680013895,0.08693776692373661,-0.006433909145809956,0.08717468964064756,-0.9931454411568632,0.07786338160776451,0.0003794609851311166,-0.07812782725542589,-0.9969432775327327
