time,gr,gr_state,tx,ty,tz,rx,ry,rz,qw,qx,qy,qz,xx,xy,xz,yx,yy,yz,zx,zy,zz
0.0,0.01592186838388443,Empty,0.30742,-0.0002,0.48531,0.00568,0.00043,0.00528,0.99999,0.00284,0.00022,0.00264,0.9999838215939141,0.005671727502238155,0.0004336560525146694,0.005669360226759901,-0.9999699999862146,0.005278018774952557,0.00046357852707046797,-0.005275474832645263,-0.9999859771317993
0.067,0.01592186838388443,Empty,0.30742,-0.0002,0.4853,0.00568,0.00043,0.00528,0.99999,0.00284,0.00022,0.00264,0.9999838216401209,0.005672781677846961,0.00041953075498633646,0.0056704892851054955,-0.9999699980356691,0.005277175362939668,0.00044945443194900565,-0.005274711042246579,-0.9999859876088937
0.133,0.015921540558338165,Empty,0.30743,-0.0002,0.48531,0.00568,0.00045,0.00528,0.99999,0.00284,0.00023,0.00264,0.9999837806169138,0.005678258605535502,0.00044258593837149087,0.005675842504021089,-0.9999699450395245,0.005281460926673043,0.00047256213742521253,-0.005278863216554327,-0.9999859550454531
0.2,0.015921540558338165,Empty,0.30742,-0.0002,0.48531,0.00568,0.00043,0.00528,0.99999,0.00284,0.00022,0.00264,0.9999837274741461,0.00568833124472129,0.00043321422305358983,0.005685964700542501,-0.9999698900938057,0.005280976349756213,0.00046324112178686605,-0.005278427174151973,-0.9999859617085781
0.267,0.01592186838388443,Empty,0.30744,-0.00021,0.48541,0.00568,0.00067,0.00526,0.99999,0.00284,0.00034,0.00263,0.9999836810711417,0.005674818406226578,0.000658807608896592,0.005671268466705792,-0.9999700275825072,0.005270735301481795,0.0006886983285429911,-0.005266913013909418,-0.9999858925614483
0.333,0.01592186838388443,Empty,0.3075,-0.00023,0.48563,0.0056,0.00113,0.00528,0.99999,0.0028,0.00057,0.00264,0.9999836262991759,0.00561128606615241,0.001122765440474106,0.005605271144533297,-0.9999702951996522,0.0052905248999351295,0.0011524187376044724,-0.005284144869737647,-0.9999853747650758
0.4,0.015921540558338165,Empty,0.3075,-0.0004,0.48558,0.00554,0.00098,0.00594,0.99999,0.00277,0.0005,0.00297,0.9999841471016053,0.005544467545253284,0.000982051482698487,0.005538530127141783,-0.999966967419573,0.005948844739367476,0.0010150022195930424,-0.005943311311212929,-0.9999818232453789
0.467,0.015921540558338165,Empty,0.30757,-0.00078,0.48549,0.0054,0.00072,0.00732,0.99999,0.0027,0.00037,0.00366,0.9999851675158843,0.005398560908077055,0.0007213101627761803,0.00539313586327006,-0.9999586467197332,0.007322495203104755,0.0007608112705878345,-0.007318496468603558,-0.9999729300214328
0.533,0.015921540558338165,Empty,0.30784,-0.00083,0.48496,0.00534,-0.00076,0.00756,0.99999,0.00267,-0.00037,0.00378,0.9999854578170801,0.005340258758281258,-0.0007521906404035659,0.0053457922715571815,-0.999957153385644,0.007557373741528739,-0.000711800080268614,-0.0075612848957296004,-0.9999711597398054
0.6,0.015921540558338165,Empty,0.30885,-0.00118,0.48299,0.00492,-0.00498,0.00823,0.99999,0.00247,-0.00248,0.00412,0.9999755609360919,0.004915559824672289,-0.004971398410825746,0.004956318016974104,-0.9999539344975324,0.008219719862581307,-0.00493076487613341,-0.00824415881183541,-0.9999538596371442
0.667,0.015921540558338165,Empty,0.31109,-0.00123,0.47968,0.00487,-0.0134,0.00815,0.99997,0.00246,-0.00669,0.00409,0.9998984138092939,0.004855123558540009,-0.013401113270526479,0.004964612472825647,-0.9999544722054718,0.008148996212438954,-0.0133609387639056,-0.008214699721048256,-0.9998769944467368
0.733,0.01592186838388443,Empty,0.31559,-0.00116,0.4747,0.00507,-0.02292,0.00818,0.99992,0.00258,-0.01145,0.00412,0.9997245325828088,0.005055339299839368,-0.022919478542233925,0.005244129461192071,-0.9999527554384757,0.008184497369669134,-0.02287702031031745,-0.008302435519976187,-0.9997038118893807
0.8,0.01592186838388443,Empty,0.32378,-0.00114,0.46831,0.00497,-0.02682,0.00817,0.9999,0.00254,-0.0134,0.00412,0.9996280383233671,0.004972139289663724,-0.026815346886845393,0.005192716414754772,-0.9999532041466437,0.008162426912164632,-0.02677350731625596,-0.008298635294111654,-0.9996070787855806
0.867,0.01592186838388443,Empty,0.33567,-0.00106,0.46053,0.00224,-0.02405,0.00823,0.99992,0.00117,-0.01202,0.00413,0.9997084243921363,0.002246185676489265,-0.0240420641646863,0.002444826063268013,-0.9999630948870519,0.00823599960107489,-0.024022677305257232,-0.008292376849569428,-0.9996770215731039
0.933,0.015921540558338165,Empty,0.34976,-0.0009,0.45219,-0.00255,-0.01617,0.00842,0.99996,-0.00124,-0.00809,0.0042,0.9998659768046783,-0.002538281318552549,-0.016173606783105695,-0.002402199842731212,-0.999961601097775,0.008427678558766655,-0.016194377553404745,-0.008387696818686292,-0.999833680507781
1.0,0.015921540558338165,Empty,0.36435,-0.00077,0.44309,-0.00624,-0.00857,0.00845,0.99998,-0.0031,-0.0043,0.00421,0.9999436972009594,-0.006239624035332458,-0.008583095011355695,-0.006167049212855602,-0.999945228667658,0.008456191151514364,-0.008635388357362689,-0.008402782674949663,-0.9999274090208926
1.067,0.015921540558338165,Empty,0.3772,-0.00067,0.43328,-0.00915,-0.00662,0.00835,0.99998,-0.00456,-0.00333,0.00416,0.9999362044812506,-0.009151531780783373,-0.006620908827043567,-0.009096061839334424,-0.9999236818499739,0.008360151589955823,-0.00669691172449791,-0.008299394053624936,-0.9999431340989832
1.133,0.015921540558338165,Empty,0.38703,-0.00041,0.42367,-0.01011,-0.01252,0.00858,0.99996,-0.00503,-0.00628,0.00426,0.999870455649368,-0.01011340111471809,-0.012521622794875615,-0.010006454257505015,-0.9999131717694063,0.008574368503731365,-0.01260725159250775,-0.008447960697004818,-0.9998848379525239
1.2,0.01592186838388443,Empty,0.39472,-0.00016,0.41482,-0.01225,-0.02355,0.00894,0.9999,-0.00607,-0.0118,0.0044,0.9996478873586272,-0.012232701929549228,-0.023547023228772064,-0.012024947835783006,-0.9998876927054895,0.00894441756847482,-0.023653793120348064,-0.008658116399965287,-0.9996827172115283
1.266,0.01592186838388443,Empty,0.40088,-4e-05,0.4071,-0.01663,-0.03575,0.0092,0.9998,-0.00823,-0.01791,0.00445,0.9992226582778148,-0.016625917821146752,-0.03574434278065971,-0.016307062276518625,-0.9998247636102058,0.009193573391527958,-0.03589093066676546,-0.008603541619597312,-0.9993186779838917
1.333,0.01592186838388443,Empty,0.40665,0.00012,0.40075,-0.02043,-0.04585,0.00961,0.99967,-0.0101,-0.02297,0.00457,0.998740794606987,-0.020402242711540508,-0.04583201588566728,-0.019982437354902072,-0.9997542480010299,0.009599260453414384,-0.046016599017768334,-0.008671337626598273,-0.998903038597142
1.4,0.015921540558338165,Empty,0.41139,0.00027,0.39555,-0.02191,-0.05578,0.00996,0.99954,-0.01081,-0.02794,0.00467,0.9982049530996298,-0.02187872634810284,-0.055751169859930186,-0.02135718432459438,-0.999722558774169,0.009933587255024537,-0.055953036424230676,-0.008725067989002546,-0.9983952778852152
1.466,0.015921540558338165,Empty,0.41588,0.00068,0.39163,-0.02233,-0.06354,0.00993,0.99942,-0.011,-0.03182,0.00461,0.9977328163972994,-0.022285665783711273,-0.0635025683298688,-0.02169943263220664,-0.9997154574060833,0.00990650527611818,-0.06370527221002395,-0.008506075706350005,-0.9979325052170235
1.533,0.015921540558338165,Empty,0.4202,0.00189,0.3888,-0.02018,-0.06864,0.01014,0.99935,-0.00991,-0.03436,0.00472,0.9974421490033376,-0.02012743056064914,-0.06858604763820643,-0.019478178053219553,-0.9997590442621739,0.010121956120827225,-0.068773250405453,-0.008760134417411811,-0.9975938552705993
1.6,0.015921540558338165,Empty,0.42447,0.00435,0.38623,-0.01505,-0.07164,0.01057,0.99932,-0.00733,-0.03585,0.00501,0.9973218447268651,-0.015004119644301206,-0.07158222142614754,-0.014285919695626925,-0.9998424540643474,0.010534683148228297,-0.0717290075844677,-0.009483851764075539,-0.997379068372033
1.667,0.015921540558338165,Empty,0.42894,0.0073,0.38367,-0.00882,-0.07243,0.01139,0.99932,-0.0042,-0.03623,0.00553,0.9973398471761079,-0.00879125285499266,-0.07235981694267368,-0.00798975616089903,-0.9999035688699004,0.011358554385378809,-0.07245269512742132,-0.01075020160163595,-0.9973139125342119
1.733,0.015921540558338165,Empty,0.43413,0.01064,0.38116,-0.00209,-0.06966,0.01182,0.99938,-0.00084,-0.03483,0.00587,0.9975728807629967,-0.002085284002645349,-0.0695988445079691,-0.0012676426897527127,-0.9999296918425975,0.01179001499487222,-0.06961853667111409,-0.011673172756217836,-0.9975053866468974
1.8,0.015921540558338165,Empty,0.4398,0.01374,0.3782,0.00148,-0.06422,0.01262,0.99946,0.00094,-0.0321,0.00633,0.9979379645844939,0.0014771431700785764,-0.0641688155493921,0.002289273069727593,-0.9999181918950415,0.012584464476603222,-0.06414497696444389,-0.012705414806520845,-0.9978597067548247
1.867,0.015921540558338165,Empty,0.44556,0.01639,0.37522,-0.00228,-0.05815,0.01365,0.99955,-0.00094,-0.02908,0.00679,0.9983074813324233,-0.002279428529594507,-0.058111762331666844,-0.0014899160349984286,-0.9999060542591021,0.013625813964771565,-0.05813736204819001,-0.01351617037375529,-0.998217090753562
1.933,0.01592186838388443,Empty,0.45075,0.01918,0.37194,-0.00808,-0.05311,0.01424,0.99961,-0.00385,-0.02658,0.00701,0.9985569372854921,-0.00806948346955283,-0.053093563033125124,-0.007323562007258977,-0.9998719454682041,0.014228777359790439,-0.05320158304546652,-0.013819410340650089,-0.9984881649069726
2.0,0.01592186838388443,Empty,0.45592,0.02204,0.36861,-0.02201,-0.0487,0.01498,0.99962,-0.01082,-0.02443,0.00722,0.9985723054868783,-0.021981291671529346,-0.04868442801423019,-0.02127591732260209,-0.9996617112515505,0.01495989303784568,-0.04899679639224808,-0.013902729015309732,-0.9987021718556659
2.067,0.015921540558338165,Empty,0.46079,0.02483,0.36505,-0.04053,-0.04459,0.01607,0.99952,-0.02008,-0.02245,0.00758,0.9981852176961318,-0.04049051467538478,-0.04457341577945752,-0.03980939712561782,-0.9990781515865377,0.016064212489956924,-0.04518277407841172,-0.014260618631394868,-0.9988769452153899
2.133,0.015921540558338165,Empty,0.46532,0.02777,0.36114,-0.05922,-0.04101,0.01743,0.99932,-0.02942,-0.02075,0.0081,0.99740777373983,-0.05914238174518183,-0.0409867242514412,-0.05847054707974142,-0.9981374495263999,0.017401924523713565,-0.04193957567205794,-0.014960298607997444,-0.9990081388347181
2.2,0.015921540558338165,Empty,0.46933,0.03081,0.35708,-0.07214,-0.03966,0.01847,0.99912,-0.03587,-0.02015,0.00851,0.9966147748169243,-0.07202132044117587,-0.039647446557382234,-0.07133554168565392,-0.9972817260893979,0.018449913294253575,-0.04086846105526056,-0.015559184106520425,-0.9990433827822063
2.267,0.015921540558338165,Empty,0.47312,0.03361,0.35264,-0.07611,-0.03857,0.01854,0.99905,-0.03786,-0.01962,0.00853,0.9963632139383185,-0.07598449534145274,-0.03855777973651904,-0.0753149394987922,-0.996987570521083,0.01853224527039004,-0.039849790448613906,-0.015560870611035327,-0.9990845076904297
2.333,0.015921540558338165,Empty,0.47707,0.03593,0.34771,-0.07526,-0.03651,0.01811,0.99909,-0.03745,-0.01858,0.00836,0.9965048838501414,-0.07513471544764383,-0.03650741017133775,-0.07451364878498101,-0.9970559589079393,0.018086761758750028,-0.03775887455374156,-0.015303246086072055,-0.9991696943220727
2.4,0.01592186838388443,Empty,0.48104,0.03799,0.34288,-0.07421,-0.03409,0.01768,0.99913,-0.03694,-0.01736,0.0082,0.996668783177207,-0.07409109926936952,-0.03408585702490377,-0.0735215904583233,-0.9971370698253637,0.01767030606885242,-0.03529748399736624,-0.015105396027406017,-0.99926268550082
2.466,0.01592186838388443,Empty,0.4849,0.03952,0.33749,-0.07633,-0.03354,0.01757,0.9991,-0.038,-0.01709,0.00814,0.9965283670562933,-0.07620095413750527,-0.033535477343422375,-0.07564429549995072,-0.9969800946604617,0.01756790850193284,-0.034772894766376836,-0.014970151614127762,-0.9992831132117745
2.533,0.01592186838388443,Empty,0.48874,0.04057,0.33171,-0.08129,-0.03388,0.01741,0.999,-0.04048,-0.01728,0.00801,0.9961256027807421,-0.08115801859064153,-0.03386974318096278,-0.080604778984539,-0.9965943554272126,0.017394261567321816,-0.03516607867756787,-0.014596806125309749,-0.9992748771791391
2.6,0.01592186838388443,Empty,0.49215,0.04108,0.32525,-0.09412,-0.03498,0.01745,0.99871,-0.04688,-0.01788,0.00789,0.9949660617287204,-0.09391158731993399,-0.03497355822747812,-0.09334760476783216,-0.9954810408170105,0.017427623417725073,-0.036452169923736906,-0.014075195946481742,-0.9992362724435693
2.667,0.01592186838388443,Empty,0.49556,0.04135,0.31779,-0.11635,-0.03617,0.01776,0.99811,-0.05797,-0.01857,0.00781,0.9925889731349562,-0.11601666732706534,-0.036156096487514694,-0.1154367237180548,-0.9931563781735231,0.017741795582512578,-0.0379670018323139,-0.013436569337863906,-0.9991886535466133
2.733,0.01592186838388443,Empty,0.49887,0.04159,0.30976,-0.14597,-0.0375,0.01843,0.99713,-0.07273,-0.01937,0.00782,0.9886707914298305,-0.14534365375849706,-0.03748717761638629,-0.14473748464608832,-0.989298604204196,0.018420973317184626,-0.03976338405915308,-0.012786478473731828,-0.9991273088332664
2.8,0.01592186838388443,Empty,0.50244,0.04197,0.30197,-0.17665,-0.03709,0.01881,0.9959,-0.08802,-0.0193,0.00773,0.9837597759845054,-0.1756163546647168,-0.0370890702120267,-0.17501937700738351,-0.9843855330899298,0.018797337981799448,-0.03981106412624017,-0.012000759039788042,-0.9991351565006634
2.866,0.01592186838388443,Empty,0.50592,0.04218,0.29426,-0.20458,-0.03644,0.01898,0.99458,-0.10192,-0.01909,0.00758,0.9784936505122388,-0.20303334044268517,-0.036436775048261164,-0.2024546572601757,-0.9791080088459585,0.018963616937897304,-0.03952578476004798,-0.011178983960417015,-0.9991560151731635
2.933,0.015921540558338165,Empty,0.50887,0.04247,0.28725,-0.22561,-0.0364,0.0191,0.99345,-0.11237,-0.01916,0.00744,0.974010990571805,-0.2235571325127793,-0.0363977849325362,-0.22298656106694215,-0.9746344281342456,0.019097776807031116,-0.03974397852342458,-0.010485227612975222,-0.9991548809734322
3.0,0.015921540558338165,Empty,0.51171,0.04266,0.28128,-0.2412,-0.0355,0.01879,0.99256,-0.12012,-0.01875,0.00719,0.9704393603417596,-0.23872024264442637,-0.0354977978368046,-0.23818101863316338,-0.9710392758597524,0.018775705063632152,-0.03895189677467711,-0.009765781563912496,-0.999193364293469
3.067,0.015921540558338165,Empty,0.5139,0.04242,0.27584,-0.2569,-0.03605,0.019,0.99158,-0.1279,-0.01909,0.00711,0.9665547963827155,-0.25391638416132994,-0.03603186706241868,-0.25337358286588796,-0.9671822476499111,0.018982290077040956,-0.039669296631916526,-0.00921790026533957,-0.9991703444455442
3.133,0.015921540558338165,Empty,0.51511,0.0416,0.27123,-0.27765,-0.03873,0.02032,0.99017,-0.13815,-0.02058,0.00738,0.960984600179408,-0.2738794316435459,-0.038712467508952506,-0.27327166088404187,-0.961722516863349,0.020307631957043444,-0.04279249438512198,-0.008936301283739007,-0.9990440155186686
3.2,0.015921540558338165,Empty,0.51576,0.04075,0.26751,-0.30648,-0.04213,0.0226,0.98804,-0.15236,-0.02254,0.00795,0.9525543931850227,-0.3014393745743268,-0.04212400123624704,-0.3007222131169992,-0.95344430724132,0.022585471594208695,-0.0469710396087505,-0.00884626731211162,-0.9988570793625661
3.267,0.015921540558338165,Empty,0.51715,0.04021,0.26482,-0.34231,-0.04216,0.0241,0.98514,-0.17002,-0.02282,0.00828,0.9411483757309674,-0.3353557356571842,-0.042145763972085235,-0.3346004056780263,-0.942052813528095,0.024063770359200723,-0.047773458939689206,-0.008545588664854683,-0.9988216405021013
3.333,0.015921540558338165,Empty,0.51948,0.04,0.26302,-0.37933,-0.03822,0.0238,0.98186,-0.18826,-0.02101,0.00808,0.9282310664159064,-0.37003630822256073,-0.03821279808398481,-0.36935754903642404,-0.9289832636600834,0.0237717649589906,-0.04429546602300341,-0.00795150529634775,-0.9989868293693003
3.4,0.015921540558338165,Empty,0.52178,0.03954,0.26148,-0.41607,-0.03331,0.02271,0.97828,-0.20631,-0.01864,0.00767,0.9141789410890295,-0.40394066535430434,-0.033298686797872394,-0.4033692165063088,-0.914755982491267,0.02268849205045482,-0.03962497753220339,-0.007309676433244889,-0.999187885127724
3.466,0.015921540558338165,Empty,0.52453,0.03867,0.25999,-0.44989,-0.02674,0.02015,0.9747,-0.22289,-0.01528,0.00684,0.9001752826371097,-0.43470618206770983,-0.026739405403150555,-0.434288142490042,-0.9005487292259285,0.020144368496273834,-0.03283701907524439,-0.0065208559008569375,-0.9994394471985647
3.533,0.015921540558338165,Empty,0.52718,0.03757,0.25858,-0.47877,-0.02033,0.01707,0.97142,-0.237,-0.0119,0.00588,0.8873791515505052,-0.4605920982594093,-0.020326347790495233,-0.4603123230183238,-0.8875930763337251,0.01706153925963618,-0.02589993573312609,-0.0057835858624403465,-0.9996478097127969
3.6,0.015921540558338165,Empty,0.52931,0.03722,0.2569,-0.49979,-0.01584,0.01461,0.9689,-0.24723,-0.00948,0.00512,0.8775722711678133,-0.47918261957660646,-0.015840643076181552,-0.47898860341882576,-0.8776996619095019,0.014602098439227214,-0.020900398853817975,-0.005226909186812328,-0.9997678994387166
3.667,0.015921540558338165,Empty,0.53066,0.03726,0.25442,-0.51958,-0.01505,0.01431,0.96641,-0.25681,-0.00911,0.00498,0.8679281175023528,-0.4964619065940421,-0.01504520354899307,-0.4962804330724473,-0.8680443967967787,0.014305835842077513,-0.02016220717694963,-0.004949797038754614,-0.9997844692287577
3.733,0.015921540558338165,Empty,0.53168,0.03736,0.25094,-0.54034,-0.01711,0.01593,0.96368,-0.26681,-0.01037,0.00539,0.8574080427912383,-0.5143525609790524,-0.01711406354984612,-0.5141289177399442,-0.8575650847349708,0.015924238978860448,-0.022867096458702798,-0.00485473560478966,-0.9997267263816427
3.8,0.015921540558338165,Empty,0.53232,0.03744,0.24652,-0.55959,-0.02044,0.01853,0.96105,-0.27604,-0.01238,0.00608,0.8473016435888289,-0.5307185172979675,-0.02043967144345477,-0.5304176873525684,-0.8475343045198566,0.018511607320709788,-0.027147775511492066,-0.004843352051024773,-0.9996196977979612
3.866,0.015921540558338165,Empty,0.53325,0.03734,0.24172,-0.57556,-0.02299,0.02057,0.95879,-0.28368,-0.01394,0.0066,0.838661184433422,-0.5441680395170921,-0.022990487007764314,-0.5437999609008777,-0.8389628232283364,0.020566569109672535,-0.030479833479431534,-0.00474615727333543,-0.9995241136371864
3.933,0.015921540558338165,Empty,0.53418,0.03729,0.23713,-0.58984,-0.02489,0.02219,0.95673,-0.29049,-0.01513,0.007,0.8307717146883916,-0.5560568228287401,-0.02488308379837308,-0.5556329224777615,-0.8311314866035507,0.02219250853314255,-0.03302141021416147,-0.0046110477961665355,-0.9994440077891754
4.0,0.015921540558338165,Empty,0.53572,0.03688,0.23341,-0.60717,-0.02386,0.02179,0.95419,-0.29878,-0.01464,0.00683,0.8210346140796001,-0.5703799178254522,-0.023851872559448466,-0.5699799571099374,-0.8213698006847573,0.021782998325199924,-0.032015792604831984,-0.0042895063250009595,-0.9994781584203688
4.066,0.015921540558338165,Empty,0.53743,0.03652,0.23065,-0.62692,-0.02173,0.0206,0.9512,-0.30821,-0.01351,0.00645,0.8096470395502389,-0.5865149477379554,-0.021722970042739913,-0.5861663354033431,-0.8099287908204473,0.020600510671914644,-0.02967656629985824,-0.00394586873470931,-0.99955176530912
4.133,0.015921540558338165,Empty,0.53875,0.03615,0.22908,-0.64266,-0.02039,0.01994,0.94875,-0.3157,-0.01282,0.00624,0.8003436355643946,-0.599195091105206,-0.020379102212590178,-0.5988750697963939,-0.8005942578955296,0.01993702588327193,-0.0282615602529599,-0.0037519355178065174,-0.9995935209833737
4.2,0.015921540558338165,Empty,0.53997,0.03623,0.22886,-0.64974,-0.01839,0.01835,0.94764,-0.31908,-0.01164,0.00576,0.7961092318183138,-0.6048737654679119,-0.018379849355294145,-0.6046057239077799,-0.7963137326474536,0.018340060387818435,-0.025729547831300895,-0.003488129262074062,-0.9996628548278905
4.267,0.015921540558338165,Empty,0.54144,0.03645,0.2298,-0.65815,-0.01559,0.0161,0.9463,-0.32309,-0.00998,0.0051,0.7910274730264798,-0.6115816499749762,-0.015601997667846522,-0.61137814941604,-0.7911748780108806,0.016095677093130693,-0.022187729355665684,-0.003193402316267984,-0.9997487218534895
4.333,0.015921540558338165,Empty,0.54245,0.03662,0.23087,-0.67236,-0.01352,0.0146,0.94399,-0.32982,-0.00879,0.00466,0.7822844694851355,-0.6227747402912667,-0.013514128070473301,-0.6226109192215873,-0.7823954226059571,0.014596093699882937,-0.019663470406060576,-0.003004253716132612,-0.9998021416216306
4.4,0.015921540558338165,Empty,0.54267,0.03705,0.23114,-0.69143,-0.01282,0.0144,0.94081,-0.33881,-0.00847,0.0046,0.7702769657173487,-0.6375807272048281,-0.01281453792522116,-0.6374247783206175,-0.770378000716855,0.01440097199541958,-0.01905382030423827,-0.002924433015747076,-0.9998141825476125
4.466,0.01592186838388443,Empty,0.54264,0.03722,0.23106,-0.71489,-0.0126,0.01478,0.93677,-0.34982,-0.00849,0.00472,0.7551053356005353,-0.6554824417308486,-0.012597647802965906,-0.6553222612346395,-0.7552048315875771,0.014778236603131446,-0.0192006791005355,-0.0029036062653144895,-0.9998114337177457
4.533,0.01592186838388443,Empty,0.54263,0.03719,0.231,-0.74158,-0.01229,0.01521,0.93201,-0.36229,-0.00848,0.00486,0.7373428382950717,-0.6754070295737711,-0.012283452987780165,-0.6752422954218087,-0.737439398217482,0.015197908741832793,-0.019323076578395715,-0.002911762176677919,-0.9998090519457064
4.6,0.01592186838388443,Empty,0.54261,0.03721,0.23093,-0.76731,-0.01197,0.0156,0.92728,-0.37425,-0.00847,0.00499,0.7197376701022893,-0.6941428837144584,-0.011972603071336371,-0.6939737725736467,-0.7198313339810705,0.015596589336545546,-0.019444516338245822,-0.002916780349685363,-0.9998066829026316
4.667,0.01592186838388443,Empty,0.54252,0.03721,0.23047,-0.7911,-0.01216,0.0165,0.92275,-0.38525,-0.00879,0.00527,0.7030074001579777,-0.7110784829608542,-0.01216496581217738,-0.7108931927547217,-0.7031064554106967,0.016497904557979406,-0.020284570937513548,-0.0029501576053887384,-0.9997898943037904
4.733,0.01592186838388443,Empty,0.5423,0.03731,0.2293,-0.81177,-0.01323,0.01835,0.91872,-0.39475,-0.0097,0.00582,0.6881490294972663,-0.7254486178691949,-0.013236919341203229,-0.7252228719151301,-0.6882696741240586,0.018347799114147238,-0.022420955669676078,-0.0030263034938748695,-0.99974403835883
4.8,0.01592186838388443,Empty,0.5419,0.03738,0.22727,-0.82829,-0.01534,0.02141,0.91541,-0.4023,-0.01133,0.00671,0.6760537062728159,-0.7366924675843396,-0.015349085943008791,-0.7363882048592683,-0.6762204998092606,0.021406713476344263,-0.026149531141755635,-0.0031692021409998983,-0.999653018891483
4.867,0.01592186838388443,Empty,0.54139,0.03732,0.22457,-0.84446,-0.01813,0.02549,0.91211,-0.40964,-0.01349,0.00791,0.6640311460523187,-0.7474852997375664,-0.0181208098242103,-0.7470587214502139,-0.6642697581749032,0.02547459674710653,-0.031078992545066103,-0.003378616654284798,-0.9995112211335533
4.933,0.01592186838388443,Empty,0.54072,0.03712,0.2212,-0.85946,-0.02155,0.0306,0.90899,-0.4164,-0.01617,0.00942,0.6527000154308288,-0.7573098700875984,-0.02155111422875049,-0.7567006724347042,-0.6530454654328837,0.030589416706025382,-0.037239524613807064,-0.0036579701274301996,-0.9992996733017999
5.0,0.015921540558338165,Empty,0.54028,0.03708,0.21755,-0.87327,-0.0245,0.0352,0.90606,-0.4226,-0.01854,0.01077,0.642125539941538,-0.7662077910839218,-0.024503302575068612,-0.7654090887876583,-0.6425814233217697,0.0351858096825254,-0.04270500855911876,-0.0038386565444002816,-0.9990803506024427
5.067,0.015921540558338165,Empty,0.54057,0.03705,0.21414,-0.88547,-0.02544,0.03707,0.90346,-0.42809,-0.01943,0.0113,0.6327203600148175,-0.7739625829320176,-0.025433565300982924,-0.7730843008021241,-0.6332200321204668,0.03705475373883654,-0.04478403595044646,-0.003783007078281515,-0.9989895289648613
5.133,0.015921540558338165,Empty,0.54173,0.03706,0.21143,-0.89501,-0.02388,0.03525,0.90141,-0.43243,-0.01839,0.01072,0.6253241835549205,-0.7799994259310234,-0.023886418916320568,-0.7792103635079818,-0.6257708534320012,0.03524270700079401,-0.04243671597957496,-0.0034255718148467032,-0.9990932842305619
5.2,0.015921540558338165,Empty,0.54425,0.03724,0.20973,-0.90541,-0.01862,0.02794,0.8992,-0.43722,-0.01448,0.00849,0.6172537128486446,-0.7865437820149104,-0.01862076658584029,-0.7860523093272938,-0.6175290511852085,0.027921997484503462,-0.03346073782496742,-0.002598060041216015,-0.9994366558758144
5.267,0.015921540558338165,Empty,0.54789,0.03752,0.20919,-0.92368,-0.01039,0.01607,0.89521,-0.44554,-0.00823,0.00488,0.6028464414365331,-0.7977897938025155,-0.01037366626841621,-0.797629076995136,-0.6029340246094818,0.01607536936124207,-0.019079401961176284,-0.0014166413634702573,-0.9998169680236734
5.333,0.015921540558338165,Empty,0.55246,0.03789,0.20961,-0.94665,-0.0006,0.0008,0.89005,-0.45585,-0.00045,0.00022,0.5843947921874935,-0.8114692689485749,-0.0005936465294646704,-0.81146887761231,-0.5843950934933483,0.0007970994407464613,-0.0009937458195505235,1.590492093534016e-05,-0.9999995061080177
5.4,0.015921540558338165,Empty,0.55691,0.03822,0.21031,-0.96851,0.00766,-0.01345,0.88501,-0.46551,0.00652,-0.00417,0.5665229793325861,-0.82401041859231,0.007651401143362096,-0.8239016163264148,-0.5665731122693,-0.013454927283364686,0.01542207842190989,0.001318523722097252,-0.9998802033205492
5.467,0.015921540558338165,Empty,0.55965,0.03851,0.21016,-0.98341,0.0111,-0.02033,0.88149,-0.47205,0.00969,-0.00634,0.554143618004813,-0.8323469995504581,0.011105087297499315,-0.8321012284551927,-0.5542511874727433,-0.020326504579315844,0.023073712919569556,0.0020232460066221436,-0.9997317191365402
5.533,0.01592186838388443,Empty,0.56042,0.03864,0.20888,-0.99593,0.01054,-0.02023,0.87852,-0.47756,0.00946,-0.00637,0.5436908147247017,-0.8392193194857334,0.010546648088014617,-0.83897836942802,-0.5437888613094394,-0.020223005406814553,0.02270668658987615,0.0021466526699993995,-0.9997398652981803
5.6,0.01592186838388443,Empty,0.55983,0.03875,0.20628,-1.00386,0.00802,-0.01631,0.87664,-0.48107,0.00744,-0.00522,0.5370340335630686,-0.8435224412209,0.00802109417187107,-0.843366940851244,-0.5370902109674397,-0.016318957140862584,0.018073457726599636,0.0019991097228896273,-0.9998346631749274
5.667,0.015921540558338165,Empty,0.55908,0.03873,0.20308,-1.01017,0.0051,-0.01141,0.87512,-0.48386,0.00499,-0.00376,0.5317037140708883,-0.8469151582326412,0.005086767048295568,-0.8468401088095227,-0.5317251343838659,-0.011411028697530932,0.012368935067301119,0.0017596079791793744,-0.9999219535669073
5.734,0.015921540558338165,Empty,0.55835,0.03867,0.19977,-1.01347,0.00215,-0.00634,0.87433,-0.48532,0.00248,-0.00225,0.5289198580882519,-0.8486690258049007,0.0021606386241404887,-0.848646729028967,-0.528922093555553,-0.006336265244290313,0.006520201556610639,0.0015177576128290768,-0.9999775914406731
5.8,0.015921540558338165,Empty,0.55755,0.03861,0.19619,-1.01838,-0.00095,-0.00084,0.87314,-0.48747,-0.00021,-0.0006,0.5247377717025734,-0.8512633885000247,-0.0009562154956974551,-0.85126389650889,-0.5247371293159854,-0.0008506572287480102,0.00022237158077620706,0.0012603637074655048,-0.999999181016767
5.867,0.015921540558338165,Empty,0.55685,0.03858,0.19309,-1.03048,-0.00354,0.00389,0.87017,-0.49274,-0.0025,0.00082,0.5144053651593758,-0.8575398193618957,-0.0035466186735575375,-0.8575316377489461,-0.5144165372789693,0.0038879857927133997,-0.005158541931465424,0.0010413369681715838,-0.9999861524353525
5.933,0.015921540558338165,Empty,0.55648,0.03828,0.19074,-1.04725,-0.00501,0.007,0.86601,-0.50001,-0.00392,0.00178,0.49995511024293976,-0.8660368311516938,-0.005009474094368451,-0.8660089332870364,-0.49997950481084674,0.007001588116243927,-0.008568267562286475,0.0008377695582606725,-0.9999629407798812
6.0,0.015921540558338165,Empty,0.5566,0.03798,0.18951,-1.06694,-0.00508,0.0076,0.86104,-0.50851,-0.00412,0.00198,0.48279721811459153,-0.8757174682874678,-0.005075619863519782,-0.8756848027815536,-0.48282327712919815,0.0076032387607347885,-0.009108916414302698,0.0007738206568366595,-0.9999582135486204
6.066,0.015921540558338165,Empty,0.55696,0.03789,0.18921,-1.08657,-0.0044,0.00642,0.85601,-0.51694,-0.00354,0.00161,0.4655180982518837,-0.8850274814504667,-0.004388311451232745,-0.8850046381476336,-0.4655379222636712,0.006421323196982317,-0.007725972891857326,0.0008944338250574485,-0.9999697542080993
6.133,0.015921540558338165,Empty,0.55732,0.03794,0.1894,-1.10122,-0.0037,0.00509,0.8522,-0.5232,-0.00291,0.0012,0.45249718498181907,-0.8917581128570011,-0.0037102206469703967,-0.8917441938640017,-0.4525112721540415,0.005083432243317603,-0.006212108609069919,0.0010083289397431609,-0.9999801962935957
6.2,0.015921540558338165,Empty,0.55758,0.03811,0.18951,-1.11181,-0.00324,0.00396,0.84942,-0.52771,-0.00242,0.00083,0.4430331598097619,-0.8964993922808281,-0.003234029852056093,-0.8964913214459945,-0.4430434970078747,0.003971187611734047,-0.004992983175635434,0.0011399118998416473,-0.9999868852739362
6.266,0.015921540558338165,Empty,0.55781,0.03858,0.18959,-1.11938,-0.00289,0.0028,0.84742,-0.53092,-0.00197,0.00042,0.4362445363951877,-0.8998235102634695,-0.0028904744378264614,-0.8998202232455309,-0.4362519268983659,0.0027968045741109384,-0.0037776055525497007,0.001380816639109547,-0.9999919114881373
6.333,0.01592186838388443,Empty,0.55802,0.03882,0.18958,-1.1315,-0.00259,0.00188,0.84418,-0.53605,-0.0016,0.0001,0.42529429249346684,-0.9050514279678638,-0.002584087036529677,-0.9050507784182042,-0.42529936087052966,0.001882054122920097,-0.0028023663365317384,0.0015383031072698451,-0.999994890170178
6.4,0.01592186838388443,Empty,0.55799,0.03881,0.18904,-1.14454,-0.00276,0.00237,0.84067,-0.54154,-0.0018,0.00025,0.4134663232160818,-0.9105152542323582,-0.0027516134100668936,-0.9105134743692688,-0.41347265267580036,0.0023618808691686028,-0.0032882454558561354,0.0015288228872715344,-0.9999934250495859
6.466,0.01592186838388443,Empty,0.55784,0.03885,0.18764,-1.15367,-0.00336,0.00386,0.83819,-0.54537,-0.00246,0.0007,0.40514179443553294,-0.9142476967788793,-0.003357876720525117,-0.9142408267108042,-0.40515289855410247,0.0038522160316570033,-0.004882333120745526,0.001509214273347001,-0.999986942462538
6.533,0.015921540558338165,Empty,0.55808,0.03917,0.18563,-1.16055,-0.00372,0.0044,0.83631,-0.54825,-0.00276,0.00082,0.39883291514803126,-0.9170160727466579,-0.003718617864137398,-0.9170070407141669,-0.39884680718004906,0.004394505993479823,-0.005512991490036256,0.0016573251271244282,-0.9999834299618438
6.6,0.015921540558338165,Empty,0.55937,0.03956,0.18324,-1.16679,-0.00291,0.00132,0.8346,-0.55086,-0.00158,-0.00025,0.3931006698122143,-0.9194908374769623,-0.0029091560808373546,-0.9194924314173234,-0.39310550926097243,0.001314212665764584,-0.002352011787343801,0.0021583291189538924,-0.9999949048150027
6.667,0.01592186838388443,Empty,0.562,0.03996,0.18028,-1.17188,-0.00098,-0.00549,0.83319,-0.55298,0.00111,-0.00256,0.38841983371883443,-0.9214819985561378,-0.0009793420336671613,-0.9214706390082494,-0.38840921010075513,-0.00549062424831462,0.004679125939942567,0.0030351022871138895,-0.9999844468463222
6.733,0.01592186838388443,Empty,0.56605,0.04055,0.17743,-1.17993,0.00172,-0.01526,0.83094,-0.55631,0.00496,-0.00586,0.38097999416177253,-0.9245816700176338,0.001726127428224489,-0.9244652766844672,-0.38096053246160366,-0.015265153496865976,0.014771467537360737,0.004219973219588364,-0.9998819908233265
6.8,0.01592186838388443,Empty,0.57053,0.04093,0.17456,-1.19174,0.00381,-0.02378,0.82761,-0.56117,0.00825,-0.00877,0.3700324088137189,-0.9290110565535488,0.0038043696949634585,-0.9287217653926626,-0.37001453177544824,-0.023772437000263984,0.02349252888585048,0.005263371187267253,-0.9997101570006639
6.867,0.015921540558338165,Empty,0.57407,0.04105,0.17192,-1.20179,0.00393,-0.02607,0.82477,-0.56531,0.00899,-0.00964,0.36067849868755025,-0.9326819307085288,0.003928958425072163,-0.9323355726133139,-0.3606543144242994,-0.026054664207067597,0.02571771032380631,0.0057342494669998184,-0.999652798604971
6.933,0.015921540558338165,Empty,0.5767,0.04108,0.16996,-1.21139,0.00331,-0.0256,0.82205,-0.56927,0.00865,-0.00958,0.3517058230257587,-0.9361047310804842,0.0033085493057082842,-0.9357733473581435,-0.3516717870027836,-0.025596808402689814,0.02512481689304375,0.005906494307398571,-0.9996668729637326
7.0,0.015921540558338165,Empty,0.57909,0.0413,0.16875,-1.22896,0.00273,-0.02606,0.81701,-0.57647,0.00863,-0.00986,0.3352164807290008,-0.9421371698473444,0.002732076078619602,-0.9417970156255593,-0.33517100387234955,-0.02605339751340917,0.025461586880117824,0.006160467128172793,-0.999656819232635
7.067,0.015921540558338165,Empty,0.58093,0.04146,0.16812,-1.24677,0.00231,-0.02686,0.81185,-0.58372,0.00878,-0.01023,0.31839876916081594,-0.9479540741971537,0.00230152338556496,-0.9475948681938098,-0.3183433333328654,-0.026860526712559146,0.026195220358556332,0.006371446895100663,-0.9996365414963726
7.133,0.015921540558338165,Empty,0.58161,0.04167,0.16743,-1.26175,0.00165,-0.02657,0.80745,-0.58979,0.0085,-0.01024,0.3041542894754066,-0.9526213604478856,0.0016467580665659697,-0.9522734028155407,-0.3040890982338261,-0.02655535022267362,0.025797955031764686,0.006508759771085152,-0.9996459881190048
7.2,0.01592186838388443,Empty,0.58142,0.04184,0.16666,-1.27521,0.00087,-0.02536,0.80346,-0.59522,0.0079,-0.00993,0.2912972264761601,-0.9566321906683386,0.0008818301377648899,-0.9563183229032863,-0.2912250319862247,-0.025362295323343203,0.024519199145623897,0.0065446559663262524,-0.9996779363132607
7.266,0.01592186838388443,Empty,0.58122,0.04197,0.16604,-1.28582,0.00029,-0.02433,0.8003,-0.59948,0.00741,-0.00965,0.281138837996911,-0.959667059195207,0.0002987731079037298,-0.9593809172497015,-0.2810625868931195,-0.024332650206451117,0.023435216808652085,0.006554215786116728,-0.9997038725885583
7.333,0.01592186838388443,Empty,0.58111,0.04191,0.16564,-1.29244,-1e-05,-0.02366,0.79831,-0.60213,0.00712,-0.00945,0.2747718281670949,-0.961509460357648,-9.405161690052496e-06,-0.9612404680624962,-0.2746947264962337,-0.02365522762842043,0.022742141603321653,0.006508830763195004,-0.9997201759079339
7.4,0.015921540558338165,Empty,0.58101,0.04191,0.16529,-1.30051,-0.00034,-0.02308,0.79588,-0.60535,0.00685,-0.00929,0.26701151428518816,-0.963693281277304,-0.00033295662381224375,-0.9634387313345887,-0.2669330125226894,-0.02307764697623959,0.022150896224057876,0.006482780772499834,-0.9997336201958633
7.466,0.015921540558338165,Empty,0.5809,0.04193,0.16485,-1.30568,-0.00061,-0.02237,0.79431,-0.60741,0.00655,-0.00907,0.2620105331425354,-0.9650648128469661,-0.0006225166778186762,-0.9648272917408208,-0.2619316217223352,-0.02236342223319985,0.021419095089130435,0.006460073262535622,-0.9997497135878586
7.533,0.015921540558338165,Empty,0.58076,0.04181,0.16437,-1.30698,-0.00078,-0.02155,0.79392,-0.60793,0.00624,-0.00879,0.26077034714088476,-0.9654005426690957,-0.0007862990764900771,-0.9651812415584788,-0.26069356524501236,-0.02154149445785122,0.020591187329913854,0.006376304106590296,-0.999767645880924
7.6,0.015921540558338165,Empty,0.58062,0.0417,0.16385,-1.3072,-0.00094,-0.02067,0.79386,-0.60802,0.00591,-0.00849,0.2605600747711623,-0.9654571780996073,-0.0009405802408770543,-0.9652565496674446,-0.26048579848727216,-0.02066257753883998,0.019703826007826605,0.006291743986479437,-0.999786063714764
7.667,0.015921540558338165,Empty,0.58046,0.04169,0.1633,-1.30717,-0.00114,-0.01974,0.79387,-0.60801,0.00555,-0.00818,0.26058894211315553,-0.9654491740158317,-0.0011382620499620893,-0.965267666146272,-0.2605166853705979,-0.019732950515461693,0.018754624519708375,0.006240916252025176,-0.9998046384286581
7.733,0.015921540558338165,Empty,0.58035,0.04167,0.16291,-1.30718,-0.00128,-0.01907,0.79386,-0.60802,0.00529,-0.00796,0.26056326362471466,-0.9654559242128626,-0.0012822057263262698,-0.9652873478194857,-0.260492427881142,-0.0190796005254662,0.018086508476232596,0.00620913994649575,-0.9998171456782807
7.8,0.015921540558338165,Empty,0.5803,0.04166,0.16274,-1.30801,-0.00137,-0.01881,0.79361,-0.60835,0.00518,-0.00788,0.25976799010772506,-0.9656700985393856,-0.0013609196620111598,-0.9655067407698079,-0.25969753338961543,-0.018812885993710664,0.017813613991991054,0.006200962690029941,-0.9998220957841757
7.867,0.015921540558338165,Empty,0.58032,0.04167,0.16275,-1.31336,-0.00147,-0.01884,0.79198,-0.61047,0.00517,-0.00791,0.2545897236433064,-0.9670480555226657,-0.0014597688365358876,-0.9668844523634502,-0.2545182139607224,-0.01883970647529811,0.017847363756484144,0.006207823457158388,-0.9998214513276198
7.933,0.015921540558338165,Empty,0.5803,0.04156,0.16269,-1.32653,-0.00169,-0.0187,0.78795,-0.61567,0.00509,-0.00789,0.24185332262145887,-0.9703113553859098,-0.0016864003436194031,-0.9701507742508332,-0.24178080466344554,-0.018695392929964222,0.01773261282128086,0.0061576054968848284,-0.99982380364596
8.0,0.015921540558338165,Empty,0.5802,0.04157,0.16235,-1.34253,-0.00208,-0.01809,0.78299,-0.62196,0.00481,-0.00773,0.22627293849679236,-0.9740616995212874,-0.0020887387888147285,-0.973913074169782,-0.22619963335441728,-0.018084519111439303,0.017142965472510926,0.006126287295598996,-0.9998342799378205
8.067,0.015921540558338165,Empty,0.58002,0.04156,0.16172,-1.3541,-0.00249,-0.01701,0.77939,-0.62648,0.00436,-0.00741,0.21499506943469682,-0.9766119813391858,-0.0024815365239305763,-0.9764827967280778,-0.21492341336645587,-0.017008059296201902,0.016076934187881326,0.006079826614406977,-0.9998522730361007
8.133,0.015921540558338165,Empty,0.57973,0.04158,0.16074,-1.35989,-0.00288,-0.01534,0.77757,-0.62874,0.0037,-0.00687,0.20934001457488166,-0.9778386740206302,-0.002878521732349748,-0.9777369771461693,-0.20927309923185744,-0.015335366280726438,0.01439311706543143,0.006024742937955645,-0.9998782629168773
8.2,0.015921540558338165,Empty,0.57943,0.04167,0.15975,-1.36089,-0.00323,-0.01365,0.77727,-0.62913,0.00304,-0.00632,0.20836787786720934,-0.9780452198048785,-0.003221100734582129,-0.977968222346545,-0.2083064900031068,-0.013658781165380218,0.01268792943919372,0.005996185405081316,-0.9999015262550274
8.267,0.01592186838388443,Empty,0.57902,0.04189,0.15844,-1.36288,-0.00374,-0.01144,0.77665,-0.62991,0.00215,-0.00562,0.2064294349211797,-0.9784543435589494,-0.003739781911824667,-0.978405986215235,-0.20637550710052566,-0.011440113950220099,0.010421829796903849,0.006020601267846532,-0.9999275662887077
8.333,0.01592186838388443,Empty,0.57855,0.04201,0.15685,-1.36607,-0.00426,-0.00875,0.77565,-0.63115,0.00111,-0.00474,0.20329692906380836,-0.979107879421479,-0.004256652205577067,-0.9790867508580454,-0.20325445205213521,-0.008761393452094413,0.007713165852036506,0.005948796160621742,-0.9999525583230326
8.4,0.015921540558338165,Empty,0.57795,0.04213,0.15466,-1.36633,-0.00488,-0.00511,0.77557,-0.63125,-0.00028,-0.00352,0.2030520858557876,-0.9791557559140394,-0.004884269650634837,-0.9791597091556166,-0.20302740334871117,-0.005112480392875385,0.0040142740192584256,0.005820579858223381,-0.9999750029146791
8.467,0.015921540558338165,Empty,0.5775,0.04236,0.15198,-1.366,-0.00564,-0.00098,0.77568,-0.63112,-0.00188,-0.00216,0.20337738551495976,-0.9790841445451668,-0.005645968593410071,-0.9791004047561236,-0.20337512493047155,-0.0009777350919736223,-0.00019096464192139577,0.00572681934177999,-0.9999835834016136
8.533,0.015921540558338165,Empty,0.57796,0.0427,0.14968,-1.3658,-0.00622,0.00145,0.77574,-0.63104,-0.00287,-0.0014,0.20355812150365377,-0.9790431553138321,-0.006212181825980102,-0.9790591777952893,-0.20357066832508525,0.0014523678908483877,-0.002686548848604346,0.0057864523512655966,-0.9999796495051639
8.6,0.015921540558338165,Empty,0.57947,0.04281,0.14779,-1.36779,-0.0065,0.00212,0.77512,-0.63181,-0.00319,-0.00123,0.20162091886149103,-0.9794420697229855,-0.006499010247895327,-0.9794578001795518,-0.20163817594026595,0.002112740143785657,-0.003379755151019074,0.005939533671642289,-0.9999766493248142
8.666,0.015921540558338165,Empty,0.58148,0.04296,0.14657,-1.37601,-0.00662,0.00174,0.77251,-0.63499,-0.00311,-0.00143,0.19354999368209408,-0.9810680677144263,-0.0066216657075847205,-0.9810858688765762,-0.19356523236509843,0.0017374435641854414,-0.0029862746616109684,0.00616014046326489,-0.9999765671420097
8.733,0.015921540558338165,Empty,0.58376,0.04318,0.14548,-1.38794,-0.00675,0.00109,0.76871,-0.63959,-0.00294,-0.00174,0.1818341927686089,-0.9833061019560266,-0.006740637672498248,-0.9833265458662259,-0.18184537196685174,0.0010793002520719922,-0.002287036288554471,0.006431994269342994,-0.9999766991859027
