time,gr,gr_state,tx,ty,tz,rx,ry,rz,qw,qx,qy,qz,xx,xy,xz,yx,yy,yz,zx,zy,zz
0.0,0.01591070555150509,Empty,0.30822,0.00219,0.48553,0.01441,0.00326,-0.00562,0.99997,0.00721,0.00161,-0.00282,0.9998909575197774,0.014403253299212215,0.00325873665418581,0.01442140913300699,-0.9998802217906573,-0.0056182764692012215,0.003177424869453693,0.005664659412947183,-0.9999789075800221
0.067,0.01591070555150509,Empty,0.30822,0.00219,0.48553,0.01439,0.00326,-0.00562,0.99997,0.0072,0.00161,-0.00282,0.9998911738868204,0.014388503241381079,0.0032575078985226723,0.01440667444653232,-0.9998803949526607,-0.0056252573898860955,0.0031761792499481784,0.005671575070789742,-0.9999788723376052
0.133,0.01591070555150509,Empty,0.30822,0.00219,0.48553,0.01439,0.00326,-0.00562,0.99997,0.0072,0.00161,-0.00282,0.9998912849593198,0.014381422424442514,0.0032546814667811343,0.014399574663593484,-0.9998805025631174,-0.005624308280547243,0.0031734069874601463,0.005670562862430854,-0.9999788868795756
0.2,0.01591070555150509,Empty,0.30822,0.00219,0.48553,0.01439,0.00326,-0.00562,0.99997,0.0072,0.00161,-0.00282,0.9998911907661217,0.014387115548755047,0.003258455845012753,0.014405274126069179,-0.9998804470184965,-0.005619586056305332,0.0031772166529731296,0.005665913543126934,-0.9999789011364498
0.267,0.015910375863313675,Empty,0.30822,0.00219,0.48553,0.01439,0.00326,-0.00564,0.99997,0.0072,0.00161,-0.00283,0.9998911634427604,0.014388891372856205,0.0032589989480428182,0.01440707772050065,-0.9998803772957044,-0.005627362664248839,0.003177637587683683,0.005673702852605605,-0.9999788556341088
0.333,0.015910375863313675,Empty,0.30822,0.00219,0.48555,0.01439,0.0033,-0.00562,0.99997,0.0072,0.00163,-0.00282,0.9998910971942144,0.014385340305135885,0.0032948044031979743,0.014403713205138335,-0.9998804549087515,-0.005622182616384792,0.0032135335153105796,0.005669027762613919,-0.9999787674378756
0.4,0.015910375863313675,Empty,0.30823,0.00219,0.48555,0.01443,0.00334,-0.00562,0.99997,0.00722,0.00165,-0.00282,0.9998903095002883,0.014430853968170398,0.003334579608662613,0.014449459694857614,-0.9998797813708991,-0.005624581780829108,0.0032530112117623708,0.005672147691297567,-0.9999786221008049
0.467,0.015910375863313675,Empty,0.30828,0.0022,0.48547,0.01585,0.00312,-0.00562,0.99996,0.00793,0.00154,-0.00282,0.999869580451341,0.015846192267800152,0.0031177361453445913,0.01586355124245109,-0.9998583481550705,-0.005624176970174907,0.0030281727226501146,0.005672901834654993,-0.9999793239636191
0.533,0.015910375863313675,Empty,0.30905,0.00223,0.4848,0.01867,0.00237,-0.00562,0.99995,0.00934,0.00116,-0.00282,0.9998228400250779,0.01867174466952759,0.0023779224510896368,0.018684857671971866,-0.9998096439154007,-0.005617119149281539,0.0022725883845486857,0.005660555163147514,-0.9999813965555953
0.6,0.01591070555150509,Empty,0.31108,0.00236,0.48246,0.02199,-0.00194,-0.00568,0.99994,0.01099,-0.001,-0.00283,0.9997563545004575,0.02198752874640808,-0.001944277650273154,0.021976166147531284,-0.9997423359905071,-0.005684166579148218,-0.002068757455956507,0.005640053888863224,-0.9999819548545458
0.666,0.01591070555150509,Empty,0.31386,0.00258,0.47821,0.0248,-0.01305,-0.0059,0.9999,0.01238,-0.00656,-0.00287,0.9996076191430874,0.024791105703152294,-0.013038743386681475,0.02471574848463637,-0.9996770542019102,-0.005909236755698907,-0.013181029092327844,0.005584655782216068,-0.9998975307959618
0.733,0.01591070555150509,Empty,0.31757,0.00279,0.47239,0.02543,-0.02824,-0.00622,0.99982,0.01267,-0.01416,-0.00293,0.9992779915116925,0.025423655128633593,-0.02823355167629995,0.02525780987620868,-0.9996616494118985,-0.006215282402265019,-0.02838201403380827,0.005497677235243256,-0.999582031063185
0.8,0.01591070555150509,Empty,0.32271,0.0029,0.46527,0.02679,-0.0441,-0.00659,0.99966,0.01332,-0.02209,-0.003,0.998669311181032,0.026768382704964233,-0.04408016098613882,0.026503637408847758,-0.9996270633956297,-0.006579614816270108,-0.04423984752803384,0.0054025747927007204,-0.9990063303484646
0.867,0.01591070555150509,Empty,0.32964,0.003,0.45738,0.03348,-0.05658,-0.00721,0.99946,0.01663,-0.02834,-0.00313,0.997840320567256,0.03342603022529311,-0.05654551400078965,0.033071438296119915,-0.9994270892464336,-0.0071953630504056655,-0.056753630890557565,0.005309781895615082,-0.9983740940133409
0.933,0.01591070555150509,Empty,0.33837,0.00312,0.44887,0.04738,-0.06425,-0.00829,0.9992,0.02354,-0.03221,-0.00338,0.9968162312403754,0.04726757835607631,-0.06421197062921018,0.04683148379276153,-0.9988684820607915,-0.00828055984449709,-0.06453071564381324,0.005247054594928844,-0.9979019266223385
1.0,0.01591070555150509,Empty,0.34904,0.00318,0.44005,0.0645,-0.06602,-0.00948,0.99893,0.03207,-0.03314,-0.00367,0.9957456968136775,0.0643230415780166,-0.06597767500599251,0.06383594121197722,-0.9979155037034075,-0.009466788154138973,-0.06644907739483362,0.005214766584145104,-0.9977761904970714
1.067,0.01591070555150509,Empty,0.36077,0.00323,0.43077,0.07913,-0.06368,-0.01027,0.9987,0.03937,-0.03201,-0.00387,0.9948506916372646,0.07888436804910842,-0.06363456471406877,0.07838827139677523,-0.9968701152358892,-0.010259252263718582,-0.06424469049097917,0.005218220681219514,-0.9979205328665406
1.133,0.01591070555150509,Empty,0.37346,0.00332,0.42116,0.09118,-0.05633,-0.01036,0.99856,0.04541,-0.02837,-0.00389,0.9942673562066745,0.09090004555828629,-0.05629925487332192,0.0904589043448798,-0.9958465055738064,-0.01034040430362539,-0.05700535945429748,0.0051883575377998994,-0.9983603908106262
1.2,0.015910375863313675,Empty,0.38547,0.00327,0.41077,0.11105,-0.05086,-0.01094,0.99813,0.05534,-0.02569,-0.00405,0.9925558272740711,0.11067115471205397,-0.05084117680566208,0.11025490607343774,-0.9938432561483825,-0.010928764574176315,-0.05173765969795508,0.005241919789633831,-0.9986469530549309
1.267,0.015910375863313675,Empty,0.39659,0.0035,0.39973,0.14303,-0.04737,-0.01198,0.99716,0.07129,-0.02405,-0.00428,0.9886793435964429,0.14237568084270685,-0.04735315248515759,0.1419637443564591,-0.9897994976024406,-0.01196870227926665,-0.04857417867551486,0.005110777879291264,-0.9988065023394009
1.333,0.01591070555150509,Empty,0.40774,0.00413,0.38871,0.18182,-0.04165,-0.01264,0.99565,0.09063,-0.02131,-0.0044,0.9826634498581641,0.18066362398460817,-0.041631710048943144,0.18028853411355267,-0.9835327310582989,-0.012625822911389589,-0.04322717640602357,0.004901214722039929,-0.9990532464859972
1.4,0.01591070555150509,Empty,0.41964,0.00522,0.37734,0.22511,-0.03254,-0.01237,0.99353,0.1122,-0.01686,-0.00432,0.974253316188278,0.2230967880405137,-0.03253150875919084,0.22280541274064863,-0.9747844703175916,-0.012368689547471026,-0.03447062444477094,0.004802040572359399,-0.9993941747162272
1.467,0.01591070555150509,Empty,0.43197,0.00709,0.36555,0.27258,-0.02136,-0.01086,0.99066,0.1358,-0.01132,-0.00393,0.9628589854155193,0.269157867239556,-0.02136859161597785,0.26897978324097804,-0.9630845340033909,-0.010865384075493478,-0.02350426370328127,0.004714113546048887,-0.9997126220675827
1.533,0.01591070555150509,Empty,0.44385,0.00918,0.35343,0.32259,-0.01075,-0.0084,0.987,0.16057,-0.00598,-0.00328,0.9483657271226669,0.3169967641492651,-0.010747052525703802,0.31691836524307854,-0.9484156915174762,-0.008392011384764142,-0.012852913706614077,0.0045527576613059945,-0.999907033182049
1.6,0.01591070555150509,Empty,0.45553,0.01154,0.34077,0.3703,-0.00201,-0.00532,0.98291,0.18409,-0.00148,-0.00243,0.932217457405246,0.3618929993254751,-0.0020172129560315083,0.36187861024295814,-0.9322100457207365,-0.0053199723653355535,-0.003805726937590461,0.004229384890786515,-0.9999838142419718
1.667,0.01591070555150509,Empty,0.46585,0.01421,0.32772,0.41918,0.00329,-0.00325,0.97811,0.20806,0.00127,-0.00193,0.9134173579003804,0.40701103728688404,0.003278080679720926,0.40702078800753216,-0.9134131515431134,-0.003239246487167097,0.0016758329319067806,0.004293030949308541,-0.9999893806782413
1.733,0.01591070555150509,Empty,0.4754,0.01746,0.31407,0.47063,0.00553,-0.00207,0.97244,0.23315,0.00245,-0.00165,0.8912674945005932,0.45344424463908367,0.0055290370161313294,0.4534603639724882,-0.8912740633747478,-0.0020596750725471163,0.003993939480443709,0.004342920579146666,-0.9999825935926434
1.8,0.01591070555150509,Empty,0.48379,0.02084,0.30046,0.52213,0.0042,-0.00256,0.96611,0.25811,0.0017,-0.00178,0.866757647862843,0.49871189868502086,0.004197854363039318,0.4987239631248074,-0.8667571040081213,-0.0025556323171568507,0.0023639958455256562,0.004308684420576872,-0.9999879233081799
1.867,0.01591070555150509,Empty,0.49175,0.02443,0.28714,0.57461,0.0021,-0.00365,0.95901,0.28337,0.00049,-0.00205,0.8393978645536557,0.5435134112782536,0.002096841300254243,0.5435174105923408,-0.839389970748256,-0.0036471071053821844,-0.00022218406645947722,0.004201043669993529,-0.9999911508940083
1.933,0.01591070555150509,Empty,0.50016,0.02788,0.27522,0.62735,0.00227,-0.00355,0.9512,0.30856,0.00053,-0.00204,0.8095753077844092,0.5870116454077338,0.002269180795788599,0.5870159784202708,-0.8095675449677253,-0.0035540419555959947,-0.00024920889026799816,0.0042093099951326625,-0.9999911097626287
2.0,0.01591070555150509,Empty,0.50919,0.03137,0.26408,0.67967,0.0042,-0.00223,0.94281,0.33333,0.00161,-0.00175,0.7777769291862826,0.6285263653629313,0.004201960163966082,0.6285376273648512,-0.7777760006253288,-0.0022234742705751756,0.001870671569353872,0.004370457062033532,-0.9999886997826268
2.067,0.01591070555150509,Empty,0.51837,0.03489,0.2541,0.72885,0.00693,-3e-05,0.93432,0.35641,0.00323,-0.00125,0.7459294947138431,0.6659889208580009,0.0069243202082154755,0.6660050420450625,-0.7459472387971049,-3.002548261802707e-05,0.005145180901098218,0.0046340290644838345,-0.9999760261566895
2.133,0.01591070555150509,Empty,0.52687,0.03881,0.24437,0.77672,0.00728,0.00049,0.92552,0.37867,0.00346,-0.00115,0.7131921343001111,0.7009308086969521,0.00727880428977218,0.7009466884489844,-0.7132134946384087,0.000501017036302663,0.005542519720723962,0.004744732353342664,-0.9999733836408049
2.2,0.01591070555150509,Empty,0.53402,0.04301,0.23454,0.82375,0.00471,-0.00163,0.91637,0.40033,0.00183,-0.00169,0.6794729016480813,0.7336855080944719,0.004706499558401929,0.7336978660382105,-0.679473910173637,-0.0016268879260964587,0.002004319563507019,0.004558574942310279,-0.9999876009719233
2.267,0.01591070555150509,Empty,0.53987,0.04724,0.22438,0.87206,-0.00042,-0.00673,0.90643,0.42234,-0.00161,-0.00296,0.6432490877400533,0.7656568629835435,-0.0004234238877871017,0.7656377423335748,-0.6432367474874584,-0.006733067362082338,-0.005427581039097472,0.004006850128856366,-0.999977242999114
2.333,0.01591070555150509,Empty,0.54456,0.05117,0.21429,0.92131,-0.00658,-0.01387,0.89575,0.4445,-0.00603,-0.00475,0.604765118355836,0.796376719305395,-0.006578188840966495,0.796262025909056,-0.6047926619271549,-0.013878839082277925,-0.0150312246758997,0.0031554757869150765,-0.9998820456720388
2.4,0.01591070555150509,Empty,0.54843,0.05512,0.20423,0.97454,-0.01298,-0.02275,0.88357,0.46811,-0.01106,-0.00701,0.5615032849811847,0.8273726732768801,-0.012981543437023853,0.8270623480037763,-0.5616496304164563,-0.022750058627140253,-0.026113855897182334,0.0020376868569158533,-0.9996568983218465
2.467,0.01591070555150509,Empty,0.55167,0.05899,0.1943,1.0312,-0.0186,-0.0325,0.86992,0.49284,-0.0161,-0.00955,0.513697686491896,0.857769550908005,-0.01860334453675851,0.8571542360011095,-0.51403389168448,-0.03249267463695119,-0.03743397652171482,0.0007454762154650701,-0.9992988250103091
2.533,0.01591070555150509,Empty,0.55513,0.06263,0.18525,1.08924,-0.02157,-0.04052,0.85521,0.51777,-0.01972,-0.01174,0.46304606912642754,0.8860715142479167,-0.021577986582794834,0.885145698407422,-0.46354843381798344,-0.04049619853432494,-0.04588496984199349,-0.0003480564581713503,-0.9989466694470238
2.6,0.01591070555150509,Empty,0.55944,0.06563,0.17692,1.14497,-0.02122,-0.04454,0.84043,0.54136,-0.02098,-0.01297,0.41297908387405263,0.9104932334474893,-0.021221407325720545,0.9094049915385163,-0.41352295254426796,-0.0445121228869447,-0.04930352570942287,-0.0009162780183426361,-0.9987834213618152
2.667,0.01591070555150509,Empty,0.56385,0.06759,0.16948,1.19414,-0.01946,-0.0461,0.82685,0.56186,-0.021,-0.01359,0.3677352043326274,0.9297271574123733,-0.01944819437244984,0.9285857059312681,-0.36824742117808124,-0.046069768132924994,-0.04999406199309627,-0.001117839702511907,-0.9987488894611247
2.733,0.01591070555150509,Empty,0.5687,0.06887,0.1628,1.23804,-0.0165,-0.04493,0.81432,0.57992,-0.01975,-0.01351,0.3265958892176173,0.9450202233014144,-0.01648947232323312,0.9439528361517899,-0.32701066107218846,-0.04491180987360012,-0.0478348018407719,-0.000897271684121336,-0.9988548576426802
2.8,0.01591070555150509,Empty,0.57271,0.06922,0.15626,1.27547,-0.01434,-0.04431,0.80332,0.59509,-0.01895,-0.01353,0.2910239947863475,0.9566083596120679,-0.014334600758458957,0.9555828423059844,-0.29137569033601957,-0.044290389156382004,-0.046545310709153756,-0.0008083325531575068,-0.9989158526369836
2.867,0.01591070555150509,Empty,0.57646,0.06906,0.15013,1.30792,-0.0123,-0.04254,0.79357,0.60808,-0.01782,-0.01314,0.2598462629841353,0.965571690463739,-0.012297568384728912,0.9646351234944912,-0.26013583057323114,-0.042525617840817355,-0.04426057087236534,-0.0008125435204570916,-0.9990196903160017
2.933,0.01591070555150509,Empty,0.57922,0.06863,0.14363,1.33694,-0.01135,-0.0425,0.78466,0.61954,-0.01762,-0.01316,0.2317283966555831,0.9727144492889346,-0.011338003702473646,0.9717870887580926,-0.23200263291980694,-0.04248096563577632,-0.043952295804694896,-0.0011740795551959673,-0.999032941013806
3.0,0.01591070555150509,Empty,0.5807,0.06801,0.13674,1.36321,-0.01142,-0.04504,0.77643,0.62977,-0.01862,-0.01389,0.2060879154643186,0.9784668433927165,-0.01141960947952832,0.9774323827211978,-0.20639546514129253,-0.04502054172343542,-0.04640806295821933,-0.001883706506463773,-0.9989207893232893
3.067,0.01591070555150509,Empty,0.5803,0.06723,0.12914,1.3857,-0.0127,-0.05156,0.76927,0.63838,-0.02135,-0.01578,0.1840403043555609,0.9828366289579252,-0.012701462566729313,0.9814888471778522,-0.18445399137888774,-0.051539964395489885,-0.05299820032985774,-0.002980913118271072,-0.9985901586330488
3.133,0.01591070555150509,Empty,0.58003,0.06664,0.12193,1.4036,-0.01295,-0.05508,0.76349,0.6452,-0.02272,-0.01685,0.16639354297048903,0.9859744723533082,-0.012943288814823064,0.9844432106488838,-0.16685773756142525,-0.055045984623765726,-0.05643362353283102,-0.003582636389372741,-0.9983999253062152
3.2,0.01591070555150509,Empty,0.58105,0.06634,0.11574,1.41886,-0.01134,-0.05181,0.75856,0.65106,-0.02117,-0.01596,0.1513449109637327,0.9884161092300585,-0.011327530176175611,0.9870645679337142,-0.15173137400123504,-0.05177961832156389,-0.05289855059648935,-0.0033444219544897405,-0.9985942910845128
3.267,0.01591070555150509,Empty,0.5833,0.06606,0.11065,1.43437,-0.00852,-0.04273,0.75354,0.65704,-0.01725,-0.0133,0.13598991765786034,0.9906736532498993,-0.008512053330802336,0.9897559170879632,-0.13623093363476674,-0.042712495951004334,-0.04347374937560701,-0.0026163863433911307,-0.9990511436546823
3.333,0.01591070555150509,Empty,0.58594,0.0652,0.10665,1.4503,-0.00582,-0.03098,0.74834,0.66313,-0.01245,-0.00966,0.12020361081561098,0.992732204741606,-0.00581907344506483,0.9922513885736645,-0.12032687900677508,-0.030961654705845703,-0.03143682268493829,-0.0020522810136088896,-0.9995036339714415
3.4,0.01591070555150509,Empty,0.58893,0.06317,0.10341,1.46463,-0.0042,-0.01776,0.74361,0.66855,-0.0075,-0.0052,0.1059565377082119,0.994361877122041,-0.004203503683718837,0.9942058581238414,-0.10601500371772693,-0.017763182681235556,-0.01810866613323206,-0.0022970226514162024,-0.9998333860688061
3.467,0.01591070555150509,Empty,0.59141,0.06038,0.10079,1.47636,-0.00404,-0.00703,0.7397,0.67293,-0.00386,-0.00124,0.09430694968730813,0.9955349486458072,-0.004045400532175972,0.9955158612866084,-0.09433368098193712,-0.007023286921366989,-0.007373545107834223,-0.0033649156287055716,-0.9999671535482326
3.533,0.01591070555150509,Empty,0.59255,0.0573,0.09834,1.48382,-0.00548,-0.00234,0.73718,0.67569,-0.00281,0.00099,0.08686763265231595,0.9962047908499028,-0.005479880024517584,0.9962159211632593,-0.08688144774198875,-0.0023350501267907194,-0.002802288033166101,-0.005256303449850129,-0.9999822590705408
3.6,0.01591070555150509,Empty,0.59224,0.05414,0.09591,1.48878,-0.00818,-0.00435,0.7355,0.67751,-0.00448,0.00117,0.08193213757342899,0.9966043144832277,-0.008183225895949834,0.9966253582138527,-0.08196955309588272,-0.004346001653339931,-0.005002019368043388,-0.007799533234540098,-0.9999570726204025
3.667,0.01591070555150509,Empty,0.5914,0.05183,0.09325,1.49063,-0.01057,-0.00848,0.73487,0.67817,-0.00676,0.00047,0.08007544759654567,0.9967326593859298,-0.01057962218913185,0.9967453860010516,-0.08016651382077927,-0.00848325099460502,-0.009303664752534616,-0.009865889482184677,-0.999908048795937
3.733,0.01591070555150509,Empty,0.59051,0.05096,0.09081,1.49286,-0.01189,-0.01244,0.73412,0.67897,-0.00859,-0.00053,0.0778619050957155,0.9968932807910853,-0.011887407137451102,0.9968750931970835,-0.07800878828672902,-0.012436941478596718,-0.01332562562026877,-0.01088189614093078,-0.9998519950663729
3.8,0.015910375863313675,Empty,0.58958,0.05113,0.08862,1.49717,-0.0124,-0.01616,0.73265,0.68053,-0.01004,-0.0017,0.07355738614283813,0.9972139468261692,-0.012395773441282136,0.9971454715926402,-0.0737532930941871,-0.01616663972673886,-0.017035827720561898,-0.011171213592850927,-0.9997924707461736
3.867,0.015910375863313675,Empty,0.58868,0.05151,0.08654,1.50091,-0.01272,-0.01971,0.73137,0.68188,-0.01137,-0.00287,0.06983229759211212,0.9974776765688943,-0.0127175060340799,0.9973470139622713,-0.07007445264610879,-0.019710525789268258,-0.02055198174259241,-0.011307335365523566,-0.9997248422507983
3.933,0.01591070555150509,Empty,0.58799,0.05184,0.08499,1.50178,-0.01303,-0.02233,0.73107,0.68218,-0.01238,-0.00372,0.06895580995845085,0.9975346666231368,-0.013026325577114209,0.997350216528575,-0.06923479094532003,-0.022340306917368036,-0.023187105541192438,-0.01145131467669908,-0.9996655568382843
4.0,0.01591070555150509,Empty,0.58766,0.05189,0.08421,1.50195,-0.01328,-0.02364,0.73101,0.68223,-0.01292,-0.00411,0.0687865713629967,0.9975430837281773,-0.013274174407538305,0.9973306386281402,-0.06908644317486407,-0.023636002687257317,-0.02449499650355381,-0.011612901253548505,-0.9996325003073712
4.067,0.01591070555150509,Empty,0.58769,0.05163,0.08421,1.50154,-0.01346,-0.02361,0.73115,0.68208,-0.01297,-0.00404,0.06919475396233854,0.9975124846920076,-0.013450981661876207,0.9973028972898736,-0.06949843277364748,-0.0235987054566512,-0.0244748254603466,-0.011781796364879426,-0.9996310180227014
4.133,0.015910375863313675,Empty,0.58774,0.05158,0.0843,1.50129,-0.01345,-0.02343,0.73124,0.68199,-0.01291,-0.00398,0.06944136833277725,0.9974951868002702,-0.013462862784920131,0.9972898288249629,-0.0697432727450576,-0.023428043646128313,-0.0243083048842976,-0.01179950071411979,-0.9996348723891886
4.2,0.015910375863313675,Empty,0.58773,0.05175,0.08431,1.50093,-0.01336,-0.02345,0.73136,0.68186,-0.01288,-0.00402,0.0698087336732619,0.9974709070290814,-0.013361524371004185,0.9972639489780009,-0.07010824259601944,-0.02344035812227494,-0.024317828269366997,-0.011688624841229666,-0.9996359433701761
4.266,0.01591070555150509,Empty,0.58769,0.05189,0.08429,1.5011,-0.01327,-0.02354,0.7313,0.68192,-0.01288,-0.00408,0.06964698777123746,0.9974834165074262,-0.01327143123651654,0.9972732522545684,-0.06994538999869382,-0.023530889390902563,-0.024399947376774842,-0.011596387825659178,-0.9996350165722524
4.333,0.01591070555150509,Empty,0.58766,0.05187,0.08427,1.50102,-0.01331,-0.02365,0.73133,0.68189,-0.01293,-0.00411,0.06972668667679233,0.9974774528736159,-0.013301134306511423,0.9972646991324485,-0.07002717950527476,-0.02364982018541905,-0.024521603319176678,-0.011615728100272215,-0.9996318151356314
4.4,0.01591070555150509,Empty,0.58764,0.05187,0.08426,1.50088,-0.01331,-0.02373,0.73138,0.68184,-0.01296,-0.00414,0.06985492380305702,0.997468266100882,-0.013317197234001446,0.9972535184501463,-0.07015679681112497,-0.023736971163280406,-0.02461116736916356,-0.01162247748557617,-0.999629535606979
4.467,0.01591070555150509,Empty,0.58763,0.05187,0.08426,1.50088,-0.01331,-0.02376,0.73138,0.68184,-0.01297,-0.00415,0.06985731229197611,0.9974681352364753,-0.013314469843352796,0.9972529043365405,-0.07015933041752104,-0.02375527620759696,-0.024629265349893056,-0.011618413972368605,-0.9996291371029012
4.534,0.01591070555150509,Empty,0.58763,0.05187,0.08426,1.50085,-0.01333,-0.02378,0.73138,0.68183,-0.01298,-0.00415,0.06987188335390909,0.9974670016540168,-0.013322932407053602,0.9972513937010743,-0.07017432901817394,-0.0237743834434019,-0.02464909081168268,-0.011625151964350933,-0.999628570101897
4.6,0.01591070555150509,Empty,0.58763,0.05187,0.08426,1.50088,-0.01333,-0.02378,0.73138,0.68184,-0.01298,-0.00415,0.06986433298129224,0.9974675526740087,-0.013321273948188685,0.9972519120841261,-0.07016674677327256,-0.023775018229421397,-0.02464951970390075,-0.01162364012601106,-0.9996285771068111
4.667,0.01591070555150509,Empty,0.58763,0.05187,0.08426,1.50085,-0.01331,-0.02379,0.73138,0.68183,-0.01298,-0.00416,0.06986800067746923,0.9974673158508542,-0.013319770667137857,0.9972515240662605,-0.07017043913495641,-0.023780395689063014,-0.024654821614730742,-0.011621672895902354,-0.999628469227566
4.733,0.01591070555150509,Empty,0.58762,0.05187,0.08425,1.50085,-0.01333,-0.0238,0.73138,0.68183,-0.01299,-0.00416,0.06988058853345436,0.9974663851208581,-0.013323434247445112,0.9972502896433578,-0.07018327602039676,-0.023794276061345335,-0.024669072792805873,-0.01162404064741457,-0.9996280901048001
4.8,0.01591070555150509,Empty,0.58763,0.05187,0.08426,1.50085,-0.01333,-0.0238,0.73138,0.68183,-0.01299,-0.00416,0.06987760709104412,0.9974665721823739,-0.01332506682814848,0.9972505065768766,-0.07018033079465841,-0.023793871095611423,-0.024668748638549086,-0.01162577086894772,-0.9996280779831621
4.867,0.01591070555150509,Empty,0.58763,0.05187,0.08426,1.50085,-0.01333,-0.0238,0.73138,0.68183,-0.01299,-0.00416,0.06987938676560185,0.9974664794751137,-0.01332267348492545,0.9972504239514499,-0.07018203292305619,-0.02379231353693803,-0.02466704753139986,-0.011623449501312466,-0.999628146956544
4.933,0.01591070555150509,Empty,0.58762,0.05187,0.08426,1.50085,-0.01333,-0.0238,0.73138,0.68183,-0.01299,-0.00416,0.06987968120485172,0.9974664573129732,-0.01332278837987378,0.9972502103912324,-0.07018242089383447,-0.023800119161956085,-0.024674846085658838,-0.011623008775152004,-0.9996279596118056
5.0,0.01591070555150509,Empty,0.58762,0.05187,0.08425,1.50085,-0.01332,-0.02382,0.73138,0.68183,-0.01299,-0.00417,0.06987339289027256,0.9974668901179674,-0.013323366105913939,0.9972504310550621,-0.0701762521748473,-0.02380906111515361,-0.024683734046827274,-0.011623112710579453,-0.9996277389730753
5.067,0.01591070555150509,Empty,0.58762,0.05187,0.08425,1.50086,-0.01332,-0.02382,0.73139,0.68183,-0.01299,-0.00417,0.06988320141253085,0.9974661771934807,-0.013325296070227251,0.997249579975132,-0.07018618042718378,-0.023815442814808945,-0.02469035033688798,-0.011624346522122514,-0.9996275612287684
5.133,0.01591070555150509,Empty,0.58762,0.05187,0.08425,1.50083,-0.01332,-0.02382,0.73139,0.68182,-0.01299,-0.00417,0.06989214510549951,0.9974655065932888,-0.013328586164538473,0.9972490142030612,-0.070195170785387,-0.023812636759340276,-0.02468788617062474,-0.011627603149578152,-0.999627584213952
5.2,0.01591070555150509,Empty,0.58762,0.05187,0.08426,1.50085,-0.01333,-0.0238,0.73138,0.68183,-0.01299,-0.00416,0.06987934785116562,0.9974664600316032,-0.013324333225998877,0.9972500352813389,-0.07018221800164487,-0.023808053421853777,-0.02468286602613332,-0.011624000533002832,-0.9996277500831721
5.267,0.01591070555150509,Empty,0.58762,0.05187,0.08425,1.50086,-0.01333,-0.02383,0.73139,0.68183,-0.013,-0.00417,0.06988509840478535,0.9974660039716978,-0.01332831353497968,0.9972492859927169,-0.07018822462401308,-0.023821727711171543,-0.02469685421201644,-0.011626867370978318,-0.9996273712474905
5.333,0.01591070555150509,Empty,0.58762,0.05187,0.08425,1.50086,-0.01333,-0.02383,0.73139,0.68183,-0.013,-0.00417,0.06988466646243052,0.9974660239364328,-0.013329084210052886,0.9972494859017547,-0.07018773135806339,-0.023814811263040712,-0.024690003283126004,-0.011628132234033098,-0.999627525770788
5.4,0.01591070555150509,Empty,0.58762,0.05187,0.08425,1.50086,-0.01333,-0.02383,0.73139,0.68183,-0.013,-0.00417,0.06989131904229562,0.9974655750532189,-0.013327794501697608,0.9972489233257232,-0.0701943961688426,-0.023818725242477832,-0.0246938949583318,-0.011626406592021635,-0.9996274497139138
5.466,0.01591070555150509,Empty,0.58762,0.05187,0.08425,1.50086,-0.01333,-0.02383,0.73139,0.68183,-0.013,-0.00417,0.06989046266257326,0.9974656311804182,-0.013328084733433908,0.9972487582257911,-0.07019365299282593,-0.023827826099757858,-0.02470298455508989,-0.011626078159589668,-0.9996272289512217
5.533,0.01591070555150509,Empty,0.58762,0.05187,0.08425,1.50086,-0.01333,-0.02383,0.73139,0.68183,-0.013,-0.00417,0.06988549369446978,0.9974660266044634,-0.013324546558280545,0.9972493281652854,-0.07018849692292173,-0.02381915980020843,-0.024694032578075696,-0.011623281361327266,-0.9996274826581292
5.6,0.01591070555150509,Empty,0.58762,0.05187,0.08425,1.50086,-0.01333,-0.02383,0.73138,0.68183,-0.013,-0.00417,0.06988159810603717,0.9974662442887665,-0.013328681503013844,0.9972494943943628,-0.0701847517145956,-0.023823235652364348,-0.024698343594941902,-0.011627215110380111,-0.9996273304049079
5.667,0.01591070555150509,Empty,0.58762,0.05187,0.08425,1.50086,-0.01333,-0.02383,0.73139,0.68183,-0.013,-0.00417,0.06989100314486313,0.9974656077406665,-0.013327004687743855,0.9972488771041841,-0.07019409370427393,-0.023821551659781108,-0.024696655519497873,-0.011625428318045437,-0.9996273928932585
5.733,0.01591070555150509,Empty,0.58762,0.05187,0.08425,1.50086,-0.01333,-0.02383,0.73139,0.68183,-0.013,-0.00417,0.06988980804524686,0.997465670159583,-0.013328600245057285,0.9972488839089986,-0.07019297335765251,-0.023824567854811723,-0.024699762623458115,-0.011626837244318811,-0.9996272997382768
5.8,0.01591070555150509,Empty,0.58762,0.05187,0.08425,1.50086,-0.01333,-0.02383,0.73139,0.68183,-0.013,-0.00417,0.06988458558064892,0.9974660374961839,-0.01332849353385851,0.9972492003966876,-0.07018777349013688,-0.023826639726669374,-0.024701761200129176,-0.011626714676055095,-0.9996272517791086
5.867,0.01591070555150509,Empty,0.58762,0.05187,0.08425,1.50086,-0.01333,-0.02383,0.73139,0.68183,-0.013,-0.00417,0.06988633667947247,0.9974659278092031,-0.013327520596439057,0.997248998805923,-0.07018953784962961,-0.02382987950117233,-0.0247049453775637,-0.011625473589513984,-0.9996271875242845
5.933,0.015910375863313675,Empty,0.58762,0.05187,0.08425,1.50086,-0.01333,-0.02383,0.73139,0.68183,-0.013,-0.00417,0.06988866704520963,0.9974657846485044,-0.013326014940217849,0.9972489361767627,-0.07019178404408855,-0.023825883971488864,-0.024700880813417345,-0.011624194950666711,-0.9996273028378075
6.0,0.015910375863313675,Empty,0.58762,0.05187,0.08425,1.50086,-0.01333,-0.02383,0.73139,0.68183,-0.013,-0.00417,0.06988496725572335,0.9974660451594366,-0.013325918567185962,0.9972491513713327,-0.07018810400505515,-0.023827718005129596,-0.024702660602107143,-0.011624061689802588,-0.9996272604071024
6.067,0.01591070555150509,Empty,0.58762,0.05187,0.08425,1.50086,-0.01333,-0.02383,0.73139,0.68183,-0.013,-0.00417,0.0698874899903969,0.9974658320705205,-0.013328638141459258,0.9972490365573037,-0.07019066164194249,-0.02382498906181133,-0.02470015846854567,-0.011626902860612508,-0.9996272891940768
6.133,0.01591070555150509,Empty,0.58762,0.05187,0.08425,1.50086,-0.01333,-0.02383,0.73139,0.68183,-0.013,-0.00417,0.0698828885387891,0.9974661744671489,-0.01332714085414212,0.9972494353237951,-0.07018599013491589,-0.023822059842781313,-0.024697077475821956,-0.011625729338516457,-0.9996273789675334
6.2,0.01591070555150509,Empty,0.58761,0.05187,0.08425,1.50086,-0.01333,-0.02383,0.73139,0.68183,-0.013,-0.00417,0.06988824804818639,0.9974658164833694,-0.013325829502151467,0.9972487198741894,-0.0701914763474174,-0.02383584186597881,-0.024710797114727,-0.011623321183515377,-0.9996270679161402
6.267,0.01591070555150509,Empty,0.58762,0.05187,0.08426,1.50083,-0.01333,-0.02383,0.73139,0.68182,-0.013,-0.00417,0.06989240898720811,0.9974655124780356,-0.013326761905811127,0.9972487350403106,-0.0701955137443771,-0.023823314434877195,-0.02469841344023763,-0.011625027616840249,-0.9996273541207458
6.333,0.014525466598570347,Grasping,0.58761,0.05187,0.08425,1.50086,-0.01333,-0.02383,0.73139,0.68183,-0.013,-0.00417,0.069889590118343,0.9974656609126784,-0.013330434843768828,0.9972486332509625,-0.07019292449654263,-0.023835201482468964,-0.024710497206192526,-0.011627925466591582,-0.9996270217822076
6.4,0.014525466598570347,Grasping,0.58761,0.05187,0.08425,1.50086,-0.01333,-0.02383,0.73139,0.68183,-0.013,-0.00417,0.06988937048613691,0.9974656796845689,-0.013330181711160287,0.9972486404339893,-0.07019270275608736,-0.023835553955276763,-0.024710828509194524,-0.011627653727069977,-0.9996270167533451
6.466,0.014525466598570347,Grasping,0.58762,0.05187,0.08425,1.50086,-0.01333,-0.02383,0.73139,0.68183,-0.013,-0.00417,0.06988567805185641,0.9974659599174052,-0.013328571164293434,0.9972491503828625,-0.07018885493544069,-0.023825547286694396,-0.02470068954282754,-0.01162684174232194,-0.9996272767823056
6.533,0.012711753137409687,Grasping,0.58762,0.05187,0.08426,1.50083,-0.01333,-0.02383,0.73139,0.68182,-0.013,-0.00417,0.06989345820950554,0.9974654479925511,-0.013326085716922901,0.9972486381929034,-0.0701965574176065,-0.0238242932553324,-0.024699354686215744,-0.011624258588630665,-0.9996273398073648
6.6,0.012711753137409687,Grasping,0.58762,0.05187,0.08425,1.50086,-0.01333,-0.02383,0.73139,0.68183,-0.013,-0.00417,0.06988904345088315,0.9974657302970326,-0.01332810896291811,0.997248711927808,-0.07019230345199268,-0.02383373857437031,-0.02470886812155916,-0.011625722304882416,-0.9996270876767201
6.667,0.012711753137409687,Grasping,0.58761,0.05187,0.08425,1.50083,-0.01334,-0.02385,0.73139,0.68182,-0.01301,-0.00417,0.06989193086235335,0.9974654877579414,-0.013331118938194112,0.9972483120862969,-0.07019535468702909,-0.023841481107389213,-0.024716837203895142,-0.011628108710121973,-0.9996268629075861
6.733,0.010554932057857513,Grasping,0.58762,0.05187,0.08425,1.50083,-0.01333,-0.02383,0.73139,0.68182,-0.013,-0.00417,0.06989241682333719,0.9974655005332956,-0.013327614807403783,0.9972484621907263,-0.07019567009103361,-0.02383427277477338,-0.02470940567525722,-0.011625108443898212,-0.9996270815283285
6.8,0.010554932057857513,Grasping,0.58761,0.05187,0.08425,1.50083,-0.01333,-0.02383,0.73139,0.68182,-0.013,-0.00417,0.0698932136709004,0.9974654155665394,-0.013329794875553764,0.9972483340471853,-0.07019655276645631,-0.023837034627220803,-0.02471232329966248,-0.011627068778355698,-0.9996269866048818
6.867,0.008942157961428165,Grasping,0.58761,0.05187,0.08425,1.50083,-0.01333,-0.02383,0.73139,0.68182,-0.013,-0.00417,0.06989496098666648,0.9974652874237979,-0.013330221799827312,0.9972481419904944,-0.07019834240900491,-0.023839799066586894,-0.02471513150237083,-0.011627257096509913,-0.9996269149874027
6.933,0.008942157961428165,Grasping,0.58761,0.05187,0.08425,1.50086,-0.01333,-0.02386,0.73139,0.68183,-0.01301,-0.00418,0.06989024813078148,0.9974656272550312,-0.013329503402029923,0.9972484104006993,-0.07019364316375126,-0.023842407862422275,-0.024717628719113396,-0.011626474277565066,-0.9996268623473347
7.0,0.008942157961428165,Grasping,0.58762,0.05187,0.08426,1.50086,-0.01333,-0.02383,0.73139,0.68183,-0.013,-0.00417,0.06988700891125721,0.9974659084033872,-0.013325447776470205,0.9972489516637129,-0.07019016033852887,-0.02383001882662459,-0.02470494669218184,-0.011623380087442695,-0.9996272118366322
7.067,0.007324459962546825,Grasping,0.58762,0.05187,0.08425,1.50083,-0.01333,-0.02383,0.73139,0.68182,-0.013,-0.00417,0.06989948551032665,0.9974649471809319,-0.013331956748059934,0.9972479048927163,-0.07020286914180546,-0.02383638712862394,-0.024711902243225285,-0.011629114738407286,-0.9996269732144697
7.133,0.007324459962546825,Grasping,0.58761,0.05187,0.08425,1.50083,-0.01333,-0.02383,0.73139,0.68182,-0.013,-0.00417,0.06989535976051003,0.9974652787711269,-0.01332877826308914,0.9972481521719558,-0.07019868860365897,-0.0238383537171928,-0.02471359289072213,-0.011625909184413877,-0.9996269687048601
7.2,0.005691001657396555,Grasping,0.58762,0.05187,0.08425,1.50083,-0.01333,-0.02383,0.73139,0.68182,-0.013,-0.00417,0.06989445054896876,0.997465338242071,-0.013329095546526356,0.9972483488510986,-0.07019772474144864,-0.023832963619337514,-0.02470822729810105,-0.011626626628324784,-0.9996270929986996
7.266,0.005691001657396555,Grasping,0.58761,0.05187,0.08425,1.50083,-0.01334,-0.02385,0.73139,0.68182,-0.01301,-0.00417,0.0699012021060128,0.9974648231082006,-0.013332239341550624,0.9972476342744172,-0.07020466260289121,-0.023842426111708483,-0.024717966708700145,-0.011628929896609432,-0.9996268254259922
7.333,0.005691001657396555,Grasping,0.58761,0.05187,0.08425,1.50086,-0.01333,-0.02383,0.73139,0.68183,-0.013,-0.00417,0.06989106461564148,0.9974655666937043,-0.013329754210005821,0.997248417267784,-0.07019443520674468,-0.023839788650609053,-0.024715042864454,-0.011626888079493941,-0.9996269214711032
7.4,0.004092675168067217,Grasping,0.58762,0.05187,0.08426,1.50083,-0.01333,-0.02383,0.73139,0.68182,-0.013,-0.00417,0.0699016907444156,0.9974648016854142,-0.013331280124183359,0.9972480519361553,-0.07020491545894558,-0.023824205232187742,-0.024699727541314446,-0.011629240907285166,-0.999627272644812
7.467,0.004092675168067217,Grasping,0.58762,0.05187,0.08426,1.50083,-0.01333,-0.02383,0.73139,0.68182,-0.013,-0.00417,0.06989218913672163,0.9974655113318406,-0.013328000644750218,0.9972488174406842,-0.07019529202017832,-0.023820518284844053,-0.024695708348484766,-0.011626464712526778,-0.999627404239927
7.533,0.004092675168067217,Grasping,0.58762,0.05186,0.08426,1.50083,-0.01333,-0.02383,0.73139,0.68182,-0.013,-0.00417,0.06990294775484807,0.9974647178314053,-0.013330963082171984,0.9972479469316842,-0.07020617240662852,-0.02382489656957689,-0.02470040962662875,-0.01162884506415028,-0.9996272603959692
7.6,0.0020996916573494673,Grasping,0.58762,0.05186,0.08426,1.50083,-0.01333,-0.02383,0.73139,0.68182,-0.013,-0.00417,0.06990745408451549,0.9974643935651297,-0.013331595297220472,0.9972478336690327,-0.07021059682873121,-0.023816597896731753,-0.024692227640345097,-0.01162994680559022,-0.9996274497188721
7.667,0.0020996916573494673,Grasping,0.58761,0.05186,0.08425,1.50083,-0.01334,-0.02385,0.73139,0.68182,-0.01301,-0.00417,0.06990589878175024,0.9974644177060367,-0.01333794309002968,0.9972471942786141,-0.07020954608845315,-0.02384644924272218,-0.024722435538352634,-0.011634218856913995,-0.9996266533724686
7.733,0.000659950019326061,Grasping,0.58761,0.05186,0.08425,1.50083,-0.01333,-0.02386,0.73139,0.68182,-0.01301,-0.00418,0.06989307065617673,0.9974653185244711,-0.013337803984390433,0.9972477697357509,-0.07019687146223169,-0.0238596939206171,-0.024735489308305436,-0.011633468003577525,-0.9996263391842416
7.8,0.000659950019326061,Grasping,0.58761,0.05186,0.08425,1.50083,-0.01335,-0.02387,0.73139,0.68182,-0.01302,-0.00418,0.06990360478300894,0.9974645557272238,-0.013339644156912262,0.9972468741678804,-0.07020751981652801,-0.023865794007399292,-0.02474182694815973,-0.011634613405866627,-0.9996261690102773
7.867,0.000659950019326061,Grasping,0.58761,0.05186,0.08425,1.50083,-0.01333,-0.02386,0.73139,0.68182,-0.01301,-0.00418,0.06989607526204261,0.997465104102849,-0.013338094318736242,0.9972475215853929,-0.07019989961601703,-0.02386115641983337,-0.024737003754567742,-0.011633580317071865,-0.9996263004014313
7.933,0.0002587266790214926,Grasping,0.58761,0.05186,0.08425,1.50083,-0.01335,-0.02387,0.73139,0.68182,-0.01302,-0.00418,0.06990551171014081,0.9974643837653545,-0.013342509214719443,0.9972465274367193,-0.07020959481228028,-0.023874176670622117,-0.024750413086411686,-0.011636834444853238,-0.999625930604121
8.0,0.0002587266790214926,Grasping,0.5876,0.05185,0.08425,1.50083,-0.01336,-0.02389,0.73139,0.68182,-0.01303,-0.00418,0.06991165194687088,0.9974638906786217,-0.0133471987445296,0.997245851171455,-0.07021596071160519,-0.023883701192792848,-0.024760315898224663,-0.0116406895677494,-0.9996256404789783
8.067,0.0002587266790214926,Grasping,0.5876,0.05186,0.08425,1.50083,-0.01335,-0.0239,0.73139,0.68182,-0.01303,-0.00419,0.06989298333760113,0.9974652433131853,-0.013343884829299064,0.9972470443535786,-0.07019727360997746,-0.023888811309417994,-0.024764963319593623,-0.011637489415408783,-0.9996255626142648
8.133,0.00020947666780557483,Grasping,0.5876,0.05186,0.08424,1.50083,-0.01335,-0.0239,0.73139,0.68182,-0.01303,-0.00419,0.06990941590735567,0.9974640452530674,-0.01334735909753807,0.9972455476094366,-0.07021394562678829,-0.02390229304215743,-0.02477884865459031,-0.011639599086940478,-0.999625193956439
8.2,0.00020947666780557483,Grasping,0.5876,0.05186,0.08424,1.50083,-0.01335,-0.0239,0.73139,0.68182,-0.01303,-0.00419,0.06990098986671872,0.9974646496733601,-0.013346320378787347,0.9972460134054272,-0.07020555632669934,-0.023907501078968184,-0.024783873035405718,-0.011638406800717779,-0.99962508328098
8.267,0.00020947666780557483,Grasping,0.5876,0.05186,0.08424,1.50083,-0.01336,-0.02392,0.73139,0.68182,-0.01304,-0.00419,0.06990288771608943,0.9974644883533221,-0.013348436724852692,0.9972457830043868,-0.07020754995577427,-0.023911256955137315,-0.024787790722832343,-0.011640206323474681,-0.9996249651883591
8.333,0.00020094000501558185,Grasping,0.5876,0.05186,0.08425,1.50083,-0.01335,-0.0239,0.73139,0.68182,-0.01303,-0.00419,0.06990550851080429,0.9974643348190823,-0.013346184614781832,0.9972457395100129,-0.07021004999086017,-0.023905729635560282,-0.02478214899828994,-0.011638283559309612,-0.9996251274586989
8.4,0.00020094000501558185,Grasping,0.58759,0.05186,0.08424,1.50083,-0.01335,-0.02393,0.73139,0.68182,-0.01304,-0.0042,0.06990654451083222,0.9974642063001707,-0.013350362711369822,0.9972451832644625,-0.07021141285595017,-0.023924923418877204,-0.02480160257690732,-0.011641076184847048,-0.999624612469539
8.466,0.00019174667249899358,Grasping,0.5876,0.05186,0.08424,1.50083,-0.01335,-0.02393,0.73139,0.68182,-0.01304,-0.0042,0.06990232452359624,0.9974645527087589,-0.013346576928673725,0.9972456188435873,-0.07020703797420458,-0.0239196052676062,-0.024795982002479837,-0.01163777935878623,-0.9996247902929022
8.534,0.00019174667249899358,Grasping,0.58759,0.05186,0.08424,1.50083,-0.01335,-0.02393,0.73139,0.68182,-0.01304,-0.0042,0.06990379542887909,0.9974644135875785,-0.013349270055895184,0.9972452597274113,-0.0702086930939061,-0.02392971719962795,-0.02480627613822548,-0.011639718228268812,-0.99962451231636
8.6,0.00019174667249899358,Grasping,0.58759,0.05186,0.08424,1.50083,-0.01335,-0.02393,0.73139,0.68182,-0.01304,-0.0042,0.06990742707158026,0.9974641322897142,-0.013351270941700875,0.9972449190155772,-0.07021241186783445,-0.023933004769908915,-0.024809738770220517,-0.011641392323455325,-0.9996244068883698
8.667,0.00018747833382803947,Done,0.58759,0.05186,0.08424,1.50083,-0.01335,-0.02393,0.73139,0.68182,-0.01304,-0.0042,0.0698965274530648,0.9974649150962891,-0.013349854005043313,0.997245644534065,-0.070201500190327,-0.023934782824688486,-0.02481128589655187,-0.011640125556906076,-0.9996243832406145
8.733,0.00018747833382803947,Done,0.58759,0.05186,0.08424,1.50083,-0.01336,-0.02394,0.73139,0.68182,-0.01305,-0.0042,0.06990004936584565,0.9974646554786275,-0.013350811569149412,0.9972453251382147,-0.07020507785868191,-0.023937596638599082,-0.02481420134979521,-0.011640795237397644,-0.9996243030747164
8.8,0.00018419499974697828,Done,0.58759,0.05185,0.08424,1.50083,-0.01336,-0.02394,0.73139,0.68182,-0.01305,-0.0042,0.06991244812518754,0.9974637304763058,-0.013354998368923766,0.9972443530468482,-0.0702176209835998,-0.023941303631533156,-0.02481833824648068,-0.011644401560170181,-0.9996241583710294
