time,gr,gr_state,tx,ty,tz,rx,ry,rz,qw,qx,qy,qz,xx,xy,xz,yx,yy,yz,zx,zy,zz
0.0,0.016468871384859085,Empty,0.30836,0.00169,0.486,0.01335,0.00451,-0.00455,0.99997,0.00668,0.00224,-0.00229,0.9999008149524454,0.013342707447956736,0.0045091479676343344,0.013363193000479279,-0.9999003839053894,-0.00454393427405457,0.004448070398242168,0.0046037401982767295,-0.9999795099130375
0.067,0.016468871384859085,Empty,0.30836,0.00169,0.48601,0.01335,0.00451,-0.00455,0.99997,0.00668,0.00224,-0.00229,0.9999006636468174,0.013352790789907032,0.004512850183125771,0.013373299669886207,-0.999900242364562,-0.004545346546704632,0.004451706930356583,0.004605246726418972,-0.9999794867936017
0.133,0.016468871384859085,Empty,0.30836,0.00169,0.48601,0.01335,0.00451,-0.00455,0.99997,0.00668,0.00224,-0.00229,0.9999006999314399,0.01335038726647192,0.004511921591933137,0.013370899500012356,-0.9999002666698786,-0.00454706059621798,0.004450766583083999,0.0046069375229467035,-0.9999794831912715
0.2,0.016468871384859085,Empty,0.30836,0.00169,0.486,0.01343,0.00449,-0.00455,0.99997,0.00672,0.00223,-0.00229,0.9998996483321759,0.013436820992191845,0.004488330069724449,0.013457207670158178,-0.9998991260884349,-0.004543259766535014,0.004426830346109953,0.004603204232680584,-0.9999796066339947
0.267,0.016468871384859085,Empty,0.30833,0.00169,0.48607,0.01557,0.00472,-0.00454,0.99996,0.00779,0.00234,-0.00229,0.9998676796275114,0.015567767442850933,0.004718882615768546,0.015589233208993303,-0.9998681426094117,-0.004546779383328147,0.004647477192166751,0.004619741513369604,-0.9999785292415523
0.333,0.016468871384859085,Empty,0.30832,0.00169,0.4861,0.01571,0.00482,-0.00454,0.99996,0.00786,0.00239,-0.00229,0.9998651089281764,0.01570327763109508,0.004813628536448323,0.01572515957945736,-0.9998660349219004,-0.004542198339729478,0.004741656276741232,0.004617280714618876,-0.9999780984674392
0.4,0.016468871384859085,Empty,0.30834,0.0017,0.48607,0.01567,0.00472,-0.00454,0.99996,0.00784,0.00234,-0.00229,0.9998660489691612,0.015673727827901718,0.004713637106914971,0.01569512731728162,-0.999866527166558,-0.004537712020511853,0.0046418851012437244,0.004611085323829549,-0.9999785951683381
0.467,0.016468871384859085,Empty,0.30833,0.0017,0.48608,0.01569,0.00476,-0.00454,0.99996,0.00785,0.00236,-0.00229,0.9998656182591192,0.01569035927084389,0.004749531478062675,0.015711926514469232,-0.9998662611729324,-0.004538186120572716,0.004677690510623957,0.0046122005607828745,-0.9999784231759574
0.533,0.016468871384859085,Empty,0.30833,0.0017,0.48607,0.01567,0.00474,-0.00454,0.99996,0.00784,0.00235,-0.00229,0.9998659914553361,0.01567038146091937,0.004736905731258909,0.015691908013057587,-0.9998665584597175,-0.004541948571900447,0.004665099564564471,0.0046156710009838285,-0.9999784659817749
0.6,0.016468871384859085,Empty,0.30834,0.00169,0.48607,0.01563,0.00472,-0.00456,0.99996,0.00782,0.00234,-0.0023,0.9998665940991217,0.01563799898033391,0.004716671762350899,0.01565950610643435,-0.9998669939734257,-0.004557875716614449,0.004644768360772036,0.004631128419362963,-0.9999784891568612
0.667,0.016468871384859085,Empty,0.30834,0.00169,0.48607,0.01561,0.00474,-0.00456,0.99996,0.00781,0.00235,-0.0023,0.9998668315651431,0.01561723206776916,0.004735102789114188,0.015638848535775463,-0.9998672938256478,-0.004563020299190507,0.00466321266479561,0.004636464204239328,-0.9999783785899202
0.733,0.016468871384859085,Empty,0.30834,0.00175,0.48604,0.01575,0.00466,-0.0045,0.99996,0.00788,0.00231,-0.00227,0.999865317118503,0.015739216463717565,0.004650235329887701,0.015760205603326694,-0.9998656201680602,-0.004511931435806216,0.004578596166507858,0.00458461242078221,-0.9999790086727297
0.8,0.016468871384859085,Empty,0.30846,0.00186,0.48577,0.01651,0.00382,-0.00453,0.99996,0.00826,0.00189,-0.00228,0.9998565853540018,0.016501261915103482,0.0038101285338726174,0.016518482603940066,-0.9998532834016494,-0.0045333655714021575,0.0037347632721243134,0.004595652962289106,-0.9999824656048479
0.867,0.016468871384859085,Empty,0.30873,0.00191,0.4852,0.01682,0.00198,-0.00454,0.99996,0.00841,0.00097,-0.00228,0.9998565249400491,0.016823057107691886,0.001978455043774356,0.01683191771798692,-0.9998479778054264,-0.0045505850540832025,0.0019015995224584172,0.004583233351125301,-0.9999876888698707
0.933,0.016468871384859085,Empty,0.309,0.00207,0.48463,0.0172,0.00012,-0.00436,0.99996,0.0086,4e-05,-0.00218,0.9998521656287173,0.017193970141848147,0.00011949194775028949,0.017194327746469895,-0.9998426603669833,-0.004360000415111836,4.450742997530375e-05,0.004361410440904358,-0.9999904880137883
1.0,0.016468871384859085,Empty,0.30919,0.00232,0.4841,0.01794,-0.0015,-0.00427,0.99996,0.00897,-0.00077,-0.00213,0.9998380036572427,0.017936349470722535,-0.001501269584031962,0.01792977904621612,-0.9998300825967792,-0.004281233218529763,-0.0015778041873761321,0.00425362224247537,-0.9999897085629257
1.067,0.016468871384859085,Empty,0.30953,0.00259,0.48333,0.01881,-0.00394,-0.00428,0.99995,0.0094,-0.00199,-0.00212,0.999815475467589,0.018803167869896942,-0.003931398424926362,0.018786299416250207,-0.999814341828699,-0.0042844868873999275,-0.004011230454864337,0.004209839866525168,-0.9999830934963533
1.133,0.016468871384859085,Empty,0.31007,0.00287,0.48217,0.01956,-0.00764,-0.00429,0.99994,0.00977,-0.00384,-0.00211,0.999779409009294,0.019563660354217804,-0.007641761221861235,0.019531176265492667,-0.9997999903200393,-0.004302616614984801,-0.007724407725734837,0.0041524149111200935,-0.999961544748443
1.2,0.016468871384859085,Empty,0.31064,0.003,0.48099,0.01993,-0.01146,-0.00433,0.99993,0.00995,-0.00575,-0.00211,0.9997360398101254,0.01991837027765242,-0.011450293893597759,0.019869863593207582,-0.9997931786647963,-0.004334560661656866,-0.011534263112775875,0.004105900732433666,-0.9999250483679368
1.267,0.01646919921040535,Empty,0.31124,0.00313,0.47973,0.02021,-0.01548,-0.00428,0.99992,0.01009,-0.00776,-0.00206,0.9996757070785602,0.020219390201606013,-0.015480857109848775,0.020155400969950332,-0.9997877050973485,-0.00427838146004949,-0.01556407686696777,0.003964971128819269,-0.9998710109385245
1.333,0.01646919921040535,Empty,0.31224,0.00372,0.47761,0.02118,-0.02221,-0.00488,0.99988,0.01056,-0.01113,-0.00232,0.9995288483791649,0.021177577526895364,-0.022216918506229928,0.021074225363611143,-0.9997660242021433,-0.004875846220231487,-0.022314978896334617,0.004405344609896613,-0.9997412838608418
1.4,0.01646919921040535,Empty,0.31421,0.00547,0.47405,0.02532,-0.03221,-0.00607,0.99979,0.01261,-0.01614,-0.00283,0.9991608447551522,0.025311857609800537,-0.032201182781252176,0.025128984407543686,-0.9996657813337453,-0.006071225003052731,-0.03234409452768549,0.0052569472827342185,-0.9994629678254471
1.467,0.016468871384859085,Empty,0.31724,0.00852,0.46864,0.03409,-0.04704,-0.00512,0.99958,0.01698,-0.02356,-0.00216,0.9983133817953155,0.03404822558147469,-0.047022442122387445,0.033844313529401315,-0.9994139711095094,-0.005126089430001549,-0.04716941986206584,0.0035260014001418493,-0.9988806801335194
1.533,0.016468871384859085,Empty,0.32089,0.01283,0.46155,0.04608,-0.06664,-0.00322,0.99918,0.02297,-0.03334,-0.00084,0.9967223131761009,0.04595180795876641,-0.06658124181932513,0.04583997809413409,-0.9989436472805249,-0.0032071741785273805,-0.06665828399540533,0.00014457939950236168,-0.9977758527202315
1.6,0.016468871384859085,Empty,0.32546,0.01831,0.45304,0.05979,-0.08799,-0.00051,0.99859,0.02985,-0.04397,0.00106,0.9943509673960707,0.05952364357184531,-0.08788110999770993,0.05971077387006141,-0.9982155945599704,-0.00050026105476976,-0.0877540718276711,-0.00475001402276236,-0.9961308449417913
1.667,0.016468871384859085,Empty,0.33143,0.02484,0.44315,0.0753,-0.10848,0.00281,0.99782,0.03766,-0.05412,0.00344,0.9913064158129117,0.07478365137633275,-0.10825430917511744,0.07552724564545416,-0.9971398648349643,0.0027794103906589943,-0.10773683276099232,-0.01093139715368539,-0.9941193486814841
1.733,0.016468871384859085,Empty,0.33941,0.03203,0.43241,0.08578,-0.12279,0.007,0.99718,0.04301,-0.06115,0.00612,0.9888217729636914,0.0850384411627576,-0.12247434358897252,0.08653501597494906,-0.9962246172539377,0.006942837133339506,-0.12142154801828543,-0.01746354780258006,-0.992447395167618
1.8,0.016468871384859085,Empty,0.34905,0.03965,0.42071,0.08839,-0.13141,0.01232,0.99683,0.04449,-0.06532,0.00904,0.9875086522614562,0.08750830533803172,-0.13103037130996667,0.08986930438492186,-0.9958787972798935,0.012203657555127104,-0.12942244719573281,-0.023826825747848644,-0.9913032394462601
1.867,0.016468871384859085,Empty,0.35887,0.0475,0.40838,0.08452,-0.13791,0.01822,0.99667,0.04277,-0.06845,0.01199,0.9869720927762464,0.08360627648344104,-0.1374630081638358,0.08688943242867453,-0.9960544501417326,0.018048791789864516,-0.13541164873488248,-0.029757736564219248,-0.9903424470866002
1.933,0.016468871384859085,Empty,0.36903,0.05563,0.39522,0.07619,-0.14167,0.02413,0.99666,0.03884,-0.07026,0.01472,0.9871114048143727,0.07534545898362999,-0.14118830084657125,0.07948194230971478,-0.9965501604936364,0.023883016283188722,-0.13890174704470415,-0.03479711813719679,-0.9896946323170974
2.0,0.016468871384859085,Empty,0.38001,0.06411,0.38154,0.0669,-0.14017,0.02951,0.99684,0.03439,-0.06949,0.01705,0.9879767389723297,0.06619785006079898,-0.1397133060840277,0.07093719974133345,-0.9970528934251142,0.02921371947332739,-0.137367670659655,-0.03877334599871521,-0.9897609563412798
2.067,0.016468871384859085,Empty,0.39147,0.0726,0.36774,0.06076,-0.13387,0.03251,0.99714,0.03139,-0.06635,0.01824,0.9892240969793277,0.060171441650669455,-0.13347315672116844,0.0650116557644671,-0.9973647570406872,0.03220288850294608,-0.13118372829812378,-0.040533184218006196,-0.9905290961940255
2.133,0.016468871384859085,Empty,0.40295,0.08147,0.35399,0.05841,-0.12383,0.03359,0.99749,0.03018,-0.06135,0.01856,0.9906503259735608,0.05793660124494987,-0.12351227422673884,0.06249107906811513,-0.9974891014175908,0.033322028600154756,-0.12127158234879266,-0.04072889378942948,-0.9917834242037468
2.2,0.01646919921040535,Empty,0.41488,0.09044,0.33996,0.05792,-0.11055,0.03229,0.9979,0.0298,-0.05475,0.01771,0.9922285257562129,0.05753524712969055,-0.11032791130705685,0.061413034851834636,-0.9975969260066297,0.032075105181596716,-0.10821733606931806,-0.038601406190041564,-0.9933775413276724
2.267,0.01646919921040535,Empty,0.42617,0.09952,0.32573,0.05752,-0.0973,0.02967,0.99827,0.02944,-0.04818,0.01621,0.9936243751477539,0.05722327774210062,-0.09713957791078726,0.060347781422660396,-0.9977403505792495,0.0295353703778915,-0.09522996581747921,-0.0352092219517396,-0.994832430261476
2.333,0.01646919921040535,Empty,0.43615,0.10818,0.3117,0.05605,-0.08734,0.02685,0.99855,0.02858,-0.04326,0.01463,0.9946229726460769,0.05580878284066776,-0.08723830605029212,0.05834073884114216,-0.9979383681212487,0.02674643196706397,-0.08556576696407797,-0.031692162900980966,-0.9958283518430809
2.4,0.016468871384859085,Empty,0.44499,0.11666,0.29742,0.05032,-0.07977,0.0244,0.9988,0.02562,-0.03955,0.01319,0.9955593716277471,0.05013061359235449,-0.07967721848194242,0.05221671478506812,-0.9983396867243156,0.024316344467246488,-0.07832593606986092,-0.02836884721043492,-0.9965240871382542
2.467,0.016468871384859085,Empty,0.45417,0.12509,0.2841,0.04165,-0.06989,0.02118,0.99911,0.02118,-0.03471,0.01131,0.9966929788207226,0.041533778677962874,-0.06984304688517523,0.04310445686727837,-0.9988470288256719,0.021133357620223996,-0.0688847716672688,-0.02407401576092595,-0.9973341115180464
2.533,0.016468871384859085,Empty,0.46417,0.13284,0.27217,0.03003,-0.05652,0.01636,0.99945,0.01524,-0.02813,0.0086,0.9979528447432547,0.02998868938102739,-0.056487150557038915,0.030955801484381706,-0.9993874409222028,0.016324254391257478,-0.055963005845870044,-0.018039441127130077,-0.9982698635842493
2.6,0.016468871384859085,Empty,0.47577,0.14045,0.26162,0.01888,-0.03929,0.00949,0.99975,0.00953,-0.0196,0.00493,0.999050198507689,0.018853352008838475,-0.03928424594895835,0.019239565829887784,-0.999769991236299,0.009476482999920327,-0.039096546758311285,-0.010223294058237582,-0.9991831385137433
2.667,0.016468871384859085,Empty,0.48719,0.14787,0.25177,0.00902,-0.02355,0.00217,0.99992,0.00452,-0.01177,0.00114,0.9996822345000786,0.009014472808347218,-0.023540800855476246,0.009068123778737114,-0.9999565219908124,0.0021733060463754433,-0.023520186140061294,-0.0023860863407012332,-0.9997205146619287
2.733,0.016468871384859085,Empty,0.49816,0.155,0.24257,0.00451,-0.01051,-0.00492,0.99998,0.00224,-0.00526,-0.00245,0.9999345572571022,0.004510062817735472,-0.01051382596506118,0.004458538901839337,-0.9999779627555793,-0.004918885449153391,-0.010535778751677532,0.0048716872417251715,-0.9999326297453818
2.8,0.016468871384859085,Empty,0.50932,0.16238,0.23369,0.00391,0.00114,-0.01198,0.99998,0.00196,0.00056,-0.00599,0.9999917170290549,0.003906265959867095,0.0011432233084095805,0.003919686967178926,-0.999920521229544,-0.011982790915143378,0.001096324478170441,0.011987172739536896,-0.9999275502566929
2.867,0.016468871384859085,Empty,0.52093,0.16956,0.22528,0.00706,0.01249,-0.01912,0.99993,0.00359,0.00621,-0.00958,0.9998972055047826,0.007061951491294904,0.012478271709719053,0.0072997323777668766,-0.9997906638460843,-0.01911393191939214,0.012340677896289117,0.019203055156426885,-0.999739441225422
2.933,0.016468871384859085,Empty,0.53348,0.17609,0.21767,0.00804,0.02419,-0.02643,0.99983,0.00418,0.01204,-0.01326,0.9996749456127793,0.00803633578069085,0.024195462824803917,0.008675305880267437,-0.9996132713690363,-0.026420574762425424,0.02397378113628033,0.026621889679605826,-0.9993580603607083
3.0,0.016468871384859085,Empty,0.54777,0.18133,0.21052,0.0026,0.03721,-0.03452,0.99968,0.00162,0.01858,-0.01728,0.9993041275959935,0.002597749540099892,0.0372090347487957,0.003881927038346611,-0.9993977810764118,-0.03448196372037752,0.03709705125854505,0.0346024114314506,-0.998712412014114
3.067,0.016468871384859085,Empty,0.56093,0.18595,0.20272,-0.00975,0.04325,-0.04088,0.99955,-0.00443,0.02172,-0.02033,0.9990172477760826,-0.009736088997902959,0.04324057373492693,-0.007969764422408931,-0.9991341200502388,-0.040834948346802506,0.04360070528044285,0.040450200524343914,-0.9982298131074768
3.133,0.016468871384859085,Empty,0.57253,0.18972,0.19392,-0.02677,0.04249,-0.04525,0.99944,-0.0129,0.02154,-0.02233,0.9987397198324646,-0.0267424737033094,0.042471309482964736,-0.02481923731987906,-0.9986703911304249,-0.045182467155564,0.04362313019293213,0.04407141907894375,-0.9980755144439414
3.2,0.016468871384859085,Empty,0.58349,0.19297,0.18379,-0.04466,0.03733,-0.04798,0.9993,-0.02187,0.01919,-0.02356,0.9983071151733313,-0.04460898643333727,0.03732213985949119,-0.04280039825446791,-0.9979332847368498,-0.047930002332363435,0.039383114447184356,0.04625145990897762,-0.9981531810061661
3.267,0.016468871384859085,Empty,0.59461,0.1962,0.17332,-0.05967,0.03292,-0.05068,0.99911,-0.0294,0.0172,-0.02483,0.9976794946481219,-0.059608336228657355,0.03290094543807012,-0.057900509521521704,-0.9970379178380178,-0.0506253038546752,0.03582118026832308,0.04860284606153595,-0.998175639053019
3.333,0.016468871384859085,Empty,0.60575,0.19975,0.163,-0.06884,0.03028,-0.05381,0.99895,-0.03399,0.01605,-0.02636,0.9971738360176217,-0.06876149572626317,0.030268753978126596,-0.06706966017085375,-0.9962994763956514,-0.053749549005712216,0.03385264312380124,0.051567528923135104,-0.9980955808509997
3.4,0.016468871384859085,Empty,0.61772,0.20349,0.15343,-0.07171,0.03086,-0.0578,0.99884,-0.03538,0.01645,-0.02832,0.9969557888463016,-0.07160496356967555,0.030852621898862048,-0.0697414926854174,-0.9958922701579709,-0.05774695176035678,0.03486085604024324,0.05541944994123038,-0.997854400844308
3.466,0.016468871384859085,Empty,0.62997,0.20787,0.1457,-0.07279,0.03488,-0.06323,0.99871,-0.03581,0.01857,-0.03095,0.9967456142402182,-0.07267609074069697,0.034876443734136536,-0.07037696166535073,-0.9955193931763286,-0.06315236398257926,0.039309843037643385,0.060492343684836726,-0.9973943114916343
3.533,0.016468871384859085,Empty,0.64152,0.213,0.13985,-0.07237,0.04151,-0.06926,0.99856,-0.03543,0.02198,-0.03384,0.9965231702791382,-0.07224322208969142,0.04150286687585581,-0.06926733151453224,-0.9951987326520098,-0.06914853080644198,0.04629911318450237,0.06603332030068684,-0.9967426913343257
3.6,0.016468871384859085,Empty,0.65183,0.21842,0.13472,-0.07105,0.04859,-0.07495,0.99841,-0.03457,0.02559,-0.03657,0.9962999097486236,-0.07091055233793947,0.04856113056769617,-0.06716814865402604,-0.9949348197173734,-0.07478732727105657,0.053618370371311466,0.07124884617371588,-0.9960164016107559
3.667,0.016468871384859085,Empty,0.66009,0.22383,0.12933,-0.06883,0.05387,-0.07941,0.99829,-0.0333,0.02826,-0.03873,0.9961851580590182,-0.06867092296459648,0.053846403799318154,-0.06429273644660305,-0.9947825137408572,-0.07920981249585536,0.05900487185933392,0.07544570693294192,-0.9954026172369913
3.733,0.016468871384859085,Empty,0.66602,0.22898,0.12333,-0.06576,0.05638,-0.08243,0.99825,-0.03167,0.0295,-0.04024,0.9962541229299933,-0.06559994850294898,0.0563415415248822,-0.060851899082791816,-0.9947553710183138,-0.08221191037942345,0.06143914813054727,0.07847546487041075,-0.9950210211298883
3.8,0.016468871384859085,Empty,0.6709,0.23344,0.11723,-0.06311,0.05785,-0.08485,0.99822,-0.03028,0.03022,-0.04146,0.996340534183423,-0.06294904108303168,0.05781832036489935,-0.0579371666156856,-0.9947282694101895,-0.08461060666816983,0.06283967431199501,0.08095114738492758,-0.9947351843930254
3.867,0.016468871384859085,Empty,0.67543,0.23749,0.11097,-0.06085,0.05895,-0.08698,0.9982,-0.0291,0.03075,-0.04254,0.9964154922621026,-0.060706619346726665,0.05891411670867373,-0.05547396688004974,-0.9946871154394314,-0.08671897933770845,0.06386552887640362,0.08313993472618557,-0.9944892887683926
3.933,0.016468871384859085,Empty,0.67948,0.24102,0.10511,-0.05904,0.05997,-0.08892,0.99817,-0.02814,0.03125,-0.04352,0.996463367561448,-0.05889079887719162,0.05993855950642593,-0.05345027457350948,-0.9946282040496003,-0.08864425450689666,0.06483691275898104,0.08512701989775717,-0.9942582990486987
4.0,0.016468871384859085,Empty,0.68363,0.24383,0.10008,-0.05805,0.0619,-0.09097,0.99811,-0.02757,0.03222,-0.04453,0.9964040351808401,-0.05790001953344531,0.06185940844662137,-0.05216187687753698,-0.9945149707782358,-0.09065931556424417,0.066769283925709,0.08710660500783605,-0.9939589036213
4.067,0.016468871384859085,Empty,0.68741,0.24558,0.09563,-0.05797,0.0636,-0.0928,0.99804,-0.02746,0.03309,-0.04542,0.9963024386336785,-0.057812613464026275,0.06355432713076266,-0.051801411873815595,-0.994366796529802,-0.09247317279588972,0.06854242846926431,0.08883904368867465,-0.9936848392805526
4.133,0.016468871384859085,Empty,0.69003,0.24659,0.09062,-0.05857,0.06307,-0.09369,0.99802,-0.02776,0.03285,-0.04586,0.9963011095189096,-0.05842208886893502,0.06301554334908066,-0.05239743155795379,-0.994253284907993,-0.09335370702759707,0.06810732954329662,0.08970654926957757,-0.993636818299637
4.2,0.016468871384859085,Empty,0.69127,0.24732,0.08601,-0.05861,0.06058,-0.09351,0.99806,-0.02784,0.03161,-0.04581,0.9964524069820888,-0.05845964804992654,0.060539823005032224,-0.052668745446875054,-0.9942540904528204,-0.09319231122193902,0.06563995637303678,0.08967314630207418,-0.9938058779055559
4.267,0.016468871384859085,Empty,0.69133,0.24805,0.08176,-0.05729,0.05708,-0.0926,0.99815,-0.02728,0.02982,-0.04543,0.9967337723957482,-0.05716661953387736,0.05704177922198714,-0.051748037587192486,-0.9943831425722214,-0.09232717029167264,0.06199941589737359,0.08907380860422373,-0.9940935212791212
4.333,0.016468871384859085,Empty,0.69044,0.24872,0.07796,-0.05537,0.05282,-0.09124,0.99826,-0.02644,0.02763,-0.04484,0.9970741495506898,-0.055273816070004034,0.05280099956277552,-0.05031716395076835,-0.994579946317852,-0.09098853441137575,0.05754409882620791,0.08806551901532161,-0.994451175800422
4.4,0.016468871384859085,Empty,0.68926,0.24915,0.07526,-0.05429,0.04925,-0.09003,0.99835,-0.026,0.02581,-0.0443,0.9973158308117638,-0.054198030322819,0.04923116006523247,-0.04962450304698185,-0.9947231706324928,-0.08979544812617563,0.05383811205439775,0.08711135009840801,-0.9947427156679514
4.467,0.016468871384859085,Empty,0.68832,0.24968,0.07343,-0.05317,0.04656,-0.0891,0.99841,-0.02551,0.02443,-0.04389,0.9975047610261063,-0.05308371607236756,0.046544288781748204,-0.048795053738680316,-0.9948464322216262,-0.08887980100416701,0.05102248975588874,0.0863868935883754,-0.9949542754093078
4.533,0.016468871384859085,Empty,0.68731,0.25028,0.07193,-0.05185,0.04366,-0.08801,0.99848,-0.02493,0.02294,-0.0434,0.9977048971851585,-0.05177382253333662,0.04363953978949035,-0.047792428535592235,-0.994990620410583,-0.08780403788911559,0.04796688344495879,0.08551687900788649,-0.9951814113503769
4.6,0.016468871384859085,Empty,0.68635,0.25055,0.07082,-0.04987,0.04042,-0.08652,0.99857,-0.02403,0.02126,-0.04272,0.9979406508828502,-0.049809670935159645,0.04041601163950629,-0.04617616974808619,-0.9951955392190039,-0.08633423461172166,0.04452211431310867,0.08429018566788764,-0.9954461039841199
4.667,0.016468871384859085,Empty,0.68564,0.25064,0.07039,-0.0475,0.03768,-0.08534,0.99865,-0.02292,0.01983,-0.04219,0.998162817718345,-0.0474508220526032,0.037675042284068275,-0.04410421013075805,-0.9953896147742027,-0.08517237491350105,0.041542845031558535,0.08335426975384169,-0.9956536836372817
4.733,0.016468871384859085,Empty,0.68448,0.25104,0.06983,-0.04467,0.03349,-0.08364,0.99875,-0.02161,0.01766,-0.04142,0.9984423110476147,-0.044628443969351894,0.033485123544228536,-0.041702405280277965,-0.9956344006209076,-0.08350478845003764,0.03706562968219038,0.08197830377069622,-0.9959446253718839
4.8,0.016468871384859085,Empty,0.68163,0.25182,0.06848,-0.04154,0.02267,-0.07949,0.99894,-0.0203,0.01215,-0.03949,0.9988804510648013,-0.04151973128182257,0.022670606407080855,-0.039600592384650635,-0.9960569475496179,-0.07938734358147168,0.02587735618961623,0.07840069612205709,-0.9965860190090029
4.867,0.016468871384859085,Empty,0.67824,0.25241,0.06661,-0.03842,0.00898,-0.07428,0.99912,-0.01903,0.0052,-0.03704,0.9992215862435565,-0.03841460500962196,0.008974391726762107,-0.037644758418712176,-0.9965322819011972,-0.0742043347277587,0.011793801274714017,0.07380873424430998,-0.9972026759895628
4.933,0.016468871384859085,Empty,0.67605,0.25276,0.065,-0.03637,-0.0021,-0.07017,0.99922,-0.01821,-0.00041,-0.03509,0.9993365593769311,-0.03635997418645426,-0.002096036697640462,-0.036417434848242836,-0.9968738835599849,-0.07011583783360253,0.0004599258108303742,0.07014565241833905,-0.9975366539205733
5.0,0.016468871384859085,Empty,0.67636,0.25409,0.0644,-0.03474,-0.00585,-0.0694,0.99924,-0.01746,-0.00232,-0.03474,0.9993795377216376,-0.0347316682763929,-0.00585241847658885,-0.03505425214744534,-0.9969765932254362,-0.06934603065054744,-0.0034262209020797514,0.0695081562073254,-0.9975754995141913
5.066,0.016468871384859085,Empty,0.67676,0.25669,0.06252,-0.03179,-0.0102,-0.06882,0.99927,-0.01606,-0.00455,-0.03448,0.9994430604835592,-0.03177305534005742,-0.010200088510087867,-0.03240054268709647,-0.9971069040036216,-0.06876064878907405,-0.007985842775663136,0.06905284166977052,-0.9975810400025112
5.133,0.016468871384859085,Empty,0.67734,0.2598,0.0597,-0.02815,-0.01424,-0.06786,0.9993,-0.01431,-0.00664,-0.03402,0.9995023106553143,-0.02814719804342508,-0.014243111913898203,-0.02905058219392853,-0.9972763495354249,-0.06779340920392396,-0.01229612414061506,0.0681734398398753,-0.9975977082128435
5.2,0.016468871384859085,Empty,0.67907,0.26241,0.05681,-0.02596,-0.01627,-0.06783,0.9993,-0.01325,-0.00769,-0.03401,0.9995307807118798,-0.025952095786887064,-0.016269822794611803,-0.026998168068683992,-0.9973358723628228,-0.06776619082715613,-0.014467803234593667,0.06817364903359424,-0.9975685621785649
5.267,0.016468871384859085,Empty,0.68131,0.26416,0.05425,-0.02558,-0.0175,-0.06818,0.9993,-0.01308,-0.00831,-0.03419,0.9995198731662458,-0.025569512611403333,-0.017499233427423377,-0.026705830314480594,-0.9973197126340636,-0.06811893583081252,-0.0157105624643531,0.06855356166037961,-0.9975237277432205
5.333,0.016468871384859085,Empty,0.68229,0.26435,0.0519,-0.02682,-0.02345,-0.06639,0.99929,-0.01379,-0.01127,-0.03334,0.9993655909942718,-0.026809787034012822,-0.0234446338393468,-0.02831293485228742,-0.99739621893809,-0.06632616503350056,-0.021605398786421672,0.066947873507617,-0.9975225255482143
5.4,0.016468871384859085,Empty,0.6816,0.26267,0.04934,-0.02775,-0.03608,-0.06044,0.99928,-0.01441,-0.01761,-0.03046,0.9989645887101535,-0.02772374585778764,-0.03607137949630593,-0.029869080778388457,-0.9977295336175839,-0.06036237040319624,-0.03431600962536022,0.06137728947136194,-0.997524555998769
5.466,0.016468871384859085,Empty,0.68041,0.26021,0.04676,-0.02924,-0.05011,-0.05338,0.99921,-0.01528,-0.02465,-0.02704,0.998317870258076,-0.0291934226894352,-0.05009165594243962,-0.031860218385393047,-0.9980705344105956,-0.05329291534325623,-0.04843920321201437,0.054799200842935575,-0.9973217591024276
5.533,0.016468871384859085,Empty,0.67925,0.25839,0.04512,-0.03035,-0.06183,-0.0483,0.9991,-0.01591,-0.03053,-0.0246,0.9976287763835581,-0.030296235694969587,-0.061797755899057456,-0.033301164771110614,-0.9982829421503585,-0.048189208714306396,-0.06023169395203807,0.050132878576224775,-0.9969246899988632
5.6,0.016468871384859085,Empty,0.67903,0.25813,0.04524,-0.02962,-0.06595,-0.04686,0.99906,-0.01557,-0.03261,-0.0239,0.9973880183128101,-0.02955456057466166,-0.06590651618227503,-0.032672652626011545,-0.9983723366862285,-0.046745856608477715,-0.0644176893129969,0.04877709799607843,-0.9967302323169772
5.667,0.016468871384859085,Empty,0.67856,0.25872,0.04524,-0.02812,-0.06738,-0.04705,0.99905,-0.01484,-0.03334,-0.02398,0.9973360475597638,-0.028056666933192753,-0.06733224842873559,-0.03125501099508882,-0.9984092155025555,-0.04692720625893938,-0.06590851633564478,0.04890666457827647,-0.9966264122700451
5.733,0.016468871384859085,Empty,0.67787,0.25984,0.04491,-0.02175,-0.06837,-0.04755,0.99907,-0.01168,-0.03391,-0.02413,0.9974276638175272,-0.021703225907705792,-0.06831563098375608,-0.02497653943355166,-0.9985622086469044,-0.04743087538872307,-0.06718800435668464,0.04901515528298803,-0.9965356424248711
5.8,0.016468871384859085,Empty,0.67787,0.26083,0.04529,-0.00884,-0.06681,-0.04818,0.99914,-0.00522,-0.03328,-0.02422,0.9977304912936067,-0.008814258277753284,-0.06675459230667885,-0.012038403242990825,-0.9987723212248664,-0.04805129761464515,-0.06624910256280461,0.04874586347686453,-0.9966117083415778
5.867,0.016468871384859085,Empty,0.67829,0.26189,0.04611,0.00658,-0.06427,-0.04966,0.99917,0.00249,-0.0322,-0.02471,0.9979138831627676,0.006562480616397692,-0.06422472763013871,0.0033794016098316892,-0.9987661615064602,-0.04954527499581226,-0.06447062459574562,0.04922487661549383,-0.9967047958580433
5.933,0.016468871384859085,Empty,0.67864,0.26289,0.04682,0.0217,-0.06196,-0.05104,0.99914,0.01005,-0.03124,-0.02517,0.9978464699326979,0.021647703723500833,-0.06191768217845906,0.01850292507835405,-0.9985313326777365,-0.05091973511683043,-0.06292904104146149,0.049664419701863936,-0.9967815112697864
6.0,0.016468871384859085,Empty,0.67854,0.26367,0.04699,0.03102,-0.06112,-0.05166,0.99909,0.01471,-0.03094,-0.02534,0.9976525214871397,0.030964141809829426,-0.06107919688676913,0.027828239993202497,-0.9982830978898656,-0.051540717168989676,-0.06257024396014979,0.04971999989334095,-0.996801327337285
6.067,0.016468871384859085,Empty,0.67807,0.26415,0.0466,0.03204,-0.06212,-0.05135,0.99907,0.01521,-0.03145,-0.02516,0.9975587105919004,0.0319684924748016,-0.062085702147223046,0.02880275420726358,-0.9982713339335443,-0.05123226714306405,-0.0636161950473394,0.04931895513320289,-0.9967550453307312
6.133,0.016468871384859085,Empty,0.67753,0.26419,0.04564,0.03024,-0.06395,-0.05062,0.99907,0.0143,-0.03234,-0.02481,0.9974989506830734,0.030176136802745668,-0.06391591471480462,0.026965808270194125,-0.9983595450617937,-0.050508058449549545,-0.06533520161829522,0.04865819100285158,-0.9966763225229276
6.2,0.016468871384859085,Empty,0.67702,0.26351,0.04381,0.02752,-0.0663,-0.04925,0.99906,0.01293,-0.03347,-0.02415,0.9974243560123497,0.027460637724445014,-0.06626135683123201,0.024226691641545284,-0.9984987510310472,-0.04912546795241976,-0.0675108987160932,0.04739364477654689,-0.9965922541287081
6.266,0.016468871384859085,Empty,0.67646,0.26235,0.04145,0.02604,-0.06908,-0.0473,0.99905,0.01219,-0.03483,-0.02318,0.9972768975358779,0.025965323392833084,-0.06902602134209969,0.022735365273370722,-0.9986279112605565,-0.04717412444619167,-0.07015620291250667,0.04547633266308931,-0.9964988762464388
6.333,0.016468871384859085,Empty,0.67635,0.26055,0.03943,0.02071,-0.07117,-0.04463,0.99907,0.00955,-0.0358,-0.02193,0.9972540463897497,0.02066133815287058,-0.07111593397406733,0.017520638571630776,-0.9988554189303813,-0.04450707019626392,-0.07195411164981093,0.04313885927033331,-0.9964746081248338
6.4,0.016468871384859085,Empty,0.67688,0.25868,0.03893,0.01207,-0.07136,-0.04202,0.99913,0.00528,-0.03579,-0.02078,0.9973819415865617,0.012048509918443084,-0.07130284710840767,0.009072925061174353,-0.9990802209965505,-0.04190935509307971,-0.07174220952726552,0.04115270856491361,-0.9965738858458598
6.467,0.016468871384859085,Empty,0.67745,0.25762,0.03906,0.0015,-0.07092,-0.0401,0.99917,4e-05,-0.03546,-0.02001,0.9974853892476112,0.0014920287408238808,-0.070856701078855,-0.0013460783094007556,-0.9991991914661903,-0.039989546715311394,-0.0708596239809852,0.039984367239555854,-0.9966845860480263
6.533,0.016468871384859085,Empty,0.67752,0.25743,0.03904,-0.00875,-0.07124,-0.03914,0.99916,-0.00507,-0.03552,-0.01971,0.9974255366645246,-0.008733574937665245,-0.07117600352853058,-0.011533809748410118,-0.9991715943363474,-0.03902686643902209,-0.07077619686146414,0.03974732368562659,-0.9966999950926344
6.6,0.016468871384859085,Empty,0.67744,0.25758,0.03899,-0.01513,-0.07156,-0.03867,0.99914,-0.00825,-0.03562,-0.01959,0.9973263636404589,-0.015096355832123376,-0.07149982117662451,-0.017887373367470816,-0.9990962820513977,-0.038557244002743934,-0.07085313162953377,0.039733099950348266,-0.9966950960582799
6.667,0.016468871384859085,Empty,0.6773,0.25794,0.03897,-0.01573,-0.07163,-0.03859,0.99914,-0.00855,-0.03565,-0.01956,0.9973123645538595,-0.01569573517586792,-0.07156599335772965,-0.018485332791944642,-0.9990881773999167,-0.03848514325403629,-0.07089668525086815,0.039704630422680645,-0.9966931334886566
6.733,0.016468871384859085,Empty,0.6771,0.25847,0.03898,-0.01405,-0.07158,-0.03869,0.99914,-0.00771,-0.03564,-0.01958,0.9973412298318978,-0.014020038212738783,-0.0715116060923724,-0.016810828234147035,-0.9991143169297099,-0.038574314772411744,-0.07090745610638756,0.039673923861806695,-0.9966935900435641
6.8,0.016468871384859085,Empty,0.67696,0.25904,0.03904,-0.01203,-0.0713,-0.03884,0.99915,-0.0067,-0.03552,-0.01962,0.9973866108636538,-0.01199623785138798,-0.07124632444783727,-0.014783402389436373,-0.9991406385894774,-0.03872254295372843,-0.07072057327048178,0.039674608963722116,-0.9967068405102225
6.867,0.016468871384859085,Empty,0.67697,0.25925,0.0391,-0.0098,-0.07096,-0.03902,0.99917,-0.00559,-0.03537,-0.01967,0.9974351861049464,-0.009787650341712972,-0.07090311291177191,-0.012570519479054909,-0.9991636616398314,-0.03890962989429583,-0.07046298006625773,0.03970112289687455,-0.9967240286462996
6.933,0.016468871384859085,Empty,0.67702,0.25907,0.03908,-0.00323,-0.07067,-0.03931,0.99918,-0.00231,-0.03529,-0.0197,0.9974985457265046,-0.003229500470558644,-0.07061318290672787,-0.006010357895515794,-0.9992131265470516,-0.03920463408875703,-0.07043100788343272,0.03953097599068579,-0.9967330510551696
7.0,0.016468871384859085,Empty,0.67705,0.25893,0.03902,0.00889,-0.07021,-0.04,0.99918,0.00374,-0.03518,-0.01983,0.9974970597913222,0.008864666127423537,-0.07015007770570612,0.006074767330102759,-0.9991858387259436,-0.03988429379364399,-0.07044652517727473,0.03935832039076238,-0.9967387870984383
7.067,0.016468871384859085,Empty,0.67696,0.25893,0.03885,0.01515,-0.07023,-0.04038,0.99916,0.00686,-0.03525,-0.01991,0.9974206393897601,0.015115602188045252,-0.07016827409745212,0.012307970894288645,-0.9991128594196488,-0.04027416038551749,-0.0707147931608919,0.03930664972731477,-0.9967218294566578
7.133,0.016468871384859085,Empty,0.67671,0.25882,0.03821,0.01356,-0.07116,-0.04003,0.99915,0.00606,-0.0357,-0.01976,0.9973771315825402,0.013514797255235522,-0.07110701548605985,0.010692286839487308,-0.9991454369623551,-0.03992581620263341,-0.07158583937013659,0.0390607994343974,-0.9966693140401277
7.2,0.016468871384859085,Empty,0.67622,0.25865,0.03692,0.01165,-0.07294,-0.03943,0.99913,0.0051,-0.03657,-0.01949,0.9972727953463236,0.011609484685782934,-0.07288478255068093,0.008758868516879459,-0.999188682778334,-0.039309775247407246,-0.07328201610513631,0.03856418121817478,-0.9965653767026716
7.267,0.016468871384859085,Empty,0.67573,0.2585,0.03567,0.00946,-0.07469,-0.03882,0.99911,0.004,-0.03742,-0.01922,0.9971678793520501,0.009428616306341564,-0.07461448641572882,0.006552281227071743,-0.9992293683647819,-0.03870060733425397,-0.0749218793094283,0.03810210744652509,-0.9964612091842195
7.333,0.016468871384859085,Empty,0.67571,0.25818,0.03515,0.00428,-0.07517,-0.03827,0.99911,0.00142,-0.03761,-0.01904,0.9971671039685273,0.004263100020768018,-0.07509722192753368,0.0013986477563898148,-0.9992708684799836,-0.03815462215397668,-0.07520512314645778,0.03794149951533426,-0.9964460005775798
7.4,0.016468871384859085,Empty,0.67603,0.2575,0.03519,0.00021,-0.07495,-0.03774,0.99912,-0.0006,-0.03746,-0.01885,0.9971933040684404,0.00020641855532560482,-0.07486969822596343,-0.0026174689275185736,-0.9992887917251099,-0.0376172777986826,-0.07482421518118514,0.037707666646847826,-0.9964835516447673
7.467,0.016468871384859085,Empty,0.6762,0.257,0.03517,-0.00064,-0.07486,-0.03736,0.99912,-0.00102,-0.03741,-0.01868,0.9971993819194949,-0.000642726514743841,-0.07478622601792534,-0.003437815941669309,-0.9993000024965899,-0.03725166347784224,-0.07470993321458795,0.03740443707559897,-0.9965035544172078
7.533,0.016468871384859085,Empty,0.67631,0.25678,0.0352,-0.00091,-0.07475,-0.03723,0.99913,-0.00115,-0.03735,-0.01862,0.9972080030430346,-0.0009023970697267236,-0.0746684963451877,-0.0036845317507554487,-0.9993036339901695,-0.037130463501266364,-0.0745829933208667,0.037301913805725104,-0.9965169061956399
7.6,0.016468871384859085,Empty,0.67632,0.25685,0.03526,-0.00079,-0.07465,-0.0373,0.99913,-0.00109,-0.0373,-0.01865,0.9972154279262557,-0.000795986261083792,-0.07457048150392298,-0.0035786535317054446,-0.9993018139185954,-0.03718975581937548,-0.07448881489696771,0.03735306018088657,-0.9965220345533601
7.667,0.016468871384859085,Empty,0.67631,0.25689,0.03528,-0.00069,-0.07462,-0.03732,0.99913,-0.00104,-0.03729,-0.01866,0.9972168431676263,-0.0006860427623383014,-0.0745526461510366,-0.003469643527037214,-0.9993012851169656,-0.037214286737436264,-0.07447502451552955,0.037369384647182466,-0.9965224532415222
7.733,0.01646919921040535,Empty,0.67631,0.25688,0.03527,-0.00065,-0.07464,-0.03732,0.99913,-0.00102,-0.0373,-0.01866,0.9972157028645834,-0.0006525991859127611,-0.07456819747450652,-0.003435906916340492,-0.9993018038995145,-0.03720348460613086,-0.07449185528604271,0.03735610843595619,-0.9965216930195571
7.8,0.01646919921040535,Empty,0.67629,0.25692,0.03528,-0.00061,-0.07466,-0.03735,0.99913,-0.001,-0.03731,-0.01867,0.997214489690446,-0.0006004211800977322,-0.07458485801977213,-0.003385733717444772,-0.9993012339664487,-0.037223387813679926,-0.0745103909439321,0.03737222615177677,-0.9965197029431194
7.867,0.016468871384859085,Empty,0.67626,0.25696,0.03527,-0.00055,-0.07468,-0.03735,0.99913,-0.00097,-0.03732,-0.01867,0.9972119222186748,-0.0005516744635232218,-0.07461955400712177,-0.003338603746457003,-0.9993011858972853,-0.03722893483975759,-0.07454687055778804,0.037374262796275544,-0.9965168982864642
7.933,0.016468871384859085,Empty,0.67626,0.25696,0.03526,-0.00055,-0.0747,-0.03733,0.99913,-0.00097,-0.03733,-0.01866,0.9972108342692425,-0.0005519798317307201,-0.07463408962603088,-0.003338974619441437,-0.9993014243508475,-0.03722250043801461,-0.07456140599889302,0.037367882046386275,-0.99651605011
8.0,0.016468871384859085,Empty,0.67625,0.25697,0.03526,-0.00055,-0.07472,-0.03735,0.99913,-0.00097,-0.03734,-0.01867,0.9972102074147275,-0.0005378849512625572,-0.07464256766520945,-0.003325584182498953,-0.9993012622041837,-0.037228051882553986,-0.07457038767313254,0.03737242348181643,-0.9965152077341193
8.067,0.016468871384859085,Empty,0.67625,0.25697,0.03526,-0.00055,-0.07472,-0.03733,0.99913,-0.00097,-0.03734,-0.01866,0.9972097483775231,-0.0005483531665042007,-0.0746486238965074,-0.0033358063182015174,-0.9993014748425624,-0.037221428958150525,-0.07457606946631672,0.037366585156848084,-0.9965150014809969
8.133,0.016468871384859085,Empty,0.67625,0.25697,0.03526,-0.00055,-0.07472,-0.03735,0.99913,-0.00097,-0.03734,-0.01867,0.9972101894615304,-0.0005482666204436049,-0.07464273198250229,-0.0033361317047796435,-0.9993011583888253,-0.03722989481585474,-0.07457015662681105,0.037375048447649564,-0.9965151265757026
8.2,0.016468871384859085,Empty,0.67625,0.25697,0.03526,-0.00055,-0.07472,-0.03735,0.99913,-0.00097,-0.03734,-0.01867,0.9972098705254497,-0.0005453834776067423,-0.07464701389525234,-0.0033330520211130032,-0.9993013436086877,-0.037225198805321894,-0.07457455927352306,0.03737013806147281,-0.9965149812674299
8.267,0.016468871384859085,Empty,0.67625,0.25697,0.03526,-0.00055,-0.07472,-0.03735,0.99913,-0.00097,-0.03734,-0.01867,0.9972097711286283,-0.0005438643261376774,-0.07464835280957903,-0.0033318797596035288,-0.9993011982991853,-0.03722920433046807,-0.07457594077754687,0.03737404566550102,-0.9965147313350348
8.333,0.016468871384859085,Empty,0.67625,0.25697,0.03526,-0.00055,-0.07472,-0.03735,0.99913,-0.00097,-0.03734,-0.01867,0.9972100833445471,-0.0005433856510442259,-0.07464418535958511,-0.0033315777171112892,-0.9993010328839551,-0.03723367114555505,-0.07457177928597901,0.037378475210938275,-0.9965148766200272
8.4,0.016468871384859085,Empty,0.67625,0.25696,0.03526,-0.00057,-0.07472,-0.03735,0.99913,-0.00098,-0.03734,-0.01867,0.997209434513201,-0.0005603088959252323,-0.07465272782559919,-0.003348207751586618,-0.9993013007700975,-0.03722498870440917,-0.07457971052983532,0.0373710627776669,-0.9965145610798436
8.467,0.016468871384859085,Empty,0.67625,0.25697,0.03527,-0.00055,-0.0747,-0.03735,0.99913,-0.00097,-0.03733,-0.01867,0.9972106936452256,-0.0005458737608410313,-0.07463601343484116,-0.0033338902780361,-0.9993009622272633,-0.03723536044245669,-0.07456351423600271,0.03738032789453406,-0.9965154255862148
8.533,0.016468871384859085,Empty,0.67625,0.25698,0.03527,-0.00055,-0.07472,-0.03735,0.99913,-0.00097,-0.03734,-0.01867,0.9972100561355226,-0.0005418128589900761,-0.07464456029084575,-0.003330111740382724,-0.999300989960502,-0.037234954273598714,-0.0745722086167793,0.03737964556795922,-0.9965148005921585
8.6,0.016468871384859085,Empty,0.67625,0.25697,0.03526,-0.00055,-0.07472,-0.03735,0.99913,-0.00097,-0.03734,-0.01867,0.9972099485523636,-0.0005448980893625333,-0.07464597507075894,-0.0033325798843257814,-0.9993013186473285,-0.03722591115103634,-0.07457353699206391,0.03737081261870649,-0.9965150324730232
8.667,0.016468871384859085,Empty,0.67625,0.257,0.03527,-0.00051,-0.0747,-0.03735,0.99913,-0.00095,-0.03733,-0.01867,0.9972106172600095,-0.0005124732893218575,-0.07463727081718909,-0.0033009573981241935,-0.9993008273589331,-0.03724191348477568,-0.07456600099352574,0.037384405985376935,-0.9965150865315358
8.733,0.016468871384859085,Empty,0.67625,0.25698,0.03526,-0.00053,-0.07472,-0.03735,0.99913,-0.00096,-0.03734,-0.01867,0.9972098994571845,-0.0005252538677675278,-0.07464677175180354,-0.003313180038330754,-0.9993012558988612,-0.0372293271090376,-0.07457505791231459,0.03737277173735593,-0.9965148451829717
8.8,0.016468871384859085,Empty,0.67624,0.257,0.03527,-0.00053,-0.07472,-0.03735,0.99913,-0.00096,-0.03734,-0.01867,0.9972102093506323,-0.0005199078661284329,-0.07464266918243725,-0.003308428043827416,-0.9993008935208407,-0.03723947518867583,-0.07457112491270881,0.03738253474899645,-0.9965147733099561
