time,gr,gr_state,tx,ty,tz,rx,ry,rz,qw,qx,qy,qz,xx,xy,xz,yx,yy,yz,zx,zy,zz
0.0,0.015961596742272377,Empty,0.30808,0.00186,0.48545,-0.01099,0.0025,-0.00667,0.99998,-0.00549,0.00127,-0.00333,0.9999365185429038,-0.010984394833330358,0.0025103693836393205,-0.010967436815441878,-0.9999175967116467,-0.006671964935704886,0.0025834500181149854,0.006644009072050589,-0.9999745911419222
0.067,0.01596192456781864,Empty,0.30808,0.00186,0.48544,-0.01099,0.0025,-0.00667,0.99998,-0.00549,0.00127,-0.00333,0.9999366081771226,-0.01097967635687902,0.0024952623770494948,-0.010962809299455367,-0.9999176227647668,-0.00667566451534179,0.002568353460079115,0.006647886247207544,-0.9999746042620026
0.133,0.01596192456781864,Empty,0.30808,0.00186,0.48545,-0.01099,0.0025,-0.00667,0.99998,-0.00549,0.00127,-0.00333,0.9999364961749866,-0.010987626283038732,0.0025051319236908285,-0.01097069595006922,-0.9999175427051792,-0.006674700053692244,0.0025782644670307247,0.0066467931440583935,-0.9999745860236839
0.2,0.01596192456781864,Empty,0.30808,0.00186,0.48545,-0.01099,0.0025,-0.00667,0.99998,-0.00549,0.00127,-0.00333,0.9999365864142475,-0.010979687080559242,0.0025039212916853175,-0.010962771552166628,-0.999917646728182,-0.006672136199863045,0.002576973053207844,0.00664426317867663,-0.9999746061659245
0.267,0.01596192456781864,Empty,0.30808,0.00186,0.48544,-0.01099,0.00248,-0.00667,0.99998,-0.00549,0.00126,-0.00333,0.999936598325984,-0.010981472155607241,0.002491304388322715,-0.010964647708472608,-0.9999176451051763,-0.006669295910894489,0.002564337904554715,0.0066415567914166985,-0.9999746566261055
0.333,0.01596192456781864,Empty,0.30808,0.00186,0.48545,-0.01097,0.0025,-0.00667,0.99998,-0.00548,0.00127,-0.00333,0.9999366247092125,-0.010977055322098528,0.002500164315145802,-0.01096016668797034,-0.9999176801631051,-0.006671404904967537,0.002573190882745138,0.0066435798851004115,-0.9999746204454345
0.4,0.01596192456781864,Empty,0.30807,0.00186,0.48545,-0.01099,0.0025,-0.00667,0.99998,-0.00549,0.00127,-0.00333,0.9999365936813165,-0.01098033068278148,0.0024981903655555255,-0.010963456267279459,-0.9999176471270902,-0.006670951243952073,0.002571233883029113,0.006643139462671468,-0.9999746284053403
0.467,0.01596192456781864,Empty,0.30808,0.00186,0.48545,-0.01099,0.0025,-0.00667,0.99998,-0.00549,0.00127,-0.00333,0.9999365896543959,-0.010981140940616696,0.0024962399682728477,-0.010964276670452133,-0.9999176308705378,-0.006672039519172235,0.0025693009614810142,0.006644246977192457,-0.9999746260154182
0.533,0.01596192456781864,Empty,0.30808,0.00186,0.48545,-0.01099,0.0025,-0.00667,0.99998,-0.00549,0.00127,-0.00333,0.9999365371172277,-0.010985587330761548,0.0024977207620503015,-0.010968715386621919,-0.9999175880264817,-0.0066711646712061725,0.0025708015820466532,0.006643344511710505,-0.9999746281545969
0.6,0.01596192456781864,Empty,0.30808,0.00186,0.48545,-0.01099,0.0025,-0.00667,0.99998,-0.00549,0.00127,-0.00333,0.9999365319010625,-0.01098457945527992,0.0025042331892225628,-0.010967658731438235,-0.9999175852884866,-0.006673311980754556,0.0025773303292491653,0.0066454228633261855,-0.9999745975390283
0.667,0.01596192456781864,Empty,0.30808,0.00186,0.48544,-0.01099,0.00248,-0.00667,0.99998,-0.00549,0.00126,-0.00333,0.9999365813293379,-0.010986201528760453,0.0024772354280043008,-0.010969455043223497,-0.9999175521119809,-0.006675330286865063,0.0025503677089774345,0.006647733023633069,-0.9999746513138197
0.733,0.01596192456781864,Empty,0.30807,0.00186,0.48545,-0.01099,0.00252,-0.00667,0.99998,-0.00549,0.00128,-0.00333,0.9999365048061004,-0.01098399436566272,0.002517582954806936,-0.010966987218287316,-0.999917598526376,-0.006672431985337779,0.0025906654575937283,0.006644398017888742,-0.9999745698903881
0.8,0.01596192456781864,Empty,0.30807,0.00186,0.48545,-0.01099,0.00252,-0.00667,0.99998,-0.00549,0.00128,-0.00333,0.9999365108287986,-0.010984256959596483,0.0025140426753573752,-0.010967263005022043,-0.9999175688619495,-0.0066764229485159615,0.002587170985195873,0.006648426900729878,-0.9999745521592233
0.867,0.01596192456781864,Empty,0.30808,0.00186,0.48543,-0.01099,0.00246,-0.00667,0.99998,-0.00549,0.00125,-0.00333,0.99993663042019,-0.010986180036994309,0.002457436084850876,-0.010969561317445309,-0.9999175407670898,-0.006676854858237182,0.002530586576109743,0.00664947475293389,-0.999974689988247
0.933,0.01596192456781864,Empty,0.30807,0.00186,0.48546,-0.01097,0.00254,-0.00667,0.99998,-0.00548,0.00129,-0.00333,0.9999365150314456,-0.010977791361818423,0.002540473102380127,-0.010960604966339216,-0.9999175988128458,-0.006682867881728307,0.0026136268936844736,0.0066545984979681835,-0.9999744423100478
1.0,0.01596192456781864,Empty,0.30815,0.00187,0.48579,-0.01099,0.00328,-0.00674,0.99998,-0.00549,0.00166,-0.00336,0.9999342627082577,-0.010987803871289448,0.003276954100788209,-0.010965539993030127,-0.9999171856957435,-0.006736370162424303,0.003350700636263425,0.006699993760446137,-0.9999719410507756
1.067,0.01596192456781864,Empty,0.30826,0.00187,0.48615,-0.01143,0.00406,-0.00674,0.99998,-0.00571,0.00205,-0.00336,0.9999263949052649,-0.01143485966330271,0.004055706626557654,-0.011407336541338187,-0.9999121802897017,-0.006745693539403671,0.004132486514531326,0.006698932211589572,-0.9999690229514271
1.133,0.01596192456781864,Empty,0.30829,0.00187,0.48596,-0.01267,0.00354,-0.00674,0.99997,-0.00633,0.00179,-0.00336,0.999913506242267,-0.012669792423206594,0.0035293617338440454,-0.012645818077442472,-0.9998973610994568,-0.006734281809872157,0.0036143214366866436,0.006689067670117112,-0.9999710961094112
1.2,0.01596192456781864,Empty,0.3083,0.00197,0.48469,-0.01726,0.0003,-0.00648,0.99996,-0.00863,0.00018,-0.00324,0.9998508412764923,-0.017268687180896802,0.00029604347500685564,-0.01726640518043132,-0.9998298923002842,-0.0064851919746060135,0.00040798386724981043,0.0064791130450588905,-0.9999789270996231
1.267,0.01596192456781864,Empty,0.30864,0.00271,0.48186,-0.02096,-0.00735,-0.00494,0.99994,-0.01049,-0.00365,-0.00251,0.9997533001173702,-0.02096074439004003,-0.007347523327141587,-0.020997383335383923,-0.999767299360905,-0.004945404095656571,-0.007242154202613234,0.005098462828912283,-0.9999607776704484
1.333,0.01596192456781864,Empty,0.30941,0.00427,0.47788,-0.02038,-0.01854,-0.00227,0.9999,-0.0102,-0.00926,-0.00123,0.9996203841507629,-0.02038367537598207,-0.018536271697610872,-0.020429161923319727,-0.999788730748904,-0.002267864768171623,-0.018486128134140113,0.002645684346726838,-0.9998256165056713
1.4,0.015961596742272377,Empty,0.3107,0.00634,0.47292,-0.01688,-0.03253,0.00101,0.99983,-0.00843,-0.01627,0.00037,0.9993284783628587,-0.01687660300648819,-0.03252341624021858,-0.016852606102556955,-0.9998574727690235,0.0010118376812977836,-0.03253585715061429,-0.0004630538873956082,-0.9994704615848196
1.467,0.015961596742272377,Empty,0.31218,0.00866,0.46723,-0.01282,-0.0488,0.00455,0.99968,-0.00635,-0.02441,0.00212,0.9987281933631273,-0.012790637697960627,-0.04876879503230744,-0.012583608511560929,-0.9999104720768585,0.004549794265878166,-0.04882262363342924,-0.003930320383067302,-0.9987997316795971
1.533,0.015961596742272377,Empty,0.31441,0.01149,0.46151,-0.00947,-0.06602,0.00794,0.99944,-0.0046,-0.03302,0.00381,0.9977773151122193,-0.00945146901628846,-0.06596286213381815,-0.008947837177718354,-0.9999285520354813,0.007926350614679094,-0.06603306487883186,-0.007318507884802916,-0.9977905961598598
1.6,0.01596192456781864,Empty,0.31766,0.01456,0.4555,-0.01042,-0.08175,0.0116,0.99914,-0.00497,-0.04089,0.00558,0.9966069033312533,-0.01039584152934564,-0.08164929094233914,-0.00948306503079177,-0.9998882232196387,0.011559089250273616,-0.08176033090754824,-0.010745582607320532,-0.9965940902615856
1.667,0.01596192456781864,Empty,0.32159,0.01757,0.44929,-0.00687,-0.09538,0.01675,0.99882,-0.00303,-0.0477,0.0082,0.9954306425059363,-0.0068284691191581315,-0.0952428893393494,-0.005263750244225596,-0.9998471853738853,0.016670297936315075,-0.09534216744749026,-0.01609279060349073,-0.9953144695004723
1.733,0.01596192456781864,Empty,0.32577,0.02107,0.443,0.00121,-0.10765,0.02181,0.99849,0.00119,-0.05379,0.01092,0.9942110934494299,0.0012031186125091575,-0.10743767573664947,0.003552757622280245,-0.9997586256170345,0.021681061265895266,-0.10738565814561314,-0.02193725164970325,-0.9939753907490321
1.8,0.01596192456781864,Empty,0.32984,0.02512,0.4372,0.01077,-0.11804,0.02621,0.99815,0.00615,-0.05891,0.0134,0.9929826316029191,0.010702988850260664,-0.11777495219533213,0.013861573273456829,-0.9995649899896999,0.026032433103247862,-0.1174450940709152,-0.02748230005952348,-0.9926990344823107
1.867,0.01596192456781864,Empty,0.33485,0.02961,0.43201,0.02155,-0.12112,0.03055,0.99798,0.01168,-0.06035,0.0159,0.9924438735687559,0.021402953227146804,-0.12081834053238784,0.02524021846052127,-0.9992215122667267,0.03031997353990886,-0.12007534796080577,-0.033140353295524456,-0.9922114834023736
1.933,0.01596192456781864,Empty,0.34199,0.03421,0.42758,0.03169,-0.11251,0.03398,0.99813,0.01677,-0.05594,0.01785,0.9931784592389219,0.03148061250153006,-0.11227430311665063,0.035474349409800265,-0.9988004588892538,0.03375224224503222,-0.11107708421520819,-0.03750485780728182,-0.9931038550942712
2.0,0.01596192456781864,Empty,0.35221,0.0395,0.42313,0.0379,-0.09219,0.03746,0.99857,0.01979,-0.04571,0.01958,0.9950376863878839,0.03773844376328439,-0.09206417614996952,0.04131875772409149,-0.9984496173184667,0.03729774707332583,-0.0905138825152532,-0.04091664134473129,-0.9950543028061742
2.067,0.01596192456781864,Empty,0.36294,0.04518,0.41862,0.04339,-0.06943,0.03991,0.99895,0.02237,-0.03426,0.02069,0.9966524217482111,0.04326831844738288,-0.06936715968065542,0.04610313766005042,-0.9981435072287151,0.039799995917817535,-0.067516301152567,-0.042864806028905744,-0.9967969489734508
2.133,0.015961596742272377,Empty,0.37181,0.05092,0.41353,0.05594,-0.05422,0.04226,0.999,0.02852,-0.0265,0.02187,0.9969685432207058,0.055818630601724595,-0.054203360653484516,0.05813775170274971,-0.9974164723480867,0.04219457922111922,-0.05170808114147083,-0.04521792970101679,-0.9976380171075182
2.2,0.015961596742272377,Empty,0.37965,0.05659,0.40838,0.06836,-0.04252,0.04461,0.99893,0.03463,-0.02048,0.02301,0.9967624306634615,0.06824622265019742,-0.042510115406193434,0.07013115309134915,-0.99654246765187,0.044550325839429396,-0.03932274385067733,-0.04738737448204152,-0.9981022786046292
2.267,0.015961596742272377,Empty,0.38695,0.06232,0.40318,0.08012,-0.03181,0.04623,0.99879,0.0404,-0.01496,0.02373,0.9962878389852142,0.07999455980085823,-0.03180270888523728,0.08141460531292605,-0.995609309538678,0.04619269208064857,-0.027967908965682662,-0.048610422361712244,-0.9984261729872187
2.333,0.01596192456781864,Empty,0.39443,0.06811,0.39773,0.08849,-0.01988,0.04735,0.99868,0.04445,-0.00888,0.02409,0.995889909326921,0.08836370378798364,-0.019878238193724855,0.0892193808602843,-0.994886934609994,0.04732747004897664,-0.015594568917559596,-0.04890647395998529,-0.998681614041771
2.4,0.01596192456781864,Empty,0.40195,0.07419,0.39183,0.09318,-0.00769,0.04802,0.99862,0.04665,-0.00272,0.02416,0.9956333309396499,0.09303361971553925,-0.007682182283815703,0.0932962929205664,-0.9944804012417451,0.048005554609202264,-0.0031736492082751313,-0.048512649367785404,-0.99881752627896
2.466,0.01596192456781864,Empty,0.40813,0.08053,0.38538,0.09698,-0.00038,0.04778,0.99854,0.04846,0.00097,0.02387,0.9953019109910912,0.09681922411448673,-0.0003792352177272307,0.0967267799711719,-0.9941645191338295,0.04775812948399051,0.004246882843928662,-0.047570439742238166,-0.9988588575213416
2.533,0.01596192456781864,Empty,0.41319,0.08654,0.3782,0.10219,0.00167,0.04811,0.99841,0.05104,0.00206,0.02398,0.9947808977851076,0.1020206095747494,0.0016615125194592052,0.10182321182408233,-0.9936393496877848,0.04809237242915077,0.006557357370451379,-0.047672192880469116,-0.9988415104961769
2.6,0.01596192456781864,Empty,0.41726,0.09238,0.37054,0.10686,3e-05,0.04803,0.99828,0.05339,0.0013,0.02398,0.9942946115755148,0.10666875866454395,3.6288589723442594e-05,0.10654401883010867,-0.9931482036690642,0.04801059883442835,0.005157270928107327,-0.04773281338739899,-0.9988468256357921
2.667,0.01596192456781864,Empty,0.42116,0.09783,0.36273,0.1077,-0.00198,0.04753,0.99827,0.05383,0.00029,0.02378,0.9942040486105315,0.10749123701669044,-0.001985872868585002,0.10746387050345785,-0.9930732142148666,0.047509028040680246,0.0031346870409255877,-0.04744707760838151,-0.9988688345141116
2.733,0.01596192456781864,Empty,0.42623,0.10321,0.35494,0.10179,0.00103,0.04574,0.99844,0.05085,0.00168,0.02281,0.9948221861431517,0.10162543987852296,0.0010430373228200972,0.1014717266510316,-0.9937868235919514,0.0457300551659156,0.005683893719838653,-0.04538743465449505,-0.9989532892621481
2.8,0.01596192456781864,Empty,0.43207,0.10921,0.34744,0.09483,0.00894,0.04292,0.99864,0.04729,0.00548,0.02122,0.9954664621132285,0.09469272678447549,0.008933661169568032,0.09422788060991233,-0.9946262711486403,0.0428915755914278,0.0129471743456276,-0.04185532505036532,-0.9990397902192846
2.867,0.01596192456781864,Empty,0.43787,0.1157,0.34025,0.09137,0.01786,0.03982,0.99873,0.04548,0.00983,0.01948,0.9956695604377573,0.09123207232566943,0.017855962501274823,0.0904664589830268,-0.995103858295331,0.03980114326018875,0.021399677959153242,-0.03801342111556825,-0.9990480637078152
2.933,0.01596192456781864,Empty,0.44334,0.12317,0.33343,0.09474,0.02678,0.03625,0.99864,0.0471,0.01423,0.01747,0.9951591753487488,0.09455947063223918,0.02677166847525268,0.09356500127000039,-0.9949534028160802,0.0362397124995057,0.03006337067833453,-0.03355939121099678,-0.9989844648466782
3.0,0.01596192456781864,Empty,0.44853,0.13126,0.32756,0.10257,0.0347,0.03225,0.99842,0.05097,0.01815,0.01521,0.9941447828399061,0.10233837278735747,0.03468440870811395,0.10123470068791035,-0.9943409223661955,0.0322128155331526,0.03778473407111423,-0.02851293676876489,-0.9988790348725896
3.067,0.01596192456781864,Empty,0.45311,0.13949,0.32235,0.11222,0.04206,0.02771,0.99813,0.05577,0.02177,0.01265,0.9928305080469775,0.11188784954832304,0.0420558130896603,0.11078582181260582,-0.9934585706846355,0.027687000894754954,0.044878546951590936,-0.022829311349501297,-0.9987315648195073
3.133,0.01596192456781864,Empty,0.45757,0.14812,0.31744,0.12254,0.04986,0.02316,0.99776,0.06092,0.02559,0.01003,0.9912690935360412,0.12207238168385581,0.049838918831229956,0.12104561182606005,-0.992377284444397,0.02313623081703406,0.052283305728403395,-0.016901448127166437,-0.9984892573249428
3.2,0.01596192456781864,Empty,0.46197,0.15678,0.31258,0.12812,0.05822,0.01821,0.9975,0.06372,0.02963,0.00722,0.9901238778483643,0.1275503097724095,0.058186123702129985,0.12669422711801742,-0.9917750758396731,0.018187131664408607,0.06002732152516355,-0.010635667359068299,-0.9981400719590121
3.267,0.01596192456781864,Empty,0.4666,0.16609,0.3074,0.12839,0.06616,0.01193,0.99739,0.06392,0.03339,0.00383,0.9895998735770395,0.12775222021085525,0.06611702086078008,0.12724041489489157,-0.9918003708861373,0.011912225967309079,0.0670966991265854,-0.0033755801453302548,-0.9977407671459548
3.333,0.01596192456781864,Empty,0.47031,0.17574,0.30116,0.12586,0.07066,0.00558,0.9974,0.06275,0.03543,0.00056,0.9896138052199313,0.125215175191019,0.07060932247238767,0.12513531765981062,-0.9921240440713932,0.00557076741595295,0.07075075117838328,0.0033228116568297834,-0.9974884912270356
3.4,0.01596192456781864,Empty,0.47334,0.18483,0.29411,0.12159,0.07059,-0.00049,0.99753,0.06073,0.03521,-0.00239,0.9901439942720781,0.12099337529988552,0.07053703807557918,0.12133046730643066,-0.9926120437272935,-0.0004983479993400236,0.06995561671615647,0.009051728070725549,-0.9975090365048309
3.467,0.01596192456781864,Empty,0.47535,0.19357,0.28596,0.11685,0.06453,-0.00565,0.99776,0.05845,0.03204,-0.0047,0.9911137102421332,0.11634257446048701,0.0644827010753962,0.11694512865788925,-0.9931223782183067,-0.005637265755974074,0.06338335943496977,0.01312810915249486,-0.9979029023391089
3.533,0.01596192456781864,Empty,0.4763,0.20089,0.2768,0.11023,0.0531,-0.00925,0.99811,0.05519,0.02625,-0.00608,0.9925296209152947,0.1098514790733644,0.053081109173937976,0.11049044614922948,-0.99383416014224,-0.00924788862998379,0.0517379253109899,0.015043758830909084,-0.9985473811516166
3.6,0.01596192456781864,Empty,0.47705,0.20697,0.267,0.09904,0.03811,-0.01173,0.99857,0.0496,0.01874,-0.0068,0.9943766892518118,0.0988065304068868,0.0381086528436554,0.09931633988102373,-0.9949868818315954,-0.011720478474678515,0.03675954985091981,0.015439382500326334,-0.999204864361041
3.667,0.01596192456781864,Empty,0.47738,0.21183,0.25679,0.08464,0.02019,-0.01264,0.99903,0.04237,0.00982,-0.00674,0.9962173674359565,0.0845177623118471,0.020191698115082916,0.0847826311671841,-0.9963192747025773,-0.012641531097910797,0.019048944100441625,0.014305618124650638,-0.9997162032390642
3.733,0.01596192456781864,Empty,0.47802,0.21509,0.24679,0.06788,0.00172,-0.01245,0.9994,0.03394,0.00065,-0.00625,0.9976956434447102,0.06782659920009892,0.001719154558026086,0.06784279502227197,-0.9976183652796047,-0.012447988609210592,0.0008707554255966678,0.012535936255350556,-0.9999210429264853
3.8,0.01596192456781864,Empty,0.47921,0.21769,0.23715,0.05068,-0.0157,-0.01188,0.99963,0.02529,-0.008,-0.00574,0.9985928495989358,0.05065387531983112,-0.015700498239244406,0.05047015626506368,-0.998654849832929,-0.011885042353737678,-0.01628140216497192,0.011075911712048912,-0.9998061012632845
3.866,0.01596192456781864,Empty,0.48112,0.21968,0.2279,0.03777,-0.03079,-0.01168,0.99969,0.01879,-0.0155,-0.00555,0.9988129119718208,0.037745087314159875,-0.030790830810785236,0.037400981606510064,-0.9992321214844088,-0.011676213797176484,-0.031207906902601733,0.010510745806760119,-0.9994576483119955
3.933,0.01596192456781864,Empty,0.48433,0.22185,0.21929,0.03459,-0.0413,-0.01342,0.99962,0.01715,-0.02076,-0.00635,0.9985492651384289,0.0345574474730066,-0.04129343671401355,0.03403013496923907,-0.9993308975331522,-0.01340548953077162,-0.04172906667395307,0.011980820495051312,-0.9990571279635546
4.0,0.01596192456781864,Empty,0.4878,0.22398,0.21081,0.03419,-0.04984,-0.01594,0.99952,0.01689,-0.02505,-0.00754,0.9981742577236208,0.03415011737414847,-0.0498188789640041,0.03339470838936043,-0.9993154756734717,-0.01591771123911197,-0.050328368436576176,0.01422496266547179,-0.9986314163732674
4.066,0.01596192456781864,Empty,0.49087,0.22632,0.20203,0.03436,-0.06029,-0.01785,0.99936,0.0169,-0.03029,-0.0084,0.9975940299601767,0.034279354482786184,-0.060258420524082076,0.03326212961902786,-0.9992880686422192,-0.017804117571798988,-0.06082583432243778,0.015756958004225764,-0.9980240158199764
4.133,0.01596192456781864,Empty,0.4926,0.2285,0.19283,0.03518,-0.07425,-0.01814,0.99912,0.01724,-0.03727,-0.00841,0.9966271321662385,0.03508439220575521,-0.07418520643397411,0.03383077644867394,-0.9992638722064642,-0.018088456756245548,-0.07476521915288195,0.015517703647623476,-0.9970804194640098
4.2,0.01596192456781864,Empty,0.49426,0.23012,0.18397,0.03526,-0.08786,-0.01827,0.99885,0.01721,-0.04407,-0.00835,0.9955240566503734,0.03511262931427944,-0.08774369432057308,0.03364015948165788,-0.999268196906568,-0.018204678551000206,-0.08831869734338707,0.015171483570653718,-0.9959767235160832
4.266,0.01596192456781864,Empty,0.49574,0.23131,0.1756,0.03485,-0.10068,-0.01834,0.99855,0.01694,-0.05047,-0.00828,0.9943315144722871,0.03466443315266193,-0.1005147571327368,0.032993800500686565,-0.9992891706478589,-0.018236297717327668,-0.10107545921621797,0.014816561683425435,-0.9947684258379494
4.333,0.01596192456781864,Empty,0.49707,0.23249,0.168,0.0355,-0.11207,-0.0186,0.99824,0.0172,-0.05616,-0.00829,0.9931004109518109,0.03526555126008274,-0.11183878871691535,0.03340289312460237,-0.9992709975206233,-0.018485676753781932,-0.11240916554378805,0.014622394074207005,-0.9935544097296775
4.4,0.01596192456781864,Empty,0.49758,0.23332,0.16109,0.03628,-0.12269,-0.01844,0.99792,0.01754,-0.06146,-0.00809,0.9918290916355523,0.035996644975033465,-0.12238992824549311,0.03400883270529359,-0.9992541095084919,-0.018292728840013574,-0.12295711562743682,0.013980922034412377,-0.9923134996238077
4.467,0.01596192456781864,Empty,0.49763,0.23394,0.15486,0.03645,-0.13248,-0.01798,0.99761,0.01759,-0.06634,-0.00776,0.99057940583847,0.03612198781417719,-0.13208952541763247,0.03406179310063562,-0.9992607749177864,-0.017824083748512222,-0.13263572286330869,0.013156964203679858,-0.9910775243710606
4.533,0.01596192456781864,Empty,0.49791,0.23482,0.14908,0.03669,-0.14116,-0.01786,0.99731,0.01767,-0.07067,-0.00761,0.9893868577137952,0.036319266546922246,-0.14069312940124634,0.03416851174751817,-0.9992598103179424,-0.01767326478920867,-0.14123086981316071,0.012678421070597457,-0.989895499055822
4.6,0.01596192456781864,Empty,0.49889,0.23626,0.14334,0.03707,-0.1476,-0.01879,0.99708,0.01779,-0.07389,-0.008,0.9884476154750622,0.0366475778445608,-0.14706551771162962,0.03428440661467874,-0.9992395324233538,-0.018572460941840743,-0.14763431486189824,0.013315850723242451,-0.9889523735725467
4.667,0.01596192456781864,Empty,0.50136,0.23907,0.13781,0.03855,-0.14933,-0.02222,0.99698,0.01839,-0.07479,-0.00964,0.9881361304079279,0.038118862896304784,-0.14877479650108608,0.035235853031929054,-0.9991375660948634,-0.021967218284187545,-0.14948385345434198,0.016464395206795872,-0.9886270789569317
4.733,0.01596192456781864,Empty,0.50336,0.24225,0.13176,0.041,-0.15298,-0.02509,0.99681,0.01948,-0.07665,-0.01094,0.9874890236988749,0.040516521247036585,-0.15239369928012522,0.037161593119935,-0.9990014836570491,-0.024800234833628143,-0.15324635092239952,0.018826767036672472,-0.9880086582474448
4.8,0.01596192456781864,Empty,0.50494,0.2453,0.12568,0.04314,-0.1586,-0.02697,0.99656,0.02043,-0.07948,-0.01173,0.9865323396142693,0.04258922259400827,-0.1579243521881084,0.03885964353311944,-0.9988897494877835,-0.02663074299962334,-0.15888319923665487,0.020135205165855978,-0.9870920435872502
4.867,0.01596192456781864,Empty,0.50649,0.24778,0.11933,0.04353,-0.16565,-0.02825,0.99626,0.02052,-0.08301,-0.01227,0.9853747753001159,0.04293336541723569,-0.1649038457289474,0.03885958642903442,-0.998856426891234,-0.027852665952133607,-0.16591107481060688,0.021037219208508654,-0.9859163000291467
4.933,0.01596192456781864,Empty,0.50862,0.24937,0.11336,0.04239,-0.17198,-0.02964,0.996,0.01984,-0.08617,-0.01294,0.9843613019448998,0.041756371391355296,-0.17114097312323817,0.037295975813093185,-0.9988776449617918,-0.02919692764202568,-0.17216804994391652,0.022357456112261906,-0.9848138436956994
5.0,0.01596192456781864,Empty,0.51073,0.24972,0.10719,0.0392,-0.17869,-0.03,0.99573,0.01818,-0.08949,-0.01319,0.9833219580372204,0.03855834161794813,-0.17773908161549645,0.03383575787094506,-0.9989911571477637,-0.029526419184694785,-0.17869826057112426,0.023020039796775704,-0.9836345914192981
5.067,0.01596192456781864,Empty,0.5126,0.24927,0.10121,0.03472,-0.18526,-0.02946,0.99548,0.01592,-0.09273,-0.01306,0.9822940763195374,0.0341101878265212,-0.1842141219179091,0.029266578539355326,-0.9991523407081458,-0.02894939443291064,-0.18504544038734522,0.023045501597317036,-0.9824597141094292
5.133,0.01596192456781864,Empty,0.51358,0.24859,0.09526,0.03081,-0.19256,-0.02856,0.99517,0.01396,-0.09633,-0.01273,0.9810499523549265,0.03024435069654885,-0.19137991074128102,0.02533789695196287,-0.9992858078845659,-0.028033286260127563,-0.192091077258805,0.022652889692811904,-0.9811156224554356
5.2,0.01596192456781864,Empty,0.51434,0.24803,0.08983,0.02778,-0.19918,-0.02772,0.99487,0.01244,-0.0996,-0.01241,0.9798505413649972,0.02721466445750559,-0.1978693473613005,0.022270689714207648,-0.9993827395459367,-0.027169031585832754,-0.19848660651634692,0.02221490346870458,-0.9798518077227297
5.266,0.01596192456781864,Empty,0.51496,0.24773,0.08494,0.02565,-0.20505,-0.02711,0.99459,0.01137,-0.1025,-0.01217,0.9787304321713766,0.025121631536401567,-0.2036065931412333,0.020130155339713962,-0.999444791766362,-0.026549671506291617,-0.204160520149292,0.021886339119237885,-0.978692735322138
5.333,0.01596192456781864,Empty,0.51521,0.24755,0.08057,0.02415,-0.21048,-0.02657,0.99432,0.01061,-0.10519,-0.01194,0.9776461351110324,0.023621054277679687,-0.208926016324612,0.01859762745652388,-0.9994895530624273,-0.02597617316037691,-0.20943295527554742,0.021509977077636615,-0.9775863942029217
5.4,0.01596192456781864,Empty,0.51538,0.24739,0.07681,0.02285,-0.21513,-0.02605,0.99409,0.00996,-0.10749,-0.01172,0.9766930926198374,0.02232858786609021,-0.2134760806099916,0.017287334768883666,-0.9995265356585346,-0.025452948179669033,-0.21394333568794788,0.021169286203239202,-0.9766166650412841
5.467,0.01596192456781864,Empty,0.51569,0.24734,0.07349,0.02179,-0.21899,-0.02576,0.99389,0.00942,-0.1094,-0.01161,0.9758851981583054,0.021264791382589854,-0.21724614763668504,0.016182600388734814,-0.9995527952979266,-0.02514622947401443,-0.2176837234617782,0.02102422553998627,-0.9757928973302992
5.533,0.01596192456781864,Empty,0.51561,0.2473,0.07044,0.02104,-0.22291,-0.02538,0.99368,0.00904,-0.11134,-0.01144,0.9750427390254569,0.02051827842684717,-0.22106708783564594,0.015423239631826569,-0.9995747098616732,-0.024749203708614914,-0.22148088123581705,0.02072196070234764,-0.9749445212891124
5.6,0.01596192456781864,Empty,0.51586,0.24713,0.06743,0.01993,-0.22641,-0.02493,0.99349,0.00849,-0.11307,-0.01126,0.9742841473606474,0.019406404551502054,-0.22448561571762227,0.014313284126451331,-0.9996024051633615,-0.0242932395768468,-0.2248678058310081,0.020455391807688378,-0.9741745463964567
5.667,0.01596192456781864,Empty,0.51618,0.24643,0.06459,0.0181,-0.22964,-0.02395,0.99332,0.00762,-0.11466,-0.01086,0.9735906713633025,0.017623624562287554,-0.22761944664646167,0.01264095359121764,-0.9996479025372004,-0.023329750218995943,-0.22795045717580523,0.019836300316933828,-0.973470651978311
5.733,0.01596192456781864,Empty,0.51606,0.24509,0.06185,0.01601,-0.23313,-0.02199,0.99313,0.00667,-0.11638,-0.00999,0.9728233407242342,0.015572619857685932,-0.2310243304349318,0.010920200884934284,-0.9997112809685407,-0.02140336227960367,-0.23129093573846174,0.018298858297918212,-0.9727125242486699
5.8,0.01596192456781864,Empty,0.51523,0.24372,0.05919,0.01406,-0.23742,-0.01991,0.9929,0.0058,-0.11849,-0.00905,0.9718546112056724,0.013654052739144662,-0.23518541945041438,0.009362914695680402,-0.9997688750517129,-0.019352837162376638,-0.23539530689177332,0.01660612301618627,-0.9717578330899623
5.867,0.01596192456781864,Empty,0.51391,0.24327,0.0565,0.01369,-0.24212,-0.01861,0.99262,0.00567,-0.12082,-0.00841,0.9707392852684509,0.01328523838026674,-0.2397681014598832,0.00921899688319483,-0.9997941722840651,-0.01807271875752614,-0.23995885091607916,0.015333476709490312,-0.9706619567898159
5.933,0.01596192456781864,Empty,0.51289,0.2435,0.05383,0.01436,-0.24463,-0.01847,0.99247,0.006,-0.12207,-0.00829,0.9701256220968775,0.013925191989859365,-0.24220315105132773,0.009875806399678166,-0.9997905586520348,-0.017925046114540544,-0.24240203340546215,0.014997595083808938,-0.9700599601790599
6.0,0.01596192456781864,Empty,0.51364,0.24449,0.0517,0.01583,-0.2393,-0.02138,0.99277,0.00658,-0.11944,-0.00967,0.971383806689589,0.01536890645186989,-0.2370175031842947,0.0107486888756268,-0.9997264335814872,-0.02077314819411684,-0.23727192372612993,0.01763107236992227,-0.9712832642944014
6.066,0.01596192456781864,Empty,0.51573,0.24594,0.05012,0.01742,-0.22811,-0.0268,0.99339,0.00713,-0.11391,-0.01232,0.9739453037207122,0.01697171320214147,-0.2261470899909046,0.011357048714321749,-0.99959467719856,-0.026105531230126877,-0.22649848300787936,0.02285699602508758,-0.9737432900553609
6.133,0.01596192456781864,Empty,0.51814,0.2476,0.04894,0.019,-0.21468,-0.03297,0.99408,0.00768,-0.10727,-0.01537,0.9768662956323926,0.018561345984168087,-0.21304393183731526,0.011966514809239048,-0.9994097027918012,-0.032203237242920915,-0.2135159080274043,0.02890886370751345,-0.9765117688068963
6.2,0.01596192456781864,Empty,0.51917,0.24918,0.0476,0.02082,-0.2052,-0.03733,0.99453,0.00844,-0.10259,-0.0175,0.9788074600602215,0.020379876834299093,-0.2037660834159536,0.013198322988512923,-0.9992449846816179,-0.036541276098742234,-0.20435694360786838,0.03307750306254119,-0.9783374256310542
6.267,0.01596192456781864,Empty,0.51917,0.25093,0.04595,0.02318,-0.19989,-0.0399,0.99477,0.00954,-0.09998,-0.01869,0.9798244109643075,0.022715064200607926,-0.19856522741107,0.01523859926741461,-0.9991190990535415,-0.03910001277245906,-0.19927847041468108,0.03528529105451129,-0.9793074284740126
6.333,0.01596192456781864,Empty,0.51851,0.25307,0.04399,0.02759,-0.19731,-0.0413,0.99486,0.01169,-0.09875,-0.01919,0.980223885435378,0.02704439056224256,-0.1960350360550064,0.01946252748846511,-0.9989899654813024,-0.04050010977054912,-0.19693233468816526,0.03588383768192409,-0.9797601776697631
6.4,0.01596192456781864,Empty,0.5173,0.2554,0.04216,0.03233,-0.19669,-0.04205,0.99485,0.01402,-0.09849,-0.01933,0.9802064495991797,0.03170541717911485,-0.1954228305128901,0.02409037196203151,-0.9988595498565512,-0.04122200430715188,-0.19650692136131603,0.035698265810346914,-0.979852368306181
6.466,0.01596192456781864,Empty,0.5166,0.2574,0.04127,0.03624,-0.19469,-0.04281,0.99491,0.01595,-0.09754,-0.01954,0.9804648070902396,0.035542303037514156,-0.19345673095627494,0.027919022498181623,-0.9987278270901663,-0.041991136904122664,-0.19470308225666336,0.035769709120207584,-0.9802097926817558
6.533,0.01596192456781864,Empty,0.51693,0.25888,0.04155,0.03926,-0.19049,-0.04412,0.99507,0.01744,-0.09549,-0.02009,0.9811532264493221,0.038542259979604754,-0.1893484629558681,0.030867614557183953,-0.9985844499123036,-0.04331612592201087,-0.19074993210912092,0.03665502133414912,-0.9809540625387914
6.6,0.01596192456781864,Empty,0.51653,0.26004,0.04162,0.04263,-0.18961,-0.04443,0.99508,0.01911,-0.09509,-0.02009,0.981185716890478,0.041861690644970806,-0.18847330799469603,0.0342189592609059,-0.9984617789702307,-0.04362497865561121,-0.19000960974966324,0.036354845508499004,-0.9811088998734208
6.667,0.01596192456781864,Empty,0.51555,0.26107,0.04135,0.04765,-0.19004,-0.04407,0.99501,0.02162,-0.09535,-0.01967,0.9808831368603415,0.046784283802301874,-0.18889018664854557,0.039283998583986124,-0.9982912240072268,-0.04325967551203583,-0.19059128856868057,0.035012324390975874,-0.9810449010430007
6.733,0.01596192456781864,Empty,0.51448,0.26096,0.04067,0.05295,-0.19097,-0.04232,0.99493,0.02433,-0.09584,-0.01853,0.9804464195005635,0.0519595201398505,-0.18980259944311054,0.044856791250086236,-0.9981297793694982,-0.041530853766127696,-0.1916055499385955,0.032204841291858056,-0.9809435057280795
6.8,0.01596192456781864,Empty,0.51361,0.2591,0.03969,0.05859,-0.19154,-0.03749,0.99487,0.02736,-0.09611,-0.01585,0.9800286432183203,0.05748926297796991,-0.19036502597354232,0.051396022969970034,-0.9980002419955247,-0.036796274264446566,-0.1920997326768779,0.026277397495259723,-0.9810235425749722
6.867,0.01596192456781864,Empty,0.51323,0.25539,0.03871,0.06427,-0.19077,-0.02861,0.99488,0.03062,-0.09564,-0.01117,0.9798314551124285,0.0630688680331033,-0.18961180727286897,0.058794208423387784,-0.9978748050754197,-0.028091181028213077,-0.19098052421157466,0.016376546666364362,-0.9814572064492452
6.933,0.01596192456781864,Empty,0.51375,0.25105,0.03802,0.06869,-0.18879,-0.01901,0.99495,0.03329,-0.09452,-0.00622,0.9799177374289166,0.0674127754151817,-0.18766125221530314,0.06506270879917647,-0.9977066632555914,-0.018661672462762263,-0.18848891690469996,0.006077154450576435,-0.9820565138513553
7.0,0.01596192456781864,Empty,0.51496,0.24798,0.03784,0.07163,-0.18603,-0.01229,0.99504,0.03508,-0.09304,-0.00279,0.9802246599120337,0.07032645035128454,-0.18496974477282999,0.06928898278124274,-0.9975235484922382,-0.012075059775993213,-0.18536087226132242,-0.0009800940982751033,-0.9826700292825055
7.066,0.01596192456781864,Empty,0.51526,0.24731,0.03781,0.07158,-0.18559,-0.01117,0.99506,0.03511,-0.0928,-0.00224,0.9803120415197653,0.07029873336016351,-0.18451663702578883,0.06946749457623003,-0.9975238561986198,-0.010973764711192657,-0.18483118905815488,-0.002060194794626305,-0.9827681248131508
7.133,0.01596192456781864,Empty,0.51488,0.24784,0.03775,0.0729,-0.18584,-0.01132,0.99503,0.03576,-0.09293,-0.00225,0.9801689183680402,0.07158776858046273,-0.18478117559669455,0.07075166525512339,-0.9974319415337123,-0.011123123298614201,-0.18510292631088598,-0.002171036148788478,-0.9827167411177992
7.2,0.01596192456781864,Empty,0.51459,0.24854,0.0378,0.0761,-0.18546,-0.01112,0.99499,0.03736,-0.09274,-0.00201,0.9800061914763616,0.07472007193189173,-0.1844038381338364,0.07397616741640906,-0.9972002160022675,-0.010920433114590872,-0.18470352276655838,-0.002939397136114565,-0.9827898903743871
7.267,0.015961596742272377,Empty,0.51472,0.24882,0.03792,0.07973,-0.18454,-0.01074,0.99496,0.03919,-0.09228,-0.00167,0.9798966775713267,0.07828778164077482,-0.18350347280212825,0.0776722532600514,-0.996923116785345,-0.010550843212740163,-0.18376485615639757,-0.0039143920038457085,-0.9829624383347814
7.333,0.015961596742272377,Empty,0.5154,0.24837,0.03814,0.08436,-0.1832,-0.01049,0.99493,0.04151,-0.09161,-0.00136,0.9797708360023434,0.08284113175282143,-0.1821715010894431,0.08234378637240025,-0.9965507011080881,-0.010305385331677172,-0.1823968469166228,-0.004903775167105123,-0.9832127659992952
7.4,0.01596192456781864,Empty,0.51593,0.24735,0.03809,0.08787,-0.18278,-0.01043,0.99487,0.04326,-0.0914,-0.00118,0.9795476989568452,0.08628813708571381,-0.18177090764648546,0.08585824047408952,-0.996254660762509,-0.010247607119295052,-0.181974360861753,-0.005568510326386181,-0.9832875081489143
7.466,0.01596192456781864,Empty,0.51634,0.24642,0.03801,0.08695,-0.18257,-0.00963,0.9949,0.04284,-0.09128,-0.00083,0.9796648569513072,0.08539182471579143,-0.18156267327367132,0.08508856018889327,-0.9963283548885342,-0.009473445523558624,-0.1817049943715237,-0.006168104799230054,-0.9833337426853764
7.533,0.01596192456781864,Empty,0.51694,0.24573,0.03811,0.08568,-0.18191,-0.00903,0.99496,0.04224,-0.09094,-0.0006,0.9798902896707539,0.08415848664128861,-0.1809208924784925,0.08394022181764182,-0.9964312557834296,-0.008876466586558912,-0.18102226208444983,-0.0064885764313343496,-0.9834575939031249
7.6,0.01596192456781864,Empty,0.51763,0.24537,0.03837,0.08481,-0.1809,-0.00882,0.99502,0.04182,-0.09043,-0.00056,0.980145479679357,0.08332557962922382,-0.17992133404234542,0.08312407139280009,-0.9965014678164585,-0.0086725656370151,-0.18001452002326945,-0.006455417809680804,-0.9836427706040919
7.667,0.01596192456781864,Empty,0.51799,0.24523,0.03852,0.08444,-0.18034,-0.00874,0.99506,0.04164,-0.09015,-0.00055,0.9802772307558909,0.08295925995769826,-0.17937199349071364,0.0827591566794022,-0.9965323693618549,-0.0086115503692267,-0.17946440551617981,-0.00640296816473436,-0.9837436297894923
7.733,0.01596192456781864,Empty,0.51805,0.24483,0.0383,0.08384,-0.1806,-0.00832,0.99506,0.04136,-0.09027,-0.00036,0.9802796734228192,0.0823867210079382,-0.17962235405319527,0.08225512379591782,-0.9965776242081352,-0.008193505781233248,-0.1796826549318813,-0.006742931797744457,-0.9837015179348872
7.8,0.015961596742272377,Empty,0.51825,0.24383,0.03784,0.08232,-0.18108,-0.00726,0.99507,0.04065,-0.09049,0.00011,0.9803171990291337,0.08088493315197831,-0.18009946384338194,0.08092323771598364,-0.9966947136193245,-0.007146848316256102,-0.1800822558866811,-0.007568053401841011,-0.9836224406155396
7.867,0.015961596742272377,Empty,0.51885,0.2421,0.03751,0.0794,-0.18109,-0.0055,0.99512,0.03928,-0.09046,0.00085,0.9805483685180598,0.07802231083438133,-0.18010390336867893,0.07833109479273137,-0.9969127307712121,-0.005408032438605492,-0.17996982131775158,-0.008804898542745515,-0.9836327247385117
7.933,0.01596192456781864,Empty,0.51975,0.24008,0.03739,0.07524,-0.18062,-0.00354,0.99522,0.0373,-0.09019,0.00163,0.9809494808936841,0.07394236665821102,-0.17964031381456264,0.07452884369283508,-0.9972127455480216,-0.0034916435077452512,-0.17939779093461777,-0.0099632589828289,-0.9837261641728454
8.0,0.01596192456781864,Empty,0.5203,0.23869,0.03728,0.07159,-0.18065,-0.00265,0.99529,0.03552,-0.09019,0.00191,0.9812093237590691,0.07036655733308056,-0.17965748127300668,0.07105684714418492,-0.9974688832871177,-0.0025983355977260564,-0.17938558315037015,-0.01021638307038142,-0.9837257941493457
8.067,0.01596192456781864,Empty,0.52015,0.23841,0.03711,0.06875,-0.18118,-0.00219,0.99531,0.03413,-0.09045,0.00202,0.9813091936282624,0.06756801565331289,-0.180185542597966,0.0683002177348685,-0.9976625083205402,-0.002144702528932299,-0.1799092736854309,-0.010202095482877383,-0.9836303017342132
8.133,0.01596192456781864,Empty,0.51964,0.23852,0.03672,0.06551,-0.18214,-0.00136,0.99532,0.03255,-0.09092,0.0023,0.9813470282429142,0.06438395037580197,-0.18114280855945375,0.06521955752048264,-0.9978700305838231,-0.0013458749839661,-0.18084363266544157,-0.010493283406363489,-0.9834558818410312
8.2,0.01596192456781864,Empty,0.5196,0.2385,0.03658,0.06342,-0.18233,-0.00096,0.99535,0.03153,-0.09101,0.00241,0.9814449589110134,0.06231995398949425,-0.18133399009260875,0.06319649140945288,-0.9980006559289762,-0.000945642039975228,-0.1810303734230638,-0.010531576334061262,-0.9834211151883132
8.267,0.01596192456781864,Empty,0.51972,0.2386,0.0367,0.06192,-0.18207,-0.00081,0.99538,0.03079,-0.09088,0.00241,0.9815870410616991,0.06086257257540606,-0.1810597362177502,0.06173881215834087,-0.9980920211877956,-0.000797693260374599,-0.18076282774125582,-0.010395407676660444,-0.9834717767207259
8.333,0.01596192456781864,Empty,0.51958,0.23879,0.03666,0.05867,-0.1823,-0.00046,0.99542,0.02919,-0.09099,0.00244,0.9817391950165738,0.05767097106748509,-0.1812793757280253,0.058559416488090266,-0.9982838226238642,-0.00045191598708881064,-0.18099433059845732,-0.010171950826578806,-0.9834315348348343
8.4,0.01596192456781864,Empty,0.51941,0.23913,0.03665,0.05363,-0.18261,-0.00019,0.99548,0.02669,-0.09115,0.00235,0.9819580758772539,0.052711999757389716,-0.18160336533505755,0.05356772078118349,-0.9985642002491335,-0.00019305729155867646,-0.18135279570425894,-0.009538504200638611,-0.9833718424013693
8.467,0.01596192456781864,Empty,0.51934,0.23919,0.03655,0.04667,-0.18281,0.00098,0.99555,0.02328,-0.09124,0.00262,0.9822659978263808,0.045872466118504984,-0.18179446186930553,0.046829570997874825,-0.9989024194421435,0.0009735054117526593,-0.181550270708415,-0.009469597923793696,-0.9833360696734675
8.533,0.015961596742272377,Empty,0.51927,0.23915,0.0363,0.03925,-0.18316,0.0024,0.99561,0.01965,-0.09141,0.00299,0.9825160778759311,0.03857182086530808,-0.18213833026145793,0.039663985253171885,-0.9992102966330676,0.00235613588176245,-0.1819036145576371,-0.009539273431019759,-0.9832700937551566
8.6,0.015961596742272377,Empty,0.51934,0.23922,0.03609,0.03366,-0.18328,0.00335,0.99566,0.01691,-0.09147,0.00321,0.9826953845908252,0.03308599612737584,-0.1822500972953087,0.034258972064441284,-0.9994075714277089,0.003290745516878385,-0.18203324953694058,-0.009477501423281106,-0.9832466999841869
8.667,0.015961596742272377,Empty,0.51964,0.23936,0.03614,0.03307,-0.18283,0.0032,0.99568,0.01661,-0.09125,0.0031,0.9827955460202865,0.03251419264378763,-0.18181238131494265,0.03364585685847177,-0.9994288768988269,0.0031426639987719718,-0.18160636288122337,-0.009205829537451943,-0.9833282166517855
8.733,0.01596192456781864,Empty,0.51995,0.23978,0.0364,0.03344,-0.18202,0.00259,0.99572,0.01677,-0.09085,0.00281,0.9829300567911383,0.03288327640333727,-0.18101710855483083,0.03390268666641599,-0.999421912157981,0.0025395541505434244,-0.18082895590410436,-0.008633170418012884,-0.9834766682922199
8.8,0.01596192456781864,Empty,0.52045,0.2407,0.03671,0.03437,-0.17922,0.00077,0.99584,0.01715,-0.08947,0.00192,0.9834023394743097,0.033804414349284106,-0.17826132583080612,0.034491064405575034,-0.9994047222544623,0.0007534000605831509,-0.17812974258283024,-0.006889318252391204,-0.9839828921792246
8.867,0.01596192456781864,Empty,0.52068,0.24177,0.03692,0.03565,-0.17686,-0.00099,0.99593,0.01771,-0.08831,0.00108,0.9837753227200474,0.035085008119434935,-0.17594077586598822,0.03546616323419438,-0.9993703985673635,-0.0009786382141926675,-0.1758643388311348,-0.005277184151420363,-0.9844002669925074
