time,gr,gr_state,tx,ty,tz,rx,ry,rz,qw,qx,qy,qz,xx,xy,xz,yx,yy,yz,zx,zy,zz
0.0,0.04001201316714287,Empty,0.30829,0.0018,0.48544,-0.01031,0.00254,-0.00687,0.99998,-0.00515,0.00129,-0.00343,0.9999435984975912,-0.010312164691723913,0.0025414726161682283,-0.010294470121705868,-0.9999233435159781,-0.006879751212082935,0.002612222923350241,0.006853200069866099,-0.9999731046084194
0.067,0.04001201316714287,Empty,0.30829,0.0018,0.48544,-0.01031,0.00254,-0.00687,0.99998,-0.00515,0.00129,-0.00343,0.9999435892625912,-0.01031364061004797,0.002539115990494666,-0.010295967033355058,-0.9999233409472781,-0.006877884244570344,0.0026098573705241007,0.006851353603516296,-0.9999731234379777
0.133,0.04001201316714287,Empty,0.30829,0.0018,0.48544,-0.01031,0.00254,-0.00687,0.99998,-0.00515,0.00129,-0.00343,0.999943570320398,-0.010315981316324552,0.0025370660961166296,-0.010298312452980796,-0.9999232923015176,-0.006881444144547793,0.0026078603328399726,0.006854928327487845,-0.9999731041493615
0.2,0.04001201316714287,Empty,0.30829,0.0018,0.48544,-0.01031,0.00252,-0.00687,0.99998,-0.00515,0.00128,-0.00343,0.99994363349402,-0.010311575173497678,0.002530069607356188,-0.010293971183180706,-0.9999233814953812,-0.006874976081533965,0.0026007675898870237,0.006848544099523989,-0.999973166365808
0.267,0.04001201316714287,Empty,0.30829,0.0018,0.48544,-0.01031,0.00254,-0.00687,0.99998,-0.00515,0.00129,-0.00343,0.9999435468026243,-0.010317466621565241,0.0025402933493783512,-0.010299787824311568,-0.9999233092987576,-0.0068767646313695795,0.0026110493220485647,0.0068502119335084296,-0.9999731281479037
0.333,0.04001201316714287,Empty,0.30829,0.0018,0.48544,-0.01031,0.00254,-0.00687,0.99998,-0.00515,0.00129,-0.00343,0.9999436259900218,-0.010309930306846737,0.0025397202592797583,-0.01029225230306291,-0.9999233782358597,-0.006878022965606919,0.002610437598857453,0.006851495782183918,-0.9999731209493028
0.4,0.04001201316714287,Empty,0.30829,0.0018,0.48545,-0.01031,0.00254,-0.00687,0.99998,-0.00515,0.00129,-0.00343,0.9999435766716388,-0.010313449127142216,0.002544845816923104,-0.010295740722456148,-0.9999233549133515,-0.006876192391410886,0.002615568027412261,0.006849603341040045,-0.9999731205077284
0.467,0.04001201316714287,Empty,0.30829,0.0018,0.48544,-0.01031,0.00254,-0.00687,0.99998,-0.00515,0.00129,-0.00343,0.9999435688842568,-0.010315357722807394,0.0025401657555769513,-0.010297668463348897,-0.9999233011458925,-0.006881122707797627,0.0026109521700396904,0.006854576613572774,-0.9999730984922616
0.533,0.04001201316714287,Empty,0.30829,0.0018,0.48544,-0.01031,0.00254,-0.00687,0.99998,-0.00515,0.00129,-0.00343,0.9999435504750405,-0.010316034614107794,0.0025446597435814515,-0.010298316057216761,-0.9999232984775575,-0.006880541268462274,0.0026154444661943975,0.006853947154878727,-0.9999730910672758
0.6,0.04001201316714287,Empty,0.30829,0.0018,0.48544,-0.01033,0.00254,-0.00687,0.99998,-0.00516,0.00129,-0.00343,0.9999435180350729,-0.010320127628975273,0.002540808013945141,-0.010302438424257987,-0.9999232640088863,-0.006879379065680467,0.0026116091124898395,0.006852813986721826,-0.9999731088575868
0.667,0.04001201316714287,Empty,0.30829,0.0018,0.48544,-0.01031,0.00254,-0.00687,0.99998,-0.00515,0.00129,-0.00343,0.9999436589349453,-0.010306529962772704,0.002540550318460184,-0.01028883973761674,-0.9999233959593236,-0.0068805515787001255,0.002611270313046525,0.006854024606024026,-0.9999731014452601
0.733,0.04001201316714287,Empty,0.30829,0.0018,0.48544,-0.01031,0.00254,-0.00687,0.99998,-0.00515,0.00129,-0.00343,0.9999435747354135,-0.010315594673017014,0.0025368980870356258,-0.010297934544607756,-0.9999233161811998,-0.00687853918412161,0.00260765977016823,0.006852026250281544,-0.9999731245622496
0.8,0.04001201316714287,Empty,0.30829,0.0018,0.48544,-0.01031,0.00254,-0.00687,0.99998,-0.00515,0.00129,-0.00343,0.9999436072400747,-0.010310897444329281,0.0025431739223872487,-0.010293190582730705,-0.9999233549569435,-0.0068800028545036186,0.002613918004562046,0.006853437498286199,-0.999973098551717
0.867,0.04001201316714287,Empty,0.30829,0.0018,0.48544,-0.01031,0.00254,-0.00687,0.99998,-0.00515,0.00129,-0.00343,0.9999435865238145,-0.010314831897429544,0.002535352602308395,-0.01029717976301131,-0.9999233170612631,-0.006879541127763126,0.002606119494284612,0.006853046047424964,-0.9999731215893021
0.933,0.04001201316714287,Empty,0.30829,0.0018,0.48544,-0.01031,0.00254,-0.00687,0.99998,-0.00515,0.00129,-0.00343,0.9999435650224253,-0.010315652180822088,0.0025404901743773137,-0.010297958920753025,-0.9999232934876016,-0.006881800852551977,0.002611285566208829,0.006855250614820878,-0.9999730930013564
1.0,0.04001201316714287,Empty,0.30828,0.0018,0.48544,-0.01033,0.00252,-0.00687,0.99998,-0.00516,0.00128,-0.00343,0.9999435617462324,-0.010321057294526259,0.0025197417688486243,-0.010303505394845203,-0.9999232343090476,-0.0068820974645685444,0.0025905788613691523,0.006855746878096436,-0.9999731434573161
1.067,0.04001201316714287,Empty,0.30828,0.0018,0.48544,-0.01031,0.00252,-0.00687,0.99998,-0.00515,0.00128,-0.00343,0.9999436025247936,-0.010313996775008882,0.002532437612799534,-0.010296363983548718,-0.9999233237420388,-0.006879791086362098,0.002603201578037327,0.006853328184087866,-0.9999731272561004
1.133,0.04001201316714287,Empty,0.30829,0.0018,0.48544,-0.01031,0.00252,-0.00687,0.99998,-0.00515,0.00128,-0.00343,0.9999437293482802,-0.010304998482638772,0.0025189567932152003,-0.010287451626718513,-0.9999233978372888,-0.006882353998354886,0.0025896864831871885,0.006856053077650037,-0.9999731436694262
1.2,0.04001234099268913,Empty,0.30829,0.0018,0.48544,-0.01031,0.00252,-0.00687,0.99998,-0.00515,0.00128,-0.00343,0.9999435696755781,-0.010318540714690405,0.0025268917629297223,-0.010300944582465499,-0.9999232732364212,-0.006880274767070933,0.002597692278015279,0.00685385713891789,-0.9999731379577893
1.266,0.04001234099268913,Empty,0.30829,0.00181,0.48545,-0.01029,0.00256,-0.00687,0.99998,-0.00514,0.0013,-0.00343,0.9999437812881895,-0.010291153172775402,0.002554687740585408,-0.010273382459320968,-0.9999235970652929,-0.006874419601012809,0.002625238260032567,0.006847787845775223,-0.9999731076012481
1.333,0.04001234099268913,Empty,0.30832,0.00181,0.48544,-0.01029,0.0026,-0.00689,0.99998,-0.00514,0.00132,-0.00344,0.9999437448810335,-0.01028182074681211,0.002605999889653828,-0.010263670902692312,-0.9999236249406347,-0.00688486348313749,0.0026765897884574955,0.006857729049083318,-0.9999729033425825
1.4,0.04001234099268913,Empty,0.30922,0.00182,0.48551,-0.01032,0.00544,-0.00691,0.99998,-0.00515,0.00274,-0.00344,0.9999319326012848,-0.010321243309846906,0.005440781267319849,-0.010283593353673237,-0.9999232945416142,-0.006903096463212663,0.005511612467887062,0.006846675805313934,-0.9999613718331427
1.467,0.04001234099268913,Empty,0.31216,0.00184,0.48567,-0.01159,0.01402,-0.00702,0.99995,-0.00577,0.00703,-0.00347,0.9998345807794201,-0.011582560849897727,0.014023386245794734,-0.01148487291521394,-0.9999093576057417,-0.007026682474232326,0.01410350210982054,0.006864463317020266,-0.9998769776185504
1.533,0.04001201316714287,Empty,0.31678,0.00185,0.48598,-0.0117,0.02756,-0.00722,0.99988,-0.0058,0.0138,-0.00353,0.9995517847907716,-0.011693659098474918,0.027558807275924482,-0.011498945403285332,-0.9999078669350873,-0.007213313797158392,0.027640618231059247,0.0068931834599600585,-0.999594157768838
1.6,0.04001201316714287,Empty,0.32418,0.00205,0.48642,-0.01099,0.04961,-0.00747,0.99967,-0.0054,0.02482,-0.0036,0.9987096739664427,-0.01098384342456793,0.04958167312088214,-0.010626794501096326,-0.9999157129057066,-0.007459110061122442,0.0496594237227226,0.00692259112594726,-0.9987422186768867
1.667,0.04001201316714287,Empty,0.3323,0.00286,0.48617,-0.00825,0.07072,-0.0081,0.99936,-0.00398,0.03537,-0.0039,0.9974659575711651,-0.008231977015852876,0.07066751758091606,-0.007680137235171858,-0.9999378858566206,-0.00807712328992033,0.0707296188218735,0.0075139192837103954,-0.997467223540859
1.733,0.04001201316714287,Empty,0.33917,0.00552,0.48487,-0.00267,0.08419,-0.00924,0.9991,-0.00114,0.04209,-0.00456,0.9964547019050964,-0.002659480101465661,0.08408896608245107,-0.001892418297271381,-0.999955884554451,-0.009200418355365877,0.0841097247897877,0.009008668631685207,-0.9964157757107577
1.8,0.04001201316714287,Empty,0.34617,0.00964,0.48198,0.00828,0.09185,-0.00755,0.99893,0.00431,0.04589,-0.00396,0.9957513423902707,0.008238556081870851,0.0917136321473523,0.008966165550925553,-0.9999314941436352,-0.007524287008801561,0.09164535996594357,0.008314638498653682,-0.9957569958495645
1.867,0.04001234099268913,Empty,0.35155,0.01571,0.47735,0.0241,0.08881,-0.00468,0.99894,0.01214,0.04436,-0.00287,0.9957689458268024,0.024005336024925827,0.08870146768407453,0.024515482838996683,-0.9996885604525104,-0.004666176331602455,0.0885618294083257,0.006820992795564495,-0.9960473264002737
1.933,0.04001234099268913,Empty,0.35564,0.02389,0.47093,0.04462,0.07634,-0.00084,0.99902,0.02231,0.03814,-0.00127,0.9960959087815471,0.04447846022400387,0.07625357096402302,0.044672329490903384,-0.9990013418980227,-0.000837773123079498,0.07614015685904346,0.004240927027349443,-0.9970881059622709
2.0,0.04001234099268913,Empty,0.35888,0.03396,0.46373,0.0689,0.05997,0.00385,0.99896,0.03437,0.03003,0.00089,0.9958325304087692,0.0687318204201341,0.05994587760140142,0.06862459185131015,-0.9976351324550704,0.0038481014273114116,0.06006860055726999,0.00028169680193564095,-0.99819421150095
2.067,0.04001234099268913,Empty,0.36191,0.04541,0.45608,0.09497,0.04264,0.00994,0.99864,0.04735,0.02153,0.00395,0.994589168693669,0.09473677304177203,0.042630146033860644,0.09439631445779612,-0.9954851315724349,0.009934215368964164,0.04337881204022731,-0.005856334335047849,-0.9990415316763036
2.133,0.04001234099268913,Empty,0.36455,0.05729,0.44854,0.11666,0.02556,0.0159,0.99819,0.05819,0.01322,0.00719,0.9928774124435398,0.11636820835206879,0.025551593773200737,0.11598792475729358,-0.9931233958071272,0.0158972328100411,0.02722581807618566,-0.012820327041451206,-0.9995470944606023
2.2,0.04001201316714287,Empty,0.36792,0.06896,0.44191,0.12292,0.01465,0.0214,0.99803,0.06134,0.00797,0.01023,0.9923487404574316,0.12259394123836531,0.014652743230995842,0.12226797223657793,-0.9922666237029619,0.02138902639860648,0.01716159309926321,-0.01943381220371078,-0.9996638468332874
2.267,0.04001201316714287,Empty,0.37146,0.08066,0.43638,0.11899,0.00803,0.02671,0.99814,0.0594,0.0048,0.01309,0.992897417842083,0.11870275409176173,0.008023329331044111,0.11845154174017608,-0.9926008078325388,0.02669959830346995,0.01113327902726646,-0.025559586483784823,-0.9996113032758677
2.333,0.04001201316714287,Empty,0.37532,0.09194,0.4321,0.11031,0.00665,0.03091,0.99836,0.05507,0.00417,0.01525,0.9938986508194204,0.1100962259270093,0.006655293830117984,0.1098415940503149,-0.9934683962155847,0.03090905914645982,0.010014794846730526,-0.029989444100590706,-0.9995000435851494
2.4,0.04001234099268913,Empty,0.37967,0.10326,0.42859,0.10155,0.00909,0.03399,0.99856,0.05067,0.0054,0.01674,0.9948075411027032,0.1013667030489262,0.009096575079911231,0.10100481002541734,-0.9943054257031938,0.03398159456117049,0.012489376162283194,-0.03288634869031865,-0.9993810602332304
2.467,0.04001234099268913,Empty,0.38391,0.11464,0.42516,0.09699,0.0129,0.03621,0.99865,0.04835,0.00732,0.01777,0.9952168973935537,0.0968352415049355,0.012894306690544054,0.09631525825897846,-0.9946925342527132,0.03619576395686181,0.016330896143667256,-0.034780717424967196,-0.999261529093635
2.533,0.04001234099268913,Empty,0.38862,0.12598,0.4217,0.09412,0.01841,0.03727,0.99868,0.04686,0.01007,0.01818,0.9954046830857102,0.09397073576242287,0.018412433606281923,0.09323814016089321,-0.9949462020162356,0.037265323194702174,0.02182123072547689,-0.03537733615942344,-0.9991357655373411
2.6,0.04001201316714287,Empty,0.39301,0.13718,0.41812,0.09424,0.02333,0.03781,0.99865,0.04687,0.01254,0.01833,0.9952916363062897,0.09407752762839122,0.023323325107658312,0.09315849271459054,-0.9949343502752159,0.037777425502272144,0.02675918410366513,-0.03542678983147361,-0.999013958174931
2.667,0.04001201316714287,Empty,0.39721,0.14802,0.41427,0.09414,0.02673,0.03742,0.99864,0.04679,0.01423,0.01806,0.9952158298829873,0.09397114042180321,0.02673717857483413,0.09294284868966124,-0.9949685459970499,0.037406140591714154,0.030117749380847655,-0.03474215370903326,-0.9989423926973418
2.733,0.04001201316714287,Empty,0.40109,0.15817,0.41044,0.09108,0.029,0.03638,0.9987,0.04525,0.01531,0.01751,0.995435432580988,0.0909274969716426,0.028991203092892194,0.08985539830082523,-0.9952909565487021,0.036358206894312704,0.03216064300509924,-0.033587231306577287,-0.9989182103328866
2.8,0.04001201316714287,Empty,0.40555,0.16735,0.40642,0.08439,0.0313,0.03446,0.99885,0.0419,0.01636,0.01655,0.9959531014168268,0.08424769598941056,0.03130088654782206,0.08316423790695082,-0.9959405440944955,0.03444041466236969,0.034075347563302556,-0.03169792342150711,-0.9989164691500507
2.866,0.04001201316714287,Empty,0.41036,0.17562,0.40162,0.07622,0.03282,0.03168,0.99902,0.03783,0.017,0.0152,0.9965587560978033,0.07611265332436018,0.03282544209488601,0.07507848685251717,-0.9966747291380883,0.03166551925130509,0.0351264352978689,-0.02909206595352267,-0.9989593511458914
2.933,0.04001234099268913,Empty,0.41514,0.18287,0.39615,0.07089,0.03187,0.02867,0.99915,0.0352,0.01643,0.01376,0.9969819201499015,0.0707929097786007,0.03186557420311333,0.06988862020305775,-0.9971432681492185,0.02865106543931914,0.03380283509305041,-0.026337553222999164,-0.9990814289285421
3.0,0.04001234099268913,Empty,0.42003,0.18945,0.38966,0.06807,0.02807,0.02609,0.99924,0.03384,0.01447,0.01256,0.997291099577208,0.06798632066880217,0.028077088631159822,0.06725894136575533,-0.9973944670058266,0.026086624782078526,0.02977746648795206,-0.02412752345521285,-0.9992653126680006
3.067,0.04001201316714287,Empty,0.42446,0.19504,0.38204,0.06482,0.02079,0.02479,0.99935,0.03227,0.01079,0.01205,0.9976848411646337,0.06475298874925017,0.02078480594903448,0.06423319943175199,-0.9976274233065827,0.024771361638567573,0.022339512104348418,-0.023378937416131347,-0.9994770490032437
3.133,0.04001201316714287,Empty,0.42911,0.1999,0.37348,0.06151,0.01098,0.02419,0.99944,0.03068,0.00586,0.01192,0.9980489783395589,0.061464033497918014,0.010973122688173405,0.06118476281201185,-0.9978332311472978,0.024192304929069694,0.012436303108267828,-0.023473717309154117,-0.9996470992108614
3.2,0.04001201316714287,Empty,0.43401,0.20444,0.36503,0.06002,0.002,0.02341,0.99948,0.02999,0.00135,0.01167,0.9981976070072783,0.05997919252083933,0.0020084395662440004,0.05991595994238408,-0.9979289967215481,0.023405026094979395,0.003408094647423778,-0.02324250345535349,-0.9997240473870785
3.267,0.04001201316714287,Empty,0.4384,0.2092,0.35666,0.05815,-0.00862,0.02336,0.9995,0.02912,-0.00397,0.0118,0.998272055380323,0.058124169950122706,-0.008630429557934943,0.058311757205598835,-0.9980250364052272,0.023361628366618856,-0.007255509516257871,-0.02382451627953822,-0.9996898268991766
3.333,0.04001201316714287,Empty,0.44278,0.21393,0.34945,0.05984,-0.01837,0.02326,0.99944,0.03002,-0.00883,0.0119,0.9980412500093021,0.059804744174959346,-0.01835908096929521,0.06022476994423631,-0.9979140829195379,0.02324779981034745,-0.016930456728431287,-0.024307934610448643,-0.9995611456784128
3.4,0.04001201316714287,Empty,0.44774,0.21883,0.34306,0.06426,-0.02573,0.02209,0.99934,0.03226,-0.0125,0.01145,0.9976064880349529,0.0641836197436258,-0.025724657182800155,0.06475607106156978,-0.9976569533754972,0.022073845206266273,-0.024247603824622897,-0.023686838922214463,-0.9994253285616876
3.467,0.04001201316714287,Empty,0.45252,0.22414,0.33725,0.06947,-0.0329,0.02077,0.9992,0.03489,-0.01608,0.01095,0.9970480509899673,0.06937570863445136,-0.03289673340280711,0.07008007699180396,-0.9973252483659236,0.020763713075252665,-0.03136824550290415,-0.023007825262643132,-0.9992430500887927
3.533,0.04001201316714287,Empty,0.4572,0.22951,0.3318,0.07497,-0.03946,0.01934,0.99905,0.03766,-0.01935,0.0104,0.9964151815621032,0.07484291921436337,-0.039437588618391944,0.07564796689180964,-0.9969472008292595,0.019330387058728624,-0.0378704509835429,-0.022244464528885746,-0.9990350407969313
3.6,0.04001201316714287,Empty,0.46219,0.23531,0.326,0.0808,-0.04443,0.01712,0.99889,0.04057,-0.02185,0.00945,0.9957530668870425,0.08063740083358173,-0.04442341017812384,0.08146318825910598,-0.9965296403991502,0.017100431708053775,-0.04289031060404008,-0.020646679944838944,-0.9988664254361266
3.667,0.04001201316714287,Empty,0.46773,0.24175,0.32025,0.08702,-0.04628,0.01356,0.99876,0.04364,-0.02282,0.00778,0.9951502299797852,0.08680848070965741,-0.04626345694024025,0.08751855315020457,-0.9960707753563304,0.013546709398738161,-0.04490570816360955,-0.017529921788760203,-0.9988374138048717
3.733,0.04001201316714287,Empty,0.4743,0.24841,0.31444,0.09159,-0.04468,0.00849,0.99869,0.04586,-0.02212,0.00526,0.9948148615107604,0.09137043448074011,-0.044663575989027565,0.09183596653231824,-0.9957380364261063,0.008480451954756243,-0.04369835887538346,-0.012538202306661516,-0.9989660889712499
3.8,0.04001201316714287,Empty,0.48094,0.25404,0.30824,0.09091,-0.04356,0.00379,0.99873,0.04547,-0.02167,0.00288,0.9949259523980685,0.09069885427139218,-0.043543852363488914,0.09094885365427152,-0.9958483494355858,0.003790902978588674,-0.04301924294743523,-0.0077319312125711075,-0.9990443243299836
3.867,0.04001201316714287,Empty,0.48774,0.25832,0.30084,0.07763,-0.04518,0.00047,0.99899,0.0388,-0.02256,0.00111,0.9959711374540594,0.07747816636720883,-0.045151158289046395,0.0775783190689362,-0.9969861512889713,0.0004674916500961822,-0.044978859132994084,-0.003968359154576262,-0.9989800570365329
3.933,0.04001201316714287,Empty,0.49268,0.26024,0.29202,0.05345,-0.05576,0.00187,0.99925,0.02674,-0.02784,0.00168,0.9970200742345423,0.05333700076453679,-0.055732718602193185,0.0535237755392412,-0.9985648376599323,0.0018629120262562623,-0.0555533709631771,-0.004840386207365886,-0.9984439862285671
4.0,0.04001201316714287,Empty,0.49637,0.26001,0.28134,0.02008,-0.07213,0.00748,0.99929,0.01017,-0.03602,0.0041,0.9971989382901875,0.020032337808452372,-0.0720623543526796,0.02062244449380618,-0.9997595468044598,0.00745408320592867,-0.07189570401646385,-0.00891930576160988,-0.9973722743934222
4.066,0.04001201316714287,Empty,0.49952,0.25844,0.26995,-0.01229,-0.0893,0.01506,0.99896,-0.0058,-0.04468,0.00725,0.9959409452395525,-0.01222825620574508,-0.08917456669652896,-0.010932138212620346,-0.9998276005159177,0.015008584233126288,-0.08934272186052526,-0.013972794879670224,-0.995902926521357
4.133,0.04001201316714287,Empty,0.50172,0.25636,0.25835,-0.03718,-0.10674,0.02338,0.99835,-0.01794,-0.05355,0.01068,0.993621184344423,-0.03696336389488769,-0.10653943754103243,-0.0346756098849515,-0.9991282102363072,0.023246969460562594,-0.10730584374157874,-0.019404361354287823,-0.9940366827533781
4.2,0.04001201316714287,Empty,0.50353,0.25497,0.24712,-0.05323,-0.1231,0.03082,0.99766,-0.02561,-0.06189,0.01374,0.9910282094766376,-0.05279483394626239,-0.12278352304000775,-0.049393053256886144,-0.9983109119822086,0.030588385168444483,-0.12419103957811112,-0.024249299491682103,-0.9919619736475137
4.266,0.04001201316714287,Empty,0.50541,0.25447,0.23678,-0.05922,-0.13536,0.03538,0.99715,-0.02834,-0.06811,0.01564,0.9891169894336398,-0.05864936469785914,-0.1349364044069296,-0.05438956520775723,-0.9979046207589486,0.03504487215627947,-0.1367090209541567,-0.027324346075914937,-0.9902343276726372
4.333,0.04001201316714287,Empty,0.5078,0.25463,0.22769,-0.06174,-0.14301,0.03726,0.99684,-0.02945,-0.07197,0.01637,0.9879070891318209,-0.061060370089403626,-0.1425174180499951,-0.056347533261247196,-0.9977299401964347,0.03687711934236765,-0.14444562554284793,-0.028400662671206087,-0.9891050821936829
4.4,0.04001201316714287,Empty,0.5097,0.25473,0.21924,-0.06375,-0.14941,0.03879,0.99656,-0.03033,-0.0752,0.01695,0.9868486237210923,-0.06300037089109706,-0.14886486196335869,-0.05790254648983284,-0.9975858201264218,0.03833831755159573,-0.15092080363481492,-0.029214461321038405,-0.9881140755398352
4.467,0.04001201316714287,Empty,0.51149,0.25497,0.21175,-0.06494,-0.15333,0.03923,0.99639,-0.03086,-0.07717,0.01706,0.9861868893563064,-0.0641204241213098,-0.15272193841172688,-0.05885481477490029,-0.9975138814419199,0.03875780061468155,-0.15482742017983803,-0.029234013429198836,-0.9875089075138904
4.533,0.04001201316714287,Empty,0.51339,0.25536,0.20484,-0.06629,-0.15314,0.0376,0.99639,-0.0316,-0.07706,0.0162,0.9861261115930784,-0.06547015441036474,-0.15254163666290707,-0.06047706775061806,-0.9974779960484611,0.03715066184381589,-0.15458918561983093,-0.0274099668118987,-0.9875985406068439
4.6,0.04001201316714287,Empty,0.51558,0.25593,0.19854,-0.06723,-0.14956,0.03422,0.99654,-0.03223,-0.07523,0.01454,0.9866050676747989,-0.06641845579868028,-0.14899338632209147,-0.06204182615747572,-0.9974997805063492,0.03383784415162574,-0.1508683275092913,-0.02414076674637515,-0.9882590607403738
4.667,0.04001201316714287,Empty,0.51734,0.25669,0.19303,-0.06689,-0.14623,0.03111,0.99669,-0.03221,-0.07352,0.01306,0.9871156914926413,-0.06612854189345546,-0.1457039037090263,-0.06228948025273151,-0.9975840029865611,0.030760000571405162,-0.14738599749924772,-0.021287858801527358,-0.9888499354344913
4.733,0.04001201316714287,Empty,0.51897,0.25708,0.18823,-0.06758,-0.14313,0.02866,0.9968,-0.03267,-0.07194,0.01187,0.9875150423747061,-0.0668376819478878,-0.14264208830325978,-0.06342206789737742,-0.9975836367208715,0.028364221307492797,-0.14419321200147514,-0.018963438997001203,-0.9893678312913275
4.8,0.04001201316714287,Empty,0.52025,0.25675,0.18361,-0.06923,-0.14202,0.02764,0.99682,-0.03354,-0.07138,0.01132,0.9875593785833566,-0.06848530002380976,-0.14154941699880966,-0.06525239481683648,-0.9974935900057613,0.027361704407539607,-0.1430685106608784,-0.017784869357591975,-0.9895529797232746
4.867,0.04001201316714287,Empty,0.52135,0.25581,0.17916,-0.07126,-0.14208,0.02754,0.99678,-0.03455,-0.07142,0.0112,0.987411232022646,-0.07047064610345394,-0.14160842811528643,-0.06727144154073317,-0.9973622555126533,0.027259575047026065,-0.143155901130733,-0.017390207487965176,-0.9895473554383204
4.933,0.04001201316714287,Empty,0.52217,0.254,0.17493,-0.07439,-0.14406,0.02909,0.99665,-0.03604,-0.07245,0.01182,0.9869049630929791,-0.07355264777056847,-0.1435569637056467,-0.07012638452145414,-0.9971225884160488,0.028789474889757277,-0.14526143334138922,-0.018345344815987548,-0.9892232125800464
5.0,0.04001201316714287,Empty,0.52255,0.25116,0.17075,-0.07757,-0.14881,0.03266,0.9964,-0.03745,-0.0749,0.01339,0.9859736089228017,-0.0766442609001658,-0.14826226687466104,-0.07263368499128442,-0.9968359616180646,0.03228642794697443,-0.1502677287787792,-0.021064731093836452,-0.9884209056832071
5.067,0.04001201316714287,Empty,0.52275,0.24791,0.16666,-0.07982,-0.15452,0.03668,0.99611,-0.03836,-0.07784,0.01519,0.9849374754976417,-0.07879124145196037,-0.153915917405548,-0.07406095408022179,-0.9965951059934526,0.03623768467529852,-0.15624706218377304,-0.024292693970780533,-0.9874192223055931
5.133,0.04001201316714287,Empty,0.5228,0.24504,0.16284,-0.07929,-0.16003,0.04006,0.99588,-0.0379,-0.08064,0.01678,0.9841225510170786,-0.07819314240128772,-0.15933812180721046,-0.07278052413643438,-0.9965640648530532,0.03953555298696823,-0.16188205547886833,-0.027311117241362298,-0.9864321076429767
5.2,0.04001201316714287,Empty,0.52247,0.24278,0.15885,-0.07597,-0.16609,0.04286,0.99567,-0.03606,-0.08368,0.01819,0.9833945024125921,-0.07486056988380385,-0.16532134678063445,-0.06877227816768527,-0.9967370267888193,0.04225722640935091,-0.1679453077055659,-0.030185998490305697,-0.9853340444310377
5.267,0.04001201316714287,Empty,0.52189,0.24142,0.15504,-0.07334,-0.17176,0.04517,0.99546,-0.03458,-0.08652,0.01934,0.9826378016437087,-0.07219878365273719,-0.17091017061569014,-0.06550680857221974,-0.9968601244625295,0.04448314610313618,-0.17358516299356247,-0.03251504106741423,-0.9842819531480208
5.333,0.04001201316714287,Empty,0.52151,0.24152,0.15143,-0.07084,-0.17453,0.04546,0.99538,-0.03329,-0.08788,0.01954,0.982339251049054,-0.06970395424072368,-0.17364030238280304,-0.0628342001284059,-0.9970198688974541,0.044757617429061175,-0.1762426144342157,-0.033056614873726034,-0.9837915435042541
5.4,0.04001201316714287,Empty,0.52179,0.24255,0.14824,-0.06831,-0.1731,0.04353,0.9955,-0.03213,-0.08711,0.01872,0.9827574621245352,-0.0672408525768513,-0.17223947974631346,-0.060717400035313285,-0.9972338376527035,0.04287272295309212,-0.1746458358263784,-0.031675555010117935,-0.9841216851809063
5.467,0.04001234099268913,Empty,0.52266,0.24425,0.14538,-0.06415,-0.16862,0.03946,0.9958,-0.03029,-0.08478,0.01695,0.9837911073351092,-0.06319410380236912,-0.16781407084322608,-0.05744779896180768,-0.9975910016705152,0.03888372127847686,-0.1698670289455953,-0.028612910209098275,-0.9850515183717866
5.533,0.04001234099268913,Empty,0.52409,0.24677,0.14255,-0.05433,-0.16063,0.03248,0.99631,-0.02577,-0.08063,0.014,0.9856682101560024,-0.05361380346468281,-0.15994917807201636,-0.049098600285715555,-0.9982795299863025,0.032051637404521424,-0.16139240049595496,-0.023738999312897052,-0.9866047602630831
5.6,0.04001234099268913,Empty,0.52519,0.25001,0.1398,-0.04207,-0.15214,0.02528,0.99683,-0.02001,-0.07624,0.011,0.9875739215608778,-0.041576023635317094,-0.1515558765325335,-0.03822098457436546,-0.9989569115181189,0.02498490080722221,-0.1524365631698482,-0.018881821650893502,-0.9881328711363208
5.667,0.04001201316714287,Empty,0.52605,0.25354,0.13712,-0.03147,-0.14392,0.01841,0.99726,-0.01503,-0.07203,0.00805,0.9891722991330177,-0.03114196627682142,-0.1434166676656283,-0.02882289139994576,-0.9994184673321339,0.01821999140599649,-0.1439006725461939,-0.01388902775218486,-0.9894946646389015
5.733,0.04001201316714287,Empty,0.52657,0.25663,0.13444,-0.02539,-0.1381,0.01282,0.99752,-0.01222,-0.06907,0.00552,0.9901612199364453,-0.025145513643721196,-0.13765341142726334,-0.023620509272171686,-0.9996403114599652,0.012701151363040786,-0.13792327604756643,-0.009324743847262177,-0.9903990201310228
5.8,0.04001201316714287,Empty,0.52645,0.25888,0.13131,-0.02248,-0.13585,0.00955,0.99762,-0.01089,-0.06792,0.004,0.9905360733213044,-0.02227015093297907,-0.1354338503721776,-0.021184555444429876,-0.9997309029718053,0.00945178574665663,-0.13560789822068994,-0.006493228827105576,-0.9907413062548498
5.867,0.04001201316714287,Empty,0.52621,0.26026,0.12793,-0.02078,-0.13531,0.00764,0.99765,-0.01011,-0.06764,0.00311,0.9906450727019653,-0.020590309416060604,-0.1349013680044387,-0.01975002989965846,-0.9997763338381129,0.007564298790025639,-0.135026946385826,-0.004829229273191849,-0.9908301581473722
5.933,0.04001201316714287,Empty,0.52539,0.26008,0.12439,-0.02091,-0.13887,0.00869,0.99753,-0.01013,-0.06942,0.00361,0.9901554288536847,-0.020712082292281053,-0.1384313416777202,-0.01970891563753413,-0.9997686549721567,0.00861366237769326,-0.13857772315913014,-0.005800532930868883,-0.9903345740010036
6.0,0.04001201316714287,Empty,0.52449,0.25904,0.12089,-0.02217,-0.14429,0.01123,0.99733,-0.01065,-0.07214,0.0048,0.9893656887125821,-0.021934543785875005,-0.1437859860597816,-0.0205508315401306,-0.9997271703473569,0.01110172023949385,-0.1439902681478414,-0.008028739513295061,-0.9895465335296468
6.067,0.04001201316714287,Empty,0.52366,0.25792,0.11758,-0.02192,-0.14949,0.01331,0.99713,-0.01043,-0.07474,0.00582,0.9886095747088246,-0.02166119209713019,-0.1489358974558122,-0.019922617288365585,-0.9997149703068318,0.013155510814553628,-0.1491784103495484,-0.010038471065941941,-0.9887593392652431
6.133,0.04001201316714287,Empty,0.5233,0.25693,0.11522,-0.01784,-0.15278,0.01394,0.99703,-0.00836,-0.07637,0.00627,0.9881971209155025,-0.017619301343921867,-0.1521709907783483,-0.015702657904286377,-0.9997816350485709,0.013787993122546277,-0.15238069677309188,-0.011235766095754258,-0.9882580031607072
6.2,0.04001201316714287,Empty,0.52342,0.25656,0.11398,-0.00931,-0.1532,0.01261,0.99704,-0.00416,-0.07655,0.00593,0.9882453365977959,-0.009197596518678852,-0.15259934112239304,-0.00738214944597243,-0.9998951312974275,0.012459144322844742,-0.15269793240992566,-0.011186180133527795,-0.9882095986235684
6.267,0.04001201316714287,Empty,0.52333,0.25654,0.1134,0.00037,-0.15352,0.01112,0.99704,0.00061,-0.07668,0.00556,0.9882383671688104,0.00037408593405774404,-0.15292086095506116,0.0020780328316982177,-0.9999375258373386,0.010982996032582293,-0.15290719876798983,-0.011171592635576837,-0.9881774051671648
6.333,0.04001201316714287,Empty,0.52286,0.25617,0.11295,0.00259,-0.15465,0.01133,0.99699,0.00173,-0.07724,0.00575,0.9880624762416215,0.0025524017761344164,-0.1540325559368818,0.00432842081323187,-0.9999279557609245,0.011195894829881245,-0.15399288235674727,-0.011728961290385743,-0.9880023399013332
6.4,0.04001201316714287,Empty,0.52258,0.2553,0.11243,0.00143,-0.15575,0.01227,0.99695,0.00119,-0.07779,0.00617,0.987895840936144,0.001406147210144204,-0.15511231482732787,0.0033265571414723416,-0.9999209936673661,0.012121899226249969,-0.1550830147974084,-0.012491163808478577,-0.9878224685377713
6.466,0.04001201316714287,Empty,0.52234,0.25381,0.11173,-0.00071,-0.15718,0.0136,0.99689,0.00018,-0.07851,0.00675,0.9876721820224859,-0.0007000884277630348,-0.15653488663916068,0.0014202655868212344,-0.9999087603770256,0.013433308116123921,-0.15653000895868033,-0.01349002585146306,-0.9875810728734742
6.533,0.04001201316714287,Empty,0.52182,0.25171,0.11062,-0.00364,-0.15969,0.01538,0.99678,-0.0012,-0.07977,0.00752,0.9872708070362232,-0.0035961734763129694,-0.1590076133723579,-0.001196241726446834,-0.9998839655022808,0.015186327309974282,-0.15904377567128133,-0.01480280607729581,-0.9871605514567835
6.6,0.04001201316714287,Empty,0.52048,0.24936,0.10886,-0.00655,-0.16391,0.01768,0.9966,-0.00254,-0.08189,0.00854,0.9865745065413658,-0.006457113524688751,-0.163184094591325,-0.003661089559976405,-0.9998413988827831,0.01742909932708324,-0.1632707550845988,-0.016597673483015125,-0.9864416747933231
6.667,0.04001201316714287,Empty,0.51894,0.24772,0.10711,-0.0083,-0.16811,0.01963,0.99642,-0.00331,-0.08399,0.00943,0.9858698648838622,-0.00817409875021119,-0.16731345918214915,-0.0050054880577111716,-0.9998002193117468,0.019351138299511836,-0.16743821129950875,-0.018240218578858023,-0.9857138224774044
6.733,0.04001201316714287,Empty,0.5173,0.24671,0.10535,-0.00899,-0.17195,0.02137,0.99624,-0.00356,-0.08591,0.01026,0.9852150369813334,-0.008850809000541304,-0.17109352438331976,-0.005326251516402092,-0.9997642732917071,0.021048251573202614,-0.17123948712447654,-0.01982576680839198,-0.9850299371185657
6.8,0.04001201316714287,Empty,0.51513,0.24601,0.10296,-0.0089,-0.1752,0.02271,0.9961,-0.00344,-0.08753,0.01092,0.9846538077034155,-0.008760659949196892,-0.17429896675660422,-0.004935732454857622,-0.9997376654640282,0.022366018815804106,-0.17444918320330247,-0.02116249252307913,-0.984438739277316
6.867,0.04001201316714287,Empty,0.51309,0.24608,0.10005,-0.0078,-0.17617,0.02237,0.99606,-0.0029,-0.08801,0.0108,0.9844924774605617,-0.00767862334124747,-0.17525866759492603,-0.0038771561475828276,-0.9997499525083944,0.022022718262515048,-0.17538394876320004,-0.021001695242196503,-0.9842760788077606
6.933,0.04001201316714287,Empty,0.51294,0.24716,0.09736,-0.00622,-0.16867,0.01799,0.9964,-0.00234,-0.08426,0.0087,0.9857897155060226,-0.006134658225719236,-0.16787198328193048,-0.0032027868035333085,-0.9998376795649193,0.017730106568449186,-0.1679535023726694,-0.01694049853726469,-0.9856493496929132
7.0,0.04001201316714287,Empty,0.51489,0.24884,0.09508,-0.00496,-0.15537,0.01112,0.99697,-0.00204,-0.07762,0.00535,0.9879432879191532,-0.004890319738570459,-0.1547389564018949,-0.0032296792366922067,-0.9999344862243674,0.010981458520535656,-0.15478252171198487,-0.01034930104232719,-0.9878943581883713
7.066,0.04001201316714287,Empty,0.51762,0.25058,0.09231,-0.00442,-0.14167,0.00404,0.99749,-0.00206,-0.07078,0.00186,0.9899728628589456,-0.0043695296365197644,-0.14119007760327595,-0.003841902091682281,-0.9999845822458916,0.004009371375588544,-0.14120541983642632,-0.0034267304044873063,-0.9899743870058222
7.133,0.04001201316714287,Empty,0.51962,0.25204,0.08845,-0.00406,-0.13106,-0.00168,0.99785,-0.00208,-0.06548,-0.00097,0.9914160477191117,-0.0040316275322801465,-0.13068269320937953,-0.00428507927149907,-0.9999894440092213,-0.001658302073009904,-0.13067462806778046,0.0022040529869630644,-0.991422858184023
7.2,0.04001201316714287,Empty,0.51961,0.25234,0.08385,-0.00424,-0.12946,-0.00317,0.9979,-0.00222,-0.06468,-0.00172,0.9916227924837038,-0.004206309500186911,-0.12909897128641268,-0.004652486832251612,-0.9999842009821412,-0.003154703216490931,-0.12908366199134996,0.003728906876961348,-0.9916266956170582
7.267,0.04001201316714287,Empty,0.51885,0.25179,0.07945,-0.00518,-0.1326,-0.00224,0.9978,-0.00266,-0.06625,-0.00129,0.9912078578849397,-0.005130448588019532,-0.13221445066419124,-0.005473531048768521,-0.9999825300864473,-0.0022315868266133965,-0.13220069184768424,0.002935646298898026,-0.9912186232389913
7.333,0.04001201316714287,Empty,0.51856,0.25149,0.07702,-0.00585,-0.13405,-0.00185,0.99775,-0.00298,-0.06697,-0.00112,0.9910134991361017,-0.005793259031784126,-0.133636382320871,-0.006094288871734799,-0.9999797300628437,-0.0018436666157650577,-0.1336229926815261,0.0026415172217667277,-0.9910287171488019
7.4,0.04001201316714287,Empty,0.51865,0.25163,0.07737,-0.00565,-0.13353,-0.00211,0.99777,-0.00289,-0.06671,-0.00124,0.9910841267100843,-0.005605662722728222,-0.13311960910680598,-0.0059370705482093555,-0.9999801856200141,-0.002092739990452938,-0.13310524022973452,0.0028644218964864504,-0.9910977702076539
7.467,0.04001201316714287,Empty,0.51932,0.25218,0.07931,-0.00505,-0.13048,-0.00342,0.99787,-0.00263,-0.06519,-0.00187,0.9914860389028703,-0.005007735556293247,-0.1301167062497883,-0.0054945599266428835,-0.9999791832978564,-0.003382718162133036,-0.13009705789105294,0.004068851871244881,-0.9914929147364302
7.533,0.04001201316714287,Empty,0.51982,0.253,0.08121,-0.004,-0.12762,-0.00488,0.99796,-0.00215,-0.06376,-0.00256,0.9918605246102583,-0.003965995264860411,-0.12726731945563102,-0.004617711862356377,-0.9999776919489604,-0.004826214001265129,-0.12724533962789675,0.005374614961916725,-0.9918567119584322
7.6,0.04001201316714287,Empty,0.51974,0.25401,0.08241,-0.00229,-0.12643,-0.00559,0.998,-0.00132,-0.06317,-0.00286,0.9920164247751968,-0.002267420684399335,-0.12608834910361869,-0.0029904787560422474,-0.9999801517977585,-0.005545543015917524,-0.1260732723976248,0.005878334285466354,-0.9920035157059589
7.667,0.04001201316714287,Empty,0.51946,0.2546,0.08246,-0.00113,-0.12639,-0.00562,0.998,-0.00074,-0.06315,-0.00284,0.9920226062904045,-0.0011109822517002543,-0.12605520349128463,-0.001828049369729079,-0.999982799915484,-0.005572980234196334,-0.1260468438490016,0.005758957512025641,-0.9920075743481397
7.733,0.04001234099268913,Empty,0.51939,0.25443,0.08213,-0.00137,-0.12687,-0.00532,0.99798,-0.00085,-0.06339,-0.0027,0.9919617897234065,-0.0013590383045565257,-0.12653047357701197,-0.002044014591688237,-0.9999839513448335,-0.005283848703572125,-0.1265212619802902,0.00550000615090768,-0.9919486479648305
7.8,0.04001234099268913,Empty,0.51955,0.254,0.08203,-0.00207,-0.12689,-0.00494,0.99798,-0.00119,-0.0634,-0.00253,0.9919580377018404,-0.0020523310965744335,-0.12655054079609576,-0.0026948537174873444,-0.9999843333365621,-0.00490620473205907,-0.12653848901482753,0.005207784413891173,-0.9919480277612043
7.867,0.04001201316714287,Empty,0.51956,0.25398,0.08204,-0.00211,-0.12687,-0.00492,0.99798,-0.00121,-0.06339,-0.00252,0.991959937880412,-0.0020942486810776595,-0.1265349586586683,-0.002733559023100851,-0.9999843613444326,-0.004879008263392312,-0.12652276196541204,0.005185671511851793,-0.9919501497129858
7.933,0.04001201316714287,Empty,0.51953,0.25394,0.082,-0.00214,-0.12703,-0.00483,0.99798,-0.00122,-0.06347,-0.00248,0.9919412666715106,-0.002115512180008272,-0.12668089075442868,-0.002745281759168161,-0.9999847263653379,-0.004796922357367721,-0.12666880792911098,0.005106039977915624,-0.9919319237999964
8.0,0.04001201316714287,Empty,0.51945,0.25391,0.08196,-0.00213,-0.12737,-0.00467,0.99797,-0.00121,-0.06364,-0.0024,0.99189574516998,-0.0021092497780038078,-0.12703693076843536,-0.002720198189907652,-0.9999855542555678,-0.004635925149524454,-0.1270253173013074,0.004943920059867629,-0.9918871540749703
8.067,0.04001201316714287,Empty,0.51937,0.25397,0.08194,-0.00201,-0.12759,-0.00462,0.99796,-0.00115,-0.06375,-0.00237,0.9918688197080467,-0.00198625420941273,-0.12724896575289615,-0.002590639261058292,-0.9999861362875615,-0.004584301570923967,-0.1272380960215345,0.004876681954946585,-0.9918602143920913
8.133,0.04001201316714287,Empty,0.51933,0.25399,0.08191,-0.00195,-0.12769,-0.0046,0.99796,-0.00112,-0.0638,-0.00236,0.9918561056726984,-0.00193874036568642,-0.1273487609895892,-0.0025414351408441505,-0.9999863265651554,-0.004570316198196381,-0.12733815903810575,0.0048567446423578445,-0.9918474707757564
8.2,0.04001201316714287,Empty,0.51929,0.25397,0.08188,-0.00193,-0.12781,-0.00455,0.99796,-0.00111,-0.06386,-0.00233,0.9918414491542757,-0.0019171612567376872,-0.12746318775341534,-0.0025125064831096333,-0.9999866730430853,-0.004510105031396629,-0.12745284245837385,0.004793561195766714,-0.9918330478061032
8.267,0.04001201316714287,Empty,0.51912,0.25385,0.08179,-0.002,-0.12863,-0.00414,0.99793,-0.00113,-0.06427,-0.00213,0.9917361300311596,-0.001988434489474611,-0.12827897146102868,-0.002537110740306936,-0.9999883191788506,-0.004113948826646403,-0.12826929273957097,0.004405409644733842,-0.9917295906172974
8.333,0.04001201316714287,Empty,0.5191,0.25384,0.08177,-0.00202,-0.12873,-0.00412,0.99793,-0.00114,-0.06432,-0.00212,0.9917242176867964,-0.002002692817138718,-0.12837081161616237,-0.0025475125955514155,-0.9999884315884631,-0.004080057453189671,-0.12836115546802918,0.004373318045375074,-0.9917178468980916
8.4,0.04001201316714287,Empty,0.51911,0.25387,0.08179,-0.002,-0.12867,-0.00414,0.99793,-0.00113,-0.06429,-0.00213,0.9917306994043356,-0.001987955499522409,-0.12832095655784215,-0.0025360444004960403,-0.9999883463950456,-0.004107986477736976,-0.12831129466179655,0.004399443946054508,-0.9917241837099563
8.467,0.04001201316714287,Empty,0.51913,0.25386,0.0818,-0.00208,-0.12865,-0.00416,0.99793,-0.00117,-0.06428,-0.00214,0.9917346882717382,-0.002051068801738276,-0.12828913124395636,-0.0025999856246379793,-0.9999881680513467,-0.004111427010607953,-0.1282791805138707,0.004410994681748828,-0.9917282868672284
8.533,0.04001201316714287,Empty,0.51913,0.25386,0.08181,-0.00206,-0.12863,-0.00416,0.99793,-0.00116,-0.06427,-0.00214,0.991735859967556,-0.0020487771632588525,-0.1282801097853732,-0.0025982514706882065,-0.9999881529335981,-0.004116197486255045,-0.1282701568709852,0.004415484637737268,-0.9917294340452476
8.6,0.04001201316714287,Empty,0.51913,0.25387,0.08181,-0.00208,-0.12863,-0.00416,0.99793,-0.00117,-0.06427,-0.00214,0.9917361933502069,-0.0020552610508673963,-0.12827742865077144,-0.002605059138037713,-0.9999881262492274,-0.004118376797511647,-0.12826744117712938,0.004418513615656592,-0.9917297717983965
8.667,0.04001201316714287,Empty,0.51914,0.25386,0.0818,-0.00216,-0.12863,-0.00413,0.99793,-0.00121,-0.06427,-0.00213,0.9917362608938732,-0.002145179263843444,-0.12827543425833696,-0.0026939137267411595,-0.9999879481377686,-0.004104437604400352,-0.128265083546037,0.004416082556012467,-0.9917300875529522
8.733,0.04001201316714287,Empty,0.51916,0.25386,0.08182,-0.00228,-0.12859,-0.00414,0.99793,-0.00127,-0.06425,-0.00214,0.9917414307137462,-0.002254770825968644,-0.12823357834192145,-0.0028050045377576716,-0.999987618043587,-0.00411043903441817,-0.12822272246132727,0.004436188457997473,-0.9917354756569771
8.8,0.04001201316714287,Empty,0.51915,0.2539,0.08183,-0.00232,-0.12855,-0.00416,0.99793,-0.00129,-0.06423,-0.00215,0.9917444126988366,-0.0022994365594941057,-0.1282097206616903,-0.002851822514639224,-0.9999874254598509,-0.004125049154118952,-0.12819862319457587,0.0044566258186840985,-0.9917384995538531
