time,gr,gr_state,tx,ty,tz,rx,ry,rz,qw,qx,qy,qz,xx,xy,xz,yx,yy,yz,zx,zy,zz
0.0,0.015806622803211212,Empty,0.30795,0.00221,0.48483,0.01456,0.00048,-0.00494,0.99997,0.00728,0.00022,-0.00247,0.9998938404464641,0.01456281934294823,0.00048179871904710037,0.014565020202060464,-0.9998817570845779,-0.004932751359059543,0.0004099069828561972,0.004939245108453808,-0.9999877178415862
0.067,0.015806622803211212,Empty,0.30795,0.00221,0.48484,0.01456,0.00048,-0.00494,0.99997,0.00728,0.00022,-0.00247,0.9998937739804123,0.014567299353476004,0.0004842982077500374,0.014569511566257687,-0.9998817028660073,-0.004930477308949178,0.00041241717774511533,0.004937009552309315,-0.9999877278490731
0.133,0.015806622803211212,Empty,0.30795,0.00221,0.48483,0.01456,0.00048,-0.00494,0.99997,0.00728,0.00022,-0.00247,0.9998938745266557,0.014560483957693826,0.0004816544302131678,0.014562683967736578,-0.9998817930948664,-0.004932349648007964,0.00040978009741007723,0.004938840381315726,-0.9999877198925794
0.2,0.015806622803211212,Empty,0.30795,0.00221,0.48483,0.01458,0.00048,-0.00494,0.99997,0.00729,0.00022,-0.00247,0.9998937037047563,0.014572203609738377,0.00048184389715897604,0.014574403280012582,-0.9998816359823393,-0.004929583584044181,0.00040995196848155334,0.0049360821748473125,-0.9999877334408392
0.267,0.015806622803211212,Empty,0.30795,0.00222,0.48483,0.01458,0.00048,-0.00494,0.99997,0.00729,0.00022,-0.00247,0.9998937123920879,0.014571695282189323,0.00047918198137456795,0.014573881365446184,-0.9998816490816196,-0.004928469515626392,0.0004073091137576553,0.004934929221739923,-0.9999877402112799
0.333,0.015806622803211212,Empty,0.30795,0.00221,0.48484,0.01456,0.00048,-0.00494,0.99997,0.00728,0.00022,-0.00247,0.9998938028885593,0.014565330752981998,0.0004838234294901587,0.014567540160426662,-0.9998817373958662,-0.004929299737131856,0.00041196933021953036,0.004935824376978004,-0.9999877338842665
0.4,0.015806622803211212,Empty,0.30795,0.00222,0.48484,0.01458,0.0005,-0.00494,0.99997,0.00729,0.00023,-0.00247,0.9998935859338942,0.01457984571515869,0.0004948809757758825,0.014582110735648468,-0.9998815109092294,-0.004932158591276256,0.0004229122264756407,0.00493885014941561,-0.999987714376757
0.467,0.015806622803211212,Empty,0.30795,0.00224,0.48485,0.01466,0.00054,-0.0049,0.99997,0.00733,0.00025,-0.00245,0.9998925487365911,0.014649456363498292,0.0005333003825580655,0.014651896961929867,-0.9998806329927887,-0.004903231725831027,0.0004614070448797055,0.004910518729642296,-0.9999878368807018
0.533,0.015806622803211212,Empty,0.30795,0.00223,0.48485,0.01462,0.00052,-0.00492,0.99997,0.00731,0.00024,-0.00246,0.9998929108901329,0.014625471738479778,0.0005121797373903252,0.014627818393281922,-0.9998808797114744,-0.0049247656249934,0.0004400917059252126,0.00493173030840958,-0.9999877421025997
0.6,0.015806622803211212,Empty,0.30795,0.00223,0.48484,0.01462,0.0005,-0.00494,0.99997,0.00731,0.00023,-0.00247,0.9998929472836032,0.014623510177576071,0.0004969130668766699,0.014625782803682763,-0.9998808951420226,-0.00492767768499839,0.0004247939373380934,0.004934417906305135,-0.999987735459809
0.667,0.015806294977664948,Empty,0.30795,0.00223,0.48484,0.01462,0.0005,-0.00494,0.99997,0.00731,0.00023,-0.00247,0.9998929171786153,0.014625495815408951,0.0004990472849698267,0.014627778865858476,-0.9998808668993533,-0.0049274835412858806,0.00042692094200590884,0.0049342558457740986,-0.9999877353536681
0.733,0.015806294977664948,Empty,0.30795,0.00223,0.48484,0.01464,0.00052,-0.00494,0.99997,0.00732,0.00024,-0.00247,0.9998927726212671,0.014635019159612628,0.0005093858585465566,0.014637354051490303,-0.9998807161504657,-0.004929638607717373,0.00043717974156666094,0.004936566076651734,-0.9999877195192173
0.8,0.015806622803211212,Empty,0.30796,0.00223,0.48483,0.01462,0.00048,-0.00494,0.99997,0.00731,0.00022,-0.00247,0.9998931615480167,0.014609586516974749,0.00047483819862413103,0.014611753151930196,-0.9998810664172021,-0.004934540528334433,0.00040269012764548737,0.004940951548208541,-0.9999877123437364
0.867,0.015806622803211212,Empty,0.30805,0.00224,0.48468,0.0146,4e-05,-0.00496,0.99997,0.0073,0.0,-0.00248,0.9998934957414174,0.014594375269017357,3.720907296236907e-05,0.01459438053107176,-0.9998812277794211,-0.004953220289023171,-3.508450213002975e-05,0.0049532357933387144,-0.9999877320368753
0.933,0.015806622803211212,Empty,0.30858,0.00223,0.48391,0.01455,-0.00198,-0.00499,0.99997,0.00727,-0.00101,-0.00249,0.9998922655268061,0.0145424371604157,-0.0019937053710089147,0.014532347769740661,-0.9998819733343414,-0.00498500444562113,-0.002065964174506355,0.0049554941689914115,-0.9999855873309227
1.0,0.015806622803211212,Empty,0.31014,0.00214,0.48221,0.01413,-0.0054,-0.0052,0.99997,0.00706,-0.00272,-0.00258,0.9998853658899012,0.014140770176815198,-0.005412365289289522,0.014112665572819927,-0.9998869101855956,-0.005196105265693127,-0.0054852301362802395,0.005119126713504333,-0.9999718529998947
1.067,0.015806622803211212,Empty,0.31355,0.00188,0.4793,0.01083,-0.00899,-0.00581,0.99997,0.0054,-0.00451,-0.00288,0.999901064452055,0.010824272640276078,-0.008983119138482388,0.010772349441008466,-0.9999251062006389,-0.005808483206621121,-0.009045318964415119,0.005711139242722404,-0.999942780909679
1.133,0.015806622803211212,Empty,0.31926,0.00229,0.47535,0.00342,-0.01023,-0.00786,0.99998,0.00169,-0.00512,-0.00392,0.9999419275977857,0.0034114976200963487,-0.010222676558166477,0.0033312720532047146,-0.9999636034188373,-0.007854582364538938,-0.010249100376732717,0.007820071713345467,-0.9999168977569415
1.2,0.015806622803211212,Empty,0.32676,0.00268,0.47046,-0.00868,-0.00968,-0.00822,0.99997,-0.00436,-0.00482,-0.00413,0.9999154556638099,-0.00868957149114219,-0.009673307187072122,-0.008769211481428174,-0.9999277536203968,-0.00822122069163981,-0.009601169440704405,0.008305352910442019,-0.9999194160823182
1.267,0.015806622803211212,Empty,0.33578,0.00329,0.4645,-0.02363,-0.00824,-0.00818,0.99991,-0.01183,-0.00407,-0.00414,0.99968719158422,-0.023615493711701574,-0.008235741569979875,-0.023682853931813685,-0.9996860581690707,-0.008179702441405482,-0.00803998831462394,0.008372189626265236,-0.9999326302450393
1.333,0.015806622803211212,Empty,0.34574,0.00419,0.45761,-0.04196,-0.00644,-0.00865,0.99977,-0.02099,-0.00313,-0.00439,0.9990996321898737,-0.041934337602825555,-0.0064371024437472665,-0.0419891948119982,-0.9990807279138447,-0.008637512962769734,-0.006068976610525487,0.0089000247726738,-0.999941976857631
1.4,0.015806622803211212,Empty,0.35583,0.00561,0.45014,-0.05979,-0.00507,-0.00959,0.99954,-0.0299,-0.00239,-0.00487,0.9982007788624736,-0.0597453042517207,-0.005069881479950187,-0.05979188525196916,-0.9981647399819489,-0.009595953041989486,-0.0044872637950949526,0.009881825572131893,-0.9999411052592022
1.467,0.015806622803211212,Empty,0.36563,0.00759,0.4421,-0.07455,-0.00546,-0.00946,0.99929,-0.03728,-0.00255,-0.00483,0.9972079557063476,-0.07447441581143133,-0.005463924003231807,-0.07452379119706593,-0.9971742635929511,-0.00947061631950335,-0.004743165776481301,0.009851366270784591,-0.9999402246939643
1.533,0.015806622803211212,Empty,0.37533,0.00946,0.43385,-0.08787,-0.00531,-0.00916,0.99902,-0.04393,-0.00245,-0.00469,0.9961284652251452,-0.08774925199840417,-0.005305614188465061,-0.08779520971587379,-0.9960964461465383,-0.009158117993470494,-0.004481285434114518,0.009588469531534355,-0.9999439880977837
1.6,0.015806622803211212,Empty,0.38512,0.01111,0.42566,-0.10067,-0.00234,-0.00905,0.99872,-0.05032,-0.00094,-0.00458,0.9949339066719001,-0.10050395218403069,-0.0023402884397927676,-0.1005212007253003,-0.9948936483880892,-0.009061821107310476,-0.0014175892688764553,0.009251161679869795,-0.9999562022649982
1.667,0.015806622803211212,Empty,0.39546,0.01291,0.41757,-0.11292,0.00447,-0.00991,0.99839,-0.05642,0.00251,-0.00482,0.9936219584378427,-0.11267422297788426,0.004463539680122473,-0.11262592649314912,-0.9935881592184602,-0.0098980069929198,0.005550170421328331,0.009332166801023705,-0.9999410513980773
1.733,0.015806622803211212,Empty,0.40616,0.01462,0.41037,-0.12799,0.01626,-0.0118,0.99791,-0.0639,0.00849,-0.00537,0.9916891737978395,-0.12762659857313907,0.016249120247227473,-0.12744428868398466,-0.991775484026834,-0.011804345181833653,0.017622027522144774,0.009635383748948687,-0.9997982914198339
1.8,0.015806622803211212,Empty,0.41727,0.01605,0.4047,-0.14577,0.03339,-0.01509,0.99719,-0.07268,0.0172,-0.00631,0.9888437799813994,-0.14516784678165218,0.033380758722302055,-0.14473408401214566,-0.9893557319447173,-0.015075828113170082,0.035213970484212355,0.010076305320474134,-0.9993289970544361
1.867,0.015806622803211212,Empty,0.42911,0.01751,0.4008,-0.16706,0.05612,-0.0205,0.99609,-0.08311,0.02881,-0.00787,0.9845271075408669,-0.16601522336043634,0.05608315370767834,-0.16510856393211948,-0.986063095722636,-0.020462975594110294,0.05869869362675701,0.01088654520388966,-0.9982163826045113
1.933,0.015806622803211212,Empty,0.44075,0.0194,0.39847,-0.19138,0.08045,-0.02777,0.99458,-0.0949,0.04135,-0.00997,0.9785672258003186,-0.1895992178063997,0.08036368083076942,-0.18794940941078614,-0.9817883440850041,-0.027688750801766405,0.08414989062146815,0.01199099770774087,-0.996380957205811
2.0,0.015806622803211212,Empty,0.45187,0.0212,0.39662,-0.22147,0.10387,-0.03687,0.99247,-0.10939,0.05362,-0.01256,0.9703204115972958,-0.21847003545876476,0.10367807118335312,-0.215776660048131,-0.9757543981383703,-0.036657707130969476,0.10917294452439968,0.013198413551359114,-0.9939351437913843
2.067,0.015806622803211212,Empty,0.4615,0.02244,0.39435,-0.25417,0.12115,-0.04596,0.99003,-0.1251,0.06294,-0.01508,0.9607753203631081,-0.24960844577457075,0.12085697157868036,-0.24581112871430405,-0.9682439652332048,-0.04561263848628199,0.12840433318765654,0.014115508757516255,-0.9916214396790487
2.133,0.015806622803211212,Empty,0.4693,0.02326,0.39121,-0.28623,0.13229,-0.05414,0.98751,-0.14049,0.06925,-0.01731,0.9509356038871659,-0.27986130019406996,0.13190576148688785,-0.27506516585979923,-0.9599273024083085,-0.053653784783823925,0.14163555976615588,0.014738614072983715,-0.9898091439590441
2.2,0.015806622803211212,Empty,0.47578,0.024,0.38756,-0.31298,0.13823,-0.06043,0.9853,-0.15335,0.07288,-0.01901,0.9423445673961155,-0.3049615507580912,0.13778667881275075,-0.2994187087036906,-0.9522447053905163,-0.05982021342275053,0.14944950042486768,0.015115343692721135,-0.9886538186887303
2.267,0.015806622803211212,Empty,0.48208,0.02493,0.38351,-0.33441,0.14433,-0.06642,0.98334,-0.16354,0.07657,-0.02066,0.9347855730589668,-0.32478645433884706,0.14383911665058097,-0.3184590332012486,-0.9456589897328606,-0.0656728201766274,0.1573523961474548,0.015583138818141502,-0.9874195608814061
2.333,0.015806622803211212,Empty,0.48948,0.02622,0.37983,-0.34963,0.15466,-0.07355,0.98165,-0.17049,0.0824,-0.02267,0.9282871125037588,-0.33845863411700655,0.15404151956886075,-0.33098666945870636,-0.9408381319753775,-0.0726046421498988,0.16950180353042446,0.01641226409524292,-0.9853932089207846
2.4,0.015806622803211212,Empty,0.49695,0.02777,0.37605,-0.35944,0.16449,-0.07992,0.98037,-0.17478,0.08788,-0.0245,0.923456298588045,-0.347006430921092,0.16375286714275442,-0.3383927002579046,-0.9377027450473951,-0.07876510866331626,0.18088351226751148,0.017323360816700613,-0.9833519492835631
2.467,0.015806622803211212,Empty,0.50351,0.02946,0.37091,-0.35951,0.17076,-0.08309,0.98009,-0.1745,0.09123,-0.02548,0.9224577772134834,-0.34669130504862256,0.16993171646882824,-0.3373950090192973,-0.9378046455652668,-0.08177441314416548,0.18771323114588284,0.018099330371239005,-0.9820571048024066
2.533,0.015806622803211212,Empty,0.50899,0.03085,0.36453,-0.35752,0.17209,-0.08362,0.98021,-0.17346,0.0919,-0.02571,0.9229330297509246,-0.34477041819863036,0.17125414251900684,-0.33532060547719067,-0.9385045158011104,-0.08227615306596137,0.18908916980406099,0.018510336465468073,-0.9817854415842323
2.6,0.015806622803211212,Empty,0.51344,0.03213,0.35732,-0.35525,0.16884,-0.0821,0.98055,-0.17251,0.09015,-0.02536,0.9242250933345484,-0.34288007285280403,0.1680512793500862,-0.333734381238934,-0.9391944227994224,-0.08084057744428398,0.18555144739346763,0.01863040050334991,-0.982457922023775
2.667,0.015806622803211212,Empty,0.51728,0.03352,0.34903,-0.3525,0.16338,-0.07957,0.98102,-0.17142,0.08722,-0.02473,0.9260154701699475,-0.3406450888085855,0.16265384248926398,-0.33201875044381757,-0.9400077702735119,-0.07841518462100229,0.1796076233339149,0.018609548517109706,-0.9835622940842801
2.734,0.015806622803211212,Empty,0.52067,0.03505,0.34042,-0.3493,0.15614,-0.07625,0.98159,-0.17018,0.08335,-0.02388,0.9281838916298046,-0.3380723623867935,0.1555047944893146,-0.3301122622479285,-0.9409382043964973,-0.07524087865416099,0.17175726369649227,0.018503332059598202,-0.9849655166909075
2.8,0.015806622803211212,Empty,0.52391,0.0364,0.33181,-0.34632,0.14693,-0.07192,0.98221,-0.16912,0.07843,-0.02268,0.930495826192195,-0.33577570359757797,0.14639738492355667,-0.32865946529850265,-0.9417693648224064,-0.07108740642127391,0.16174199611914958,0.018031648719748408,-0.9866683264075322
2.867,0.015806622803211212,Empty,0.52691,0.03687,0.3235,-0.34515,0.13713,-0.06755,0.98267,-0.16894,0.07324,-0.02143,0.9321930941105704,-0.33515599077840647,0.13669856304258016,-0.3288781336838678,-0.9420025078973149,-0.0668614111411463,0.1511793917079229,0.017370577437553835,-0.9883537092368847
2.933,0.015806622803211212,Empty,0.53039,0.03668,0.31611,-0.34545,0.12907,-0.06403,0.98292,-0.16939,0.06899,-0.02039,0.9330948003796697,-0.33581094614501006,0.12870548532839277,-0.3301836759923641,-0.9417810315480306,-0.06346045008110654,0.14252309852298833,0.01671816573432408,-0.9896502762703023
3.0,0.015806622803211212,Empty,0.53381,0.03623,0.3092,-0.34616,0.12108,-0.06049,0.98312,-0.17002,0.06477,-0.01932,0.9337956224405118,-0.33680409743258977,0.12078383775801971,-0.33180002980767986,-0.9414395785224537,-0.060002168386545957,0.1339196614786633,0.015953681207898182,-0.9908637667839899
3.067,0.015806622803211212,Empty,0.53724,0.03579,0.30227,-0.34695,0.11154,-0.05637,0.98334,-0.17072,0.05974,-0.0181,0.9345729455467173,-0.3379113498677238,0.11130736311091659,-0.3335872876738522,-0.9410553239605768,-0.05598570128037987,0.1236645905444855,0.015192000395803963,-0.9922077767128411
3.133,0.015806622803211212,Empty,0.54049,0.03556,0.29581,-0.34729,0.10201,-0.05219,0.98357,-0.17118,0.0547,-0.01686,0.9354078292122492,-0.33859045927240067,0.10182678399189704,-0.33490097333947244,-0.9408229657681102,-0.051898797091755024,0.11337341445286787,0.014444652055411036,-0.9934474424559642
3.2,0.015806622803211212,Empty,0.54383,0.0355,0.28985,-0.34741,0.09341,-0.0484,0.98378,-0.17148,0.05015,-0.01574,0.9361597628075236,-0.3389749057899044,0.09327867786845487,-0.33581782748079414,-0.940694704079562,-0.048164929801100695,0.10407346081610419,0.013765426306174096,-0.9944743474782889
3.267,0.015806622803211212,Empty,0.54695,0.03543,0.2841,-0.34755,0.08527,-0.04479,0.98396,-0.17176,0.04584,-0.01467,0.9367914055060593,-0.33936297142881716,0.08517415214127919,-0.33667343472983674,-0.9405640465330736,-0.044612472656693686,0.09525156648158761,0.013116706611558573,-0.995366812331248
3.333,0.015806622803211212,Empty,0.55004,0.0349,0.27872,-0.34842,0.07797,-0.04139,0.98404,-0.17237,0.04196,-0.01361,0.9370544261588121,-0.34038595605353583,0.07788711920272506,-0.33810225242872194,-0.9402051645037659,-0.04124458198443878,0.08726894819352427,0.012314607665962669,-0.9961086693324324
3.4,0.015806622803211212,Empty,0.55255,0.03367,0.27274,-0.35053,0.06953,-0.03752,0.98403,-0.17359,0.03749,-0.0124,0.936923219837287,-0.3425607313719406,0.06947679793752974,-0.3407014907440328,-0.9394266979604816,-0.0374162179256497,0.07808568584910365,0.011385274743595004,-0.9968816385030311
3.467,0.015806622803211212,Empty,0.55445,0.03184,0.26619,-0.35373,0.06004,-0.03317,0.98391,-0.17535,0.03246,-0.01104,0.936397248888585,-0.34577360101321514,0.060006742256544954,-0.3443400411910008,-0.9382609850513194,-0.0331098167181247,0.06775048565486005,0.010341217185700793,-0.9976487011572003
3.533,0.015806622803211212,Empty,0.55535,0.0297,0.25924,-0.35737,0.0496,-0.02823,0.98374,-0.17732,0.02691,-0.00948,0.935664657919905,-0.34939104484202943,0.049573639202930286,-0.34837063348876285,-0.9369326877602648,-0.028196459511155347,0.05629875346990748,0.009112430549589426,-0.998372382414104
3.6,0.015806622803211212,Empty,0.55596,0.02767,0.25201,-0.3608,0.03869,-0.023,0.98356,-0.17916,0.02109,-0.00784,0.9349118547510682,-0.3527657481027957,0.03868010873036003,-0.35210461225878786,-0.9356786681839838,-0.022973287347151303,0.0442963415194333,0.00785855399682331,-0.9989875260768137
3.667,0.015806622803211212,Empty,0.55606,0.0263,0.24501,-0.36305,0.02805,-0.0179,0.98346,-0.18038,0.01541,-0.00627,0.934449045182339,-0.3549909632574537,0.02804278808107958,-0.3546046031680192,-0.9348452005279251,-0.01788928343884623,0.032566199806960724,0.006772522089210001,-0.9994466346807537
3.734,0.015806622803211212,Empty,0.55657,0.02549,0.23884,-0.36444,0.02124,-0.01451,0.98338,-0.18112,0.01176,-0.00521,0.9341144096187455,-0.35634154618474473,0.02123610617057093,-0.35609649909141544,-0.9343365748174486,-0.014506836086329775,0.025011059103122256,0.005988941564543935,-0.9996692350480116
3.8,0.015806622803211212,Empty,0.55809,0.02455,0.23355,-0.36618,0.01982,-0.01335,0.98323,-0.18199,0.01096,-0.00476,0.9335186309224754,-0.35798068312586506,0.019819087500847214,-0.357771848991005,-0.9337135054939691,-0.013356411483659457,0.02328668697313844,0.005377747381770382,-0.9997143642275591
3.867,0.015806622803211212,Empty,0.56039,0.02312,0.22872,-0.36884,0.02182,-0.01349,0.98298,-0.18329,0.01196,-0.00463,0.9325238581523214,-0.36044838702406684,0.021822334166120602,-0.3602267021824346,-0.9327672108909625,-0.013492713643390775,0.02521858464460084,0.004721289913094542,-0.9996708120226778
3.933,0.015806622803211212,Empty,0.56325,0.02153,0.22428,-0.37262,0.02634,-0.01465,0.9826,-0.18512,0.0143,-0.00476,0.9310531813282578,-0.3639310028454164,0.026347650871755286,-0.36365892796943344,-0.931417104135756,-0.01464111442087197,0.02986900812971264,0.004050097689208448,-0.9995456162987536
4.0,0.015806622803211212,Empty,0.56581,0.0203,0.21962,-0.37988,0.0311,-0.01612,0.98189,-0.18865,0.01679,-0.00498,0.9282582259273804,-0.3706338316455518,0.031100302858472373,-0.37029943811282784,-0.9287727019937322,-0.01611192616001577,0.03485673724656362,0.0034396033199380976,-0.9993864002464338
4.067,0.015806622803211212,Empty,0.56801,0.01967,0.21483,-0.39563,0.03553,-0.01816,0.98033,-0.19633,0.0192,-0.00541,0.9221704272473883,-0.3851488794464391,0.035525255404042916,-0.3847334383015064,-0.9228493632961176,-0.018144809633926076,0.03977291242882853,0.0030648531943035335,-0.9992040442831617
4.133,0.015806622803211212,Empty,0.56962,0.01958,0.20982,-0.424,0.03769,-0.02043,0.97743,-0.21018,0.02057,-0.00602,0.9107989140723004,-0.4111267517058577,0.03768464085683332,-0.4106313665541389,-0.9115728471167437,-0.02041629744478372,0.04274598140877013,0.003120645968942687,-0.999081099131666
4.2,0.015806622803211212,Empty,0.57119,0.01961,0.20482,-0.46494,0.03968,-0.02305,0.9729,-0.2301,0.02196,-0.00664,0.8931398165868,-0.44802689553323005,0.03966319334286032,-0.44744351412296607,-0.8940156259231351,-0.02302959562293479,0.045777392854856436,0.002821610200068092,-0.9989476807217136
4.267,0.015806622803211212,Empty,0.5724,0.01957,0.19994,-0.51574,0.04025,-0.02568,0.96673,-0.2547,0.02273,-0.00728,0.8692262575401556,-0.49277467853916074,0.04023467898917084,-0.49211286879482274,-0.8701533642924077,-0.02565242634009047,0.04765120742713967,0.002497759242021709,-0.9988609130552182
4.333,0.015806622803211212,Empty,0.57312,0.01958,0.19536,-0.57083,0.03892,-0.02756,0.95935,-0.28122,0.02255,-0.00774,0.8408150416615717,-0.539921595696137,0.03891961223581872,-0.5392229800604802,-0.841712511091113,-0.02754317424313775,0.047630279133595174,0.002172365906139294,-0.998862671910421
4.4,0.015806622803211212,Empty,0.57364,0.0196,0.19128,-0.628,0.03711,-0.02925,0.95092,-0.30852,0.02216,-0.00818,0.8086476021755732,-0.5871225639251814,0.037096501528001015,-0.586397814244338,-0.8094958715148799,-0.029223919138739785,0.04718748716724127,0.0018785447255832315,-0.9988842836507916
4.467,0.015806622803211212,Empty,0.57423,0.01984,0.18794,-0.68386,0.03575,-0.03133,0.94193,-0.33495,0.02209,-0.00876,0.7746360119000086,-0.6313962822518425,0.03574610225186894,-0.6306221772581968,-0.775458461323119,-0.03130246495904329,0.04748387745099162,0.0017057317879453358,-0.998870548099846
4.533,0.015806622803211212,Empty,0.57513,0.02037,0.18562,-0.73715,0.03563,-0.03461,0.93266,-0.35989,0.02285,-0.00972,0.7399159811461056,-0.6717553623674634,0.03562406455128342,-0.6708669304004468,-0.740771145474993,-0.03457848647279156,0.04961756281477792,0.0016861679111560314,-0.9987668668403538
4.6,0.015806622803211212,Empty,0.57693,0.02113,0.18438,-0.78784,0.03808,-0.04094,0.9232,-0.3833,0.02543,-0.01159,0.7048701132682232,-0.7083142120850744,0.03806705110121465,-0.7071355678863235,-0.7058947196967358,-0.04088928141155836,0.055833789512525996,0.0019030666218062828,-0.9984382636328116
4.667,0.015806622803211212,Empty,0.57931,0.02186,0.18374,-0.8339,0.04117,-0.04869,0.91407,-0.40431,0.02867,-0.01392,0.6714235818578994,-0.7399296221638348,0.04116464465525144,-0.7383328936188833,-0.6726804855391788,-0.04863643259061065,0.06367819034390974,0.002262436575673177,-0.9979679200531778
4.733,0.015806622803211212,Empty,0.58205,0.02189,0.18345,-0.87679,0.04384,-0.05628,0.90512,-0.42366,0.03178,-0.01617,0.6390097482703233,-0.7679493647021813,0.04382139738773731,-0.765894051463527,-0.6405062547599827,-0.05619643713016408,0.07122389731180392,0.0023475235581478437,-0.9974575908703395
4.8,0.015806622803211212,Empty,0.58386,0.0218,0.18238,-0.9183,0.04302,-0.05981,0.89611,-0.44231,0.03252,-0.01727,0.6066066402451041,-0.7938384893952216,0.04299810187972535,-0.7915924621166605,-0.6081247206416268,-0.05971346635916055,0.07355105662483653,0.00218561187220464,-0.9972890579817438
4.867,0.015806622803211212,Empty,0.58392,0.02192,0.17986,-0.95625,0.03877,-0.05826,0.88758,-0.45933,0.0306,-0.01694,0.5761582819842084,-0.8164185927112123,0.0387597158974224,-0.8143449558759713,-0.577457219826725,-0.05818463808731394,0.06988509812805542,0.0019597819860081005,-0.9975531225524783
4.933,0.015806622803211212,Empty,0.58329,0.0221,0.17669,-0.99232,0.03397,-0.0551,0.87918,-0.47539,0.02804,-0.01614,0.5464338106166475,-0.8368139371096062,0.03394886263322795,-0.8350038503321279,-0.5474846596590126,-0.055037417895251364,0.0646425598618354,0.0017268749738612265,-0.9979069883297409
5.0,0.015806622803211212,Empty,0.58233,0.02205,0.17295,-1.02902,0.02898,-0.05069,0.87034,-0.49158,0.02508,-0.01493,0.5154410705846503,-0.8564350859472405,0.02897319991116576,-0.8549377763066581,-0.5162530123386796,-0.050638186135226554,0.0583258210261652,0.001330717769465666,-0.9982967133031349
5.067,0.015806622803211212,Empty,0.58125,0.02194,0.16879,-1.06487,0.02411,-0.04527,0.86143,-0.50723,0.02187,-0.01338,0.48448537543457204,-0.8744671284744318,0.024107306106295828,-0.8732965169753115,-0.48508400518057704,-0.04524048360438718,0.05125538438847924,0.0008655262276273133,-0.9986852038733418
5.133,0.015806622803211212,Empty,0.58009,0.02199,0.16451,-1.10121,0.01953,-0.03942,0.85211,-0.52291,0.01863,-0.01169,0.45244103643938216,-0.8915806846995078,0.019518996296268284,-0.890709522577373,-0.4528616633831982,-0.039406347557097446,0.043973343466762196,0.0004432928587850363,-0.9990326063526634
5.2,0.015806622803211212,Empty,0.57912,0.02225,0.16048,-1.13951,0.0155,-0.03392,0.84196,-0.53922,0.01567,-0.0101,0.41799358655123603,-0.9083178484933384,0.015493473157020245,-0.9076848040316575,-0.41828061651765575,-0.03390608169077375,0.037278118676321206,0.00010933454552604913,-0.9993049233912095
5.267,0.015806622803211212,Empty,0.5784,0.0227,0.15697,-1.1807,0.0121,-0.02915,0.83069,-0.55651,0.01314,-0.00874,0.38024141620396634,-0.9248081234710028,0.012099593598301159,-0.9243485390719975,-0.38043386401780516,-0.029152245607263868,0.031563328700666186,-9.935051072269912e-05,-0.9995017490784144
5.333,0.015806622803211212,Empty,0.57838,0.02345,0.1541,-1.22461,0.00946,-0.02578,0.81829,-0.57465,0.01128,-0.00783,0.3393072659068976,-0.9406280720602638,0.009455652012263331,-0.9402749193136248,-0.3394389618029831,-0.025773383942923365,0.027452785150913907,-0.0001458159940465546,-0.999623090632241
5.4,0.015806294977664948,Empty,0.57917,0.0245,0.15208,-1.26845,0.00763,-0.02419,0.80549,-0.59247,0.01024,-0.00748,0.29775311430746765,-0.9546123897361102,0.007633366394727413,-0.954306026432566,-0.29785093304899807,-0.02418325032594887,0.025359235688215048,-8.392945382784698e-05,-0.9996783993470881
5.467,0.015806294977664948,Empty,0.58098,0.0256,0.15046,-1.30936,0.0068,-0.02521,0.7932,-0.60882,0.01037,-0.00793,0.25847176663280125,-0.9659949272941663,0.0067931064806459815,-0.965666074734798,-0.2585610148139867,-0.025203843449938524,0.026103217426332165,-4.5390527978754186e-05,-0.9996592519352249
5.533,0.015806294977664948,Empty,0.58363,0.02651,0.14919,-1.34579,0.00618,-0.02748,0.78196,-0.62316,0.01098,-0.00882,0.22308979975250698,-0.9747782714138635,0.0061856952549024895,-0.9743909580499373,-0.22317551633646804,-0.027476349438675808,0.02816384414300853,0.00010240776857471332,-0.9996033150183814
5.6,0.015806622803211212,Empty,0.58632,0.02721,0.14751,-1.37697,0.00542,-0.02889,0.77215,-0.63527,0.01127,-0.00943,0.19262278254976167,-0.9812578792898686,0.005425677315912186,-0.9808329919859389,-0.1926990312702747,-0.028874299634945866,0.02937865678852857,0.00024016462454246902,-0.9995683252515833
5.667,0.015806622803211212,Empty,0.58878,0.02772,0.14535,-1.39912,0.00473,-0.02842,0.76507,-0.64379,0.01096,-0.00935,0.17082742574531395,-0.9852896231691681,0.004727482246119963,-0.9848795473955501,-0.17089271076915097,-0.02842461130618753,0.028814366818756088,0.000199702602368041,-0.9995847599797151
5.733,0.015806622803211212,Empty,0.59041,0.02846,0.14192,-1.41415,0.00383,-0.02545,0.76022,-0.64954,0.00972,-0.00843,0.15600212333164243,-0.9877492710652005,0.0038360169686605765,-0.9874214392457623,-0.15604917292535414,-0.02544714025465205,0.025734001512513465,0.00018204251627783712,-0.999668809169655
5.8,0.015806622803211212,Empty,0.59081,0.02953,0.13728,-1.42377,0.00258,-0.01966,0.7571,-0.65322,0.0074,-0.0066,0.14650288857102467,-0.9892068531127844,0.002589477755827057,-0.9890116004215761,-0.14652542521801054,-0.019655889606774498,0.019823165032314793,0.00031862106527904866,-0.9998034509886022
5.867,0.015806622803211212,Empty,0.58978,0.03085,0.13147,-1.43205,0.00097,-0.01095,0.75441,-0.65638,0.00396,-0.00381,0.13828979900414745,-0.9903913351130775,0.0009668631381828099,-0.9903309455555366,-0.13829205759467095,-0.010951031061462497,0.010979515766618276,0.0005569013985184449,-0.9999395682211814
5.933,0.015806622803211212,Empty,0.58757,0.03208,0.1252,-1.44161,-0.00065,-0.00044,0.75128,-0.65999,-0.0001,-0.00038,0.12883555095612614,-0.9916657614672635,-0.0006467946996874778,-0.9916659069757221,-0.12883527813819123,-0.00044726845759060973,0.00036021084054431543,0.0006990283306516624,-0.9999996908037236
6.0,0.015806622803211212,Empty,0.58554,0.0331,0.11975,-1.45285,-0.00184,0.0088,0.74755,-0.66419,-0.00361,0.00268,0.11768406579511748,-0.9930493665565517,-0.0018483072152274717,-0.9930106799318112,-0.1176958635913421,0.008801888141189589,-0.008958247556988522,0.0007995468213868736,-0.9999595544448726
6.067,0.015806294977664948,Empty,0.5842,0.03415,0.11616,-1.46166,-0.00272,0.01485,0.74461,-0.66746,-0.00597,0.00462,0.10892506766582333,-0.9940462379492999,-0.002721479898750088,-0.9939360576415517,-0.10895362265728614,0.01483985949474411,-0.015048021596404441,0.0010885443018980796,-0.9998861795811247
6.133,0.015806294977664948,Empty,0.58348,0.03533,0.11425,-1.46675,-0.00337,0.01798,0.7429,-0.66934,-0.00727,0.00555,0.10386492726699326,-0.9945856971184903,-0.003371642203501596,-0.9944243184664909,-0.1039090181309838,0.017977507989427252,-0.018230516346972613,0.0014856104405662708,-0.999832706624134
6.2,0.015806294977664948,Empty,0.58353,0.03713,0.11401,-1.46656,-0.00433,0.01731,0.74297,-0.66927,-0.0074,0.00498,0.10405815181511208,-0.9945617907725328,-0.004329593070459895,-0.9944144462922425,-0.10411805339004593,0.017301443973264677,-0.017658143903467954,0.002505053612241483,-0.9998409446808451
6.267,0.015806622803211212,Empty,0.58458,0.03978,0.11465,-1.46465,-0.0058,0.01242,0.74362,-0.66857,-0.00631,0.00268,0.1059467492036113,-0.9943549376699349,-0.005791741068688478,-0.9942872816063936,-0.10601188818336982,0.012420998332037532,-0.012964874428812279,0.004442690087811539,-0.9999060828576997
6.333,0.015806622803211212,Empty,0.58606,0.0426,0.11533,-1.46681,-0.0072,0.00474,0.7429,-0.66939,-0.00426,-0.00065,0.10379848629761829,-0.994572314625694,-0.007196194995477171,-0.994583366929999,-0.1038339176863311,0.004737484996852192,-0.005458980537638945,0.006665472076155549,-0.9999628848179776
6.4,0.015806622803211212,Empty,0.58725,0.0447,0.1158,-1.47385,-0.00824,-0.00155,0.74053,-0.67201,-0.00253,-0.00334,0.09679156812567696,-0.9952705576062131,-0.008240722176506345,-0.9953044009321381,-0.0967821007252036,-0.0015409296980467683,0.0007360875560718441,0.008351176050981209,-0.9999648573993366
6.467,0.015806622803211212,Empty,0.58757,0.04562,0.11589,-1.47847,-0.00876,-0.00338,0.73897,-0.67372,-0.0021,-0.0042,0.09218542711613409,-0.9957032011243355,-0.008773955673863288,-0.9957385782170564,-0.09215893018020876,-0.00337867404684985,0.0025555581956524004,0.009048030658127164,-0.9999558001549459
6.533,0.015806622803211212,Empty,0.58726,0.04593,0.11511,-1.4814,-0.00903,-0.00205,0.73799,-0.6748,-0.00264,-0.0038,0.08927798101681289,-0.995965918525169,-0.009018383551279366,-0.9960059774308907,-0.08926298894648033,-0.0020522490775053913,0.0012389622662669823,0.00916558457802196,-0.9999572276011838
6.6,0.015806622803211212,Empty,0.58655,0.04599,0.11319,-1.48448,-0.00915,0.0012,0.73695,-0.67593,-0.00378,-0.00265,0.08621899694204332,-0.9962341888099634,-0.009150170078324544,-0.9962742390877297,-0.08623345394947923,0.0011966411777596178,-0.0019811856231012025,0.009012905530260112,-0.9999574203122
6.667,0.015806622803211212,Empty,0.58539,0.04588,0.11003,-1.48554,-0.00924,0.00653,0.73659,-0.67631,-0.00561,-0.00072,0.08513846908917061,-0.9963264246522511,-0.009224782968417453,-0.9963424585856957,-0.08520028229970561,0.0065281785715555415,-0.007290150928752134,0.008635243813149526,-0.9999361410928818
6.733,0.015806622803211212,Empty,0.58399,0.04575,0.10608,-1.48565,-0.00931,0.01275,0.73655,-0.67633,-0.00774,0.00155,0.08502251832673896,-0.9963355768224704,-0.00930536056337046,-0.9962877557146836,-0.08513743046319011,0.01274071219064457,-0.013486259317493785,0.008187569356071503,-0.9998755345130017
6.8,0.015806622803211212,Empty,0.58373,0.04569,0.1018,-1.4858,-0.0093,0.01356,0.73651,-0.67638,-0.00801,0.00185,0.0848980326043004,-0.9963463261826155,-0.009290982850288579,-0.9962869335609186,-0.08501947497023121,0.01356594602554924,-0.014306294967637037,0.008104762685695792,-0.9998648122351879
6.867,0.015806622803211212,Empty,0.58547,0.04569,0.09837,-1.48599,-0.00906,0.00528,0.73644,-0.67648,-0.00512,-0.00112,0.08470065755961775,-0.9963652866223813,-0.009056170430625527,-0.9963882061992128,-0.08475059730541162,0.005280038209233833,-0.006028362637015505,0.0085762387021433,-0.9999450519771776
6.933,0.015806622803211212,Empty,0.58835,0.04583,0.09554,-1.48608,-0.00877,-0.00884,0.73639,-0.67653,-0.00024,-0.00622,0.0846164845345016,-0.9963750093432235,-0.008768768517499297,-0.9963809568913651,-0.08453920897526829,-0.008838036551391959,0.008064693997312179,0.009484877549391037,-0.9999224959008586
7.0,0.015806622803211212,Empty,0.59152,0.04603,0.09349,-1.48611,-0.00848,-0.02464,0.73631,-0.67652,0.00521,-0.01194,0.08458421406231742,-0.9963802648782054,-0.00847811846444489,-0.9961314682344591,-0.08435352846927163,-0.024628849503060622,0.023824540384248465,0.010528532472328647,-0.999660713081923
7.067,0.015806622803211212,Empty,0.59404,0.04623,0.09221,-1.4861,-0.00827,-0.03744,0.73622,-0.67647,0.00962,-0.01658,0.08459680606959852,-0.9963809995366828,-0.008263423328359444,-0.995742815947086,-0.08423217841686992,-0.03743240052302797,0.03660088650006387,0.011394905942109608,-0.9992649954971803
7.133,0.015806622803211212,Empty,0.59507,0.0463,0.09098,-1.4861,-0.00818,-0.04296,0.73617,-0.67644,0.01152,-0.01858,0.08458299860546714,-0.9963829610023915,-0.008167702921519405,-0.9955264481182085,-0.0841582338391712,-0.042947441998514566,0.04210471997356014,0.01176378770541366,-0.9990439459076712
7.2,0.015806622803211212,Empty,0.59457,0.04626,0.0895,-1.48615,-0.0082,-0.041,0.73618,-0.67647,0.01085,-0.01787,0.0845501640461252,-0.9963855149431566,-0.00819605827414218,-0.9956099476526378,-0.08414718641161939,-0.04098881742768508,0.04015098871616032,0.011625688386844123,-0.9991259887895253
7.267,0.015806622803211212,Empty,0.59415,0.04626,0.08852,-1.48613,-0.00823,-0.03932,0.7362,-0.67647,0.01027,-0.01726,0.08457508095126548,-0.996383084087813,-0.008234405002513852,-0.9956744468173487,-0.08419015144751385,-0.039299037573595715,0.03846364045502058,0.011522505929841683,-0.9991935649412699
7.333,0.015806622803211212,Empty,0.59395,0.04635,0.08808,-1.48598,-0.00832,-0.03853,0.73625,-0.67642,0.00997,-0.017,0.08471879827179413,-0.9963701964135737,-0.008316063862161755,-0.9956921849371065,-0.08433963518668985,-0.03852140692844206,0.037680207995094965,0.011543727099708717,-0.999223170412943
7.4,0.015806622803211212,Empty,0.59397,0.0465,0.08811,-1.48579,-0.00841,-0.03861,0.73632,-0.67635,0.00996,-0.01706,0.08491073933485982,-0.9963529686277626,-0.008421891251487228,-0.995673436395702,-0.08452658598718765,-0.0385961697234863,0.03774353456661301,0.01166268271003414,-0.9992193990462875
7.467,0.015806622803211212,Empty,0.59393,0.04671,0.0881,-1.48549,-0.00858,-0.03853,0.73642,-0.67624,0.00987,-0.01709,0.08520229950185682,-0.9963267369391802,-0.008579126978960537,-0.9956517844570077,-0.08481283590455596,-0.03852670467875026,0.03765756586892767,0.011824386916543783,-0.9992207421820641
7.534,0.015806622803211212,Empty,0.59389,0.04688,0.0881,-1.48526,-0.00869,-0.03837,0.73649,-0.67616,0.00977,-0.01707,0.08542766782942163,-0.9963063967539336,-0.008699273327059526,-0.9956396061999412,-0.08503564127729524,-0.03834989281060535,0.037468495236020596,0.011937482973897512,-0.9992265050352679
7.6,0.015806622803211212,Empty,0.59374,0.04719,0.08803,-1.48485,-0.00895,-0.0378,0.73664,-0.67601,0.00948,-0.01695,0.085839555751965,-0.9962687400391849,-0.008953674611035998,-0.9956259753115704,-0.0854445402959848,-0.03779084305082405,0.036884792980163096,0.012158460196210117,-0.9992455573543813
7.667,0.015806622803211212,Empty,0.59361,0.04759,0.08798,-1.48483,-0.00928,-0.03733,0.73664,-0.67601,0.0092,-0.01689,0.08584028094314194,-0.9962656604354705,-0.00928331862415197,-0.9956443389084979,-0.08543902691322758,-0.0373165255561201,0.03638401526855189,0.012446144671980021,-0.9992603749352528
7.733,0.015806622803211212,Empty,0.59324,0.04807,0.08783,-1.48674,-0.00976,-0.03577,0.73601,-0.67672,0.00851,-0.01647,0.08395113532674181,-0.9964219782123405,-0.009769760117692532,-0.9958615470487968,-0.08355331769940377,-0.03575782726900102,0.03481358911299288,0.012731238621151107,-0.9993127286171447
7.8,0.015806622803211212,Empty,0.59296,0.04854,0.08772,-1.49091,-0.01031,-0.03452,0.7346,-0.67826,0.00792,-0.01618,0.07980594217791726,-0.9967570890893179,-0.01031101077898592,-0.9962448442480072,-0.07940799213365951,-0.03450479813829615,0.033574125489114794,0.01302597925263592,-0.9993513406015678
7.867,0.015806622803211212,Empty,0.59263,0.04879,0.08757,-1.49721,-0.01075,-0.03299,0.73247,-0.68058,0.00729,-0.01574,0.07351667677070511,-0.997236120943041,-0.010743245462518543,-0.9967770995592264,-0.07312752726045535,-0.03298148800564963,0.03210470418625738,0.013133310445110293,-0.9993982209939466
7.933,0.015806622803211212,Empty,0.59232,0.04901,0.08744,-1.50378,-0.01114,-0.03153,0.73024,-0.68299,0.0067,-0.01532,0.06697061625169609,-0.9976927941214088,-0.01113665645893055,-0.9972821355024871,-0.06659113120192883,-0.03152718593289029,0.030712843672762998,0.013217783606327279,-0.9994408493903321
8.0,0.015806622803211212,Empty,0.59237,0.049,0.08751,-1.5057,-0.0112,-0.03164,0.72958,-0.68369,0.00673,-0.01537,0.06503357746722388,-0.9978202039493757,-0.011201535262658232,-0.9974063973227678,-0.0646514921969264,-0.03163325996996401,0.030840109945185663,0.013229706993609388,-0.9994367726231771
8.067,0.015806622803211212,Empty,0.59226,0.04899,0.08742,-1.5057,-0.0112,-0.03117,0.72958,-0.68369,0.00657,-0.0152,0.06504275503723173,-0.9978197797813708,-0.011186022269906485,-0.9974202386947906,-0.06466738372595315,-0.031160823546034604,0.030369515294015485,0.013183950815158503,-0.9994517877225044
8.133,0.015806622803211212,Empty,0.59196,0.04879,0.08729,-1.50596,-0.01108,-0.02966,0.72951,-0.68379,0.0061,-0.01461,0.06480016037160152,-0.9978368259249022,-0.011072851662110994,-0.9974801440471779,-0.0644478415847482,-0.0296620624146127,0.028884276820372236,0.012967056072354865,-0.9994986513294455
8.2,0.015806622803211212,Empty,0.59134,0.04878,0.08701,-1.50591,-0.01106,-0.02672,0.72955,-0.68378,0.0051,-0.01353,0.06484209530882196,-0.9978341811857764,-0.011065691721382682,-0.9975581047422226,-0.06452783218793745,-0.026720526496131002,0.025948609578679033,0.012771285387008233,-0.9995816944754926
8.267,0.015806622803211212,Empty,0.59038,0.04872,0.08657,-1.50591,-0.01104,-0.02214,0.72958,-0.68379,0.00354,-0.01185,0.06484558710704236,-0.9978342073322671,-0.011042848832122195,-0.9976663061367643,-0.06458967243194047,-0.022138559450848926,0.021377357932333873,0.012452666088864495,-0.9996939229959899
8.333,0.015806622803211212,Empty,0.58947,0.04873,0.08619,-1.50576,-0.01105,-0.01782,0.72965,-0.68374,0.00206,-0.01028,0.06499469622951032,-0.997824476029276,-0.01104556467251461,-0.9977398094629635,-0.0647920085226602,-0.01781202527531898,0.017057610466966012,0.012178286763767263,-0.9997803395029613
8.4,0.015806622803211212,Empty,0.58951,0.04892,0.08632,-1.50548,-0.01117,-0.01801,0.72974,-0.68364,0.00208,-0.01039,0.0652534882774709,-0.9978061288962432,-0.011176377083614797,-0.9977197189519296,-0.06504610622708118,-0.018010177100110634,0.01724368528198234,0.012326118683042188,-0.9997753358210569
8.467,0.015806622803211212,Empty,0.58961,0.04876,0.08651,-1.50557,-0.01107,-0.0184,0.72971,-0.68367,0.00225,-0.0105,0.0651700574141112,-0.9978127267973433,-0.011073656030935521,-0.9977184477559238,-0.064959830777792,-0.01838802308108245,0.017628460629086306,0.012246739426094146,-0.9997696008327509
8.533,0.015806622803211212,Empty,0.58958,0.04834,0.08644,-1.50562,-0.01077,-0.01822,0.7297,-0.68369,0.0023,-0.01033,0.06513777843414653,-0.9978182059509836,-0.010765579103071065,-0.9977232940157699,-0.06493509557712751,-0.01821158808865906,0.017472790246142927,0.011927331434556399,-0.999776195138624
8.6,0.015806622803211212,Empty,0.58956,0.04813,0.08641,-1.5059,-0.01065,-0.01815,0.7296,-0.68379,0.00232,-0.01026,0.06485554966013579,-0.9978378155980068,-0.010651358640088544,-0.9977425202478839,-0.06465558656961401,-0.01815264208703416,0.01742472288682012,0.01180461299396431,-0.9997784905389694
8.667,0.015806622803211212,Empty,0.58955,0.04811,0.08639,-1.5059,-0.01065,-0.01812,0.7296,-0.68379,0.00231,-0.01025,0.06484437752270972,-0.997838544581944,-0.010651086812149178,-0.997743941822318,-0.06464489360030501,-0.018112545052192487,0.01738485721985545,0.011801554049906883,-0.9997792206589674
8.733,0.015806622803211212,Empty,0.58953,0.04813,0.08637,-1.50587,-0.01065,-0.01806,0.72961,-0.68378,0.00229,-0.01023,0.06486575764961527,-0.9978370969936758,-0.01065651668114207,-0.9977434301987608,-0.06466676732901877,-0.018062577291871586,0.017334387204387815,0.011804112268554979,-0.9997800667915917
8.8,0.015806622803211212,Empty,0.58952,0.04812,0.08637,-1.50587,-0.01065,-0.01806,0.72961,-0.68378,0.00229,-0.01023,0.06487015504565985,-0.9978368583558306,-0.010652093264606088,-0.9977432686499852,-0.0646713284281672,-0.01805516942538757,0.01732722851454819,0.011799295991793121,-0.9997802477375227
