time,gr,gr_state,tx,ty,tz,rx,ry,rz,qw,qx,qy,qz,xx,xy,xz,yx,yy,yz,zx,zy,zz
0.0,0.015689080581068993,Empty,0.30801,-0.00056,0.48491,0.01412,0.00096,0.00637,0.99997,0.00706,0.0005,0.00318,0.999899733100748,0.014128361975277448,0.000955579901735721,0.014122001498731107,-0.9998800263939187,0.006364109691558362,0.001045379702741742,-0.006349976881208619,-0.9999792922730377
0.067,0.015689080581068993,Empty,0.30801,-0.00057,0.48491,0.01412,0.00096,0.00637,0.99997,0.00706,0.0005,0.00318,0.9998997193732192,0.014129084323247276,0.0009592567666090192,0.014122696129809709,-0.9998799901545649,0.006368260557816567,0.0010491193367665695,-0.006354074652831042,-0.9999792623269361
0.133,0.015689080581068993,Empty,0.30801,-0.00056,0.48491,0.01412,0.00096,0.00637,0.99997,0.00706,0.0005,0.00318,0.9998997452432259,0.01412770810484315,0.0009525367379157384,0.014121367092993886,-0.9998800361336528,0.006363987177082144,0.0010423310211465225,-0.006349898036149919,-0.9999792959561576
0.2,0.015689080581068993,Empty,0.30801,-0.00056,0.48491,0.01414,0.00096,0.00637,0.99997,0.00707,0.0005,0.00318,0.999899655063172,0.01413364948289031,0.0009590395425427196,0.014127268464552978,-0.9998799612802772,0.006362650067509172,0.001048851886500356,-0.006348462998704468,-0.9999792982493558
0.267,0.015689080581068993,Empty,0.30801,-0.00057,0.48491,0.01412,0.00096,0.00637,0.99997,0.00706,0.0005,0.00318,0.9998997732906891,0.014125358660511844,0.0009579227215905524,0.014118985430893793,-0.9998800815277867,0.006362139136228774,0.0010476753461086418,-0.006347976583008912,-0.9999793025706435
0.333,0.015689080581068993,Empty,0.30801,-0.00056,0.48491,0.01412,0.00096,0.00637,0.99997,0.00706,0.0005,0.00318,0.9998997063830944,0.014130011167742429,0.0009591451408805427,0.01412362701759945,-0.9998799973541325,0.006365064883227372,0.0010489684788093122,-0.006350879899622852,-0.9999792827802138
0.4,0.01568875089287758,Empty,0.30801,-0.00057,0.48491,0.01412,0.00096,0.00637,0.99997,0.00706,0.0005,0.00318,0.9998997797746747,0.014124918312440393,0.0009576477557266981,0.014118546000126297,-0.9998800826487464,0.006362938093229643,0.0010474088979383887,-0.006348779804249065,-0.9999792977505071
0.467,0.01568875089287758,Empty,0.30801,-0.00057,0.48491,0.01412,0.00096,0.00637,0.99997,0.00706,0.0005,0.00318,0.9998997938894669,0.014123826162854014,0.000959017373703614,0.014117443432177745,-0.9998800876305369,0.006364601392791576,0.0010487948993255403,-0.0063504247473171755,-0.999979285852856
0.533,0.01568875089287758,Empty,0.30801,-0.00056,0.48491,0.01412,0.00096,0.00637,0.99997,0.00706,0.0005,0.00318,0.9998997394153096,0.014127888094549124,0.0009559786524272256,0.014121527329450045,-0.9998800466862094,0.006361973331262944,0.0010457452269044731,-0.006347835597430344,-0.9999793054859428
0.6,0.015689080581068993,Empty,0.30801,-0.00056,0.48491,0.01412,0.00096,0.00637,0.99997,0.00706,0.0005,0.00318,0.9998997478038489,0.014127193722062836,0.0009574650586553195,0.014120817307615052,-0.9998800188609531,0.006367919690530846,0.0010473110159817097,-0.006353761103425261,-0.9999792662147933
0.667,0.015689080581068993,Empty,0.30801,-0.00057,0.48491,0.01412,0.00096,0.00637,0.99997,0.00706,0.0005,0.00318,0.9998998994690506,0.01411618745639076,0.0009614018301157402,0.014109790876953188,-0.9998802025697257,0.006363514008256053,0.0010511152132690236,-0.00634931183835347,-0.9999792904835518
0.733,0.015689080581068993,Empty,0.30801,-0.00056,0.48491,0.01412,0.00096,0.00637,0.99997,0.00706,0.0005,0.00318,0.9998998048366906,0.014123186776177132,0.0009570176764624734,0.014116817782722335,-0.9998801027002184,0.0063636216017454355,0.0010467775490815758,-0.006349473953486343,-0.9999792940042692
0.8,0.01568875089287758,Empty,0.30801,-0.00057,0.48491,0.01412,0.00096,0.00637,0.99997,0.00706,0.0005,0.00318,0.9998996704788035,0.014132522814985171,0.0009595703541097301,0.014126135081619584,-0.9998799568690866,0.006365858868169546,0.001049420809971258,-0.006351665164154824,-0.9999792773180882
0.867,0.01568875089287758,Empty,0.30801,-0.00056,0.48491,0.01412,0.00096,0.00637,0.99997,0.00706,0.0005,0.00318,0.9998997266216643,0.014128910350375445,0.0009542506129502854,0.014122559167789095,-0.9998800237829488,0.0063632823575211425,0.0010440423715351163,-0.006349167828959559,-0.9999792988074334
0.933,0.01568875089287758,Empty,0.30801,-0.00057,0.48491,0.01412,0.00096,0.00637,0.99997,0.00706,0.0005,0.00318,0.999899812983857,0.014122890061217475,0.0009528752104117997,0.014116544577284063,-0.9998800894692809,0.006366306001154655,0.001042671590390086,-0.00635221687456818,-0.9999792808737255
1.0,0.01568875089287758,Empty,0.30801,-0.00055,0.48492,0.0142,0.00097,0.00637,0.99997,0.0071,0.00051,0.00318,0.9998986954692939,0.014200463012073616,0.0009724448812577636,0.014193988816123382,-0.9998789758640505,0.006369011426082387,0.0010627701031356441,-0.006354563344599937,-0.9999792448068148
1.067,0.01568875089287758,Empty,0.308,-0.00046,0.48491,0.01448,0.00097,0.00639,0.99997,0.00724,0.00051,0.00319,0.9998947378730407,0.014476441300050602,0.000972533335770243,0.014469948218384321,-0.9998749432000495,0.006381109562984027,0.0010647874718811747,-0.0063663653668098175,-0.9999791675928332
1.133,0.015689080581068993,Empty,0.30801,-0.00043,0.48491,0.01458,0.00097,0.00637,0.99997,0.00729,0.00051,0.00318,0.9998933173681208,0.014574783421026138,0.0009641425229023827,0.014568346076280159,-0.9998735401103481,0.00637707454885866,0.0010569650779547295,-0.006362348263821599,-0.9999792014584072
1.2,0.015689080581068993,Empty,0.30801,-0.00044,0.48491,0.01456,0.00097,0.00639,0.99997,0.00728,0.00051,0.00319,0.9998933592646293,0.01457145340458027,0.0009710016340070634,0.014564971003535876,-0.9998735803919632,0.006378467983945209,0.0010638224293817466,-0.006363645168785163,-0.9999791859343897
1.267,0.015689080581068993,Empty,0.30801,-0.00044,0.48491,0.01456,0.00097,0.00637,0.99997,0.00728,0.00051,0.00318,0.9998933761001843,0.014570666975814606,0.0009654505971248405,0.014564225721361679,-0.9998736262320445,0.0063729816192370226,0.0010581871823118674,-0.006358241066663977,-0.9999792262894392
1.333,0.01568875089287758,Empty,0.30802,-0.00042,0.48486,0.01462,0.00083,0.00639,0.99997,0.00731,0.00044,0.00319,0.9998926325156143,0.014630142618418551,0.0008260556636286078,0.014624576508907916,-0.9998726751032201,0.006383991217554321,0.0009193491881640214,-0.006371225070223598,-0.9999792809294474
1.4,0.01568875089287758,Empty,0.30826,-0.00043,0.48418,0.01462,-0.00123,0.00635,0.99997,0.00731,-0.00059,0.00318,0.9998923522594547,0.014621310132311327,-0.001225227762200124,0.014628804862253375,-0.9998728343398811,0.006349269047291809,-0.001132237323449151,-0.006366509180669796,-0.9999790925811879
1.467,0.015689080581068993,Empty,0.30893,-0.00038,0.48196,0.01478,-0.00779,0.0063,0.99996,0.0074,-0.00387,0.00318,0.9998604619774741,0.014777388850065853,-0.007790080421019897,0.014826654281038631,-0.999870201704782,0.0063047653143344755,-0.007695901313203462,-0.006419386389073975,-0.9999497810297102
1.533,0.015689080581068993,Empty,0.31028,0.00014,0.47773,0.01736,-0.02048,0.00636,0.9999,0.00871,-0.01021,0.00327,0.9996397308865659,0.017343445554503234,-0.020484465561299417,0.01747696853386216,-0.9998270551572574,0.006357306539142019,-0.020370665278789266,-0.006713022557999148,-0.9997699592027336
1.6,0.015689080581068993,Empty,0.3123,0.00152,0.47096,0.02225,-0.04036,0.00649,0.99973,0.01119,-0.02014,0.00347,0.9989381618359248,0.022228484740420662,-0.04035397494681856,0.022508115454452637,-0.9997256054769118,0.006488335110866324,-0.040198676179105726,-0.007389737476173382,-0.9991643799763283
1.667,0.01568875089287758,Empty,0.31459,0.0045,0.46189,0.03106,-0.0664,0.00667,0.99932,0.01563,-0.03314,0.00385,0.997315180867997,0.030979300080047956,-0.0663529424877698,0.03148989588104123,-0.9994818619110064,0.0066628948895576245,-0.06611215068076462,-0.008734453472224207,-0.9977739688200455
1.733,0.01568875089287758,Empty,0.31718,0.00893,0.45143,0.04395,-0.09749,0.00761,0.99856,0.02213,-0.04863,0.00487,0.9942904634033968,0.04373085211700184,-0.09733492157586335,0.04467754873796215,-0.9989728013607373,0.0075669531680752425,-0.09690402996689858,-0.011872435074648696,-0.9952229168691669
1.8,0.01568875089287758,Empty,0.32036,0.01466,0.44155,0.06049,-0.12825,0.00945,0.99747,0.03048,-0.06391,0.00665,0.9899724766949065,0.05994948885829343,-0.12790838194654014,0.06164977348632933,-0.9980538414672389,0.009372030813626975,-0.12709760350076207,-0.017163575330234354,-0.9917417057209233
1.867,0.01568875089287758,Empty,0.32397,0.02122,0.43286,0.07893,-0.15504,0.01175,0.99619,0.03979,-0.07715,0.00891,0.9849296239686305,0.07790144451542308,-0.1544182656664126,0.08064970228309154,-0.9966749589771843,0.011603950597823029,-0.15300085408474334,-0.0238828618519319,-0.9879374208719398
1.933,0.01568875089287758,Empty,0.32785,0.02746,0.42564,0.09572,-0.17644,0.01358,0.99492,0.04825,-0.08768,0.01097,0.9799677842480632,0.09407991053687237,-0.17553379238572825,0.09792880540396326,-0.9951035371125081,0.013375331709078606,-0.1734159476752197,-0.0302972087748903,-0.9843825416129426
2.0,0.015689080581068993,Empty,0.33196,0.03314,0.41941,0.11106,-0.19295,0.0143,0.99375,0.05593,-0.09578,0.01245,0.9753973230359706,0.10877438271794532,-0.19175034779262404,0.11354427451623073,-0.9934338440727883,0.014031934127022694,-0.18896497013691496,-0.03545886511286345,-0.9813434204935919
2.067,0.015689080581068993,Empty,0.33614,0.03793,0.41451,0.12367,-0.20524,0.01408,0.99277,0.06219,-0.10181,0.01332,0.9715344513011276,0.12075961627868947,-0.20380854989730174,0.12618535933153502,-0.9919108190001692,0.013790657735770498,-0.20049455111146716,-0.039115754200033534,-0.9789136288498459
2.133,0.015689080581068993,Empty,0.34013,0.04222,0.40998,0.13465,-0.21458,0.01372,0.99192,0.06762,-0.10638,0.01401,0.9682194868374171,0.13117382876708839,-0.21294236768400843,0.137137132059738,-0.9904612520272386,0.013413248788592874,-0.2091516969061423,-0.04218927445710915,-0.9769726878485722
2.2,0.01568875089287758,Empty,0.34392,0.04581,0.40603,0.14363,-0.22138,0.01334,0.99124,0.07205,-0.1097,0.01454,0.9655464231115705,0.1396542078035738,-0.21958325769331358,0.14603437358933924,-0.9891938998208459,0.01301500240473126,-0.2153928191626202,-0.04463329250662625,-0.9755069464915136
2.267,0.01568875089287758,Empty,0.34805,0.04931,0.40208,0.15203,-0.22384,0.01306,0.9908,0.07619,-0.11087,0.01495,0.9638033217261899,0.1476675944106361,-0.2219852215588659,0.15429608482328505,-0.9879427542907235,0.012721338477705887,-0.2174301617480163,-0.04651231885677863,-0.9749670399335545
2.333,0.01568875089287758,Empty,0.35246,0.05312,0.39788,0.16104,-0.2225,0.01276,0.99052,0.08064,-0.11015,0.01525,0.9627265617552924,0.15639003026584491,-0.22068014347530496,0.16310893060688614,-0.9865295993640195,0.012442923086853783,-0.21576154441213818,-0.047974034770023474,-0.975266859859789
2.4,0.01568875089287758,Empty,0.35695,0.05722,0.39349,0.16971,-0.21871,0.01244,0.99037,0.08492,-0.10822,0.01541,0.9621561958280037,0.1648624570326001,-0.21696964094305454,0.17153102928172625,-0.9851039750710336,0.012135250009777693,-0.21173700862942113,-0.04889303181867819,-0.9761029200941067
2.467,0.01568875089287758,Empty,0.36148,0.0616,0.38887,0.17633,-0.21437,0.01305,0.99032,0.08824,-0.10599,0.01588,0.961958387662301,0.17141458379341157,-0.21272776233740123,0.17814557723053998,-0.9839216690591353,0.012739798628028778,-0.20712366769479562,-0.05015166616191845,-0.9770284523297361
2.533,0.01568875089287758,Empty,0.36619,0.06609,0.38376,0.17763,-0.21015,0.01459,0.99047,0.08897,-0.10382,0.01653,0.9626116920960597,0.17280579371362875,-0.20860701785645508,0.17967049029652338,-0.9836233238643107,0.01427135826515534,-0.20272455489300628,-0.051218301505695146,-0.9778954138527822
2.6,0.01568875089287758,Empty,0.3704,0.07037,0.37833,0.17721,-0.20831,0.01627,0.99057,0.08885,-0.10284,0.01726,0.963058749458454,0.17246800399598328,-0.20681545563414833,0.17957018030371363,-0.9836161982165199,0.015928746082838896,-0.20067983316021223,-0.05247820694079879,-0.9782502963756609
2.667,0.015689080581068993,Empty,0.37436,0.07466,0.37276,0.17514,-0.20725,0.01834,0.9907,0.08793,-0.10224,0.01813,0.9636291841871402,0.17052680770826234,-0.2057654082581824,0.1779414098949288,-0.9838774838980469,0.01794300206357309,-0.1993881892877111,-0.053904587293455694,-0.9784368377372605
2.733,0.015689080581068993,Empty,0.3782,0.07872,0.36759,0.16992,-0.20577,0.0208,0.99098,0.08547,-0.10145,0.01902,0.9648060717628858,0.16553010037388766,-0.2043257931825544,0.17325052423424975,-0.9846672141378785,0.020365000724456128,-0.19782188893554442,-0.05504782713386726,-0.9786910835323946
2.8,0.015689080581068993,Empty,0.38187,0.08242,0.36268,0.16157,-0.20429,0.02362,0.99138,0.08147,-0.10068,0.01994,0.9664545141961927,0.1575152726882561,-0.20286599236871958,0.16554540959974146,-0.9859308143307919,0.023133238283374227,-0.19636799471974772,-0.055940756367480866,-0.9789332165305147
2.867,0.01568875089287758,Empty,0.38543,0.0863,0.35752,0.15542,-0.20271,0.02609,0.99168,0.07854,-0.09986,0.02079,0.9677176585404749,0.1516304883341042,-0.20132244871474758,0.15993405620633483,-0.9867971566490796,0.02554347851568138,-0.19479124984025858,-0.05691719104851551,-0.9791919129306659
2.933,0.01568875089287758,Empty,0.38968,0.0906,0.35145,0.15582,-0.19931,0.02709,0.99182,0.07878,-0.09813,0.02118,0.9683298561478252,0.15211332797845067,-0.1979869317506895,0.1604254490540426,-0.9866909060150748,0.0265467753778017,-0.19131378671841878,-0.05746817761571186,-0.9798451120319928
3.0,0.01568875089287758,Empty,0.39436,0.09464,0.344,0.15862,-0.19721,0.02738,0.99181,0.08018,-0.09705,0.02138,0.9683034403205688,0.15489554217382862,-0.1959485097621989,0.16319447182695113,-0.9862287558464446,0.0268403708375336,-0.18909260119971213,-0.0579673369773839,-0.9802467934225938
3.067,0.01568875089287758,Empty,0.3988,0.09823,0.33519,0.16151,-0.19899,0.02764,0.99161,0.08163,-0.09789,0.02172,0.9675051619101199,0.1576440386286378,-0.19769197950884365,0.16615082090020794,-0.9857278729496834,0.027101018510012703,-0.190598180451597,-0.05906705998224044,-0.9798894917456739
3.133,0.01568875089287758,Empty,0.40279,0.10089,0.32507,0.16479,-0.20547,0.02778,0.99114,0.08328,-0.10106,0.02221,0.9657025816834522,0.16060414428757813,-0.20402164730138256,0.16958012435321468,-0.9851414107990699,0.027184226182946428,-0.19662427407180216,-0.060849893726054406,-0.9785888744918699
3.2,0.015689080581068993,Empty,0.40659,0.10327,0.31446,0.16822,-0.21338,0.02781,0.99058,0.085,-0.10494,0.02272,0.9635246465297486,0.16363048010369913,-0.21176713982758505,0.17316798880653506,-0.984517352195103,0.02717408470295231,-0.20404191525866155,-0.0628541900574368,-0.976942294923196
3.267,0.015689080581068993,Empty,0.41081,0.10646,0.3035,0.17328,-0.2209,0.02774,0.98995,0.08752,-0.10861,0.02327,0.9610878237333357,0.1682264781740076,-0.21911195109507564,0.17833654744097072,-0.9835972921039844,0.02706368069098357,-0.210965094075667,-0.06508624283886195,-0.975324310203927
3.333,0.01568875089287758,Empty,0.41522,0.11008,0.2931,0.1794,-0.22652,0.02744,0.98937,0.09054,-0.11133,0.0237,0.9588178902188642,0.17387351289676622,-0.22458017479106224,0.18442838783411936,-0.9824820906675404,0.0267415646222548,-0.2159963498699772,-0.06705925014848219,-0.974088617022276
3.4,0.01568875089287758,Empty,0.41992,0.11402,0.28308,0.18597,-0.22994,0.02693,0.98887,0.09377,-0.11297,0.02397,0.9568920615966244,0.1800291647643607,-0.22791902572538425,0.1908615251044517,-0.981266581981801,0.026225432704832227,-0.21892798059673504,-0.06859588121745806,-0.9733268435586455
3.467,0.01568875089287758,Empty,0.42504,0.11862,0.27399,0.19328,-0.23187,0.02638,0.98842,0.09735,-0.11386,0.0242,0.9551165117820055,0.1869393538646848,-0.22979583742537116,0.19796189239253442,-0.9798734293549041,0.025673947975057163,-0.22037136402386778,-0.07001243047426293,-0.9729001600870185
3.533,0.01568875089287758,Empty,0.43075,0.1231,0.26644,0.19966,-0.23149,0.02574,0.98813,0.10047,-0.11363,0.02423,0.9539877450603476,0.19305023293622625,-0.2294318849635809,0.2040640275573477,-0.978636857819082,0.025055402113480896,-0.21969354776994976,-0.0707213410595623,-0.9730021772776206
3.6,0.01568875089287758,Empty,0.43776,0.12722,0.26017,0.20445,-0.22698,0.02478,0.98816,0.10278,-0.11139,0.0238,0.9540583768739407,0.1978170038265918,-0.22503565609416518,0.20841942206376574,-0.9777418054564282,0.024131025038519688,-0.21525324160919654,-0.06992420796744078,-0.9740516655274805
3.667,0.01568875089287758,Empty,0.4454,0.13047,0.25563,0.20679,-0.22082,0.02363,0.9884,0.10387,-0.10838,0.02305,0.9549289956617253,0.20033777011479853,-0.2190328539509964,0.21033225098829023,-0.9773579864412135,0.02305884935930956,-0.20945395063996114,-0.06808923707170299,-0.9754449745404947
3.733,0.01568875089287758,Empty,0.45245,0.13262,0.25189,0.20702,-0.21782,0.02286,0.98856,0.10394,-0.10693,0.02253,0.9555253168807809,0.20068386375850256,-0.21609570941331135,0.21031881210088088,-0.9773782796248964,0.022309096663741035,-0.20673017698526228,-0.06676589956284985,-0.9761172821844749
3.8,0.01568875089287758,Empty,0.45811,0.1339,0.24866,0.20618,-0.21905,0.0225,0.98854,0.10351,-0.10757,0.02237,0.9554283827483028,0.19983045032234664,-0.21731174971209136,0.20945818054937404,-0.9775708073246221,0.021967868982491576,-0.20804777345578168,-0.06650644924106415,-0.9758550180069975
3.867,0.015689080581068993,Empty,0.46291,0.13446,0.24585,0.20446,-0.22192,0.0224,0.98847,0.10265,-0.10901,0.02237,0.9551601980092381,0.19806145134676095,-0.22009238430569966,0.20781595105958622,-0.977923929819552,0.02184760791216314,-0.21090644045204704,-0.06660667366487086,-0.9752343433242846
3.933,0.015689080581068993,Empty,0.46758,0.13534,0.24354,0.2035,-0.22348,0.02224,0.98844,0.10217,-0.1098,0.02232,0.9550110992843535,0.19707570693709775,-0.22161896574736994,0.20687943488179839,-0.9781259475225307,0.02169170823471267,-0.2124963521255804,-0.0665642285194929,-0.9748920472621194
4.0,0.01568875089287758,Empty,0.47162,0.13648,0.24117,0.20339,-0.22547,0.02213,0.98833,0.10211,-0.11079,0.02236,0.9545968098745921,0.1968915497931542,-0.22355904856950354,0.2067997809090666,-0.9781455168574408,0.02156846002041017,-0.21442663359110453,-0.06682114539380396,-0.9744517193453179
4.067,0.01568875089287758,Empty,0.47496,0.1374,0.23889,0.20328,-0.2276,0.02207,0.98822,0.10205,-0.11185,0.02243,0.954149446699601,0.19668015452425575,-0.2256451864746064,0.2067135780122894,-0.9781653857723301,0.02149359770316392,-0.21649094675806244,-0.06715202821347381,-0.9739724200810896
4.133,0.01568875089287758,Empty,0.47684,0.13797,0.23537,0.2032,-0.23296,0.02227,0.98791,0.10202,-0.11449,0.02279,0.9529696456735577,0.19635404616085783,-0.23085480930895408,0.20679101193546617,-0.9781451088546226,0.021670796166366066,-0.22155435407032706,-0.06839031057129343,-0.9727468497057405
4.2,0.01568875089287758,Empty,0.47729,0.13881,0.23109,0.20441,-0.24053,0.02256,0.9874,0.10263,-0.1182,0.02338,0.9509937349589557,0.19714043141688314,-0.23821537811312826,0.20819399647317283,-0.9778421516727238,0.021908588375020244,-0.2286179693316864,-0.0704299418771791,-0.9709652143026718
4.267,0.01568875089287758,Empty,0.47692,0.14068,0.22623,0.20806,-0.24944,0.02266,0.98666,0.10443,-0.12255,0.0241,0.9481550488152256,0.20015943066675462,-0.24685665014610747,0.2119737648702712,-0.977028455634392,0.021966335320159958,-0.23678920248381227,-0.07315462525251169,-0.9688030111386134
4.333,0.01568875089287758,Empty,0.47617,0.14377,0.22149,0.21424,-0.2573,0.02232,0.98584,0.10745,-0.12637,0.02472,0.9449683051664328,0.2056073005700459,-0.254480923024062,0.21810448960839407,-0.9756866423037613,0.02158721016422252,-0.24385514930700503,-0.07590266123339302,-0.9668368281019017
4.4,0.01568875089287758,Empty,0.47532,0.14841,0.21683,0.22342,-0.26357,0.0215,0.98494,0.11191,-0.12939,0.02524,0.9414697086949646,0.21391544985293753,-0.2605282478427898,0.22697903702724137,-0.9736783152530143,0.020761867840778866,-0.24922942113643987,-0.07868112048177232,-0.9652429626367279
4.467,0.01568875089287758,Empty,0.47438,0.15367,0.21245,0.23285,-0.26972,0.02094,0.984,0.1165,-0.13233,0.02592,0.9378374781938394,0.2224038432949047,-0.2664533636167402,0.2361218846324687,-0.9715140009058333,0.020174281686143297,-0.254376335559404,-0.08183566784475005,-0.9636366552678314
4.534,0.01568875089287758,Empty,0.47312,0.15777,0.20774,0.23874,-0.2781,0.02135,0.98307,0.1194,-0.13635,0.027,0.9343060205756866,0.2273842137296187,-0.27453356673199064,0.2421100408438543,-0.970031662111201,0.020525657708548056,-0.26163904150300765,-0.08564457862786333,-0.9613584233328603
4.6,0.01568875089287758,Empty,0.47161,0.15956,0.20257,0.23437,-0.28772,0.02401,0.98261,0.11741,-0.14098,0.02856,0.9326797133911892,0.22267437939638896,-0.2837686962809012,0.2387827507342276,-0.9707998534413607,0.02303133756490658,-0.2703541199618107,-0.08923993118927206,-0.9586161298982033
4.667,0.01568875089287758,Empty,0.47009,0.16045,0.19761,0.21744,-0.29671,0.03005,0.98282,0.10951,-0.14531,0.03081,0.9337871206833617,0.20629938226877553,-0.29237335398664266,0.22421003619116375,-0.9741167741138708,0.028746653042462877,-0.2788753716573661,-0.09239629465248209,-0.9558720896738526
4.733,0.01568875089287758,Empty,0.46941,0.16261,0.19347,0.19337,-0.30009,0.03791,0.9837,0.09825,-0.14695,0.03308,0.9375056900093247,0.18357513406378134,-0.2956065820539267,0.2030205985536938,-0.9785047230195496,0.03620971680825841,-0.2826052330779457,-0.09396104076636834,-0.9546232791290294
4.8,0.01568875089287758,Empty,0.47096,0.1669,0.19005,0.16914,-0.29287,0.04508,0.98523,0.08682,-0.14347,0.03454,0.9437571670989964,0.16115788216472154,-0.2887049472479797,0.18098200933789083,-0.9825391258505176,0.043155283209830336,-0.2767090924514347,-0.09297850928619346,-0.956445019311419
4.867,0.015689080581068993,Empty,0.47523,0.17325,0.1875,0.14712,-0.27432,0.04939,0.98738,0.07615,-0.13452,0.03444,0.9522090260502973,0.141111902797882,-0.27089740049898065,0.15964266414624906,-0.9860305506860895,0.04751813230731107,-0.2604077389261541,-0.08849397721002455,-0.9614346704300399
4.933,0.015689080581068993,Empty,0.48086,0.1804,0.18559,0.12495,-0.25016,0.05097,0.98973,0.0651,-0.12289,0.03302,0.9613180500013687,0.12074872659875524,-0.2475628238777889,0.13697977034448294,-0.9893433904322381,0.04935785980385288,-0.23896474480127586,-0.08135970029949204,-0.967613791710948
5.0,0.01568875089287758,Empty,0.48723,0.18743,0.18443,0.10287,-0.22458,0.05019,0.99193,0.05388,-0.11059,0.03066,0.9697335834845269,0.10011430202385446,-0.22269688725380576,0.113678675557842,-0.9923126665868363,0.04891554410140983,-0.2160877964755823,-0.07275093306342233,-0.9736597793648091
5.067,0.01568875089287758,Empty,0.49281,0.19356,0.18344,0.08403,-0.20312,0.0481,0.99358,0.04421,-0.10026,0.02816,0.9759849897925172,0.08221377038747862,-0.2017280239787606,0.09350734624475054,-0.9945042473819412,0.047092230118595535,-0.19674774686883897,-0.0648243619170557,-0.9783088092233873
5.133,0.01568875089287758,Empty,0.49698,0.19871,0.18235,0.07121,-0.18827,0.04574,0.9946,0.03758,-0.0931,0.0261,0.9798380983044933,0.0699011552142958,-0.18716604823188687,0.07962022395697371,-0.9958128907720816,0.04491443542104476,-0.18324279262245333,-0.05891107766674108,-0.9813009547942301
5.2,0.01568875089287758,Empty,0.49954,0.20363,0.1807,0.06546,-0.17984,0.04399,0.99512,0.03456,-0.08901,0.02483,0.9817658112568683,0.06436623037665112,-0.17886553674266886,0.0732048305899426,-0.9963784600742434,0.043255254922114364,-0.17543359035669603,-0.055560351755358624,-0.9829222261640949
5.267,0.01568875089287758,Empty,0.50023,0.20861,0.17807,0.06709,-0.17678,0.04235,0.99525,0.03527,-0.0875,0.02404,0.9821985572686482,0.06599294281387541,-0.17587190110461287,0.07440850763635143,-0.9963561734989334,0.04168632295962922,-0.1724800512833794,-0.05403061196514495,-0.9835300325256747
5.333,0.01568875089287758,Empty,0.50012,0.21303,0.1744,0.06889,-0.1767,0.04095,0.99524,0.0361,-0.08746,0.02342,0.9820966903759509,0.06775549351233545,-0.17577054318486868,0.07594941095115004,-0.9962965865045889,0.040308791788860696,-0.17238845010260204,-0.05293680022634789,-0.9836055700599802
5.4,0.01568875089287758,Empty,0.49945,0.21575,0.16981,0.06447,-0.18052,0.04195,0.99513,0.03398,-0.0894,0.02378,0.98170673259861,0.06337563073078378,-0.1795422529658036,0.07187881745726299,-0.9965599774060905,0.041251024633548405,-0.17631031385459767,-0.053401693436140374,-0.9828850046504148
5.467,0.01568875089287758,Empty,0.4983,0.21641,0.16406,0.05363,-0.18749,0.0456,0.99494,0.02882,-0.09294,0.0252,0.9810637873767758,0.05266213636467537,-0.18638815544836784,0.06203114301774226,-0.9970685990896764,0.04479225385334633,-0.18348292125930657,-0.0555059285379367,-0.9814545886098309
5.534,0.01568875089287758,Empty,0.49754,0.21672,0.15751,0.04015,-0.19266,0.04924,0.99481,0.02234,-0.09564,0.02643,0.9807065555720126,0.03939619085078572,-0.1914747816411545,0.0495070613746858,-0.9976047474624705,0.048309613063900664,-0.1891129364483625,-0.05685690799532785,-0.9803079053445853
5.6,0.01568875089287758,Empty,0.49855,0.21866,0.15139,0.03142,-0.18913,0.0488,0.99508,0.01794,-0.094,0.02577,0.9816842608025274,0.030858571374327404,-0.18799936347054758,0.040549516902396276,-0.9980277133826931,0.04792097660832309,-0.1861498019649171,-0.054666551865365474,-0.9809993982340526
5.667,0.01568875089287758,Empty,0.50079,0.22219,0.14613,0.02566,-0.17824,0.04436,0.99568,0.01475,-0.08869,0.02323,0.9838324675635745,0.02524942284505699,-0.17730240385781432,0.03348988567701938,-0.9984859000121094,0.04363868735821387,-0.17593209862076953,-0.048870994700325916,-0.9831884471208417
5.733,0.01568875089287758,Empty,0.50312,0.22585,0.14153,0.01712,-0.16511,0.03977,0.99635,0.01017,-0.08227,0.02052,0.9862569078630274,0.01689034068295342,-0.16435336347052182,0.023641805642526603,-0.9989512773892297,0.03920982566126441,-0.16351873506855608,-0.04255657169039258,-0.9856219160953859
5.8,0.01568875089287758,Empty,0.50523,0.22837,0.13775,0.00308,-0.15391,0.03649,0.99687,0.00294,-0.07684,0.01831,0.9881750310206092,0.0030398516508707285,-0.15329992618836624,0.008666757465383534,-0.9993123943530225,0.036050323264364324,-0.15308492865874843,-0.03695264258980203,-0.9875219019460663
5.867,0.01568875089287758,Empty,0.50737,0.22985,0.1351,-0.01163,-0.14397,0.03365,0.99726,-0.00459,-0.07201,0.01636,0.9895865122407306,-0.01151723171960084,-0.14347783161430663,-0.006803844635669187,-0.9994222945502553,0.033298421194946456,-0.14377844932186454,-0.03197546761846343,-0.9890931841748687
5.933,0.01568875089287758,Empty,0.50911,0.23182,0.13375,-0.02151,-0.13464,0.03002,0.99758,-0.00972,-0.06742,0.01425,0.990718994584939,-0.021316101303124724,-0.13424417154514662,-0.017473643451137888,-0.9994050299385326,0.02973647454059381,-0.13479816598585584,-0.027114755370384533,-0.9905020163977728
6.0,0.01568875089287758,Empty,0.51032,0.23508,0.13342,-0.02327,-0.12537,0.02455,0.9979,-0.01084,-0.06278,0.01152,0.991881814583065,-0.023083776885971796,-0.125050410411502,-0.020191977269321815,-0.9994997122060592,0.024343569047278517,-0.12554979073404154,-0.021620928395494336,-0.9918516953163691
6.067,0.01568875089287758,Empty,0.51097,0.23863,0.13339,-0.02699,-0.11766,0.01978,0.99814,-0.01289,-0.05892,0.00908,0.9927255681576304,-0.02680437560682436,-0.11737747558385356,-0.024665476601444913,-0.9995028677186687,0.01963750712745721,-0.11784549456866572,-0.016599484042754267,-0.9928931949305427
6.133,0.01568875089287758,Empty,0.5109,0.2422,0.13358,-0.0319,-0.11256,0.01618,0.99826,-0.01547,-0.05637,0.00718,0.9931670217778833,-0.03170210653679206,-0.1123131483575247,-0.030084301987859607,-0.9994181681836649,0.016070466026556526,-0.11275726862048739,-0.01258179420978281,-0.9935429013523824
6.2,0.01568875089287758,Empty,0.5103,0.24513,0.13374,-0.04125,-0.11022,0.01464,0.99825,-0.02019,-0.05522,0.00617,0.9930857216950484,-0.040998907199409906,-0.10999926806065494,-0.03963500303020295,-0.999108165515194,0.014558163883533662,-0.11049803573014991,-0.010097683363929704,-0.9938250454131555
6.267,0.01568875089287758,Empty,0.50933,0.2471,0.13353,-0.05055,-0.11076,0.01487,0.99813,-0.02482,-0.05552,0.00602,0.9926024912232716,-0.050225920484310516,-0.11053348510229233,-0.04888822987326813,-0.9986948804498128,0.014780958804896618,-0.11113161295155168,-0.009267830104034678,-0.9937624826526454
6.333,0.01568875089287758,Empty,0.50831,0.24833,0.13244,-0.05556,-0.11287,0.01558,0.998,-0.02729,-0.0566,0.00621,0.9921033642908861,-0.05516496275274707,-0.11263987503186416,-0.053757991616858736,-0.998433803085268,0.01549255285645585,-0.11331810490838455,-0.009314920352657286,-0.9935150926678447
6.4,0.015689080581068993,Empty,0.50753,0.24854,0.13069,-0.05742,-0.11582,0.01678,0.99789,-0.02817,-0.05809,0.00671,0.9916629729144419,-0.05699980703728491,-0.11556630195780743,-0.055439796131964536,-0.9983228454175619,0.01667109241258774,-0.11632272845552187,-0.01012513284333238,-0.9931598584968928
6.467,0.015689080581068993,Empty,0.50677,0.2481,0.12829,-0.05909,-0.11974,0.0186,0.99775,-0.02893,-0.06008,0.00751,0.9911069425917739,-0.05862271188845142,-0.11945880460321764,-0.05681900207152912,-0.998213959951969,0.018452402569966955,-0.12032717627361512,-0.011500774228379855,-0.9926676698886522
6.534,0.015689080581068993,Empty,0.50572,0.24748,0.12494,-0.06119,-0.1252,0.02112,0.99754,-0.02987,-0.06285,0.00862,0.9903144717191859,-0.060676765697989965,-0.12488225337485576,-0.05850982307367114,-0.9980669693548299,0.020950543829527754,-0.12591206339123404,-0.013440788194764368,-0.991950350322669
6.6,0.015689080581068993,Empty,0.50435,0.24663,0.12061,-0.06472,-0.1322,0.02454,0.99724,-0.03147,-0.06641,0.0101,0.9891991935186708,-0.06410133133854168,-0.13181796107753185,-0.06141717845621664,-0.9978155400792879,0.02433265638511946,-0.13308976569401737,-0.015973956833093772,-0.9909752504329289
6.667,0.015689080581068993,Empty,0.50296,0.24621,0.11617,-0.0678,-0.13859,0.02748,0.99696,-0.03286,-0.06966,0.01135,0.9881354142389662,-0.067095673294362,-0.13815416661093735,-0.06393171917865331,-0.9975830312520919,0.027218211564125072,-0.1396464765386089,-0.018062845375629234,-0.9900366635672075
6.733,0.015689080581068993,Empty,0.5015,0.24602,0.11188,-0.06917,-0.14475,0.03,0.99671,-0.0334,-0.07278,0.01245,0.9871740701044691,-0.0683967875226924,-0.14425406327016335,-0.06477126277077905,-0.9974584586589506,0.029686811361093614,-0.14591791813363883,-0.019962532561930032,-0.9890952726917961
6.8,0.015689080581068993,Empty,0.50062,0.24588,0.10779,-0.06945,-0.14863,0.03118,0.99656,-0.03346,-0.07473,0.01296,0.9865934571832333,-0.06861839994953073,-0.14807047454371747,-0.06474561933958706,-0.9974256246776525,0.030824146585559042,-0.14980438918659472,-0.0208239867643299,-0.9884963361366951
6.867,0.01568875089287758,Empty,0.50096,0.24617,0.10447,-0.06967,-0.14747,0.02965,0.99661,-0.03364,-0.07413,0.01221,0.9867458886882754,-0.06885989161695616,-0.1469383084266534,-0.06523901484864747,-0.9974386333302118,0.029326501358615573,-0.14858136524599308,-0.019351694159943412,-0.988710822149114
6.934,0.01568875089287758,Empty,0.50218,0.24687,0.1017,-0.0698,-0.14237,0.02599,0.99681,-0.03388,-0.07153,0.01047,0.9874725523909786,-0.06903952321594031,-0.14188552607141353,-0.06604530071450004,-0.9974853248597803,0.02571079428780839,-0.1433037910453781,-0.016017831422959906,-0.989549115783814
7.0,0.01568875089287758,Empty,0.5042,0.24787,0.09969,-0.07045,-0.13381,0.02059,0.99712,-0.03445,-0.06717,0.00791,0.9886029182279027,-0.06976921217203569,-0.13340362477896894,-0.0676451245810138,-0.9975009797672945,0.020394422857889588,-0.13449314923702838,-0.011137881135151384,-0.990851926582436
7.067,0.01568875089287758,Empty,0.50672,0.24874,0.0984,-0.07223,-0.1234,0.01455,0.99744,-0.03559,-0.06188,0.00503,0.9898082634600128,-0.07162084416916514,-0.12308556481882876,-0.07037588181161103,-0.9974160465501731,0.014438328970522142,-0.12380160275825204,-0.005628922163171604,-0.9922910250474751
7.133,0.01568875089287758,Empty,0.50939,0.24973,0.09845,-0.07392,-0.11221,0.00826,0.99774,-0.03666,-0.05619,0.00205,0.9909981155931005,-0.07338730273015875,-0.11196891840558276,-0.07292738259896375,-0.9973035157325842,0.00820331485994761,-0.11226901512968047,3.613058393109211e-05,-0.9936778486694732
7.2,0.01568875089287758,Empty,0.51167,0.25072,0.09931,-0.07603,-0.10264,0.00305,0.99796,-0.03788,-0.05132,-0.00043,0.991863207314757,-0.07556847640943576,-0.10245381080487066,-0.07565694174873872,-0.9971293094778297,0.0030277624567170494,-0.10238850101701674,0.004748215814693774,-0.9947331548239787
7.267,0.01568875089287758,Empty,0.5132,0.25189,0.10008,-0.07808,-0.0961,-0.00069,0.99808,-0.039,-0.04798,-0.00222,0.9923540442063017,-0.07762735945776394,-0.0959554272097845,-0.07805418999789476,-0.9969488741114082,-0.00069701633293099,-0.09560854758424936,0.008181410123623493,-0.9953853877555262
7.333,0.01568875089287758,Empty,0.51357,0.25334,0.10064,-0.08151,-0.09368,-0.00227,0.99807,-0.04075,-0.04674,-0.00304,0.9923100250204251,-0.08105951819534823,-0.09354233669254448,-0.08162804378946709,-0.9966602978018532,-0.0022612502351615493,-0.09304663729049131,0.009879539233138708,-0.9956127349494245
7.4,0.01568875089287758,Empty,0.51312,0.25483,0.10089,-0.0878,-0.09368,-0.0026,0.99794,-0.0439,-0.04672,-0.00335,0.9917803535024603,-0.08730222778269853,-0.09354170957766375,-0.08792856494497564,-0.9961234225019848,-0.002587394374502623,-0.09295320259814242,0.010791115193058245,-0.9956119997065316
7.467,0.01568875089287758,Empty,0.51274,0.25561,0.10091,-0.09254,-0.09389,-0.0024,0.99783,-0.04626,-0.04682,-0.00337,0.9913357231658753,-0.09199654931488044,-0.0937556339072266,-0.0926272843419218,-0.9956979864191835,-0.0023887310907845932,-0.09313254087928657,0.011052364223913468,-0.9955923739535324
7.533,0.01568875089287758,Empty,0.51284,0.25544,0.10092,-0.09417,-0.09382,-0.00221,0.99779,-0.04707,-0.04679,-0.00331,0.9911895541889876,-0.09362711790014566,-0.09368687453612984,-0.09424741955084343,-0.9955463554053746,-0.0022086527754085067,-0.09306283669996099,0.011018939730629293,-0.9955992624507959
7.6,0.01568875089287758,Empty,0.51303,0.25502,0.10088,-0.09489,-0.09375,-0.00198,0.99777,-0.04742,-0.04676,-0.00321,0.9911288353850297,-0.09433354724460652,-0.09362058284674749,-0.09493367230063737,-0.9954816559869266,-0.0019673477174792717,-0.09301198595788797,0.010837640784590454,-0.9956060044065593
7.667,0.01568875089287758,Empty,0.51312,0.2549,0.10091,-0.09513,-0.09367,-0.00197,0.99777,-0.04754,-0.04672,-0.00321,0.99111446313657,-0.09456988413022022,-0.09353426098016243,-0.09517051444699026,-0.9954590324599271,-0.0019717692160163766,-0.09292305495087663,0.010855952723862394,-0.9956141090548354
7.733,0.015689080581068993,Empty,0.5131,0.25489,0.10087,-0.09511,-0.09375,-0.00195,0.99777,-0.04753,-0.04676,-0.0032,0.9911088017017264,-0.09455141524417199,-0.09361288941535836,-0.09514903331424385,-0.9954611655123109,-0.0019311696550014384,-0.09300540118043059,0.010821175176275814,-0.9956067986504871
7.8,0.015689080581068993,Empty,0.51303,0.25481,0.10066,-0.0952,-0.0941,-0.00175,0.99776,-0.04757,-0.04694,-0.00311,0.9910671198368658,-0.0946407385562344,-0.0939632618835156,-0.09522502564448454,-0.9954542446231607,-0.0017439474589518236,-0.09337107940506481,0.010676023007787378,-0.9955741379040893
7.867,0.015689080581068993,Empty,0.51279,0.25469,0.10005,-0.0953,-0.09508,-0.00128,0.99773,-0.04761,-0.04744,-0.0029,0.9909655557841028,-0.09472291964579238,-0.09494648884124374,-0.09527309525443961,-0.9954503651773017,-0.001267986204573232,-0.09439440963395111,0.01030237652938792,-0.9954815701296053
7.933,0.015689080581068993,Empty,0.51234,0.25426,0.0986,-0.09579,-0.09731,-6e-05,0.99767,-0.04782,-0.04858,-0.00236,0.9907049767680438,-0.09519515445365784,-0.09716754383833337,-0.09565380798381229,-0.9954146598979479,-6.22771937855357e-05,-0.09671606911587223,0.009356143906392956,-0.995268036533866
8.0,0.015689080581068993,Empty,0.5115,0.25392,0.09639,-0.09602,-0.10084,0.00156,0.99758,-0.04789,-0.05038,-0.00164,0.9903371527416107,-0.09537333361215672,-0.10067895080573339,-0.09570414845833697,-0.9954086161499693,0.0015501168560811268,-0.10036453490901896,0.00810025494087339,-0.9949177584114123
8.067,0.015689080581068993,Empty,0.51029,0.25361,0.09344,-0.09604,-0.10561,0.00368,0.99746,-0.04784,-0.05281,-0.0007,0.9898460508610759,-0.09535957547288043,-0.10541037406424633,-0.09550703324659476,-0.995422027963031,0.003659623805852351,-0.10527678849189025,0.006444967928429941,-0.9944220734643994
8.133,0.01568875089287758,Empty,0.50906,0.25321,0.09043,-0.09619,-0.11046,0.00588,0.99732,-0.04784,-0.05528,0.00028,0.9893107167742432,-0.09545358105208224,-0.11024028093200287,-0.09539098859929701,-0.9954226698317804,0.005853860181032795,-0.11029444668559778,0.0047246427699742,-0.9938877264465107
8.2,0.01568875089287758,Empty,0.50778,0.25272,0.08725,-0.09634,-0.11558,0.00827,0.99718,-0.04783,-0.05789,0.00134,0.9887228004618208,-0.09553704803801405,-0.115325176345483,-0.0952266219069518,-0.995421755618253,0.00821090263402792,-0.1155816349041879,0.002863720317568343,-0.9932938562071234
8.267,0.01568875089287758,Empty,0.50655,0.25228,0.08416,-0.09635,-0.12051,0.01051,0.99703,-0.04775,-0.0604,0.00234,0.9881444653065943,-0.09549767579797036,-0.12021110431707485,-0.09493222757918779,-0.9954290444771494,0.0104350169220059,-0.1206581445688528,0.001100603695713241,-0.9926935079976633
8.333,0.01568875089287758,Empty,0.50565,0.25203,0.08183,-0.0963,-0.12416,0.01215,0.99692,-0.04766,-0.06226,0.00307,0.9877050058132297,-0.09541489971676115,-0.12383383384006313,-0.0946504467292199,-0.995437573257534,0.012055317544984082,-0.12441910795953767,-0.00018616979269489532,-0.9922297369638551
8.4,0.01568875089287758,Empty,0.50556,0.25205,0.08052,-0.09637,-0.1258,0.01278,0.99686,-0.04767,-0.06309,0.00334,0.9874951136757466,-0.09545671751548784,-0.12546479804189092,-0.09461504350510447,-0.9954333789357832,0.012664187420295209,-0.12610072961347746,-0.0006349658711227589,-0.9920172391694067
8.467,0.015689080581068993,Empty,0.50623,0.25232,0.08027,-0.09648,-0.12546,0.01234,0.99687,-0.04774,-0.06291,0.00313,0.9875266820974378,-0.09558157895690306,-0.12512079727100361,-0.09479319218189847,-0.9954215710789306,0.012253429998130845,-0.12571914278100996,-0.00023998928870468963,-0.9920658443589061
8.533,0.015689080581068993,Empty,0.50699,0.25257,0.08062,-0.09661,-0.12431,0.01165,0.99691,-0.04783,-0.06232,0.00281,0.9876567436539314,-0.09571906841067046,-0.1239839370947124,-0.0950190724141961,-0.9954083223616956,0.011560607709797284,-0.12452121342348879,0.0003629265316807159,-0.9922168793625084
8.6,0.01568875089287758,Empty,0.5074,0.25253,0.08087,-0.09689,-0.12363,0.0114,0.99692,-0.04798,-0.06198,0.00269,0.9877136076453092,-0.09599316712437134,-0.12331723779634698,-0.09532710903203828,-0.9953818178302001,0.011303938103161153,-0.1238328371470272,0.0005904222884696315,-0.9923029173824085
8.667,0.01568875089287758,Empty,0.50756,0.25216,0.08084,-0.09736,-0.12358,0.01161,0.99691,-0.04821,-0.06196,0.00278,0.9876745135701684,-0.09646285576722569,-0.12326383371112164,-0.09577467507857707,-0.9953364889905518,0.011510225782066584,-0.12379930071500682,0.0004371969722369624,-0.9923071812706401
8.733,0.01568875089287758,Empty,0.50775,0.25175,0.08083,-0.09787,-0.12351,0.01177,0.9969,-0.04846,-0.06193,0.00285,0.9876335533658278,-0.09697238415687953,-0.12319221151078814,-0.0962668883933342,-0.9952870200100954,0.011680496500125155,-0.12374429467677883,0.00032328061294142446,-0.9923140858743222
8.8,0.01568875089287758,Empty,0.50784,0.25157,0.08083,-0.09802,-0.12347,0.0118,0.9969,-0.04853,-0.06191,0.00286,0.9876254188902791,-0.09710435103734294,-0.12315346918141212,-0.09639621475698767,-0.9952741586973276,0.011709774116147084,-0.1237085354465295,0.00030665769670915413,-0.9923185497705519
8.867,0.01568875089287758,Empty,0.50789,0.25146,0.08083,-0.09796,-0.12339,0.01191,0.9969,-0.0485,-0.06187,0.00292,0.9876392281642465,-0.09705429019380934,-0.12308216664532307,-0.09633183388964767,-0.995279072339373,0.011821418812245035,-0.1236484240521832,0.00018143388052318374,-0.9923260725745132
