time,gr,gr_state,tx,ty,tz,rx,ry,rz,qw,qx,qy,qz,xx,xy,xz,yx,yy,yz,zx,zy,zz
0.0,0.01588345319032669,Empty,0.30745,0.00139,0.48554,0.00622,0.00157,-0.00412,0.99999,0.00311,0.00078,-0.00206,0.9999793876214793,0.0062257253425169745,0.0015699287025953694,0.006232132460576023,-0.9999721345183815,-0.004109831109087234,0.001544298276086756,0.004119530399320991,-0.9999903222592325
0.067,0.01588345319032669,Empty,0.30745,0.0014,0.48553,0.00622,0.00153,-0.0041,0.99999,0.00311,0.00076,-0.00205,0.9999794648485297,0.0062234366293121846,0.0015292866862975276,0.006229661348370719,-0.9999721908492212,-0.004099859472374361,0.0015037289425180696,0.004109302219299297,-0.9999904261714399
0.133,0.01588345319032669,Empty,0.30745,0.00145,0.48547,0.00634,0.00137,-0.0041,0.99999,0.00317,0.00068,-0.00205,0.9999789795396201,0.006334943789027214,0.0013816533897447812,0.006340554440388724,-0.9999715138931908,-0.004094969053387725,0.0013556726330478765,0.004103643423788408,-0.9999906610875735
0.2,0.015883125364780426,Empty,0.30758,0.00287,0.48481,0.00922,-0.00046,-0.00496,0.99999,0.00461,-0.00024,-0.00248,0.9999573185557267,0.009227887992613426,-0.00045513738200149553,0.00922551898658025,-0.9999451518512806,-0.004958133574998509,-0.0005008655198410631,0.004953723076137474,-0.9999876048038876
0.267,0.015883125364780426,Empty,0.30797,0.00581,0.48273,0.01693,-0.00633,-0.00335,0.99996,0.00846,-0.00318,-0.00165,0.9998366135852295,0.01693162018500549,-0.0063298003389934635,0.016910684807312892,-0.9998514039540085,-0.0033464534279809602,-0.006385520634100603,0.0032388654045272225,-0.9999743671100386
0.334,0.01588345319032669,Empty,0.30887,0.01018,0.47974,0.02926,-0.0154,0.00017,0.99986,0.01463,-0.0077,0.0002,0.9994535046409296,0.029248750858306527,-0.015401384164805843,0.029254841402340137,-0.9995719710288264,0.00017025883432218204,-0.015389812067960622,-0.0006207308397772886,-0.9998813771531787
0.4,0.01588345319032669,Empty,0.31021,0.01534,0.47616,0.04332,-0.0267,0.00518,0.99967,0.02169,-0.01329,0.00288,0.9987053591460449,0.04329545202686652,-0.02670410917366414,0.04344836528328311,-0.9990422835973404,0.005172536981167425,-0.02645458688356482,-0.006326090293415043,-0.9996299992569347
0.467,0.01588345319032669,Empty,0.31202,0.02116,0.47155,0.05888,-0.04126,0.01093,0.99934,0.02954,-0.02046,0.00607,0.9974177775779165,0.05878336870498729,-0.04125884796287515,0.05928031176458687,-0.9981815892092445,0.010925181957301666,-0.04054160342936031,-0.013342808077773107,-0.9990887587516818
0.533,0.01588345319032669,Empty,0.31449,0.0277,0.46594,0.07604,-0.05745,0.0173,0.99882,0.03824,-0.02837,0.00973,0.995466955219898,0.07582816346993748,-0.05740758390667694,0.07693232734863509,-0.9968867141283684,0.01727125366229159,-0.05591921024074101,-0.021609461333434648,-0.9982014191068509
0.6,0.01588345319032669,Empty,0.31757,0.03502,0.45932,0.0949,-0.07483,0.02444,0.99808,0.04785,-0.03678,0.01397,0.9927150501177475,0.09448959182180561,-0.07475658035963234,0.09654450279139865,-0.9950304990465999,0.02436113601283624,-0.0720832036640937,-0.03140100323911395,-0.9969042023911314
0.667,0.015883125364780426,Empty,0.32272,0.04314,0.45162,0.11528,-0.08856,0.03155,0.9972,0.05824,-0.04328,0.01828,0.9894693139863988,0.11457444712275389,-0.08844870121036463,0.11773990160976278,-0.9925471265723853,0.03142478483339346,-0.08418902688716962,-0.04150780166928766,-0.9955849085599754
0.733,0.015883125364780426,Empty,0.33052,0.0521,0.44344,0.13715,-0.09317,0.03777,0.99633,0.06931,-0.04516,0.02201,0.9863140138727711,0.1361250490304125,-0.09303030186262463,0.1401001567647404,-0.9894233603647189,0.03759468099455709,-0.08692877609099532,-0.05011372058683281,-0.99495326668958
0.8,0.015883125364780426,Empty,0.34081,0.06198,0.43429,0.16037,-0.09052,0.04318,0.99546,0.08097,-0.04336,0.02512,0.9831282495220555,0.15902012581761155,-0.09039604292583946,0.16337784528686272,-0.9856260504894014,0.042999630999413896,-0.08225888803722779,-0.05704286267023048,-0.9949771792143094
0.867,0.01588345319032669,Empty,0.35165,0.07248,0.42417,0.18432,-0.08651,0.04759,0.99445,0.09294,-0.04086,0.02765,0.979386074589917,0.1825861328095127,-0.08640151043251737,0.18710572973415263,-0.9811951557320069,0.04740793465963991,-0.07612071203032476,-0.06259688869032919,-0.9951317835976734
0.933,0.01588345319032669,Empty,0.3624,0.08294,0.41297,0.20656,-0.08285,0.05084,0.99339,0.10402,-0.03856,0.02953,0.9753869366931527,0.20437991544287942,-0.08275973593426443,0.20893485451209742,-0.9766172766686069,0.050645053878956965,-0.07047375609655315,-0.0666899173485406,-0.9952818217096543
1.0,0.01588345319032669,Empty,0.37348,0.09356,0.4002,0.22438,-0.07982,0.05208,0.99247,0.11286,-0.03672,0.03032,0.971826937599356,0.22180011840239955,-0.07973149210280142,0.22625293754913461,-0.9726857291042534,0.05188526425984839,-0.06604552677240921,-0.06846298177561623,-0.9954651216992723
1.067,0.015883125364780426,Empty,0.38451,0.10407,0.38648,0.24109,-0.07708,0.05157,0.99156,0.12111,-0.03514,0.03021,0.9681938803223943,0.23805549985197405,-0.07700772101868592,0.2423026582551715,-0.968837796937303,0.05140763589341979,-0.062370120320089685,-0.06843173398285109,-0.9957043064461245
1.133,0.015883125364780426,Empty,0.39568,0.11407,0.37118,0.25998,-0.075,0.04873,0.99045,0.1304,-0.03401,0.029,0.9636800292172409,0.25632969458853727,-0.07493923511755934,0.26027463554694996,-0.9643123791568351,0.04856695888962335,-0.059815678369136045,-0.06630779047013478,-0.9960046995592986
1.2,0.01588345319032669,Empty,0.40571,0.12308,0.35463,0.2749,-0.07475,0.04448,0.98952,0.13771,-0.03396,0.02713,0.9597668905361656,0.2706874407891124,-0.07467144855686772,0.2743721967856692,-0.9606008925190788,0.0443376016779784,-0.059727828200480546,-0.06304153147402024,-0.9962220394309009
1.267,0.01588345319032669,Empty,0.41577,0.13138,0.3372,0.28533,-0.07243,0.03887,0.9889,0.14276,-0.03307,0.02437,0.9570503718789996,0.2807433004296714,-0.07237254279161369,0.2839676349839735,-0.9580501154894758,0.038760269506430994,-0.0584548369929933,-0.05764699015957097,-0.9966242303685301
1.333,0.01588345319032669,Empty,0.42612,0.1392,0.32029,0.28271,-0.06536,0.03333,0.98928,0.14133,-0.03,0.02109,0.9582496308078974,0.27837343060668746,-0.06531369066889248,0.2809035632331128,-0.9591602049608499,0.03323987638967836,-0.053393194505187494,-0.05019894771530663,-0.9973110008562057
1.4,0.015883125364780426,Empty,0.43688,0.14668,0.30452,0.27308,-0.05379,0.02734,0.99019,0.13642,-0.02478,0.0172,0.9615536632558794,0.26930369532117104,-0.053759393277456866,0.2710087139976174,-0.962189343192448,0.027311989752550666,-0.044371495541124926,-0.04083120783478788,-0.9981803358362635
1.467,0.015883125364780426,Empty,0.44766,0.15433,0.29086,0.26291,-0.03922,0.02103,0.9911,0.13125,-0.01806,0.01299,0.9648926061934593,0.25970178772481833,-0.03920765187724458,0.2606400116796125,-0.9652075663656577,0.02100328884093292,-0.0323889305912562,-0.030485000951576944,-0.9990103212140189
1.533,0.015883125364780426,Empty,0.45799,0.16253,0.27844,0.24907,-0.0249,0.0142,0.99214,0.12429,-0.01147,0.00859,0.9688401317490791,0.24643286487933885,-0.024892613759684865,0.24682701204470647,-0.9689555427561316,0.014197967715594902,-0.020620990216515967,-0.019899730388432096,-0.9995893034106348
1.6,0.01588345319032669,Empty,0.4661,0.17011,0.26631,0.24105,-0.01798,0.00725,0.9927,0.12026,-0.00849,0.00468,0.9709329002186627,0.23867572979033863,-0.017977744074972137,0.23883474250672238,-0.971033106631021,0.00725752011749058,-0.015724790768827365,-0.011340274933068117,-0.999812046896675
1.667,0.01588345319032669,Empty,0.47173,0.17591,0.25422,0.23528,-0.02086,0.00148,0.99303,0.11737,-0.01027,0.00196,0.9722373640696842,0.2330652910779874,-0.020858523475195824,0.2331456874008641,-0.9724406983015181,0.0014753756248835747,-0.0199398182842953,-0.006297490102341089,-0.9997813487284107
1.734,0.01588345319032669,Empty,0.47602,0.18176,0.24231,0.23275,-0.02659,-0.00369,0.99315,0.11608,-0.01342,-0.00029,0.9726910968129292,0.23057662823300562,-0.02657910257250075,0.2305609814484551,-0.9730508674790761,-0.0036936610216897064,-0.026714490719204072,-0.002535312784692451,-0.9996398892474716
1.8,0.015883125364780426,Empty,0.48065,0.18871,0.23166,0.23494,-0.02919,-0.00916,0.993,0.11712,-0.01503,-0.00284,0.9721130285856577,0.23269010586804423,-0.0291817457520785,0.23251940522461256,-0.9725486231134075,-0.009159796624791928,-0.030512060697582027,0.0021190354724659804,-0.9995321524796758
1.867,0.015883125364780426,Empty,0.48446,0.19627,0.22181,0.23455,-0.03116,-0.01418,0.993,0.11688,-0.0163,-0.00522,0.9721455508161831,0.23229949434321484,-0.03114438883951464,0.231959553823598,-0.972622265285253,-0.01416666726299106,-0.03358263566573484,0.006547824010287586,-0.9994144948831154
1.933,0.01588345319032669,Empty,0.48854,0.20449,0.21201,0.23123,-0.03103,-0.01945,0.99317,0.11519,-0.01653,-0.00787,0.9729164051210619,0.2290666962177551,-0.031018016219493873,0.22854614770091652,-0.9733388240348851,-0.01944715911019657,-0.03464573591917119,0.011831412015019823,-0.9993296206319264
2.0,0.01588345319032669,Empty,0.49153,0.21336,0.20224,0.21818,-0.03192,-0.0242,0.99388,0.10866,-0.01718,-0.01029,0.9757966217415193,0.21633824601388346,-0.03191733556352709,0.21563072136123684,-0.9761751474266993,-0.024196560741022045,-0.03639155125947461,0.016728564137360794,-0.9991975831330014
2.067,0.01588345319032669,Empty,0.49394,0.22329,0.19247,0.19477,-0.03305,-0.02867,0.99505,0.09697,-0.01784,-0.01266,0.9805571449143996,0.1934299596392544,-0.03305353644130733,0.19252640806896637,-0.9808733270182306,-0.02865481705140035,-0.03796403236462622,0.02173400695094392,-0.9990427244059554
2.134,0.01588345319032669,Empty,0.49717,0.2341,0.18335,0.17315,-0.02997,-0.03429,0.99602,0.08619,-0.01641,-0.01578,0.9846046420573518,0.1722085968358978,-0.029964946436211747,0.17117303481046547,-0.9846451425713507,-0.03425982143005526,-0.035404674732144946,0.028603188396668925,-0.9989636462958278
2.2,0.01588345319032669,Empty,0.4997,0.24522,0.17376,0.15119,-0.02821,-0.04001,0.99687,0.07522,-0.01557,-0.01888,0.9881986163336534,0.1505604948724566,-0.028196312879770084,0.14938455972425918,-0.9879700599730143,-0.039992673240330144,-0.03387842960118093,0.03530861057418617,-0.9988020594827978
2.267,0.01588345319032669,Empty,0.50064,0.25533,0.16331,0.13044,-0.03125,-0.04364,0.99754,0.06481,-0.01701,-0.02075,0.9910199473874972,0.13001211019018605,-0.03124604109286599,0.12860066134725662,-0.9907378768448369,-0.0435927664416085,-0.03662422396625386,0.03918303955641218,-0.9985606419391817
2.333,0.01588345319032669,Empty,0.50099,0.26352,0.15213,0.11566,-0.03764,-0.04598,0.99791,0.05734,-0.02011,-0.02186,0.9926160503146066,0.11531657732187017,-0.0376226481337971,0.1135587729528948,-0.9924692064164456,-0.045926891910333646,-0.04263545171876593,0.04131538829394877,-0.9982360727537636
2.4,0.01588345319032669,Empty,0.50099,0.26936,0.14033,0.10457,-0.04639,-0.04769,0.99811,0.05168,-0.0244,-0.02259,0.993467298255309,0.10426845764445963,-0.04637689120394509,0.1020632955916323,-0.9936374386667685,-0.047620627596864806,-0.05104714478080175,0.04257615788431031,-0.9977882840510496
2.467,0.01588345319032669,Empty,0.5014,0.27335,0.12847,0.09445,-0.05509,-0.04912,0.99824,0.0465,-0.02866,-0.02322,0.994033033475479,0.0941671740329812,-0.05505335316017932,0.09150541028815984,-0.9945970561709208,-0.04902505220939252,-0.05937245360883022,0.04369484169533496,-0.9972791347269264
2.534,0.01588345319032669,Empty,0.50256,0.27459,0.11678,0.08126,-0.06343,-0.04967,0.9984,0.0398,-0.03268,-0.02351,0.9946965880185245,0.08100708384270855,-0.0633762585800619,0.07793362786488128,-0.9957262292860902,-0.0495542728684725,-0.06711965011920613,0.04435232439236143,-0.9967586587980414
2.6,0.01588345319032669,Empty,0.50527,0.27367,0.10618,0.06735,-0.06775,-0.05002,0.99858,0.03279,-0.03468,-0.02384,0.9954439657599743,0.06714126876519944,-0.06770052481815696,0.06383404755908745,-0.9967128680628253,-0.04988660150983424,-0.07082743398061796,0.04533771792421948,-0.9964577090519923
2.667,0.01588345319032669,Empty,0.50803,0.27081,0.09641,0.05764,-0.07237,-0.0485,0.99866,0.02791,-0.03685,-0.02318,0.9957261601620111,0.057451332758722495,-0.0723101537355815,0.05403397945469757,-0.9973672782324818,-0.04836156919931739,-0.07489821782463317,0.04424767423693134,-0.9962090143595952
2.734,0.015883125364780426,Empty,0.50972,0.26648,0.08708,0.04905,-0.07931,-0.04468,0.99869,0.02361,-0.04017,-0.02134,0.9956578107509607,0.04886954121759546,-0.07922936218211979,0.045440243067706054,-0.9979743431542349,-0.044524091409269606,-0.08124474260253117,0.040730557902574224,-0.9958615935221086
2.8,0.015883125364780426,Empty,0.51115,0.26202,0.07929,0.04089,-0.08556,-0.0403,0.99869,0.01956,-0.04316,-0.01925,0.9955092434799402,0.04074018715448552,-0.0854493024934316,0.037416467863951586,-0.9984930616221198,-0.04014491032586577,-0.08695604682011708,0.03676741822732999,-0.9955334262988432
2.867,0.01588345319032669,Empty,0.51262,0.2587,0.07324,0.03506,-0.08726,-0.03769,0.99873,0.01669,-0.04393,-0.01806,0.9955837149908215,0.03492397345763476,-0.0871400167718886,0.031750249244217044,-0.998790404325395,-0.037545304639114555,-0.08834584380719142,0.03461277662141909,-0.9954883060973397
2.933,0.01588345319032669,Empty,0.51447,0.2569,0.06882,0.0306,-0.08449,-0.03795,0.99882,0.01448,-0.04251,-0.01831,0.9959658584409234,0.030483698074051824,-0.08439640378454744,0.02737009495564907,-0.9989101512588768,-0.03780724287866773,-0.08545692904705333,0.03534478552343838,-0.9957147480147861
3.0,0.01588345319032669,Empty,0.51591,0.25748,0.06595,0.03011,-0.07881,-0.04111,0.99891,0.01423,-0.03969,-0.01994,0.9964443507096483,0.030020218816476818,-0.0787238362952276,0.02685519110229634,-0.9987998402359322,-0.04095946600647458,-0.07985896724655335,0.03869968484222126,-0.9960546570060432
3.067,0.01588345319032669,Empty,0.51703,0.25954,0.06402,0.03243,-0.07157,-0.04542,0.99898,0.01539,-0.03613,-0.02211,0.9969153768475834,0.032337376558466135,-0.07151241488131438,0.029141202965587365,-0.9985485409918144,-0.04529460865088494,-0.07287332635854984,0.043070934055745025,-0.9964107450971241
3.134,0.01588345319032669,Empty,0.51715,0.26178,0.06218,0.03535,-0.06619,-0.04831,0.99902,0.01686,-0.0335,-0.02355,0.9971862299098122,0.03527224866589762,-0.06614749694664322,0.03211657453086386,-0.9983222868991118,-0.04817818096328172,-0.06773587320363242,0.04591818762297067,-0.996646061311017
3.2,0.01588345319032669,Empty,0.51604,0.26388,0.05977,0.03882,-0.06537,-0.04919,0.99899,0.01859,-0.03314,-0.02394,0.9971128123983508,0.03872284691432859,-0.06531906672558173,0.035549960342292464,-0.9981630897806664,-0.049057583707050545,-0.06709873076827129,0.04659385502791475,-0.996657801355573
3.267,0.01588345319032669,Empty,0.51445,0.26665,0.05722,0.04346,-0.06508,-0.04992,0.99894,0.0209,-0.03306,-0.02423,0.9969408935043511,0.043349639177193366,-0.06503586427466852,0.04014490038717361,-0.9979520887220937,-0.04979975490014015,-0.06706147800078571,0.0470365538535431,-0.996639513951726
3.333,0.01588345319032669,Empty,0.51337,0.26925,0.05462,0.04695,-0.06329,-0.05129,0.99891,0.02264,-0.03222,-0.02488,0.996898543512464,0.046827542371943254,-0.06324931002099546,0.043621238711590016,-0.9977375138747069,-0.05115702239561822,-0.0655017669684919,0.048239347865857034,-0.9966857497935256
3.4,0.01588345319032669,Empty,0.51186,0.27102,0.05168,0.04939,-0.06423,-0.05127,0.99887,0.02385,-0.03272,-0.02482,0.9967212028930603,0.04926565016068868,-0.06418519625003886,0.04601661907426252,-0.9976301963872412,-0.05115136386577507,-0.0665530951375332,0.04803006319587116,-0.996626208042421
3.467,0.01588345319032669,Empty,0.51026,0.27179,0.04852,0.04996,-0.0675,-0.05027,0.99882,0.02411,-0.03435,-0.02427,0.9964779591613614,0.049821237094731685,-0.06745013891726638,0.04648612635470151,-0.9976595608442421,-0.050144199192018825,-0.06979052200795413,0.04683209359429349,-0.9964617594506237
3.534,0.01588345319032669,Empty,0.50962,0.27098,0.04539,0.04655,-0.0703,-0.04896,0.99883,0.02239,-0.03569,-0.02364,0.9964493710840793,0.04641384025061496,-0.07024532937735638,0.043038651851145526,-0.9978797428597929,-0.048823080985424476,-0.07236245789757807,0.04562646406707219,-0.9963342313018044
3.6,0.01588345319032669,Empty,0.51021,0.26874,0.04259,0.04189,-0.07052,-0.04724,0.9989,0.02009,-0.03573,-0.02286,0.9966400319867177,0.04176541752907065,-0.07045776422890704,0.038498807133355406,-0.9981479651751022,-0.04710075865749404,-0.07229445684713687,0.04422996173890745,-0.9964021386938872
3.667,0.01588345319032669,Empty,0.51081,0.26499,0.03991,0.03651,-0.07284,-0.04321,0.99895,0.01745,-0.03679,-0.02092,0.9966834665498117,0.03640968228743352,-0.0727763872556097,0.03333135852573299,-0.998515691382095,-0.04307475597801692,-0.07423670281659461,0.040506161253132805,-0.9964176648652189
3.733,0.01588345319032669,Empty,0.51166,0.26111,0.03792,0.03105,-0.07469,-0.03905,0.999,0.01478,-0.03763,-0.01893,0.9967303166014327,0.03096515592523802,-0.07463132777951355,0.028115813728470163,-0.9988462353151271,-0.03893198190669882,-0.07575075567935574,0.03670636614162792,-0.9964509349178631
3.8,0.01588345319032669,Empty,0.51258,0.2583,0.03704,0.02704,-0.07507,-0.03625,0.99905,0.01283,-0.03776,-0.0176,0.9968188051905899,0.026974138405382875,-0.07499776980478862,0.024316102345546098,-0.9990511638732198,-0.0361316914949455,-0.07590123045857504,0.034193096099245625,-0.9965288934065194
3.867,0.01588345319032669,Empty,0.5132,0.25696,0.03693,0.02607,-0.07468,-0.0351,0.99907,0.01237,-0.03755,-0.01705,0.9968737878040845,0.02599365117455693,-0.0746122060238963,0.023431975991708653,-0.9991123761880769,-0.03500574594175765,-0.07545590560228463,0.033147999131627026,-0.9965980215028065
3.933,0.015883125364780426,Empty,0.51324,0.25695,0.03695,0.02643,-0.07459,-0.03513,0.99907,0.01255,-0.03751,-0.01706,0.996870774390402,0.026352894156434492,-0.07452639891917667,0.023793133788586718,-0.99910302970764,-0.03502888541665089,-0.07538266346315248,0.0331460555510638,-0.9966036288568324
4.0,0.015883125364780426,Empty,0.51289,0.25776,0.03702,0.02767,-0.07478,-0.03586,0.99905,0.01315,-0.03762,-0.0174,0.9968229741975838,0.027583509185861166,-0.07472019896170577,0.02496516588527886,-0.9990488034392446,-0.0357523263429666,-0.07563529998753137,0.03377333811761865,-0.9965634264953682
4.067,0.015883125364780426,Empty,0.51232,0.25887,0.03707,0.02941,-0.07522,-0.03684,0.99903,0.014,-0.03786,-0.01785,0.996741014616527,0.029332647284657287,-0.07514616147542315,0.026628794615397078,-0.9989702249693087,-0.036734138374269,-0.07614628735892155,0.03461337065416835,-0.9964956886476779
4.133,0.01588345319032669,Empty,0.51168,0.26025,0.03717,0.03143,-0.07562,-0.0381,0.99899,0.01498,-0.03809,-0.01844,0.9966499375265735,0.03134157297273782,-0.07554209311285674,0.028531653438439386,-0.9988705834997038,-0.037993449054143404,-0.0766475490824446,0.03571082780552074,-0.9964185315403857
4.2,0.01588345319032669,Empty,0.51104,0.26203,0.03742,0.03404,-0.07577,-0.03983,0.99895,0.01625,-0.0382,-0.01925,0.9965533732314436,0.03393344367661083,-0.0756960745433862,0.030992283519124808,-0.9987310026092984,-0.0396971383010922,-0.07694707702896704,0.037214322878055164,-0.9963404245083235
4.267,0.01588345319032669,Empty,0.51059,0.26394,0.03783,0.03657,-0.07554,-0.04176,0.99892,0.01748,-0.03813,-0.02017,0.9964817413627114,0.0364590374898755,-0.07546441357388581,0.03338307169700394,-0.9985753029141429,-0.04162853509314019,-0.07687463596539068,0.03896284121108166,-0.9962791713922101
4.333,0.01588345319032669,Empty,0.51025,0.26581,0.03831,0.03918,-0.07507,-0.04369,0.99888,0.01875,-0.03794,-0.02109,0.9964177313553952,0.03905499630542403,-0.0750094121037547,0.03585424036255813,-0.9984074703766181,-0.04355452380851031,-0.07659097915937292,0.040709094312518186,-0.9962311938258424
4.4,0.01588345319032669,Empty,0.51001,0.26686,0.03855,0.041,-0.07492,-0.04478,0.99886,0.01964,-0.03789,-0.0216,0.9963567374707746,0.04087340001675249,-0.07485063037586862,0.03759991979346228,-0.9982956213973688,-0.04463292876752527,-0.07654735611449692,0.04165594159195413,-0.9961954049291575
4.467,0.01588345319032669,Empty,0.5099,0.26684,0.03847,0.04096,-0.07518,-0.04474,0.99885,0.01962,-0.03802,-0.02158,0.9963398420533822,0.04082851717096364,-0.07509960933761112,0.037546275316307554,-0.998298659123621,-0.044610137882013096,-0.07679320508295989,0.04162714712300737,-0.9961776870997894
4.533,0.01588345319032669,Empty,0.50972,0.26672,0.03834,0.04071,-0.07561,-0.04462,0.99885,0.01949,-0.03823,-0.02152,0.9963173121197308,0.04057692805637586,-0.07553361159127882,0.03728631246833464,-0.998314330171701,-0.04447728719629078,-0.07721103854390378,0.0414971213861314,-0.9961508141057941
4.6,0.01588345319032669,Empty,0.50949,0.26662,0.03817,0.04071,-0.07609,-0.04441,0.99884,0.01949,-0.03847,-0.02141,0.9962801602632476,0.04058238816845772,-0.07601915572000437,0.03728723008879775,-0.9983232492769608,-0.04427586730258779,-0.07768851097905473,0.041276624421528574,-0.9961228516293669
4.667,0.015883125364780426,Empty,0.50941,0.26658,0.03812,0.04069,-0.07627,-0.04434,0.99884,0.01948,-0.03856,-0.02137,0.9962662395867098,0.040571247022235246,-0.07620730788328198,0.037275028771212526,-0.9983275444562845,-0.044189209203046545,-0.077872665871035,0.04118358768910365,-0.9961123229913342
4.734,0.015883125364780426,Empty,0.5094,0.26658,0.03812,0.04071,-0.07629,-0.04434,0.99884,0.01949,-0.03857,-0.02137,0.9962656399190605,0.04057882252096584,-0.07621111388424336,0.037282150611372356,-0.9983271020643241,-0.04419319551288054,-0.07787692830650238,0.041186847981615246,-0.9961118549595137
4.8,0.01588345319032669,Empty,0.5094,0.26658,0.03811,0.04069,-0.07629,-0.04434,0.99884,0.01948,-0.03857,-0.02137,0.9962650178907089,0.04056475869115239,-0.07622673074161279,0.037267901458610475,-0.9983279119434936,-0.04418691837428198,-0.07789170461671178,0.041181070734898836,-0.9961109384827727
4.867,0.01588345319032669,Empty,0.5094,0.26658,0.03811,0.04069,-0.07631,-0.04434,0.99884,0.01948,-0.03858,-0.02137,0.9962645120129064,0.0405703775002354,-0.07623035204676483,0.03727319171128429,-0.9983276068030156,-0.044189350239812936,-0.07789564354531735,0.04118293292677696,-0.9961105534789847
4.933,0.01588345319032669,Empty,0.5094,0.26658,0.03811,0.04069,-0.07631,-0.04434,0.99884,0.01948,-0.03858,-0.02137,0.9962643244019131,0.040570452547108726,-0.07623276398060237,0.037273193763389556,-0.9983276218810638,-0.04418900786367531,-0.07789804202081232,0.04118249348232764,-0.9961103840839637
5.0,0.01588345319032669,Empty,0.50939,0.26658,0.03811,0.04069,-0.07631,-0.04434,0.99884,0.01948,-0.03858,-0.02137,0.9962636927175026,0.04057200128173527,-0.07624019468024003,0.03727434334971047,-0.9983275254700277,-0.044190216301113264,-0.07790557040888632,0.041183304880572286,-0.9961097617724565
5.067,0.01588345319032669,Empty,0.50939,0.26658,0.03811,0.04069,-0.07631,-0.04434,0.99884,0.01948,-0.03858,-0.02137,0.9962639000304784,0.04055977535547095,-0.0762439907086088,0.03726237111268005,-0.9983282193021306,-0.04418463810079261,-0.07790864647214463,0.04117852799883505,-0.9961097186739658
5.133,0.01588345319032669,Empty,0.50939,0.26658,0.03811,0.04069,-0.07631,-0.04434,0.99884,0.01948,-0.03858,-0.02137,0.9962633072745863,0.04057059004163732,-0.07624598220218923,0.037273105781698734,-0.9983278072976566,-0.044184892911935274,-0.0779110914035317,0.041177862983966376,-0.9961095549367973
5.2,0.01588345319032669,Empty,0.50939,0.26658,0.03811,0.04069,-0.07633,-0.04432,0.99884,0.01948,-0.03859,-0.02136,0.9962633077411678,0.040565972405402384,-0.07624843297688637,0.03726853759218007,-0.9983280686802497,-0.044182840457605656,-0.07791327072050615,0.04117607518895062,-0.9961094583817919
5.267,0.01588345319032669,Empty,0.50939,0.26658,0.03811,0.04069,-0.07633,-0.04432,0.99884,0.01948,-0.03859,-0.02136,0.9962630218490938,0.04056937795903531,-0.07625035651148926,0.03727181739337859,-0.9983279161735937,-0.044183519740788185,-0.07791535743553338,0.04117641752881049,-0.9961092810104653
5.333,0.01588345319032669,Empty,0.50939,0.26658,0.03811,0.04069,-0.07633,-0.04432,0.99884,0.01948,-0.03859,-0.02136,0.9962637312223305,0.040554597481442356,-0.07624895064247367,0.03725719664813959,-0.9983285366817267,-0.044181830483165666,-0.07791327966965625,0.04117593314109019,-0.996109463553619
5.4,0.015883125364780426,Empty,0.50939,0.26658,0.03811,0.04069,-0.07633,-0.04432,0.99884,0.01948,-0.03859,-0.02136,0.9962632461001546,0.04055676474642439,-0.07625413630279669,0.03725918935460604,-0.9983284825393781,-0.04418137344243654,-0.07791852975140087,0.04117511121934711,-0.9961090868662198
5.467,0.015883125364780426,Empty,0.50939,0.26658,0.03811,0.04069,-0.07633,-0.04432,0.99884,0.01948,-0.03859,-0.02136,0.9962629763531861,0.04055951135385155,-0.0762561996602742,0.03726175632180656,-0.9983283302330138,-0.044182650101337165,-0.0779207511751854,0.041176098563361435,-0.9961088722842475
5.533,0.015883125364780426,Empty,0.50939,0.26658,0.03811,0.04069,-0.07633,-0.04432,0.99884,0.01948,-0.03859,-0.02136,0.9962624289582944,0.040564688251449266,-0.07626059738280491,0.03726703106038559,-0.998328285672294,-0.04417920803458243,-0.07792522725063951,0.0411720790546383,-0.9961086882786712
5.6,0.01588345319032669,Empty,0.50939,0.26658,0.03811,0.04069,-0.07633,-0.04432,0.99884,0.01948,-0.03859,-0.02136,0.9962624299718281,0.040563196171679416,-0.07626137779351831,0.037265280464718886,-0.9983282248137633,-0.04418205984430809,-0.0779260514751885,0.04117502466954985,-0.9961085020443046
5.667,0.01588345319032669,Empty,0.50939,0.26658,0.03811,0.04069,-0.07633,-0.04432,0.99884,0.01948,-0.03859,-0.02136,0.9962629875027201,0.04056142583068523,-0.07625503568117042,0.03726400071910213,-0.998328403588495,-0.044179099570428634,-0.07791953530765929,0.041172434018757094,-0.9961091188692177
5.733,0.015883125364780426,Empty,0.50939,0.26658,0.03811,0.04069,-0.07633,-0.04432,0.99884,0.01948,-0.03859,-0.02136,0.9962626941225359,0.040556927713971846,-0.07626126090034215,0.03725920627700263,-0.9983285660429349,-0.04417947227236674,-0.07792557890265664,0.041172926020149825,-0.9961086257610787
5.8,0.015883125364780426,Empty,0.50939,0.26657,0.03811,0.04069,-0.07633,-0.04432,0.99884,0.01948,-0.03859,-0.02136,0.9962624390011148,0.04055427449827298,-0.07626600458571786,0.03725665326751032,-0.9983288322482234,-0.04417560966418972,-0.07793006109874759,0.04116908453945842,-0.9961084338842476
5.867,0.015883125364780426,Empty,0.50939,0.26658,0.03811,0.04069,-0.07633,-0.04432,0.99884,0.01948,-0.03859,-0.02136,0.9962624586186297,0.040557207509377136,-0.07626418862221296,0.03725926390867762,-0.9983285064881342,-0.04418076941560607,-0.0779285621588559,0.04117409443099836,-0.9961083440809241
5.934,0.015883125364780426,Empty,0.50939,0.26658,0.03811,0.04069,-0.07633,-0.04432,0.99884,0.01948,-0.03859,-0.02136,0.9962622250229332,0.040563107821022515,-0.07626410214678038,0.03726529606374951,-0.9983283469718529,-0.04417928634245508,-0.07792866418485274,0.04117214976592382,-0.9961084164798613
6.0,0.015883125364780426,Empty,0.50939,0.26658,0.03811,0.04069,-0.07635,-0.04432,0.99884,0.01948,-0.0386,-0.02136,0.9962620595259801,0.04055778952412403,-0.07626909241605853,0.03725999926418,-0.9983286799785503,-0.04417622875618277,-0.07793331254274868,0.041169314315423505,-0.9961081700071093
6.067,0.01588345319032669,Empty,0.50939,0.26657,0.03811,0.04069,-0.07633,-0.04432,0.99884,0.01948,-0.03859,-0.02136,0.9962619929367265,0.0405615908020493,-0.07626794071790083,0.03726383291993818,-0.9983285237649759,-0.044176525365383315,-0.07793233081242387,0.041169357401477036,-0.9961082450342895
6.133,0.01588345319032669,Empty,0.50939,0.26657,0.03811,0.04069,-0.07635,-0.04432,0.99884,0.01948,-0.0386,-0.02136,0.9962618507037083,0.040558061713940385,-0.07627167536136978,0.037260008769971764,-0.9983285912385331,-0.04417822610910775,-0.0779359774358646,0.04117119801140153,-0.9961078836528816
6.2,0.01588345319032669,Empty,0.50939,0.26658,0.03811,0.04069,-0.07635,-0.04432,0.99884,0.01948,-0.0386,-0.02136,0.9962622268205095,0.04055464653967189,-0.07626857842310907,0.03725644948351853,-0.9983285740116519,-0.04418161703405123,-0.07793287100140549,0.0411749797316746,-0.9961079703835196
6.267,0.01588345319032669,Empty,0.50939,0.26658,0.03811,0.04069,-0.07635,-0.04432,0.99884,0.01948,-0.0386,-0.02136,0.9962615433183216,0.0405670107321458,-0.07627093119435677,0.037269074913639566,-0.9983282911398335,-0.04417736032066219,-0.07793557185315214,0.04116965812437705,-0.996107979031312
6.333,0.01588345319032669,Empty,0.50939,0.26658,0.03811,0.04069,-0.07633,-0.04432,0.99884,0.01948,-0.03859,-0.02136,0.9962624064453847,0.04055909551330256,-0.07626386611491573,0.03726114256113611,-0.9983284213105292,-0.04418110974913178,-0.07792833091174035,0.04117429993052638,-0.9961083536777218
6.4,0.01588345319032669,Empty,0.50939,0.26658,0.03811,0.04069,-0.07635,-0.04432,0.99884,0.01948,-0.0386,-0.02136,0.9962621321962226,0.040555608631202555,-0.07626930287074155,0.03725772163784963,-0.998328717759319,-0.04417729592664843,-0.07793347246333057,0.041170546578675415,-0.9961081065648549
6.467,0.01588345319032669,Empty,0.50939,0.26658,0.03811,0.04069,-0.07635,-0.04432,0.99884,0.01948,-0.0386,-0.02136,0.9962619056662239,0.040556110030588455,-0.07627199523738049,0.03725807942649284,-0.9983286856626772,-0.04417771950294666,-0.07793619721126585,0.04117083096342226,-0.9961078816283044
6.534,0.01588345319032669,Empty,0.50939,0.26658,0.03811,0.04067,-0.07635,-0.04432,0.99884,0.01947,-0.0386,-0.02136,0.9962619572818749,0.0405532985198403,-0.07627281594413615,0.037255117752860445,-0.9983287337831772,-0.044179129734502304,-0.07793695320005688,0.04117243352096422,-0.9961077562411881
6.6,0.01588345319032669,Empty,0.50939,0.26658,0.03811,0.04069,-0.07635,-0.04432,0.99884,0.01948,-0.0386,-0.02136,0.9962621699053987,0.04055534110431669,-0.0762689525514724,0.03725729152894114,-0.9983286339593525,-0.04417955233793906,-0.0779331960291231,0.04117284207782726,-0.9961080333136164
6.667,0.01545629184693098,Empty,0.50939,0.26658,0.03811,0.04069,-0.07635,-0.04432,0.99884,0.01948,-0.0386,-0.02136,0.9962620168443233,0.040554705095712296,-0.07627129006304222,0.037256731669445986,-0.9983287534292757,-0.044177324745385674,-0.0779354203080465,0.04117057166166332,-0.9961079531308141
6.734,0.01545629184693098,Empty,0.50939,0.26658,0.03811,0.04069,-0.07635,-0.04432,0.99884,0.01948,-0.0386,-0.02136,0.9962617307728698,0.04055463104413176,-0.07627506603288059,0.03725644224191649,-0.9983287309570001,-0.04417807665867866,-0.07793921547539916,0.04117118952203938,-0.9961076306526419
6.8,0.013876023702323437,Grasping,0.50939,0.26658,0.03811,0.04069,-0.07635,-0.04432,0.99884,0.01948,-0.0386,-0.02136,0.9962616923446815,0.040561296420050075,-0.07627202369962427,0.03726331984436082,-0.9983285152128736,-0.044177151413779675,-0.07793641870581466,0.04116985481616375,-0.9961079046437329
6.867,0.013876023702323437,Grasping,0.50939,0.26657,0.03811,0.04067,-0.07635,-0.04432,0.99884,0.01947,-0.0386,-0.02136,0.996261548019058,0.0405523093451699,-0.0762786873605175,0.03725427350203059,-0.9983289859348508,-0.04417414343400718,-0.07794258813066063,0.04116729343867539,-0.996107527783235
6.934,0.013876023702323437,Grasping,0.50939,0.26657,0.03811,0.04067,-0.07635,-0.04432,0.99884,0.01947,-0.0386,-0.02136,0.9962621024216608,0.040548458941930876,-0.07627349314018764,0.03725052891381703,-0.9983290683687159,-0.04417543826259772,-0.07793729129250404,0.04116908703731755,-0.9961078681039023
7.0,0.012044908478856087,Grasping,0.50939,0.26658,0.03811,0.04069,-0.07635,-0.04432,0.99884,0.01948,-0.0386,-0.02136,0.99626144864928,0.040560798316416014,-0.07627547164831308,0.037262675240658294,-0.9983285377658038,-0.044177185472832795,-0.07793984198820776,0.04116979866755333,-0.996107639117644
7.067,0.012044908478856087,Grasping,0.50939,0.26657,0.03811,0.04067,-0.07635,-0.04432,0.99884,0.01947,-0.0386,-0.02136,0.9962619970315421,0.04055152570311088,-0.07627323930365743,0.037253514284687206,-0.9983289013967604,-0.04417669418797374,-0.0779372115498348,0.041170115364024276,-0.9961078318418891
7.133,0.01018818374723196,Grasping,0.50938,0.26658,0.03811,0.04069,-0.07635,-0.04432,0.99884,0.01948,-0.0386,-0.02136,0.9962607897705085,0.04055878164100374,-0.07628514926013126,0.037260141089530796,-0.9983285687441035,-0.04417862283206896,-0.07794947499394345,0.041171034249182045,-0.9961068342738247
7.2,0.01018818374723196,Grasping,0.50939,0.26658,0.03811,0.04069,-0.07635,-0.04432,0.99884,0.01948,-0.0386,-0.02136,0.9962615647571137,0.040561700173338544,-0.07627347551249757,0.03726359588466388,-0.998328466212175,-0.04417802589739171,-0.0779379176617634,0.0411706452401993,-0.9961077546937651
7.267,0.01018818374723196,Grasping,0.50939,0.26657,0.03811,0.04067,-0.07635,-0.04432,0.99884,0.01947,-0.0386,-0.02136,0.9962617645093177,0.04054656269595747,-0.07627891471647351,0.03724856279761635,-0.998329231417185,-0.04417341131816854,-0.07794255029374042,0.04116700075928391,-0.9961075428397241
7.333,0.008312415331602097,Grasping,0.50939,0.26658,0.03812,0.04069,-0.07635,-0.04432,0.99884,0.01948,-0.0386,-0.02136,0.9962615709690605,0.04056728823772776,-0.07627042241456737,0.0372692453766979,-0.9983282119894121,-0.04417900513903399,-0.07793513687234355,0.04117130397571138,-0.9961079450389043
7.4,0.008312415331602097,Grasping,0.50938,0.26656,0.0381,0.04067,-0.07637,-0.04432,0.99884,0.01947,-0.03861,-0.02136,0.9962606840348334,0.04054070223846068,-0.07629613953836996,0.03724270804546265,-0.9983298632003599,-0.044164068424355205,-0.07795915689568733,0.04115745016838592,-0.9961066379418172
7.467,0.008312415331602097,Grasping,0.50939,0.26657,0.03811,0.04069,-0.07635,-0.04432,0.99884,0.01948,-0.0386,-0.02136,0.9962616375808524,0.040560304643198763,-0.07627326643044573,0.03726242140354541,-0.998328631806507,-0.044175274379369536,-0.07793754830544417,0.04116800459821801,-0.9961078927312733
7.534,0.006383128464221954,Grasping,0.50938,0.26657,0.0381,0.04067,-0.07635,-0.04432,0.99884,0.01947,-0.0386,-0.02136,0.9962610742957065,0.04054636744636597,-0.0762880326792406,0.037248146299715956,-0.9983293355916689,-0.04417140810899835,-0.07795157112207277,0.04116466669367081,-0.9961069334040394
7.6,0.006383128464221954,Grasping,0.50939,0.26656,0.0381,0.04065,-0.07637,-0.04432,0.99884,0.01946,-0.03861,-0.02136,0.9962615663647039,0.04052622375546577,-0.07629231004936593,0.03722838974440423,-0.9983304151561176,-0.0441636634718208,-0.07795472007252273,0.04115832069382116,-0.9961069492057965
7.667,0.006383128464221954,Grasping,0.50939,0.26657,0.03811,0.04067,-0.07635,-0.04432,0.99884,0.01947,-0.0386,-0.02136,0.996261021742564,0.040547850301622335,-0.07628793084347552,0.03724985220989868,-0.9983293939265052,-0.04416865101717809,-0.07795142761234322,0.041161791242046136,-0.9961070634600198
7.734,0.004763459786772728,Grasping,0.5094,0.26655,0.03811,0.04065,-0.07635,-0.0443,0.99884,0.01946,-0.0386,-0.02135,0.9962629139507391,0.04051990855469623,-0.07627806563554851,0.0372228749932611,-0.9983307472956477,-0.04416080367645145,-0.07794012999487529,0.04115648205122824,-0.9961081668782507
7.8,0.004763459786772728,Grasping,0.50939,0.26656,0.03811,0.04067,-0.07637,-0.04432,0.99884,0.01947,-0.03861,-0.02136,0.9962610889099046,0.0405448489576018,-0.07628864887423452,0.03724690116316809,-0.9983295527994629,-0.044167548731680974,-0.07795197930644325,0.04116089442941547,-0.9961070573447305
7.867,0.0028318751137703657,Grasping,0.5094,0.26654,0.0381,0.04063,-0.07637,-0.0443,0.99884,0.01945,-0.03861,-0.02135,0.9962628793856202,0.040495944898692626,-0.07629124199431922,0.03719886737553191,-0.9983319537526789,-0.04415375841688565,-0.07795203284232766,0.04115080270324224,-0.9961074701118487
7.933,0.0028318751137703657,Grasping,0.50939,0.26657,0.03811,0.04067,-0.07635,-0.04432,0.99884,0.01947,-0.0386,-0.02136,0.9962620467554426,0.040537152176071733,-0.07628022999513026,0.03723885870918764,-0.9983294692739666,-0.04417621737085618,-0.07794357957326008,0.041170500028709645,-0.9961073176775146
8.0,0.0028318751137703657,Grasping,0.50939,0.26656,0.03811,0.04065,-0.07635,-0.04432,0.99884,0.01946,-0.0386,-0.02136,0.9962625218097245,0.04051876925724418,-0.07628379234939917,0.03722116721228386,-0.9983306249691348,-0.0441650083221084,-0.07794595787263905,0.0411605707761071,-0.9961075419173885
8.067,0.0011984166922047734,Grasping,0.5094,0.26654,0.0381,0.04063,-0.07635,-0.0443,0.99884,0.01945,-0.0386,-0.02135,0.9962628918795547,0.04050091254015081,-0.07628844176677135,0.037204100039198384,-0.9983318372008299,-0.04415198490995817,-0.07794937590552156,0.04114874134929189,-0.9961077631869499
8.133,0.0011984166922047734,Grasping,0.5094,0.26654,0.03811,0.04063,-0.07635,-0.0443,0.99884,0.01945,-0.0386,-0.02135,0.9962635881701309,0.04049714734613574,-0.07628134728228997,0.03720056698668678,-0.9983319384946011,-0.044152671464826036,-0.07794216254534517,0.041149989531434866,-0.9961082760720934
8.2,0.0004123866674490273,Grasping,0.5094,0.26654,0.0381,0.04063,-0.07635,-0.0443,0.99884,0.01945,-0.0386,-0.02135,0.9962630037571225,0.04049787759528206,-0.0762885919067429,0.03720108535851824,-0.9983319680690357,-0.04415156599209117,-0.07794938481466201,0.041148553336457686,-0.996107770256478
8.267,0.0004123866674490273,Grasping,0.50939,0.26654,0.0381,0.04063,-0.07637,-0.0443,0.99884,0.01945,-0.03861,-0.02135,0.9962625937826338,0.04050365661361277,-0.07629087776677983,0.037206971518709,-0.9983318559525599,-0.044149141109685354,-0.07795181524445174,0.04114558531900478,-0.9961077026651542
8.334,0.0004123866674490273,Grasping,0.50939,0.26654,0.0381,0.04063,-0.07635,-0.0443,0.99884,0.01945,-0.0386,-0.02135,0.9962626440162243,0.04050636497338894,-0.07628878380498832,0.03720955073913612,-0.9983316346815934,-0.04415197082542592,-0.07794994208845388,0.04114828782124738,-0.9961077376156589
8.4,0.0003782399871852249,Grasping,0.5094,0.26654,0.03811,0.04063,-0.07635,-0.0443,0.99884,0.01945,-0.0386,-0.02135,0.9962631956174759,0.040500134383862185,-0.07628488823445881,0.03720331287169637,-0.9983317792153397,-0.04415395928006186,-0.07794586948277266,0.041150914007149424,-0.9961079478183832
8.467,0.0003782399871852249,Grasping,0.5094,0.26654,0.0381,0.04063,-0.07635,-0.0443,0.99884,0.01945,-0.0386,-0.02135,0.9962629079059118,0.040498800339857866,-0.07628935379126721,0.03720197871235459,-0.9983319349100455,-0.04415156303745592,-0.07795018351961919,0.041148449664565066,-0.9961077120369364
8.534,0.0003782399871852249,Grasping,0.50939,0.26654,0.0381,0.04063,-0.07637,-0.0443,0.99884,0.01945,-0.03861,-0.02135,0.9962621572745713,0.040501224112477696,-0.07629786909218572,0.0372042243993192,-0.9983319469291652,-0.04414939894797379,-0.07795870489857155,0.04114577239538853,-0.9961071557541007
8.6,0.0003247216809540987,Grasping,0.50939,0.26654,0.0381,0.04063,-0.07637,-0.0443,0.99884,0.01945,-0.03861,-0.02135,0.9962628069435419,0.040494676636117444,-0.07629286116742158,0.03719816892688976,-0.998332341144492,-0.044145587021175145,-0.0779532919732178,0.041142651702264825,-0.9961077082732792
8.667,0.0003247216809540987,Grasping,0.50939,0.26654,0.0381,0.04063,-0.07637,-0.0443,0.99884,0.01945,-0.03861,-0.02135,0.9962622978949747,0.040499907326587925,-0.07629673190617298,0.03720308526705152,-0.9983320647118731,-0.04414769546353557,-0.07795745146961366,0.04114421070656679,-0.9961073183576639
8.733,0.0003247216809540987,Grasping,0.50939,0.26654,0.0381,0.04063,-0.07637,-0.0443,0.99884,0.01945,-0.03861,-0.02135,0.9962626480408571,0.040504622895760345,-0.07628965619723024,0.03720767086892168,-0.9983316493256127,-0.044153223928857975,-0.07795078798273544,0.04114964737241519,-0.9961076152575066
8.8,0.0003214383323211223,Grasping,0.5094,0.26654,0.0381,0.04063,-0.07637,-0.0443,0.99884,0.01945,-0.03861,-0.02135,0.9962625745735383,0.04050360091848332,-0.07629115818193424,0.03720689370849678,-0.9983318529797074,-0.044149273908741016,-0.07795209788497875,0.041145712276501316,-0.9961076753025198
8.867,0.0003214383323211223,Grasping,0.5094,0.26654,0.0381,0.04063,-0.07635,-0.0443,0.99884,0.01945,-0.0386,-0.02135,0.9962629883938294,0.04049734764835966,-0.07628907385755765,0.03720043708062798,-0.9983319372474165,-0.04415280911595938,-0.07794989055544743,0.041149822663870475,-0.9961076782442377
