time,gr,gr_state,tx,ty,tz,rx,ry,rz,qw,qx,qy,qz,xx,xy,xz,yx,yy,yz,zx,zy,zz
0.0,0.04000938683748245,Empty,0.30842,-0.00039,0.48421,0.00158,-0.00148,0.00494,1.0,0.00079,-0.00074,0.00247,0.9999976345955797,0.0015825032878767353,-0.0014921416117596503,0.0015898471227092092,-0.9999865668826584,0.004933400486555285,-0.001484314445155767,-0.004935761094116094,-0.9999867174483119
0.067,0.04000938683748245,Empty,0.30843,-0.00039,0.4842,0.00158,-0.0015,0.00494,1.0,0.00079,-0.00075,0.00247,0.9999976105719848,0.0015840782100654538,-0.001506501425559819,0.001591489688747616,-0.9999865748531227,0.004931254819049682,-0.0014986697072498336,-0.004933640617656128,-0.9999867065013236
0.133,0.04000938683748245,Empty,0.30843,-0.00039,0.48421,0.0016,-0.0015,0.00494,1.0,0.0008,-0.00075,0.00247,0.9999975976151658,0.0015940757287416507,-0.0015045552391525353,0.0016014794197727888,-0.9999865525627287,0.004932540661458023,-0.0014966721633907776,-0.004934938325848557,-0.9999867030896737
0.2,0.04000938683748245,Empty,0.30842,-0.00039,0.48421,0.0016,-0.00148,0.00494,1.0,0.0008,-0.00074,0.00247,0.9999976199852838,0.001593451746637442,-0.0014902802753417978,0.0016007826296112748,-0.9999865615594018,0.004930942666185694,-0.0014824030290947444,-0.004933316545247602,-0.9999867323465468
0.267,0.04000938683748245,Empty,0.30843,-0.00039,0.48421,0.00158,-0.0015,0.00494,1.0,0.00079,-0.00075,0.00247,0.9999976136411709,0.0015841917525603044,-0.0015043431968531137,0.00159159446378776,-0.9999865684849095,0.004932512223783371,-0.0014965089460602934,-0.004934894757343027,-0.9999867035489562
0.333,0.04000938683748245,Empty,0.30843,-0.00039,0.48421,0.00158,-0.0015,0.00494,1.0,0.00079,-0.00075,0.00247,0.9999976159646149,0.0015854461642788031,-0.0015014744575837192,0.0015928369055350222,-0.9999865592375936,0.004933985686151112,-0.0014936317079414453,-0.004936365527283405,-0.9999867005914138
0.4,0.04000938683748245,Empty,0.30842,-0.00039,0.48421,0.0016,-0.00148,0.00494,1.0,0.0008,-0.00074,0.00247,0.9999976295645014,0.001587500679412046,-0.001490203667651903,0.0015948383887992024,-0.9999865472998539,0.004935758283206591,-0.0014823481007606913,-0.004938123217326246,-0.9999867087032699
0.467,0.04000938683748245,Empty,0.30843,-0.00039,0.48421,0.0016,-0.0015,0.00494,1.0,0.0008,-0.00075,0.00247,0.9999976027089066,0.0015925989791117923,-0.0015027324882873755,0.0015999891372060482,-0.9999865699705968,0.004929494213557658,-0.0014948615990938309,-0.00493188675178247,-0.9999867208527659
0.533,0.04000938683748245,Empty,0.30843,-0.00039,0.4842,0.00158,-0.00152,0.00494,1.0,0.00079,-0.00076,0.00247,0.9999975971006982,0.0015838934121795156,-0.0015156102693236991,0.0015913510011358878,-0.999986571252535,0.004932029662293289,-0.0015077781072852742,-0.0049344296790420775,-0.9999866889158685
0.6,0.04000938683748245,Empty,0.30842,-0.00039,0.48421,0.00158,-0.00148,0.00494,1.0,0.00079,-0.00074,0.00247,0.9999976471925864,0.0015860756211097393,-0.0014798558765347996,0.0015933540962327908,-0.9999865769828233,0.004930220775959589,-0.0014720163094243423,-0.004932567110522306,-0.9999867513870796
0.667,0.04000938683748245,Empty,0.30842,-0.00039,0.48421,0.00158,-0.00148,0.00494,1.0,0.00079,-0.00074,0.00247,0.9999976287979884,0.0015848685881539315,-0.0014935159720800208,0.0015922184937097184,-0.9999865653896358,0.004932938323951519,-0.0014856778482778162,-0.004935304630709639,-0.9999867176765566
0.733,0.04000938683748245,Empty,0.30843,-0.00039,0.48421,0.0016,-0.0015,0.00494,1.0,0.0008,-0.00075,0.00247,0.9999975854282862,0.0016056453554302852,-0.0015003468233460108,0.0016130291431146748,-0.9999865307175563,0.004933205899788148,-0.001492405635610532,-0.004935614091359561,-0.9999867061311168
0.8,0.04000938683748245,Empty,0.30842,-0.00036,0.48422,0.00168,-0.00146,0.00498,1.0,0.00084,-0.00073,0.00249,0.9999975214366092,0.0016687358388189355,-0.0014739203976508455,0.0016760428770521418,-0.9999862433582596,0.004970309297176232,-0.0014656059882017347,-0.004972767331733391,-0.999986561701782
0.867,0.04000938683748245,Empty,0.30843,-0.00031,0.48421,0.0018,-0.00148,0.0051,1.0,0.0009,-0.00074,0.00255,0.9999972744203675,0.0017963276747788304,-0.0014914284162149828,0.0018039012194744908,-0.9999854069641865,0.00509232746989737,-0.0014822591629834,-0.0050950039798921066,-0.9999859218220117
0.933,0.04000938683748245,Empty,0.30843,-0.00031,0.4842,0.0018,-0.0015,0.00508,1.0,0.0009,-0.00075,0.00254,0.9999972682759057,0.0017886605542700162,-0.0015047040067710422,0.0017962832558168218,-0.9999854838413282,0.005079908767851012,-0.0014955959318166464,-0.005082597765554156,-0.9999859650978918
1.0,0.04000938683748245,Empty,0.30843,-0.00031,0.48421,0.00178,-0.0015,0.00508,1.0,0.00089,-0.00075,0.00254,0.9999972839117409,0.001783996427755341,-0.0014998419540487326,0.0017915965128716405,-0.9999854852951502,0.005081277492695152,-0.0014907552033900226,-0.005083950803111743,-0.9999859654480932
1.067,0.04000938683748245,Empty,0.30843,-0.00031,0.48421,0.00178,-0.0015,0.00508,1.0,0.00089,-0.00075,0.00254,0.9999973050363764,0.001774175639905451,-0.0014974046823832206,0.001781754979460981,-0.9999855317809021,0.005075586474440637,-0.0014883780357231003,-0.005078240804168826,-0.9999859980025511
1.133,0.04000938683748245,Empty,0.30843,-0.0003,0.48421,0.00182,-0.0015,0.0051,1.0,0.00091,-0.00075,0.00255,0.9999972278431712,0.0018182008936774574,-0.0014961455419499209,0.0018258030256889657,-0.99998535072621,0.0050955643740791395,-0.001486858864805647,-0.005098281915432928,-0.9999858982866842
1.2,0.04000938683748245,Empty,0.30843,-0.0003,0.48421,0.00182,-0.0015,0.0051,1.0,0.00091,-0.00075,0.00255,0.9999972294493584,0.0018149493767813385,-0.0014990171336232451,0.0018225706751593962,-0.9999853412688586,0.005098576618856962,-0.001489741501477272,-0.005101294557661542,-0.9999858786323409
1.267,0.04000938683748245,Empty,0.30844,-0.0003,0.48417,0.00182,-0.0016,0.00508,1.0,0.00091,-0.0008,0.00254,0.9999970871126298,0.0018069724782368013,-0.001600192712918525,0.0018150853209968898,-0.9999854338750493,0.005083060397695233,-0.0015909844540675754,-0.005085950077616782,-0.9999858008393291
1.333,0.04000938683748245,Empty,0.30859,-0.00016,0.48382,0.00221,-0.00271,0.0051,1.0,0.00111,-0.00135,0.00255,0.9999938695222041,0.002221721975872004,-0.0027064496061467375,0.002235483494110291,-0.9999845352040129,0.0050923438966707715,-0.0026950939791117517,-0.005098362901591767,-0.9999833714438292
1.4,0.04000938683748245,Empty,0.30899,0.00057,0.48298,0.00441,-0.00539,0.00539,0.99999,0.00221,-0.00269,0.0027,0.9999757492748094,0.004412199576577236,-0.005388261053458462,0.00444119160534151,-0.999975662552802,0.005380531498695515,-0.005364389938139131,-0.005404331316662767,-0.9999710078415329
1.467,0.04000938683748245,Empty,0.30982,0.00166,0.48123,0.00775,-0.01104,0.00568,0.99997,0.00389,-0.00551,0.00286,0.9999089036890068,0.007751600134139447,-0.011049751979535404,0.007814731032757538,-0.999953323326198,0.005681650092850363,-0.011005194334244892,-0.005767483355185298,-0.9999228079373994
1.533,0.04000938683748245,Empty,0.31105,0.00299,0.47862,0.01201,-0.01942,0.00572,0.99993,0.00603,-0.00969,0.00292,0.9997395708337422,0.011994377386800814,-0.019414567218136964,0.012107394530847082,-0.9999103753542522,0.00571421530857731,-0.01934428873954733,-0.005947786985204312,-0.9997951901880403
1.6,0.04000938683748245,Empty,0.31277,0.004,0.47467,0.01513,-0.03197,0.00576,0.99984,0.00761,-0.01596,0.003,0.9993748018612105,0.015122256281451474,-0.03195814090062776,0.01531374174746225,-0.999866172806037,0.005755501012047205,-0.03186682787097443,-0.006241301400007892,-0.9994726366630934
1.667,0.04000938683748245,Empty,0.315,0.00442,0.46961,0.01622,-0.04804,0.00607,0.99967,0.00818,-0.02399,0.00323,0.9987148438189468,0.01619049987718668,-0.048026330792839536,0.016500721841803345,-0.9998454288554963,0.006069973267444465,-0.047920631406481194,-0.006854641529276056,-0.9988276262574587
1.733,0.04000938683748245,Empty,0.31761,0.00446,0.46342,0.01618,-0.06758,0.0061,0.99939,0.00819,-0.03376,0.00332,0.99758602222034,0.016155318407828412,-0.06753616777505911,0.01660378197029594,-0.9998436357953052,0.006084273490554543,-0.06742731416037658,-0.007190941994389388,-0.9976982748598652
1.8,0.04000938683748245,Empty,0.32059,0.00454,0.45593,0.01628,-0.09103,0.00613,0.99893,0.00827,-0.04547,0.00343,0.9957275537231611,0.0162024715515639,-0.09090719813144817,0.016826705126492814,-0.999839786021693,0.006104447778525195,-0.09079372638610929,-0.007608035470175217,-0.9958406584615879
1.867,0.04000938683748245,Empty,0.32364,0.00465,0.448,0.01639,-0.11532,0.00627,0.9983,0.00836,-0.0576,0.0036,0.9932243591680743,0.016283929299169275,-0.1150660940579285,0.01711453212160924,-0.9998341001520927,0.006234177035768118,-0.11494548771233591,-0.008161238854153641,-0.9933382752290071
1.933,0.04000938683748245,Empty,0.32716,0.00482,0.43945,0.01665,-0.13971,0.00645,0.99752,0.00853,-0.06977,0.0038,0.9901185425034833,0.01648666534853732,-0.13926040950845545,0.017547658064766547,-0.9998255811456538,0.006394293017835992,-0.13913069929824762,-0.008774802131173714,-0.9902351495277975
2.0,0.04000938683748245,Empty,0.33157,0.00561,0.43134,0.01839,-0.15995,0.00735,0.99675,0.00946,-0.07985,0.0044,0.987068657417832,0.018152428208610127,-0.15926692969191802,0.019556729743754053,-0.9997824316932056,0.007254212524502604,-0.15910059668363558,-0.010275146118286732,-0.9872089046940161
2.067,0.04000938683748245,Empty,0.33639,0.00775,0.4239,0.02362,-0.17643,0.00924,0.99603,0.01217,-0.08804,0.00564,0.9842005825322935,0.023242917477015845,-0.17552487040374234,0.02522899133639228,-0.9996403542904853,0.00909175836358729,-0.17525042464782276,-0.013376429312422852,-0.9844330143791438
2.133,0.04000938683748245,Empty,0.34141,0.01153,0.41752,0.03291,-0.18672,0.01215,0.99548,0.01695,-0.09311,0.00758,0.9820846136545334,0.03233852983475549,-0.18564490596607414,0.03516177814642668,-0.9993103685515872,0.011934683191138759,-0.1851309292922371,-0.018248473728452112,-0.982544417431586
2.2,0.04000938683748245,Empty,0.34763,0.01682,0.41209,0.04461,-0.18832,0.01586,0.99527,0.02295,-0.09382,0.00999,0.9813438740117548,0.043810418271632734,-0.18720269279704665,0.04755835658670021,-0.9987470348542324,0.015574437025159524,-0.18628581174736075,-0.024186930783854567,-0.9821978358359804
2.267,0.04000938683748245,Empty,0.35434,0.02349,0.40809,0.05833,-0.18356,0.02043,0.99529,0.02997,-0.09131,0.01284,0.9815278506822869,0.05732106428250633,-0.18253047396128513,0.06200931690581346,-0.9978736153357222,0.020077161992912332,-0.18099149966748468,-0.03102488366353699,-0.9829951849535068
2.333,0.04000938683748245,Empty,0.36121,0.0312,0.40507,0.07406,-0.17386,0.02557,0.99542,0.03799,-0.08628,0.01594,0.9822257719260012,0.07288480624996324,-0.17297496345505192,0.07838422648813387,-0.9966054550408827,0.025169028996210055,-0.17055335236291358,-0.03828017764666779,-0.9846045815438356
2.4,0.04000938683748245,Empty,0.36818,0.03909,0.40267,0.08793,-0.16081,0.03053,0.99564,0.04503,-0.07956,0.01873,0.9832857821562342,0.08668067325359613,-0.16011099741649698,0.09264121234715056,-0.9952435329351041,0.03013164326256483,-0.15673760360632144,-0.04446089332385947,-0.986639018375308
2.467,0.04000938683748245,Empty,0.37508,0.04623,0.40086,0.09419,-0.14548,0.03511,0.99604,0.04822,-0.07176,0.02091,0.9850514919046557,0.09305285623732135,-0.14496456202289115,0.09905355213269929,-0.9944759973553254,0.034725847635811644,-0.14093243809111833,-0.04856600282303838,-0.9888272808046336
2.533,0.04000938683748245,Empty,0.38162,0.05267,0.39873,0.09363,-0.12878,0.03919,0.99658,0.04795,-0.06335,0.02254,0.9873764548239696,0.09271700839574937,-0.12841842863620342,0.09842696070637291,-0.9943859750912271,0.03884154924787634,-0.12409621213137505,-0.050991066825588516,-0.9909591521544333
2.6,0.04000938683748245,Empty,0.38778,0.05924,0.39629,0.09147,-0.11136,0.0421,0.99713,0.04681,-0.05462,0.02354,0.9896516778541204,0.0907795056561162,-0.11112442518796625,0.0959212892167281,-0.9945099044809023,0.04182291434593533,-0.1067176779897574,-0.05204931548270162,-0.9929260828290576
2.667,0.04000938683748245,Empty,0.39329,0.06557,0.39359,0.08836,-0.0955,0.04426,0.99759,0.04516,-0.0467,0.02419,0.9915603875634545,0.08783570229853688,-0.09535663173966766,0.09235450292896369,-0.9947513843235024,0.044049167701772515,-0.09098705184670985,-0.052484024123514425,-0.9944680907942933
2.733,0.04000938683748245,Empty,0.39798,0.07167,0.39053,0.08339,-0.08333,0.04627,0.99796,0.0426,-0.04064,0.02483,0.9930674860614314,0.08300531597577587,-0.08322911538272165,0.08704116763782954,-0.9951379635089161,0.046089789754027416,-0.07899875482482013,-0.05301463102850768,-0.9954640353287701
2.8,0.04000938683748245,Empty,0.4019,0.07794,0.38701,0.07942,-0.07467,0.04763,0.9982,0.04055,-0.03634,0.02526,0.9940710365788471,0.07911059835331719,-0.07459415166912603,0.08278232312067269,-0.9954357876312985,0.04748346745553847,-0.07049724259714708,-0.05337701688027112,-0.9960828443734802
2.867,0.04000938683748245,Empty,0.40551,0.08383,0.38311,0.07345,-0.068,0.04807,0.99843,0.0375,-0.03308,0.02525,0.9949991916617569,0.07320756311037446,-0.06795043263947087,0.07654871471326474,-0.9959126529980067,0.04794039918710961,-0.06416309584331084,-0.05290217672187779,-0.9965362295621215
2.934,0.04000938683748245,Empty,0.4092,0.08985,0.37858,0.06802,-0.06217,0.04832,0.99862,0.03473,-0.03023,0.02519,0.9957602609393827,0.06784428497963457,-0.062118078926623535,0.07088970678975759,-0.9963185051595553,0.048208772520062664,-0.05861870183818717,-0.05240791230559627,-0.996903836145982
3.0,0.04000938683748245,Empty,0.41322,0.09532,0.37334,0.06297,-0.05719,0.04773,0.99879,0.03214,-0.02782,0.02474,0.9963859123131908,0.06282481389801725,-0.05716779252770019,0.06557847652653159,-0.9967096166370131,0.04763825689251779,-0.053986823950569925,-0.051215064795212914,-0.9972273762676956
3.067,0.04000938683748245,Empty,0.41793,0.10032,0.36756,0.06017,-0.05122,0.04596,0.99894,0.03065,-0.0249,0.02373,0.9968809572978081,0.06004981307388191,-0.051209148858358595,0.06241364644790004,-0.9969951525371046,0.045882486360179414,-0.04830003844804093,-0.04893552663768282,-0.9976334098849188
3.133,0.04000938683748245,Empty,0.42301,0.10502,0.3616,0.05753,-0.04409,0.04366,0.99909,0.02923,-0.0214,0.02245,0.9973750944612501,0.05744404543256687,-0.04408063739051709,0.05936585823583057,-0.9972835691139295,0.04360249592977299,-0.04145619162846875,-0.04610492836697414,-0.9980760090073001
3.2,0.04000938683748245,Empty,0.42827,0.11003,0.35562,0.05442,-0.03541,0.04086,0.99925,0.02756,-0.01714,0.0209,0.9978937865531508,0.054357505290193175,-0.035401304739249045,0.05579050211494074,-0.9976071600180358,0.040833493048130574,-0.033096988267474564,-0.04272254556291752,-0.9985386189167885
3.267,0.04000938683748245,Empty,0.43338,0.11506,0.34965,0.04616,-0.02639,0.03795,0.99946,0.02332,-0.01275,0.01927,0.9985877064579276,0.04611380495486994,-0.02638388719806665,0.04709636404270717,-0.9981704197637171,0.03791761599417271,-0.024587090211183774,-0.039106650346315226,-0.998932502671546
3.333,0.04000938683748245,Empty,0.43858,0.12019,0.34401,0.0342,-0.01545,0.03444,0.99967,0.01723,-0.00743,0.01735,0.9992959099256045,0.03418629106224419,-0.015459039729730846,0.03470200318473565,-0.9988047113621048,0.03442266020848309,-0.01426377863416523,-0.0349348832010301,-0.9992877956598919
3.4,0.04000938683748245,Empty,0.44393,0.12586,0.33847,0.01932,-0.00271,0.02994,0.99984,0.00968,-0.00121,0.01498,0.9998096916900245,0.019319924759113483,-0.0027057180193293118,0.019392313823532514,-0.999363772780413,0.029933055618635726,-0.002125692185514486,-0.02997982924235739,-0.9995482435937405
3.467,0.04000938683748245,Empty,0.44955,0.1319,0.33287,0.0017,0.01178,0.02419,0.99991,0.00078,0.0059,0.01209,0.9999292222980352,0.0017096629262574603,0.011774015760368135,0.0014243832110734655,-0.9997062311299664,0.02419550727689655,0.011811923082835721,-0.024177024064117644,-0.9996379094354556
3.533,0.04000938683748245,Empty,0.45499,0.13845,0.32717,-0.01505,0.0264,0.01762,0.99984,-0.00764,0.01313,0.00891,0.9995383189538476,-0.015049390122246653,0.026394408496215237,-0.015517283136174398,-0.9997244662057325,0.017612654363684484,0.026122076238087398,-0.018014092444839952,-0.9994964380158642
3.6,0.04000938683748245,Empty,0.45942,0.14527,0.3209,-0.02815,0.03721,0.01146,0.99971,-0.01418,0.01852,0.00599,0.9989121628373479,-0.028121589869837316,0.0371976762554393,-0.028565204185051707,-0.9995263677860664,0.011448546207243983,0.03685810691663523,-0.012498651270667457,-0.9992423448147782
3.667,0.04000938683748245,Empty,0.4627,0.15175,0.31404,-0.03991,0.043,0.00658,0.99956,-0.02002,0.02143,0.00372,0.9982804296899441,-0.039860113620167614,0.042980868304954095,-0.04017891309937471,-0.9991708439165922,0.006578723976405604,0.04268300177135343,-0.008294335970538209,-0.9990542354399958
3.733,0.04000938683748245,Empty,0.465,0.15811,0.30637,-0.05025,0.04448,0.00312,0.99944,-0.02515,0.02219,0.00212,0.9977504918173618,-0.05017787696156101,0.044453759591775326,-0.050366067437710216,-0.9987259420090004,0.0031228206952512196,0.044240426411517944,-0.005354756938003488,-0.9990065621651649
3.8,0.04000938683748245,Empty,0.46663,0.16467,0.29803,-0.05597,0.04356,0.00058,0.99937,-0.02798,0.02176,0.0009,0.9974869495549652,-0.055890356923397944,0.04354369610523587,-0.05596899589471155,-0.9984323340921064,0.0005879948348635235,0.043442570896158376,-0.003023614122736621,-0.9990513504277792
3.867,0.04000938683748245,Empty,0.46796,0.17133,0.2893,-0.05605,0.04204,-0.0015,0.99939,-0.028,0.02103,-0.00016,0.9975477987567523,-0.055965708610407505,0.04202652323585104,-0.05595230645856786,-0.9984323218652955,-0.001496013583262474,0.0420443646345747,-0.0008591358505867649,-0.999115375363659
3.933,0.04000938683748245,Empty,0.4695,0.17834,0.28019,-0.05333,0.04186,-0.00426,0.99942,-0.02661,0.02098,-0.00157,0.9977035461893389,-0.053248303070809466,0.041859910908856254,-0.05311661578096005,-0.9985792608341789,-0.004252641513513136,0.04202688483811329,0.0020194187143330856,-0.9991144393405893
4.0,0.04000938683748245,Empty,0.4717,0.18483,0.27115,-0.05227,0.04379,-0.00805,0.99941,-0.02604,0.02199,-0.00345,0.9976768246823695,-0.052205315907282446,0.04376709360609772,-0.051901930601064517,-0.9986198174528742,-0.008040509329046663,0.04412644435694246,0.005750233161278226,-0.9990094052244978
4.067,0.04000938683748245,Empty,0.47457,0.19081,0.26246,-0.05526,0.04772,-0.01305,0.99932,-0.02746,0.02403,-0.00586,0.9973369410033913,-0.05516821732203836,0.04770213734735869,-0.054605358880517985,-0.9984230699258193,-0.013024139949793154,0.048345432995555875,0.010384663567506495,-0.9987766906927001
4.133,0.04000938683748245,Empty,0.47791,0.19577,0.25416,-0.06042,0.05178,-0.01822,0.99917,-0.02996,0.02615,-0.00832,0.9968364928110336,-0.06031084659564484,0.051764933913939576,-0.05944016006217656,-0.998065957361771,-0.018199234250758135,0.05276242954964027,0.015064744884919537,-0.9984934549057252
4.2,0.04000938683748245,Empty,0.48098,0.20069,0.24588,-0.06393,0.05415,-0.02263,0.99907,-0.03164,0.02742,-0.01044,0.9964941177577098,-0.06378748422949271,0.05413529467875214,-0.06264178498399842,-0.9977800542795191,-0.022604646778436918,0.055457010812896106,0.019134266059391433,-0.9982777167772838
4.267,0.04000938683748245,Empty,0.48356,0.20515,0.2378,-0.06802,0.05493,-0.02621,0.99897,-0.03363,0.02789,-0.01216,0.9961824788457405,-0.06787436765828714,0.05489571072263514,-0.06651817421685635,-0.9974420146927936,-0.026167915936064434,0.05653141904827334,0.022416456913809186,-0.9981491377143096
4.333,0.04000938683748245,Empty,0.48573,0.20919,0.22968,-0.07347,0.05239,-0.02819,0.9989,-0.03634,0.02669,-0.01312,0.99593418979526,-0.07329521596814542,0.05237271153035597,-0.07189430731388846,-0.9970148679057149,-0.028152473262675462,0.054279813676127345,0.024272710831970343,-0.9982307034629581
4.4,0.04000938683748245,Empty,0.48772,0.2127,0.22167,-0.08084,0.04905,-0.0297,0.99879,-0.04003,0.0251,-0.01384,0.9955358782801134,-0.0806526897742097,0.04902508224601353,-0.07926284764557334,-0.9964122636121111,-0.029664826082473405,0.051241741189756045,0.02564653106316451,-0.9983569198459378
4.467,0.04000938683748245,Empty,0.48975,0.21571,0.21365,-0.08584,0.04404,-0.03007,0.99874,-0.04256,0.02264,-0.01407,0.9953516299658413,-0.0856528730831757,0.044030876177292795,-0.08437807807635078,-0.9959808408473385,-0.03004171441795927,0.04642706823054767,0.026186828705026317,-0.9985783781646235
4.534,0.04000938683748245,Empty,0.49147,0.21764,0.20545,-0.08855,0.03718,-0.02904,0.99875,-0.04398,0.01921,-0.01368,0.9953926531077575,-0.0883840253056643,0.03717163178913503,-0.08733239166335588,-0.9957562806647766,-0.02902555568819546,0.03957928126504602,0.02564553737822506,-0.9988872743744033
4.6,0.04000938683748245,Empty,0.49286,0.21927,0.19702,-0.09022,0.02791,-0.02663,0.99881,-0.0449,0.01454,-0.01267,0.9955447358948666,-0.0900626416252644,0.0279177258296372,-0.08932577395036484,-0.9956470221747198,-0.026606640952612476,0.03019246495713563,0.02399432887355159,-0.9992560669026334
4.667,0.04000938683748245,Empty,0.49447,0.22218,0.18945,-0.09069,0.02084,-0.02531,0.99884,-0.04519,0.01098,-0.01217,0.9956743234558982,-0.09054570716424021,0.020835463152209636,-0.09001104570411406,-0.995619107370477,-0.02531016969651212,0.02303591243887098,0.02332526426306877,-0.9994624949367368
4.733,0.04000938683748245,Empty,0.49633,0.22545,0.18275,-0.09216,0.01463,-0.02438,0.99884,-0.04597,0.00787,-0.01184,0.9956496563805426,-0.09202008172722581,0.014631005031176852,-0.09164745245149764,-0.9954931817691707,-0.02437354119210903,0.016807921003446552,0.022926613574787834,-0.9995958504223266
4.8,0.04000938683748245,Empty,0.49751,0.22877,0.1762,-0.08869,0.00703,-0.02239,0.99895,-0.04429,0.00401,-0.01103,0.9960445206136216,-0.08857694523713483,0.007031196771432197,-0.0884001027981211,-0.9958333451556725,-0.022391304145687713,0.008985253522443618,0.021681177286316904,-0.9997245579511471
4.867,0.04000938683748245,Empty,0.49925,0.23331,0.17095,-0.08321,0.00233,-0.02192,0.99907,-0.04158,0.00162,-0.0109,0.9965376978629126,-0.08310969697406922,0.0023227154290951166,-0.08303924700878484,-0.9963053474048323,-0.021912055785573606,0.004135238118925155,0.021643313087751578,-0.9997572039271764
4.933,0.04000938683748245,Empty,0.50128,0.23866,0.16725,-0.07693,0.00015,-0.02258,0.9992,-0.03845,0.00051,-0.01128,0.9970433298456904,-0.07684124778238799,0.00014508433267898697,-0.07681839466030133,-0.9967894317220416,-0.022577932789862636,0.0018795350574427785,0.02250003214430999,-0.9997450754574753
5.0,0.04000938683748245,Empty,0.50364,0.24443,0.16467,-0.07005,-0.00058,-0.02388,0.99932,-0.03502,0.00013,-0.01194,0.9975470660937267,-0.06999655623527545,-0.0005770987783767067,-0.06999036078974435,-0.9972619374926663,-0.0238741999843883,0.0010955931359308258,0.023856029501471383,-0.9997148040977013
5.067,0.04000938683748245,Empty,0.50566,0.24966,0.16238,-0.06368,-0.00114,-0.02504,0.99941,-0.03184,-0.00017,-0.01253,0.9979724257686498,-0.06363753953570916,-0.0011405995254373646,-0.06364612902961303,-0.99765828454798,-0.025042314835639474,0.00045570273451437114,0.025064134427952387,-0.9996857413709548
5.133,0.04000938683748245,Empty,0.50749,0.25361,0.1599,-0.05926,-0.00234,-0.02572,0.99948,-0.02964,-0.00079,-0.01289,0.9982416608343839,-0.05922921359827821,-0.0023423985870196316,-0.05926991828076267,-0.9979107446701384,-0.025714246224247696,-0.0008144701361523456,0.025807865630831015,-0.9996665897737997
5.2,0.04000938683748245,Empty,0.50927,0.25589,0.15723,-0.05748,-0.00429,-0.02587,0.9995,-0.02876,-0.00177,-0.01299,0.9983398043531688,-0.05743975644755123,-0.004278951194268006,-0.057531557919149434,-0.9980085820546587,-0.025864840781357375,-0.0027847598590367327,0.026068074813752423,-0.9996562912261555
5.267,0.04000938683748245,Empty,0.51114,0.25707,0.15429,-0.05753,-0.00678,-0.02566,0.9995,-0.0288,-0.00302,-0.01292,0.9983229494411938,-0.057491120822659836,-0.00678672568989371,-0.05764735591783582,-0.9980072884853222,-0.025656080874853503,-0.005298204858052383,0.026004291121447663,-0.9996477909086546
5.333,0.04000938683748245,Empty,0.51197,0.2574,0.15026,-0.05801,-0.01166,-0.02399,0.99949,-0.02907,-0.00548,-0.01216,0.9982493871184133,-0.05798530793259565,-0.011656122068444269,-0.05825178482038712,-0.9980135139290929,-0.023994907379355786,-0.01024161525110847,0.024631891499976154,-0.9996441262960443
5.4,0.04000938683748245,Empty,0.5122,0.25742,0.1453,-0.05856,-0.01816,-0.02146,0.99947,-0.02937,-0.00876,-0.01099,0.9981212328271514,-0.058515736740380464,-0.018163511041021842,-0.05890095793147171,-0.9980333122060004,-0.021451920237470442,-0.016872514168369896,0.02248146527364874,-0.999604872929693
5.467,0.04000938683748245,Empty,0.5116,0.25781,0.13923,-0.05803,-0.02595,-0.0186,0.99945,-0.02913,-0.0127,-0.00967,0.9979798885376452,-0.057985876713335105,-0.025957275977564594,-0.05847738844131706,-0.9981155516040632,-0.018594103560011135,-0.02483016543385988,0.020074455108495846,-0.999490109574189
5.533,0.04000938683748245,Empty,0.51126,0.25837,0.13289,-0.05753,-0.03422,-0.01552,0.99941,-0.02889,-0.01688,-0.00825,0.9977602623864648,-0.057473484716886514,-0.034223637401522386,-0.05803043495473431,-0.9981943486562583,-0.015508414802066795,-0.03327051880355077,0.017459692586251668,-0.9992938665444395
5.6,0.04000938683748245,Empty,0.51039,0.25879,0.12629,-0.0569,-0.0434,-0.01189,0.99934,-0.02857,-0.02152,-0.00656,0.9974412492578875,-0.056825628746182355,-0.04337974408023135,-0.05738986816692315,-0.99828123622104,-0.01187335002326972,-0.04263047396696991,0.014332526873965626,-0.9989880987092682
5.667,0.04000938683748245,Empty,0.50962,0.25918,0.12008,-0.05639,-0.05191,-0.00852,0.99925,-0.02829,-0.02582,-0.00499,0.9970660167352188,-0.05628573282629756,-0.05187749562162042,-0.05680095081463893,-0.9983492533052918,-0.008510018291358983,-0.05131286640129907,0.011431741117299386,-0.9986171964455196
5.733,0.04000938683748245,Empty,0.50941,0.25991,0.11505,-0.05563,-0.05824,-0.00619,0.99918,-0.02789,-0.02902,-0.0039,0.996759775625913,-0.05551806223901862,-0.05820390415946415,-0.05597057907287001,-0.9984133401834461,-0.006172229903529152,-0.05776888411962999,0.009409936713860262,-0.9982856350356916
5.8,0.04000938683748245,Empty,0.51015,0.26043,0.11154,-0.05574,-0.06189,-0.00502,0.99913,-0.02793,-0.03086,-0.00337,0.9965353726130551,-0.055606230410466306,-0.0618481872854624,-0.05602221717616973,-0.9984169477499649,-0.005010950838932687,-0.061471638286494296,0.008458462341479962,-0.9980729893656036
5.867,0.04000938683748245,Empty,0.51166,0.26123,0.10938,-0.05601,-0.06318,-0.00514,0.9991,-0.02807,-0.0315,-0.00345,0.9964402691081273,-0.05586612777635108,-0.0631329222117839,-0.0563007182857288,-0.9984007056968497,-0.005124449682022112,-0.0627456709282301,0.00866063688818554,-0.9979919709839641
5.933,0.04000938683748245,Empty,0.51326,0.26167,0.10883,-0.05665,-0.06238,-0.0058,0.99911,-0.0284,-0.03109,-0.00378,0.9964528938325002,-0.05651946253042467,-0.06234725918681793,-0.05698923443317222,-0.9983580558558662,-0.005780957223154526,-0.0619181518745293,0.009313574124197553,-0.99803777473875
6.0,0.04000938683748245,Empty,0.51551,0.26195,0.10957,-0.0578,-0.05944,-0.00719,0.99913,-0.02899,-0.0296,-0.00445,0.9965669215233178,-0.0576723627321129,-0.05939923823107933,-0.058199033407625334,-0.998279225017461,-0.0071736607778191755,-0.058883303541453845,0.010606011287601887,-0.9982085298616777
6.067,0.04000938683748245,Empty,0.51715,0.26184,0.11062,-0.05902,-0.05665,-0.00822,0.99915,-0.02961,-0.02819,-0.00494,0.9966565955164601,-0.05889709456464376,-0.056628286795402265,-0.05945398403559138,-0.9981973775888189,-0.008198728993020939,-0.0560433260597062,0.011538094584843166,-0.9983616669211197
6.133,0.04000938683748245,Empty,0.51866,0.2617,0.11159,-0.06024,-0.05419,-0.00922,0.99917,-0.03023,-0.02694,-0.00542,0.9967207688318239,-0.06011648951176091,-0.05416379480871064,-0.06070107848493783,-0.9981134812688949,-0.009211817413115844,-0.05350783167035654,0.01246941049406478,-0.9984895721798338
6.2,0.04000938683748245,Empty,0.51949,0.26168,0.11214,-0.06079,-0.05279,-0.00978,0.99917,-0.03051,-0.02623,-0.00569,0.9967620722004302,-0.06067684487059749,-0.05276070430968002,-0.061274127734254835,-0.9980730969546306,-0.009776216333450698,-0.052065849585983724,0.012977427786030529,-0.9985593290711114
6.267,0.04000938683748245,Empty,0.51966,0.2614,0.11207,-0.06134,-0.05279,-0.00963,0.99917,-0.03078,-0.02623,-0.00562,0.9967296713687651,-0.061211796330117085,-0.05275488795508382,-0.06180177726554831,-0.9980420415942735,-0.009624112278754107,-0.052062486878103775,0.012852984103887773,-0.9985611139332897
6.333,0.04000938683748245,Empty,0.51951,0.26123,0.1116,-0.06151,-0.05353,-0.0092,0.99915,-0.03086,-0.02661,-0.00542,0.9966788946311267,-0.061381124318643454,-0.05351204139494366,-0.061958253302983546,-0.9980364125323631,-0.009192067622328836,-0.05284274637562125,0.012477052412704921,-0.9985248956929276
6.4,0.04000938683748245,Empty,0.5193,0.26118,0.11103,-0.06147,-0.05444,-0.00881,0.99914,-0.03084,-0.02707,-0.00524,0.9966326226395834,-0.06134333619600707,-0.05440965534617423,-0.061910447871757146,-0.9980429319312027,-0.008797867155570415,-0.05376348142432995,0.012136767547920348,-0.9984799381753364
6.467,0.04000938683748245,Empty,0.51892,0.26104,0.10998,-0.06151,-0.05608,-0.00806,0.99912,-0.03085,-0.0279,-0.00489,0.9965395956952965,-0.06137364462858874,-0.056054526636645015,-0.061919014537759054,-0.9980487674063534,-0.008043228041745426,-0.05545150899774938,0.011486236270527693,-0.9983953107493095
6.533,0.04000938683748245,Empty,0.51828,0.26089,0.10831,-0.06143,-0.05873,-0.0069,0.99909,-0.0308,-0.02924,-0.00435,0.9963927285072567,-0.06128916833940534,-0.058695557090195305,-0.06179737574992822,-0.9980649961923764,-0.006880968386347858,-0.05816025213396615,0.010483378261599504,-0.9982522145489774
6.6,0.04000938683748245,Empty,0.51758,0.26064,0.10641,-0.06149,-0.06171,-0.00553,0.99905,-0.03081,-0.03075,-0.00371,0.9962095878297048,-0.061337135016912125,-0.0616783023768229,-0.061793653193989106,-0.9980736829794086,-0.005519761666928545,-0.06122092404652772,0.00931016712179646,-0.9980808179937402
6.667,0.04000938683748245,Empty,0.51679,0.26034,0.10428,-0.06159,-0.06508,-0.00398,0.99899,-0.03084,-0.03246,-0.00299,0.9959915099064518,-0.06141518793240941,-0.06503142998191841,-0.06180330317589444,-0.9980804474364939,-0.003971418073711083,-0.06466269334643289,0.007974655866839807,-0.997875313329772
6.733,0.04000938683748245,Empty,0.51593,0.26003,0.10199,-0.06165,-0.0687,-0.00233,0.99893,-0.03084,-0.03429,-0.00222,0.9957462096964522,-0.06146090232605328,-0.06864432504159582,-0.061765319820511644,-0.9980880056391532,-0.002319109037405391,-0.06837054294518062,0.006549082723926504,-0.9976385008473041
6.8,0.04000938683748245,Empty,0.51509,0.2597,0.09971,-0.06177,-0.07227,-0.00067,0.99887,-0.03087,-0.0361,-0.00145,0.9954867018193323,-0.061573742030828105,-0.07221427001077284,-0.06178311426074906,-0.9980893756721603,-0.0006670551707445987,-0.07203522258666933,0.005125667047188309,-0.9973889182481479
6.867,0.04000938683748245,Empty,0.51431,0.25941,0.09765,-0.06184,-0.07553,0.00082,0.99881,-0.03088,-0.03775,-0.00076,0.9952430068704003,-0.061625132209124966,-0.0754566124058865,-0.06173926928594958,-0.9980919737507508,0.0008213174584808247,-0.07536325300570106,0.003841225655759054,-0.9971487477211515
6.933,0.04000938683748245,Empty,0.51363,0.25915,0.09585,-0.06178,-0.07837,0.00212,0.99876,-0.03082,-0.03919,-0.00015,0.9950288969975809,-0.061554460081580775,-0.07828500867881377,-0.061578266279533,-0.9981000229088395,0.0021122006015021344,-0.0782662843233523,0.00271895447536918,-0.9969287818218395
7.0,0.04000938683748245,Empty,0.5132,0.25895,0.09468,-0.06166,-0.08021,0.00296,0.99872,-0.03074,-0.04012,0.00024,0.9948913581352063,-0.061414639051088515,-0.08012133060620627,-0.06137550142472187,-0.9981103772068272,0.002953427992793134,-0.08015131522781453,0.001979146853867248,-0.9967807430147226
7.067,0.04000938683748245,Empty,0.51294,0.25895,0.09413,-0.06149,-0.0811,0.00332,0.99871,-0.03065,-0.04057,0.00041,0.9948287710487276,-0.061255221930197445,-0.08101551752571962,-0.06118818388603697,-0.998120751840977,0.003312234461990589,-0.08106616092061114,0.0016620862447388938,-0.9967073366956364
7.133,0.04000938683748245,Empty,0.51311,0.25927,0.0944,-0.06113,-0.08059,0.00287,0.99872,-0.03048,-0.04031,0.0002,0.9948922256327218,-0.06089782217941403,-0.08050412802691216,-0.06086606063841177,-0.9981418716748731,0.0028507317905692095,-0.080528144383999,0.00206379824232705,-0.9967501987453451
7.2,0.04000938683748245,Empty,0.51364,0.2594,0.09479,-0.06109,-0.07963,0.00235,0.99874,-0.03047,-0.03982,-4e-05,0.9949723912177431,-0.06086052133940589,-0.07953576338190384,-0.0608665217893361,-0.9981431452674472,0.0023511871205744855,-0.07953117149718565,0.0025016990033576952,-0.9968292402725664
7.267,0.04000938683748245,Empty,0.51394,0.25941,0.09498,-0.06102,-0.07911,0.00214,0.99875,-0.03044,-0.03956,-0.00014,0.9950167788056461,-0.060794771392153,-0.07902914441275491,-0.06081687074853048,-0.9981466693357159,0.002129489697913628,-0.07901213911540925,0.0026874272813996003,-0.9968700314519514
7.333,0.04000938683748245,Empty,0.51394,0.2594,0.09496,-0.0609,-0.07913,0.00215,0.99875,-0.03038,-0.03957,-0.00013,0.9950226025381419,-0.060683690419768344,-0.07904119277478465,-0.06070436502280269,-0.9981534880103844,0.00214346445785963,-0.07902531559823914,0.002665349834730745,-0.996869046266789
7.4,0.04000938683748245,Empty,0.51397,0.25935,0.09496,-0.06096,-0.07911,0.00219,0.99875,-0.03041,-0.03956,-0.00011,0.9950204835852232,-0.06074249513843677,-0.07902269629787176,-0.06076054606075881,-0.9981499943172396,0.002178276128651721,-0.07900881778780859,0.002634032811339025,-0.9968704372098321
7.467,0.04000938683748245,Empty,0.51408,0.25914,0.09496,-0.06123,-0.07901,0.00232,0.99875,-0.03054,-0.03951,-5e-05,0.9950126462358153,-0.06099390903017332,-0.07892766873548956,-0.06100108442796037,-0.9981349978677321,0.002322440568615816,-0.07892212319377315,0.002503815648331833,-0.9968776401232932
7.533,0.04000938683748245,Empty,0.51416,0.25899,0.09495,-0.06073,-0.07894,0.00238,0.99876,-0.03029,-0.03948,-1e-05,0.9950477739806389,-0.06049740704043799,-0.07886692106047115,-0.06049891341341468,-0.9981654435538192,0.0023725030671041675,-0.07886576552580458,0.0024106091327358186,-0.9968823300629006
7.6,0.04000938683748245,Empty,0.51425,0.25885,0.09496,-0.06057,-0.07886,0.00243,0.99877,-0.03021,-0.03944,2e-05,0.9950643012652796,-0.060339825580974615,-0.07877906953181525,-0.060336225033770896,-0.9981751568728365,0.0024281990367753387,-0.07878182719457066,0.0023370174893608798,-0.9968891423087821
7.667,0.04000938683748245,Empty,0.51427,0.2588,0.09495,-0.06063,-0.07886,0.00247,0.99876,-0.03024,-0.03944,4e-05,0.9950600189772998,-0.060416485207191006,-0.07877440541257627,-0.06040945274376591,-0.9981706140552805,0.002474521307813081,-0.07877979850249936,0.0022964215016770266,-0.9968893969724988
7.733,0.04000938683748245,Empty,0.51427,0.25874,0.0949,-0.06072,-0.07892,0.00256,0.99876,-0.03028,-0.03947,8e-05,0.9950501710291281,-0.060496699809387044,-0.07883721486123116,-0.06048433221539007,-0.9981658972349325,0.002546989132434327,-0.07884670374442669,0.0022340343227646355,-0.9968842492482682
7.8,0.04000938683748245,Empty,0.51424,0.25864,0.09473,-0.06086,-0.07917,0.00273,0.99875,-0.03035,-0.0396,0.00016,0.9950215962227791,-0.060633108165040306,-0.07909266239366965,-0.060607699058632836,-0.9981579467090919,0.002724011069746096,-0.0791121347524553,0.002083174437354341,-0.9968635465895888
7.867,0.04000938683748245,Empty,0.51414,0.25851,0.09436,-0.06102,-0.07975,0.003,0.99874,-0.03042,-0.03989,0.00028,0.9949674337710539,-0.06078608319872253,-0.07965461583864124,-0.06074084329424062,-0.9981490827826827,0.0029930746722769894,-0.07968911902479599,0.0018602767125572028,-0.9968180293712614
7.933,0.04000938683748245,Empty,0.51386,0.25842,0.09365,-0.06102,-0.08085,0.00351,0.99872,-0.03041,-0.04045,0.00052,0.9948780098099644,-0.06077812964640722,-0.08076982452159227,-0.06069442935216246,-0.9981502807824215,0.0034933106916128775,-0.0808327399150844,0.0014268604196926947,-0.9967266587320532
8.0,0.04000938683748245,Empty,0.5134,0.2583,0.09253,-0.06094,-0.08263,0.00428,0.99868,-0.03035,-0.04135,0.00088,0.9947368614730059,-0.06070232069631337,-0.08254577329527682,-0.06055676350640449,-0.9981556297664559,0.004268156412199124,-0.08265261532742156,0.0007530123581485863,-0.9965781344941931
8.067,0.04000938683748245,Empty,0.51287,0.25835,0.09117,-0.06046,-0.08475,0.00505,0.99865,-0.03009,-0.04242,0.00124,0.9945898793069741,-0.06019883154430128,-0.0846585651947844,-0.05998900964037063,-0.9981864023019554,0.005022447794244635,-0.08480737410453315,8.330773810657476e-05,-0.9963973616772148
8.133,0.04000938683748245,Empty,0.51247,0.2589,0.08986,-0.05927,-0.08665,0.00529,0.99862,-0.02949,-0.04337,0.00136,0.99449799014772,-0.05901934950962345,-0.08654746660420871,-0.05878374813245785,-0.9982568270190804,0.0052705090169058305,-0.0867076614126196,-0.0001539261460042185,-0.9962337866982309
8.2,0.04000938683748245,Empty,0.51229,0.25928,0.08891,-0.05873,-0.0879,0.00551,0.9986,-0.02921,-0.044,0.00146,0.9944224099832747,-0.05846264075565971,-0.08778490849189802,-0.05820506759880684,-0.9982895346602421,0.005493186111552292,-0.08795590161481241,-0.0003530208386104389,-0.9961243068751072
8.267,0.04000938683748245,Empty,0.51221,0.2592,0.08841,-0.0588,-0.08858,0.00583,0.99859,-0.02924,-0.04434,0.00161,0.9943589678128575,-0.05853220801027714,-0.08845464236313605,-0.05824663797635399,-0.9982853259316447,0.005808372749874301,-0.08864294836364708,-0.000623422001183897,-0.9960632706060434
8.333,0.04000938683748245,Empty,0.51236,0.25904,0.08847,-0.05907,-0.08837,0.0059,0.99859,-0.02937,-0.04424,0.00164,0.9943595174995483,-0.05880686529596213,-0.08826608948020678,-0.058517249494266566,-0.9982691544340099,0.005867437024175658,-0.088458360089316,-0.000669253068321798,-0.9960796507461839
8.4,0.04000938683748245,Empty,0.51259,0.25898,0.0886,-0.05928,-0.08802,0.00582,0.99859,-0.02948,-0.04406,0.0016,0.9943792583530672,-0.059017488917181005,-0.08790236947383401,-0.0587361968440977,-0.9982567746206261,0.005785421705967159,-0.08809057689387322,-0.0005898524687616264,-0.996112294039467
8.467,0.04000938683748245,Empty,0.51268,0.25876,0.08857,-0.05967,-0.08799,0.00597,0.99859,-0.02967,-0.04405,0.00167,0.9943589632420944,-0.05939606408525677,-0.08787695825008346,-0.05910102427518377,-0.9982342279610215,0.005957772795935595,-0.08807565582912778,-0.0007305465378309732,-0.9961135202134469
8.533,0.04000938683748245,Empty,0.51268,0.25875,0.08857,-0.05967,-0.08801,0.00601,0.99859,-0.02967,-0.04406,0.00169,0.9943563557005138,-0.05941216274255523,-0.08789557893457892,-0.059114876908978375,-0.9982332524894619,0.005983723953048303,-0.08809579562061402,-0.0007540176139100084,-0.9961117217719149
8.6,0.04000938683748245,Empty,0.51253,0.25869,0.08845,-0.05968,-0.08832,0.00618,0.99858,-0.02967,-0.04422,0.00177,0.9943281813007613,-0.05941068273334643,-0.08821473033613966,-0.05909767840577124,-0.9982332107274612,0.006158036033679072,-0.08842472662195949,-0.0009098230056957616,-0.9960824463586987
8.667,0.04000938683748245,Empty,0.51236,0.25859,0.08831,-0.05971,-0.08872,0.00642,0.99857,-0.02968,-0.04442,0.00188,0.9942923651757997,-0.059437350558437296,-0.08859962704045726,-0.059103599553388564,-0.9982314151604639,0.006387981415961398,-0.08882261577406629,-0.001114964273596479,-0.9960468361386031
8.733,0.04000938683748245,Empty,0.5122,0.25853,0.08822,-0.05972,-0.08915,0.00665,0.99856,-0.02968,-0.04464,0.00199,0.9942539739589322,-0.05944373735005748,-0.08902515013594983,-0.05908861850289082,-0.998230780787334,0.006621438826244712,-0.08926124820038552,-0.0013230187327739772,-0.996007369044598
8.8,0.04000938683748245,Empty,0.51207,0.25854,0.08816,-0.05965,-0.08945,0.00678,0.99855,-0.02964,-0.04479,0.00205,0.9942315615999645,-0.059371819885804256,-0.08932294734245935,-0.05900446518670466,-0.9982348981728639,0.00674990058023453,-0.08956603712639673,-0.0014405114576890748,-0.9959798441335111
