time,gr,gr_state,tx,ty,tz,rx,ry,rz,qw,qx,qy,qz,xx,xy,xz,yx,yy,yz,zx,zy,zz
0.0,0.016173044219613075,Empty,0.30804,0.00176,0.48504,0.012,0.00041,-0.00456,0.99998,0.006,0.00019,-0.00228,0.9999280212563919,0.011991313519760183,0.00040088196162826406,0.01199301591664681,-0.9999177070982462,-0.004554843642613175,0.00034623041373626535,0.004559323574436955,-0.9999895462918822
0.067,0.016173044219613075,Empty,0.30804,0.00176,0.48504,0.01198,0.00041,-0.00456,0.99998,0.00599,0.00019,-0.00228,0.9999280642732602,0.011987806697484615,0.0003984586735816431,0.011989498214620531,-0.9999177475266106,-0.004555229288500103,0.0003438186911968701,0.004559678924326275,-0.9999895455037591
0.133,0.016173044219613075,Empty,0.30804,0.00176,0.48504,0.012,0.00041,-0.00456,0.99998,0.006,0.00019,-0.00228,0.9999279401898462,0.011997937078035703,0.0004048870991924204,0.011999656724547059,-0.999917639686321,-0.004552151428669897,0.0003502373261529612,0.004556681907704665,-0.9999895569373749
0.2,0.016173044219613075,Empty,0.30804,0.00176,0.48504,0.012,0.00041,-0.00456,0.99998,0.006,0.00019,-0.00228,0.9999280176973507,0.011991590695233423,0.000401467862317313,0.011993295677562077,-0.9999177048330289,-0.004554604290019835,0.0003468178730277996,0.004559091361893195,-0.9999895471470273
0.267,0.01617337204515934,Empty,0.30804,0.00176,0.48504,0.012,0.00041,-0.00456,0.99998,0.006,0.00019,-0.00228,0.9999280478075767,0.011989184131069308,0.0003983360392418589,0.011990874144498453,-0.9999177433546305,-0.004552522579221199,0.0003437222419924136,0.004556971412554335,-0.9999895578787639
0.333,0.01617337204515934,Empty,0.30804,0.00176,0.48504,0.012,0.00041,-0.00456,0.99998,0.006,0.00019,-0.00228,0.9999279869848543,0.01199417856286028,0.0004006557373551355,0.011995880058858654,-0.9999176706337604,-0.0045553063528452585,0.00034598559381762115,0.004559784529670082,-0.999989544274845
0.4,0.016173044219613075,Empty,0.30804,0.00176,0.48503,0.012,0.00039,-0.00456,0.99998,0.006,0.00018,-0.00228,0.9999280457813955,0.011989450239655364,0.00039540201170384535,0.011991128361754866,-0.99991772050064,-0.004556870572641209,0.000340735105244936,0.0045612840028567084,-0.9999895392392029
0.467,0.016173044219613075,Empty,0.30804,0.00176,0.48504,0.012,0.00041,-0.00456,0.99998,0.006,0.00019,-0.00228,0.9999280160095523,0.011991653271033687,0.0004037957745793939,0.011993368399299209,-0.9999177100472032,-0.004553267880933337,0.000349161336565838,0.004557782990024304,-0.9999895522957112
0.533,0.01617337204515934,Empty,0.30804,0.00176,0.48504,0.012,0.00041,-0.00456,0.99998,0.006,0.00019,-0.00228,0.9999280309414649,0.011990601729304051,0.0003980046411002961,0.011992290077385226,-0.9999177282376146,-0.0045521132266136705,0.0003433893198298789,0.004556558602418627,-0.9999895598742408
0.6,0.01617337204515934,Empty,0.30804,0.00176,0.48504,0.012,0.00041,-0.00456,0.99998,0.006,0.00019,-0.00228,0.9999279471305332,0.01199749743079559,0.00040075268648972866,0.011999199226681079,-0.9999176322294896,-0.004554994455481276,0.0003460711431075078,0.004559474966386173,-0.9999895456567507
0.667,0.01617337204515934,Empty,0.30804,0.00176,0.48504,0.01198,0.00041,-0.00456,0.99998,0.00599,0.00019,-0.00228,0.9999281254620955,0.011982633634574524,0.0004005009855140248,0.011984335359520648,-0.9999177983235292,-0.004557664074529167,0.00034585524482724984,0.0045621362326521055,-0.9999895335937993
0.733,0.016173044219613075,Empty,0.30804,0.00176,0.48504,0.01198,0.00041,-0.00456,0.99998,0.00599,0.00019,-0.00228,0.9999280560375199,0.011988348802897786,0.0004027927587994481,0.011990059070811132,-0.9999177539573985,-0.004552340526626725,0.0003481845845862038,0.004556842522181982,-0.9999895569223326
0.8,0.016173044219613075,Empty,0.30804,0.00176,0.48504,0.01198,0.00039,-0.00456,0.99998,0.00599,0.00018,-0.00228,0.9999281243664178,0.011982913229579839,0.0003948310905056516,0.011984587315738593,-0.999917818993536,-0.0045524637375360475,0.00034024686494159686,0.004556868413999686,-0.9999895595366625
0.867,0.016173044219613075,Empty,0.30804,0.00176,0.48503,0.01198,0.00041,-0.00456,0.99998,0.00599,0.00019,-0.00228,0.9999280587111811,0.011988291174534815,0.000397840172748807,0.01198997889108,-0.9999177547059581,-0.0045523872842845,0.00034323210796372673,0.004556829874949351,-0.9999895586920948
0.933,0.016173044219613075,Empty,0.30804,0.00176,0.48504,0.012,0.00041,-0.00456,0.99998,0.006,0.00019,-0.00228,0.9999280382794963,0.011989852411125101,0.00040212147101488776,0.011991560523025802,-0.9999177239159428,-0.004554983532669424,0.00034747480574316795,0.00455947781217483,-0.999989545157018
1.0,0.016173044219613075,Empty,0.30804,0.00176,0.48504,0.012,0.00041,-0.00456,0.99998,0.006,0.00019,-0.00228,0.9999280062782756,0.011992610301558626,0.00039944775332273084,0.01199430814762531,-0.9999176651353456,-0.004560649332964177,0.0003447207746737214,0.004565112094287449,-0.999989520404666
1.067,0.016173044219613075,Empty,0.30804,0.00176,0.48504,0.01198,0.00041,-0.00456,0.99998,0.00599,0.00019,-0.00228,0.9999281564737864,0.01198007555220626,0.0003996006740953307,0.011981773306062315,-0.9999178275760716,-0.0045579824474795945,0.0003449628638529993,0.004562442910638107,-0.9999895325028705
1.134,0.016173044219613075,Empty,0.30804,0.00183,0.48502,0.01222,0.00039,-0.00454,0.99998,0.00611,0.00018,-0.00227,0.9999253775014518,0.012210397546430218,0.000381602328144015,0.012212003277420891,-0.9999151472503413,-0.004534895288862296,0.00032619707382883006,0.004539217012527154,-0.9999896444985729
1.2,0.016173044219613075,Empty,0.30833,0.00244,0.48462,0.0206,-0.00067,-0.00453,0.99994,0.0103,-0.00036,-0.00226,0.999787643468079,0.020596750220555127,-0.0006647171562403119,0.020593538143753254,-0.9997776992139483,-0.004523089783048201,-0.0007577303395806484,0.004508440397276462,-0.9999895498503556
1.267,0.016173044219613075,Empty,0.31048,0.00349,0.48278,0.04127,-0.00293,-0.00462,0.99978,0.02063,-0.00151,-0.00228,0.9991441609912945,0.041260225821112606,-0.0029222118665037412,0.0412464816696928,-0.9991383341099298,-0.0046170403838316585,-0.003110194025076936,0.004492557982379703,-0.9999850716965234
1.333,0.016173044219613075,Empty,0.31406,0.00521,0.47938,0.06763,-0.00808,-0.0049,0.99942,0.0338,-0.00412,-0.00231,0.9976811666777967,0.06757965943283956,-0.008079559850122387,0.06754150898283012,-0.9977044065081533,-0.004905282717214953,-0.00839250980056461,0.004348202520001091,-0.999955328459273
1.4,0.016173044219613075,Empty,0.31914,0.00732,0.47413,0.09653,-0.0166,-0.00537,0.9988,0.04822,-0.00842,-0.00228,0.9952088458479873,0.09635405317170842,-0.016590647464771676,0.09627740307420318,-0.9953401072573119,-0.00536027446032902,-0.0170298209974195,0.0037372881058646544,-0.9998479973848072
1.467,0.016173044219613075,Empty,0.32558,0.00927,0.46715,0.12543,-0.02766,-0.00665,0.99794,0.06262,-0.01401,-0.00245,0.9917650347618732,0.12505023418809091,-0.02765058323588003,0.12491292353461564,-0.9921454526432136,-0.006645474657823584,-0.028264418582662966,0.003136834215594552,-0.9995955596706538
1.533,0.016173044219613075,Empty,0.33303,0.01133,0.45886,0.1549,-0.0396,-0.00877,0.9968,0.07727,-0.02008,-0.00284,0.9872538552050119,0.15415020417990055,-0.039592170111480904,0.15392217373944656,-0.9880441162943561,-0.008762915463923892,-0.04046961593794901,0.0025571091879733974,-0.9991774974339823
1.6,0.016173044219613075,Empty,0.34165,0.01311,0.44939,0.1857,-0.05091,-0.01155,0.99537,0.09254,-0.02588,-0.00339,0.9815345738248382,0.18438948781786402,-0.05089594452173485,0.18403827840652626,-0.982851291703557,-0.011543417076921459,-0.05215162957814117,0.0019634609534243033,-0.998637247629703
1.667,0.016173044219613075,Empty,0.35154,0.01529,0.43937,0.21985,-0.05792,-0.01437,0.99354,0.10945,-0.02957,-0.00396,0.9742913371604975,0.217725096130797,-0.05789795202634347,0.2172563926781515,-0.9760091311542202,-0.014346976826536312,-0.05963262676158414,0.001399435035840683,-0.9982194104539813
1.733,0.016173044219613075,Empty,0.36343,0.01783,0.42966,0.25499,-0.05589,-0.0155,0.99149,0.12688,-0.0287,-0.00413,0.9661534189441451,0.25184722106295915,-0.0558618680801506,0.2513733434918794,-0.9677665844324033,-0.015468685715133275,-0.057956994782793474,0.0009029390372387269,-0.9983186722969987
1.8,0.016173044219613075,Empty,0.37622,0.02072,0.41975,0.29158,-0.0489,-0.01535,0.98909,0.14504,-0.0253,-0.00404,0.9566485693738322,0.28711514659274273,-0.04887133425667707,0.2867063208228106,-0.9578958527858493,-0.015330388642098503,-0.05121523518688185,0.0006540739239747071,-0.9986874245088171
1.867,0.016173044219613075,Empty,0.3893,0.02434,0.4096,0.33034,-0.03872,-0.01416,0.9862,0.16425,-0.02026,-0.0038,0.9452236307215909,0.32411993156981866,-0.03871121135626733,0.3238117952706274,-0.9460156218393125,-0.014155016057637455,-0.04120933351932329,0.0008445088245488733,-0.9991501777189145
1.933,0.016173044219613075,Empty,0.40236,0.02883,0.39956,0.36819,-0.02662,-0.01163,0.98301,0.18296,-0.01415,-0.00328,0.9326536488600494,0.35978936794687,-0.026622959648163247,0.35960348728836694,-0.9330326791557568,-0.01163406882720035,-0.02902590563757019,0.0012768476113603712,-0.999577844123256
2.0,0.016173044219613075,Empty,0.41423,0.03412,0.38929,0.40874,-0.0179,-0.00943,0.97915,0.2029,-0.00972,-0.0028,0.9174753728194383,0.39738959272884217,-0.01790116925335125,0.3972805861687702,-0.9176486950068039,-0.009434426623174244,-0.0201761275578472,0.0015440670693566594,-0.9997952489053221
2.067,0.016173044219613075,Empty,0.42394,0.03956,0.37842,0.44757,-0.01695,-0.0097,0.97503,0.22187,-0.00934,-0.00285,0.9013769062928338,0.4327039776212799,-0.01693931972313632,0.4325973988546439,-0.9015349375171033,-0.009708086331943606,-0.019472116119102576,0.0014227391733151317,-0.9998093880870936
2.133,0.016173044219613075,Empty,0.43227,0.04561,0.36691,0.48131,-0.02,-0.01123,0.97113,0.23827,-0.01105,-0.00307,0.8862084233524373,0.4628550266833254,-0.019996365998978027,0.4627192144815721,-0.8864337145953445,-0.011233796253101981,-0.02292507205536648,0.0007027820981909142,-0.9997369389837402
2.2,0.016173044219613075,Empty,0.44,0.05245,0.35472,0.52269,-0.02462,-0.01393,0.96597,0.25827,-0.01369,-0.00355,0.866222848873598,0.4990510089043606,-0.024618419950262958,0.49885662459554914,-0.8665725844887325,-0.013929246557274792,-0.02828505235001399,-0.00021523024375857193,-0.9995998746946196
2.267,0.016173044219613075,Empty,0.44696,0.05933,0.34342,0.56613,-0.03035,-0.01756,0.96009,0.27913,-0.01702,-0.00419,0.8435960635680234,0.5361196880190366,-0.030353939627441248,0.5358346932656293,-0.8441407023469382,-0.017540129251145273,-0.035026604538042384,-0.0014679099389329135,-0.9993853021807689
2.333,0.016173044219613075,Empty,0.45378,0.06615,0.33273,0.60496,-0.03537,-0.0211,0.95445,0.29765,-0.02002,-0.0048,0.8220074951487983,0.568378265554351,-0.03535286642729649,0.5679941984707553,-0.8227627472716272,-0.021072546253573615,-0.041064198796069165,-0.0027584320677087088,-0.9991527023582355
2.4,0.016173044219613075,Empty,0.46071,0.07228,0.32356,0.63935,-0.03889,-0.02407,0.94917,0.31395,-0.02224,-0.00531,0.8018864045484233,0.5962096684239997,-0.038887343418473753,0.5957368255285653,-0.8028194052818775,-0.024054879172426807,-0.045561265451583205,-0.0038773419499366353,-0.9989540216195405
2.467,0.016173044219613075,Empty,0.46739,0.07785,0.31548,0.67431,-0.04222,-0.02735,0.94349,0.33043,-0.02444,-0.00592,0.780433951800741,0.6238123623508535,-0.0422016996686848,0.6232336700767448,-0.7815582798604148,-0.027321194415707142,-0.05002638663095223,-0.004979132442224301,-0.9987354849412197
2.533,0.016173044219613075,Empty,0.47439,0.083,0.30847,0.71143,-0.04314,-0.02971,0.93719,0.34784,-0.02539,-0.00641,0.7567264905745883,0.6523074029602627,-0.04312853470621134,0.6516569764613646,-0.7579334196384517,-0.02966675621626317,-0.05204040249556041,-0.005655390207594016,-0.9986289666686521
2.6,0.016173044219613075,Empty,0.481,0.08816,0.30133,0.75234,-0.04419,-0.03247,0.92986,0.36689,-0.02651,-0.00698,0.7293838042974666,0.6826764013117695,-0.04418367481962646,0.681936247787204,-0.7306921507062929,-0.03243354513649632,-0.05442628025562663,-0.006473946881434765,-0.9984968042158734
2.667,0.016173044219613075,Empty,0.48643,0.09305,0.29403,0.79691,-0.04745,-0.03728,0.92141,0.38741,-0.02909,-0.00797,0.6981314642519317,0.7143969026679476,-0.047429147998848294,0.7134692636549793,-0.6996967093318606,-0.037230696606259245,-0.059783513120889656,-0.007847318561674168,-0.9981805203220088
2.733,0.016173044219613075,Empty,0.49082,0.09693,0.28583,0.84568,-0.05267,-0.04459,0.91163,0.40957,-0.03315,-0.00952,0.662301917758158,0.7473856494624004,-0.05263896571487703,0.7461239254712781,-0.664318167456527,-0.04450236203317908,-0.06822944799129262,-0.009801192012589726,-0.99762151092583
2.8,0.016173044219613075,Empty,0.49475,0.09961,0.2774,0.89795,-0.05814,-0.05369,0.90053,0.433,-0.03782,-0.01156,0.6221673008301968,0.7807244901314113,-0.05811299585045603,0.7789763104241224,-0.6247612812796309,-0.0535653732541334,-0.07812654846906084,-0.011942023399794381,-0.9968719228172845
2.867,0.016173044219613075,Empty,0.49824,0.10131,0.26924,0.94984,-0.0627,-0.06341,0.8889,0.45593,-0.04235,-0.01385,0.5806750945864595,0.8117201759780635,-0.06266410804557944,0.8093731574176989,-0.5838789260000874,-0.0632494412994261,-0.08792909972649074,-0.013991271676529499,-0.9960284723531563
2.933,0.016173044219613075,Empty,0.50258,0.10244,0.26185,1.00009,-0.0631,-0.07028,0.87711,0.47796,-0.0445,-0.0157,0.5391482931740244,0.8398473238746634,-0.06305228424175054,0.8370535074388998,-0.5426154140070947,-0.07007095094363251,-0.09306204194929295,-0.0149995020742515,-0.9955473224743027
3.0,0.016173044219613075,Empty,0.50653,0.10323,0.25479,1.05362,-0.06234,-0.07719,0.86396,0.50112,-0.04631,-0.01768,0.4934665115103504,0.8675301143579102,-0.06230812707790713,0.8642553084330448,-0.49713135529558994,-0.07696218179906614,-0.09774233403754781,-0.015871870214991413,-0.9950851822194775
3.067,0.016173044219613075,Empty,0.51142,0.10422,0.24866,1.10957,-0.05715,-0.07965,0.84959,0.52516,-0.04523,-0.01879,0.44431430063550637,0.8940475035813097,-0.057130233596656595,0.8906482599129594,-0.4477008221143779,-0.07943331160242278,-0.09659440648815197,-0.01558958684949035,-0.9952017310159101
3.133,0.016173044219613075,Empty,0.51688,0.10531,0.24343,1.16559,-0.04932,-0.07809,0.83457,0.54897,-0.04205,-0.01902,0.39373530848655813,0.917900273705172,-0.04931119936652187,0.9147018061914511,-0.39654869924092195,-0.07790850326138768,-0.09106652843439209,-0.014429714560675804,-0.9957402626873162
3.2,0.016173044219613075,Empty,0.52197,0.10618,0.23823,1.21864,-0.04171,-0.07514,0.81973,0.57114,-0.03858,-0.01887,0.3446120904807494,0.9378186438498158,-0.0416977018812772,0.9349065837085602,-0.3468770066360593,-0.07500681306118845,-0.08480676171672037,-0.013135201365007907,-0.9963108348563834
3.267,0.016173044219613075,Empty,0.52631,0.10697,0.23323,1.27014,-0.03515,-0.07242,0.80476,0.59224,-0.03561,-0.01872,0.2959775457476224,0.9545483677032316,-0.035138385397022256,0.9518818764870357,-0.2978125467814356,-0.0723089219603958,-0.07948701547255105,-0.012045774970947904,-0.9967631181362075
3.333,0.016173044219613075,Empty,0.53021,0.10782,0.22844,1.3208,-0.02932,-0.06979,0.7895,0.61259,-0.03297,-0.01856,0.24729445083095958,0.9684966998315649,-0.029318884760196947,0.9660488718665933,-0.24877948028187058,-0.06970184614459611,-0.0747999448762947,-0.011086595782742969,-0.9971369292331184
3.4,0.016173044219613075,Empty,0.53333,0.10839,0.22355,1.37222,-0.02466,-0.06877,0.77347,0.63278,-0.03131,-0.01879,0.19721084748687434,0.9800509378103951,-0.024658485972868113,0.9776975517636487,-0.19846565905892422,-0.06869410054491182,-0.07221758033108283,-0.010561319580060773,-0.9973329833209426
3.467,0.016173044219613075,Empty,0.53537,0.1083,0.21786,1.41784,-0.0215,-0.06964,0.7588,0.6503,-0.03082,-0.01943,0.15232202521510907,0.9880969693625357,-0.021503017717055376,0.985700647666478,-0.1534669373404774,-0.06958543190366584,-0.07205715664841,-0.010596144577450794,-0.9973442173571971
3.533,0.016173044219613075,Empty,0.53714,0.1082,0.21166,1.45925,-0.01843,-0.06967,0.74515,0.66592,-0.03008,-0.01982,0.11128167534043154,0.9936181918615613,-0.018419487918718443,0.9912331168228172,-0.11230483539615665,-0.06960267279613014,-0.07122707945121594,-0.01051250438302629,-0.9974047274825034
3.6,0.016173044219613075,Empty,0.53891,0.10821,0.20472,1.49481,-0.0156,-0.06878,0.73318,0.67912,-0.02909,-0.01992,0.07589512869279585,0.9969938140439323,-0.01559692914766457,0.9946755932611375,-0.07679379341930859,-0.06872537713884633,-0.06971652323020747,-0.010297963410591563,-0.9975136882961988
3.667,0.016173044219613075,Empty,0.54104,0.10836,0.19727,1.52377,-0.01295,-0.06618,0.72327,0.68974,-0.02752,-0.01947,0.04701053780727216,0.9988106071564462,-0.012937556447871194,0.9966672519171282,-0.04776619801409493,-0.06612699360501302,-0.0666663205151609,-0.009785773298472739,-0.9977273376779453
3.733,0.016173044219613075,Empty,0.54358,0.10846,0.18925,1.54631,-0.01048,-0.06156,0.71548,0.69794,-0.02524,-0.01837,0.024486558275989445,0.9996452547913944,-0.010477262850814715,0.9977906483352512,-0.025085902922076075,-0.061518449015750154,-0.061759457239485414,-0.008947739805820606,-0.9980509543073698
3.8,0.016173044219613075,Empty,0.54623,0.10868,0.18089,1.56277,-0.00842,-0.05591,0.70974,0.7039,-0.02267,-0.01688,0.008030667187993779,0.9999323669394584,-0.008412486634058424,0.9984017342406665,-0.008488446890295931,-0.0558741741291987,-0.05594180413380573,-0.007950334347884766,-0.9984023771676486
3.867,0.016173044219613075,Empty,0.54972,0.10916,0.17214,1.5745,-0.00625,-0.04748,0.70565,0.70816,-0.01902,-0.01454,-0.0036995336678654067,0.9999736011793302,-0.006253830432759091,0.9988671234819886,0.003398594674489608,-0.04746492579849308,-0.047442418545624934,-0.0064223437061484406,-0.9988533277833447
3.933,0.016173044219613075,Empty,0.55347,0.10975,0.16355,1.58453,-0.0043,-0.03874,0.70213,0.71178,-0.0153,-0.01207,-0.013728722653284675,0.999896506568107,-0.004300968170573582,0.999158096199239,0.013552022167855449,-0.03872262251803499,-0.03866032816494814,-0.004828959314081769,-0.9992407418525935
4.0,0.016173044219613075,Empty,0.55711,0.11033,0.15481,1.59492,-0.00248,-0.02975,0.69846,0.71549,-0.01151,-0.0095,-0.024113045995243054,0.9997061415979248,-0.0024882653035687933,0.9992686537435282,0.024028457440614104,-0.029745434584515132,-0.029676904461691255,-0.00320369855233886,-0.9995544095531554
4.067,0.016173044219613075,Empty,0.56095,0.11062,0.14655,1.60547,-0.00087,-0.01973,0.69471,0.71922,-0.0074,-0.00654,-0.03465942478694012,0.9993988018796727,-0.0008712490532612055,0.9992050301174826,0.03463549542681171,-0.019740573559562234,-0.019698529421244247,-0.0015547533610423578,-0.9998047562802583
4.133,0.016173044219613075,Empty,0.56449,0.11047,0.13916,1.61397,1e-05,-0.01228,0.69167,0.72219,-0.00443,-0.00425,-0.04315569683742787,0.9990683588130024,1.5785122090728083e-05,0.9989930920197891,0.04315263954527104,-0.01227402937169422,-0.01226327555008502,-0.0005139250626131931,-0.9999246711396879
4.2,0.016173044219613075,Empty,0.56751,0.10998,0.13216,1.61999,0.00028,-0.00792,0.68949,0.72428,-0.00277,-0.00283,-0.04917942926353858,0.9987899222660217,0.00027370996809298167,0.9987585427293828,0.04918005404269865,-0.007918055912689272,-0.007921935520555971,-0.00011603530179982676,-0.9999686142441756
4.267,0.016173044219613075,Empty,0.5704,0.10941,0.12593,1.62077,-0.00019,-0.00612,0.68921,0.72455,-0.00228,-0.00204,-0.04996239507615907,0.9987510811203166,-0.00019245584442335005,0.9987324774048714,0.049960285849231345,-0.006116241868238051,-0.0060989880292953635,-0.0004977939948942598,-0.9999812770978049
4.333,0.016173044219613075,Empty,0.57336,0.10935,0.12051,1.62176,-0.00059,-0.00532,0.68886,0.72489,-0.00213,-0.00162,-0.05093179367552736,0.998701964686296,-0.0005814849316698179,0.9986881086431317,0.05092798407404742,-0.005329361402430773,-0.005292829847791655,-0.0008521560219847277,-0.9999856297879066
4.4,0.016173044219613075,Empty,0.57587,0.10988,0.11537,1.62529,-0.00101,-0.00775,0.68758,0.7261,-0.00316,-0.0023,-0.05445215833368716,0.9985158790059904,-0.0010009124324117167,0.9984867319491422,0.05444278950681075,-0.007760721115899868,-0.007694710801890623,-0.0014219857985926065,-0.9999693842223691
4.467,0.016173044219613075,Empty,0.57863,0.11076,0.11106,1.63142,-0.00137,-0.01027,0.68534,0.7282,-0.00421,-0.00302,-0.060588277731345064,0.9981619108768842,-0.0013639194096996075,0.9981110350617912,0.06057115473367358,-0.010271168488007264,-0.010169674991318383,-0.0019836554227329185,-0.9999463199700945
4.533,0.016173044219613075,Empty,0.58114,0.11191,0.10684,1.63875,-0.00165,-0.01278,0.68267,0.7307,-0.00523,-0.00376,-0.06790539181028171,0.997690411225147,-0.0016435061573640197,0.9976118779582899,0.06787901646198652,-0.012766365210489895,-0.012625320575193015,-0.0025064862956954014,-0.999917155971845
4.6,0.016173044219613075,Empty,0.58395,0.11385,0.10306,1.64219,-0.00138,-0.01413,0.6814,0.73187,-0.00564,-0.00431,-0.07134237212660122,0.9974509270112992,-0.0013835258034760635,0.9973538067947116,0.07131583732731644,-0.014122160542949343,-0.013987494823828325,-0.002387373159582253,-0.9998993201507592
4.667,0.016173044219613075,Empty,0.58626,0.11694,0.09928,1.64589,-1e-05,-0.01581,0.68005,0.73313,-0.0058,-0.00537,-0.07501294950608395,0.9971825597044046,-5.269680773368687e-06,0.9970580116417795,0.07500349686919772,-0.015804963724526236,-0.015760038938372932,-0.00119083112324727,-0.9998750937461623
4.733,0.016173044219613075,Empty,0.58841,0.12068,0.09569,1.6501,0.00192,-0.01723,0.67849,0.73456,-0.00568,-0.00655,-0.0792202043403113,0.996855306595357,0.0019123119399295334,0.9967066698999785,0.07924143059510352,-0.017222364940294065,-0.01731974021671825,0.0005416547956636361,-0.9998498553327433
4.8,0.016173044219613075,Empty,0.58989,0.12451,0.09191,1.65253,0.00299,-0.0194,0.67759,0.73538,-0.00612,-0.00767,-0.08163299206351471,0.9966579464228973,0.0029987395437121034,0.9964701817570315,0.08167597205639282,-0.01939619699199756,-0.019576298829635054,0.0014047849430547056,-0.9998073790002736
4.867,0.016173044219613075,Empty,0.59134,0.12802,0.0882,1.65403,0.00294,-0.02135,0.67702,0.73588,-0.00686,-0.00831,-0.08314129070585263,0.9965334214024695,0.002943774388940376,0.9963053232482281,0.08318533414710166,-0.021351886335374434,-0.021522747199385038,0.001157674705215464,-0.9997676885868378
4.933,0.016173044219613075,Empty,0.59247,0.13164,0.08469,1.65647,0.00268,-0.02326,0.67611,0.7367,-0.00766,-0.00885,-0.08558370815940514,0.9963273566956522,0.002688344758500834,0.9960562197836615,0.08562315905072315,-0.023252562535277,-0.023397348738012778,0.0006877019916501445,-0.9997260080332022
5.0,0.016173044219613075,Empty,0.5939,0.13536,0.08193,1.64913,0.00236,-0.02387,0.67882,0.73421,-0.00796,-0.00897,-0.07825790802686267,0.9969303528997677,0.002360359803932061,0.9966446961220945,0.07829199639300072,-0.023868661305070635,-0.02398019021936474,0.00048452857839213526,-0.9997123164736442
5.067,0.016173044219613075,Empty,0.59565,0.13934,0.08003,1.629,0.00186,-0.02309,0.68618,0.72734,-0.00776,-0.0086,-0.05816571439944507,0.9983052021759793,0.0018635924391955296,0.9980383401067296,0.05819326387409546,-0.02308713314128934,-0.023156453644846607,0.0005170571120519613,-0.9997317196660996
5.133,0.016173044219613075,Empty,0.59684,0.14333,0.07834,1.60211,0.00125,-0.02271,0.6959,0.71805,-0.00772,-0.00835,-0.031300431040136745,0.9995092568672478,0.0012363063470174698,0.9992514863110937,0.0313204423213751,-0.022704558966507284,-0.02273213852174564,0.0005247184725651636,-0.999741453851321
5.2,0.016173044219613075,Empty,0.59691,0.14716,0.07625,1.58094,0.00017,-0.02459,0.70346,0.71063,-0.00868,-0.00871,-0.010128211179319946,0.9999486937480525,0.00017090895309604913,0.999646389391128,0.01012935147603733,-0.024586427474439974,-0.024586897233854085,-7.816801172910998e-05,-0.9996976934924747
5.267,0.016173044219613075,Empty,0.59569,0.15055,0.07403,1.57225,-0.00091,-0.02744,0.70653,0.70755,-0.01003,-0.00937,-0.0014578660417652878,0.9999985156324265,-0.0009183460938683528,0.9996227154253989,0.0014321283907478555,-0.027429469805750138,-0.027428113900821227,-0.0009579881086264802,-0.9996233194692025
5.333,0.016173044219613075,Empty,0.59435,0.15301,0.07218,1.5694,-0.0024,-0.03007,0.70753,0.70652,-0.01147,-0.00979,0.001397164561963149,0.9999961632574397,-0.0023919451471026802,0.999546885141223,-0.0014684495122284091,-0.030064398555578,-0.030067795656905028,-0.0023488564089765834,-0.9995451018027672
5.4,0.016173044219613075,Empty,0.59386,0.15402,0.07127,1.56699,-0.00453,-0.03088,0.70839,0.70565,-0.0125,-0.00934,0.003802996143822013,0.999982482155829,-0.004535703010272696,0.9995155782399829,-0.003941248790124141,-0.03087191949923239,-0.030889255023759204,-0.004416100026229614,-0.9995130574357873
5.467,0.016173044219613075,Empty,0.59351,0.15413,0.07049,1.56649,-0.00543,-0.03197,0.70856,0.70546,-0.0132,-0.00941,0.004293970573735928,0.999976094825328,-0.00541955667916099,0.9994790537544923,-0.004465069988378034,-0.03196379602023691,-0.031987230619988274,-0.005279481781920845,-0.9994743339122714
5.533,0.016173044219613075,Empty,0.59287,0.15381,0.06909,1.56705,-0.00664,-0.03454,0.70837,0.70563,-0.01454,-0.00989,0.003760598867095011,0.999970843758837,-0.006646015979520048,0.9993956772191299,-0.003987934829396911,-0.034530808439907065,-0.034556305529930074,-0.006512143121562608,-0.9993815356209492
5.6,0.016173044219613075,Empty,0.592,0.15352,0.06687,1.56866,-0.00865,-0.03802,0.70778,0.70616,-0.01649,-0.0104,0.0021299550418706903,0.9999603565720996,-0.008645725864190646,0.9992743389035182,-0.0024571306401212634,-0.03800997392729574,-0.03802971075956172,-0.008558492461672373,-0.9992399578211071
5.667,0.016173044219613075,Empty,0.59158,0.15316,0.06434,1.5706,-0.01094,-0.04092,0.7071,0.7068,-0.01833,-0.0106,0.00019440639804330084,0.9999401495506282,-0.010938899525072626,0.9991632708993563,-0.0006416211252065485,-0.040894332223809296,-0.040898903308670735,-0.010921796509682977,-0.9991035952638492
5.733,0.016173044219613075,Empty,0.59231,0.15266,0.06211,1.57497,-0.01482,-0.04167,0.70557,0.7083,-0.01999,-0.00945,-0.004163427579981782,0.9998814237332485,-0.014825799943294644,0.9991258808363264,0.003542677953618123,-0.04165241500744032,-0.041594952984963705,-0.014986257240862267,-0.9990221579024607
5.8,0.016173044219613075,Empty,0.59314,0.15215,0.05998,1.58115,-0.01973,-0.04194,0.7034,0.71042,-0.02184,-0.00774,-0.010334445787863689,0.9997519510016334,-0.01972905721734919,0.9990754771968506,0.009500051996576442,-0.0419277935974188,-0.041729966380804756,-0.02014411776400433,-0.9989258352977796
5.867,0.016173044219613075,Empty,0.59342,0.15192,0.05788,1.58507,-0.02282,-0.04323,0.70201,0.71175,-0.0234,-0.00705,-0.014262610710618573,0.9996377408930148,-0.02282465592351828,0.9989780580958083,0.013266658756884542,-0.04320688843872228,-0.04288842942852047,-0.02341757348099995,-0.9988053863858647
5.933,0.016173044219613075,Empty,0.59312,0.15177,0.05572,1.58611,-0.02411,-0.04569,0.70163,0.71207,-0.02473,-0.00744,-0.015315323622891175,0.9995918705320921,-0.02411500007214113,0.998855968423171,0.0142024527341163,-0.045662289493017,-0.045301161218394836,-0.024786744491531027,-0.9986658210281237
6.0,0.016173044219613075,Empty,0.59247,0.15156,0.05384,1.58615,-0.02484,-0.04845,0.70161,0.71204,-0.02597,-0.00815,-0.015361419234075302,0.9995735037559456,-0.02483621122832016,0.9987267275409147,0.014145236416285678,-0.0484235065039988,-0.048051539980841246,-0.025548441748766994,-0.9985180652495375
6.067,0.01617337204515934,Empty,0.59184,0.15137,0.05242,1.58629,-0.02541,-0.05072,0.70156,0.71205,-0.02698,-0.00874,-0.01547512403641177,0.9995571581588939,-0.025416689583293642,0.9986140527690945,0.01417166502898115,-0.05068666020157597,-0.0503040172167327,-0.026165845746357743,-0.998391132957538
6.133,0.01617337204515934,Empty,0.59118,0.15124,0.05099,1.58648,-0.02594,-0.05304,0.70148,0.71208,-0.02799,-0.00936,-0.015681608897050725,0.9995406069599475,-0.025935731733262392,0.9984929013874716,0.014290260841553104,-0.05298786959209917,-0.05259289896201655,-0.026727579075183503,-0.9982582949795862
6.2,0.01617337204515934,Empty,0.59044,0.15107,0.04937,1.58664,-0.02654,-0.05562,0.70142,0.71209,-0.02912,-0.01005,-0.015830898308416275,0.9995223654238654,-0.026540981071343745,0.9983521271571556,0.014336905820509449,-0.05556512694375919,-0.05515807157189975,-0.02737689078355469,-0.9981022457601698
6.267,0.016173044219613075,Empty,0.58965,0.15082,0.04761,1.58711,-0.02724,-0.05843,0.70123,0.7122,-0.03037,-0.01078,-0.016314380756502433,0.9994961093143798,-0.02722808193664944,0.9981863332424152,0.014702706626934958,-0.05837700357079355,-0.057947261441710966,-0.028131083933245808,-0.9979232220006441
6.333,0.016173044219613075,Empty,0.58879,0.15054,0.04577,1.58861,-0.02791,-0.06146,0.70068,0.71267,-0.03169,-0.01158,-0.017818964835879747,0.9994517186503689,-0.02790603122985261,0.997984283201858,0.01607868526532097,-0.06139093061856154,-0.060908578823117634,-0.028943703407867144,-0.997723612559503
6.4,0.016173044219613075,Empty,0.58808,0.15009,0.04409,1.59065,-0.02864,-0.06416,0.69995,0.71333,-0.03292,-0.01223,-0.01985087306645983,0.9993927471613046,-0.02863703476060238,0.9977828175004835,0.017982758480460603,-0.06407861966546034,-0.06352473486207216,-0.029845557773546035,-0.9975338845081352
6.467,0.016173044219613075,Empty,0.58744,0.14947,0.04248,1.59407,-0.02937,-0.06675,0.69872,0.71447,-0.03412,-0.01282,-0.02325661740917867,0.9992983482479152,-0.02935883062506931,0.9975492537974718,0.02125746584560345,-0.06666038099148675,-0.06598951427909008,-0.03083717455947332,-0.9973436983660138
6.534,0.016173044219613075,Empty,0.58685,0.14899,0.04102,1.60052,-0.02967,-0.06919,0.6964,0.71667,-0.03514,-0.01345,-0.029703070667506826,0.9991184291946837,-0.02966634518218286,0.9972282501103829,0.027595228956302065,-0.0690964580903643,-0.068216895082562,-0.03163649447073129,-0.9971687858346235
6.6,0.016173044219613075,Empty,0.58654,0.14864,0.0402,1.60721,-0.02967,-0.07062,0.69398,0.71897,-0.0357,-0.01383,-0.03639697002623421,0.9988969653358906,-0.029666702136533597,0.9969216843882255,0.03423008801430727,-0.07053691424407402,-0.06944361575733583,-0.03214270861768136,-0.9970679167003952
6.667,0.016173044219613075,Empty,0.58664,0.14833,0.04018,1.61176,-0.02952,-0.07067,0.69234,0.72055,-0.0357,-0.01382,-0.04094136588278868,0.9987251935479309,-0.02952612965323878,0.9967523258581406,0.038773908348444186,-0.07057892693838436,-0.06934410902188397,-0.03231983607685374,-0.9970691163304208
6.733,0.016173044219613075,Empty,0.58675,0.14816,0.0402,1.61446,-0.02935,-0.07043,0.69137,0.72149,-0.03557,-0.01375,-0.043635101176322355,0.998616537609843,-0.029342609929260896,0.9966599099895945,0.04148268327412069,-0.0703435200136609,-0.06902899220519913,-0.03231404958385167,-0.9970911695700785
6.8,0.016173044219613075,Empty,0.58675,0.14815,0.04019,1.61578,-0.02926,-0.07049,0.6909,0.72195,-0.03557,-0.01378,-0.044944375372168055,0.9985608296122295,-0.029262137422642796,0.9966004184540219,0.04279307404797267,-0.07040141156818623,-0.06904787512787097,-0.032326805868516,-0.9970894486266844
6.867,0.016173044219613075,Empty,0.58675,0.14812,0.04018,1.6159,-0.02928,-0.07052,0.69085,0.72199,-0.03559,-0.01378,-0.0450825891549973,0.9985541880577149,-0.02927616210296279,0.9965931344513776,0.04292939463160911,-0.07042152682909979,-0.06906290262839943,-0.032351206916602246,-0.9970876164568384
6.933,0.016173044219613075,Empty,0.58678,0.14797,0.04017,1.61571,-0.0294,-0.07052,0.69092,0.72192,-0.03563,-0.01374,-0.04487399153791022,0.9985601592558033,-0.02939274111886104,0.996602139472671,0.0427130125984167,-0.07042566402428944,-0.06906880976207817,-0.032453149335500926,-0.9970838944724048
7.0,0.016173044219613075,Empty,0.58683,0.14773,0.04015,1.6154,-0.0296,-0.07051,0.69104,0.72181,-0.03569,-0.01367,-0.04456307195838938,0.9985681085192152,-0.029595020966174126,0.9966162315876692,0.04238883319257419,-0.07042211127597216,-0.06906677604771123,-0.03263310388131934,-0.9970781619198399
7.067,0.016173044219613075,Empty,0.5869,0.14733,0.0401,1.6149,-0.02997,-0.07052,0.69122,0.72163,-0.03582,-0.01355,-0.04405364569393222,0.9985798288972111,-0.029960000345293787,0.9966379568521453,0.041854770996477886,-0.07043409051313959,-0.06908009309963488,-0.032962151999663375,-0.9970664156779612
7.133,0.016173044219613075,Empty,0.587,0.14667,0.03997,1.61404,-0.03059,-0.07061,0.69154,0.72132,-0.03606,-0.01337,-0.043195869411815024,0.9985979512240473,-0.030598180940911195,0.9966699227457029,0.04095188714223613,-0.07051246722079543,-0.0691605520497891,-0.03354213396051136,-0.997041495269652
7.2,0.016173044219613075,Empty,0.58712,0.14568,0.03971,1.61268,-0.03158,-0.07082,0.69202,0.72083,-0.03647,-0.01311,-0.041862475479303496,0.998624315561121,-0.03157545750780353,0.9967108706397996,0.039545665399422114,-0.07073599293549099,-0.06939001005330378,-0.03443278551321906,-0.9969951904530949
7.267,0.016173044219613075,Empty,0.58706,0.14489,0.03922,1.61169,-0.03244,-0.07148,0.69239,0.72046,-0.037,-0.01305,-0.04085410854939642,0.9986386595580798,-0.03243099521561146,0.996706409216486,0.03845645027241856,-0.07139632525013745,-0.07005194959037567,-0.035241014010466275,-0.996920656466753
7.333,0.016173044219613075,Empty,0.58679,0.14458,0.03859,1.6114,-0.03287,-0.07252,0.69249,0.72033,-0.03752,-0.01326,-0.040559403408120476,0.9986364682508146,-0.032865469336622447,0.9966465566184994,0.038095276782300735,-0.07241816807520071,-0.07106740445285348,-0.03569249453903472,-0.9968327190947914
7.4,0.016173044219613075,Empty,0.58651,0.14443,0.038,1.61008,-0.03324,-0.07344,0.69296,0.71985,-0.03797,-0.01347,-0.03924810507168308,0.998676707266998,-0.033232824295099966,0.9966303903086661,0.036727107758604716,-0.07334156167469888,-0.07202396380009887,-0.03599935996701472,-0.9967530259399705
7.467,0.016173044219613075,Empty,0.58639,0.14421,0.03764,1.60825,-0.03363,-0.0739,0.69362,0.7192,-0.03826,-0.01352,-0.03742566380727469,0.9987332239419284,-0.03363431407278557,0.99666395413654,0.034862967268657286,-0.07379387534301848,-0.07252780303787836,-0.0362838932280765,-0.9967061737938179
7.534,0.016173044219613075,Empty,0.58641,0.14417,0.03761,1.60595,-0.03384,-0.07375,0.69445,0.7184,-0.03826,-0.01344,-0.03512140816210041,0.9988104553362427,-0.03382544899507453,0.9967527435666605,0.03255488120459399,-0.07364881466859892,-0.07246002264039121,-0.036302259168845455,-0.9967104349299208
7.6,0.016173044219613075,Empty,0.58642,0.14421,0.0376,1.60181,-0.03409,-0.07352,0.69594,0.71696,-0.03824,-0.01335,-0.030989023348437506,0.9989381471531319,-0.03409191391192537,0.9968965982484274,0.02842024186432346,-0.07341295698367584,-0.0723661027873111,-0.0362611088446216,-0.9967187562962456
7.667,0.01617337204515934,Empty,0.58638,0.14428,0.03756,1.59465,-0.03459,-0.07336,0.6985,0.71446,-0.03831,-0.01325,-0.023853979756326305,0.9991169605142639,-0.03458738010494329,0.9970873967607263,0.021270055487007,-0.07324143608980734,-0.07244108551576549,-0.036233740523422105,-0.9967143046916598
7.733,0.01617337204515934,Empty,0.58625,0.14459,0.03744,1.58926,-0.03478,-0.0734,0.70043,0.71257,-0.03835,-0.0133,-0.01843995257232034,0.9992252966064451,-0.03476743837115713,0.9971857263426029,0.015852732693210025,-0.07327563063346847,-0.07266770484682618,-0.03602079243880202,-0.9967055268154056
7.8,0.016173044219613075,Empty,0.58607,0.14504,0.03728,1.58556,-0.03471,-0.07353,0.70175,0.71127,-0.03835,-0.01344,-0.014746312826582786,0.9992888954225322,-0.034702301699398724,0.9972264848730978,0.012166026057533641,-0.07342564727404768,-0.0729512448534363,-0.03568881190489454,-0.9966967565810328
7.867,0.016173044219613075,Empty,0.58592,0.14522,0.03705,1.58299,-0.03483,-0.07385,0.70266,0.71036,-0.03849,-0.01356,-0.012183882174383043,0.9993194903886785,-0.034815357882301314,0.9972315000498007,0.009589441814949362,-0.07373857819419946,-0.07335453853433423,-0.03561739371416271,-0.9966697110584956
7.933,0.016173044219613075,Empty,0.5858,0.14515,0.03676,1.57919,-0.03523,-0.07415,0.704,0.70901,-0.03871,-0.0136,-0.008394268634472013,0.9993444507456059,-0.03521654466377515,0.9972388298482047,0.005767550353798223,-0.07403682601178699,-0.07378517803106209,-0.035740790798186775,-0.9966335050438775
8.0,0.016173044219613075,Empty,0.58577,0.14514,0.03659,1.57528,-0.03551,-0.07403,0.70539,0.70763,-0.03874,-0.01353,-0.0044883825015516465,0.9993591360741776,-0.03551297745322228,0.9972624426619185,0.0018521573229572375,-0.07392015942375939,-0.07380701103894391,-0.03574754059126766,-0.9966316463283578
8.067,0.016173044219613075,Empty,0.58582,0.14502,0.0366,1.57152,-0.03586,-0.07381,0.70672,0.7063,-0.03876,-0.0134,-0.0007248780770254815,0.9993565357378544,-0.035860689198724274,0.9972787674268841,-0.0019211854171769516,-0.0736978228043925,-0.07371929592235821,-0.035816525859257715,-0.9966356615554579
8.133,0.016173044219613075,Empty,0.58588,0.14473,0.03658,1.56936,-0.03627,-0.07373,0.70749,0.70553,-0.03886,-0.01327,0.0014346895847396346,0.9993412587263855,-0.036262794610445896,0.9972791385339235,-0.004102560479826545,-0.07360359259264466,-0.0737038771763744,-0.03605853026224602,-0.9966280755048478
8.2,0.016173044219613075,Empty,0.58593,0.1446,0.03661,1.56886,-0.0364,-0.07366,0.70767,0.70535,-0.03888,-0.01321,0.001933105185715378,0.9993357136813479,-0.036392230837527816,0.9972819639685613,-0.004607029704627952,-0.07353543105408275,-0.07365424256178377,-0.03615116371974256,-0.9966283890770714
8.267,0.016173044219613075,Empty,0.58593,0.14471,0.03666,1.56899,-0.0363,-0.07359,0.70763,0.7054,-0.03882,-0.01322,0.001817402879463137,0.9993398768231301,-0.03628371036573743,0.9972867312447048,-0.004481503190050862,-0.07347851258980184,-0.0735926132843902,-0.03605172284771651,-0.9966365438562276
8.333,0.016173044219613075,Empty,0.58601,0.1447,0.03671,1.56892,-0.03627,-0.07348,0.70764,0.70538,-0.03877,-0.01319,0.0018607871152480637,0.9993402325010203,-0.0362717131676767,0.9972951852383716,-0.0045196774021390995,-0.07336133870467931,-0.0734768737200611,-0.036037095068652214,-0.9966456124457375
8.4,0.016173044219613075,Empty,0.5859,0.14464,0.03662,1.56895,-0.03638,-0.07379,0.70764,0.70538,-0.03892,-0.01326,0.0018593264301657864,0.9993366199158328,-0.036371183654433634,0.9972718362586401,-0.004536983340150569,-0.07367700039693906,-0.07379313999651631,-0.03613496751582394,-0.9966187017170031
8.467,0.016173044219613075,Empty,0.58583,0.14463,0.03659,1.56896,-0.03643,-0.074,0.70763,0.70538,-0.03901,-0.01332,0.0018324949543110924,0.9993348878328746,-0.036420103271389975,0.9972568101404109,-0.004521231543358539,-0.07388107398991628,-0.07399659850840848,-0.0361848093181052,-0.9966018076362281
8.534,0.016173044219613075,Empty,0.5858,0.14461,0.03658,1.56897,-0.03647,-0.07413,0.70763,0.70538,-0.03907,-0.01335,0.0018372066605173987,0.9993334343561148,-0.0364597264073475,0.9972474720206836,-0.004533419791070914,-0.07400626766263328,-0.07412222487244942,-0.036223405182423264,-0.996591069946419
8.6,0.016173044219613075,Empty,0.5858,0.14462,0.03658,1.56897,-0.03645,-0.07412,0.70763,0.70538,-0.03906,-0.01335,0.001827258206805349,0.9993337252083772,-0.036452253546151885,0.997247612846287,-0.004522891913577853,-0.07400501416201512,-0.07412057608942088,-0.036216696562295335,-0.9965914363922093
8.667,0.016173044219613075,Empty,0.5858,0.14461,0.03657,1.56897,-0.03647,-0.07413,0.70763,0.70538,-0.03907,-0.01335,0.0018299433666598697,0.9993334503828615,-0.03645965240042345,0.9972463793246612,-0.004526716218073823,-0.0740214007171893,-0.07413710428070737,-0.03622380137652458,-0.9965899487666458
8.733,0.016173044219613075,Empty,0.5858,0.14461,0.03657,1.56897,-0.03647,-0.07413,0.70763,0.70538,-0.03907,-0.01335,0.0018259138088946858,0.9993334144892854,-0.03646083822334849,0.9972469133110099,-0.004522530893758314,-0.07401446214070662,-0.07413002043993766,-0.036225314346485724,-0.9965904207196016
8.8,0.016173044219613075,Empty,0.5858,0.14461,0.03657,1.56897,-0.03647,-0.07413,0.70763,0.70538,-0.03907,-0.01335,0.001823884922847796,0.9993334527952064,-0.03645988985446075,0.9972466171137377,-0.004520585226076235,-0.07401857175344953,-0.07413405492076473,-0.03622450046066862,-0.9965901501958468
