time,gr,gr_state,tx,ty,tz,rx,ry,rz,qw,qx,qy,qz,xx,xy,xz,yx,yy,yz,zx,zy,zz
0.0,0.015922853723168373,Empty,0.30835,0.00176,0.48639,0.0114,0.00514,-0.00661,0.99997,0.00571,0.00255,-0.00332,0.9999217941638422,0.011402008939976505,0.005138068537446243,0.011435828107783486,-0.9999128173221694,-0.0066014839491600075,0.005062350407866883,0.006659725743188129,-0.999965009718527
0.067,0.015922853723168373,Empty,0.30835,0.00177,0.48638,0.0114,0.00514,-0.00661,0.99997,0.00571,0.00255,-0.00332,0.9999217920919372,0.01140606690731516,0.005129457803156445,0.01143982534972049,-0.9999127759647456,-0.006600822558155169,0.005053720967406684,0.006658986423038273,-0.9999650582916392
0.133,0.015922853723168373,Empty,0.30835,0.00177,0.48638,0.0114,0.00512,-0.00659,0.99997,0.00571,0.00254,-0.00331,0.9999218343023433,0.011405781200252041,0.005121859100907934,0.011439477992135905,-0.9999127943947755,-0.006598632350617222,0.005046149889273118,0.006656707958379612,-0.9999651116966292
0.2,0.015922853723168373,Empty,0.30835,0.00177,0.48638,0.0114,0.00512,-0.00659,0.99997,0.00571,0.00254,-0.00331,0.9999218698966865,0.0114004346265274,0.005126811157058287,0.011434164629608778,-0.9999128549098855,-0.006598671471235863,0.005051136657908404,0.006656776719146803,-0.9999650860615956
0.267,0.015922853723168373,Empty,0.30835,0.00176,0.48638,0.0114,0.00512,-0.00659,0.99997,0.00571,0.00254,-0.00331,0.9999218708335871,0.011399959408221527,0.0051276850673529885,0.011433678824469107,-0.99991288189296,-0.006595423644770122,0.005052050791306189,0.006653536653991757,-0.9999651030074979
0.333,0.015923181548714638,Empty,0.30835,0.00176,0.48638,0.0114,0.00514,-0.00661,0.99997,0.00571,0.00255,-0.00332,0.9999218485662275,0.011397424134997836,0.00513765345127769,0.011431248646024517,-0.999912859164572,-0.006603077443385584,0.005061947677645286,0.0066612911974747325,-0.9999650013301922
0.4,0.015923181548714638,Empty,0.30835,0.00176,0.48639,0.01138,0.00516,-0.00661,0.99997,0.0057,0.00256,-0.00332,0.9999217931435171,0.011390340172762414,0.005164082435620871,0.011424376048343898,-0.9999128919509859,-0.006610003186217697,0.00508834241764075,0.006668482658336344,-0.9999648194364023
0.467,0.015923181548714638,Empty,0.30836,0.00177,0.48639,0.0114,0.00516,-0.00661,0.99997,0.00571,0.00256,-0.00332,0.9999216826685409,0.01140276761191411,0.00515804421287829,0.01143673292759012,-0.9999127899322754,-0.006604064642036503,0.0050822897650860364,0.006662538603408348,-0.9999648898386891
0.533,0.015923181548714638,Empty,0.30839,0.00187,0.48632,0.01154,0.00498,-0.00651,0.99997,0.00578,0.00247,-0.00327,0.9999210852384443,0.011533959795175242,0.004979062865130304,0.011566260976814402,-0.9999119292445233,-0.006508099685130267,0.004903560195190975,0.0065651752405134975,-0.9999664262221374
0.6,0.015923181548714638,Empty,0.30859,0.00253,0.48585,0.01215,0.00355,-0.0057,0.99998,0.00608,0.00176,-0.00286,0.9999197783586897,0.012156224153466233,0.0035585195572234323,0.012176362694072074,-0.9999096567892289,-0.005693369054318071,0.0034889881987283174,0.005736242147690651,-0.9999774609896824
0.667,0.015923181548714638,Empty,0.3093,0.00427,0.48475,0.01192,0.00053,-0.0047,0.99998,0.00596,0.00025,-0.00235,0.9999287471918926,0.01192537315753095,0.000534803053442104,0.011927755084692682,-0.9999178302597569,-0.0046969551051329345,0.0004787461664812946,0.004702999433732142,-0.9999888262367908
0.733,0.015923181548714638,Empty,0.31062,0.00658,0.48269,0.00762,-0.00505,-0.0016,0.99999,0.00381,-0.00253,-0.00079,0.999958110749176,0.007627287762825841,-0.00505976563901944,0.0076192487523498165,-0.9999696831431821,-0.00160618895950907,-0.005071863108224552,0.0015675700644245942,-0.9999859093650795
0.8,0.015923181548714638,Empty,0.31251,0.00984,0.47957,0.0032,-0.0135,0.00252,0.99998,0.00161,-0.00675,0.00127,0.9999036966112638,0.003194058767169272,-0.013505387507280302,0.0032284171335472678,-0.9999916058284846,0.0025230131550482496,-0.013497215488453675,-0.0025663712047552835,-0.9999056150021848
0.867,0.015923181548714638,Empty,0.31515,0.01394,0.47547,-0.00257,-0.02359,0.00765,0.99992,-0.00124,-0.0118,0.00381,0.999718359412158,-0.002570267275856908,-0.023592277982290667,-0.0023903070669517024,-0.9999678587864989,0.007652961914861478,-0.023611189855420118,-0.00759441374138248,-0.9996923709789606
0.933,0.015923181548714638,Empty,0.31906,0.01867,0.47061,-0.0092,-0.0324,0.01451,0.99983,-0.00448,-0.01623,0.00718,0.9994328417879048,-0.009188176860473185,-0.03239710113163538,-0.00872186028053823,-0.9998567446928378,0.01450583487731977,-0.032525742251323334,-0.014215044784381214,-0.9993698057239765
1.0,0.015923181548714638,Empty,0.32447,0.02451,0.46527,-0.01037,-0.03745,0.02168,0.99975,-0.00498,-0.01878,0.01074,0.9992447873922743,-0.010366564453204663,-0.03744848743014486,-0.009559568716759781,-0.9997195894917591,0.021664649371231054,-0.037662574464814656,-0.02129029656595677,-0.9990636885388318
1.067,0.015922853723168373,Empty,0.3318,0.03155,0.45929,-0.00269,-0.03763,0.0294,0.99971,-0.00107,-0.01883,0.01467,0.9992889084878687,-0.0026922439001272336,-0.037608897828919144,-0.0015872597169465097,-0.999567056053905,0.029379943129980476,-0.03767171325696267,-0.029299356213271247,-0.9988605456948296
1.133,0.015922853723168373,Empty,0.34083,0.03982,0.45301,0.0122,-0.03182,0.03567,0.99969,0.00638,-0.0158,0.01793,0.9994191600196609,0.012183581753473782,-0.03182613582029389,0.013316887110849607,-0.9992758403422201,0.03564344857090666,-0.03136882374703029,-0.036046570488832926,-0.9988576683655788
1.2,0.015922853723168373,Empty,0.35101,0.04922,0.44648,0.03348,-0.02106,0.04138,0.99959,0.01695,-0.01018,0.02086,0.9992180852435579,0.033458557608841644,-0.02106520934938649,0.034308106240110825,-0.9985555090608191,0.04135032249579007,-0.019651258697979696,-0.0420406975087759,-0.9989226235222429
1.267,0.015922853723168373,Empty,0.36223,0.05947,0.43961,0.05713,-0.00598,0.04597,0.99932,0.02862,-0.00233,0.02306,0.998351097602314,0.057090805341346806,-0.005977111487299701,0.05730573289359653,-0.9972985604126702,0.04595252306831669,-0.003337498132273169,-0.04621927459721608,-0.998925742866768
1.333,0.015922853723168373,Empty,0.37379,0.07036,0.43242,0.08046,0.01174,0.04952,0.99887,0.04006,0.00686,0.0245,0.9966956133911287,0.08037266076739574,0.011751155179410187,0.07969982194630726,-0.9955891124536698,0.04950007621651295,0.01567777498908438,-0.04839994385206259,-0.9987049878750525
1.4,0.015922853723168373,Empty,0.38529,0.08152,0.42486,0.10252,0.03049,0.05154,0.99826,0.05082,0.01654,0.02495,0.994288000721496,0.10228287195902164,0.03048910830222424,0.10063196419407588,-0.9935900959244235,0.051496884015802345,0.03556092523673409,-0.048134554996480144,-0.9982076363220219
1.467,0.015923181548714638,Empty,0.39604,0.09259,0.41693,0.12321,0.0478,0.05252,0.99751,0.0609,0.02546,0.02473,0.9912854222129575,0.12275821391056402,0.047787368891440585,0.12023950876401468,-0.9913591059948745,0.052436471021910215,0.053811450828488525,-0.04623357955568023,-0.9974802172881435
1.534,0.015923181548714638,Empty,0.40601,0.10328,0.40813,0.1376,0.0622,0.05207,0.99687,0.06788,0.0328,0.02382,0.9886339940747201,0.13688936803549367,0.06216210001849681,0.1337637020361503,-0.9896506865060938,0.05194988657929089,0.0686301521013206,-0.0430443912357975,-0.996713139577125
1.6,0.015923181548714638,Empty,0.41474,0.11322,0.39872,0.1396,0.07289,0.04996,0.99665,0.06877,0.03808,0.02236,0.9876410610140202,0.138786166200962,0.07282537106214605,0.13538099717038743,-0.9895412139069666,0.04980132111378398,0.07897544051318635,-0.03932665827102073,-0.9961005439939196
1.667,0.015923181548714638,Empty,0.42282,0.12244,0.38826,0.12558,0.08055,0.04542,0.99702,0.06177,0.0416,0.02012,0.988907233110736,0.12485353848302655,0.08046165689032193,0.12150573219734229,-0.9915583284942169,0.04525967561685003,0.08543325666540029,-0.03498106805147867,-0.9957296237099315
1.733,0.015923181548714638,Empty,0.43026,0.13094,0.37718,0.09875,0.08613,0.03897,0.99771,0.04846,0.04395,0.01732,0.9914410813241672,0.09821374583104242,0.08601536137575305,0.09516831457883057,-0.9947036672065602,0.03882790679454138,0.08937322956562953,-0.030309644927914606,-0.9955369160716006
1.8,0.015922853723168373,Empty,0.43743,0.1393,0.36531,0.06129,0.09032,0.03027,0.99842,0.02992,0.04558,0.01373,0.9940545926805142,0.06100356371730142,0.09018886840717362,0.058499592746017515,-0.9978319301588733,0.03015355375353503,0.0918328068792814,-0.024698266522296446,-0.9954680965312078
1.867,0.015922853723168373,Empty,0.44444,0.14738,0.35317,0.0195,0.09369,0.01966,0.99881,0.00928,0.04692,0.00936,0.9954239764166932,0.019410072681797508,0.09356471692505351,0.017653924649378594,-0.9996527982375503,0.019560723920898172,0.09391190616344723,-0.017819429124494256,-0.9954210274182603
1.933,0.015922853723168373,Empty,0.45158,0.15602,0.34126,-0.01959,0.09788,0.00807,0.99874,-0.00998,0.04888,0.00451,0.9950218771549788,-0.019488017701685845,0.0977327025567229,-0.020370219093940045,-0.9997602023591589,0.008036911896898709,0.09755264300390294,-0.009987739725904655,-0.995180248446542
2.0,0.015922853723168373,Empty,0.45929,0.16533,0.33045,-0.05092,0.1047,-0.00499,0.99831,-0.02529,0.05237,-0.00116,0.9932350345083245,-0.0506083125056172,0.10451298929119093,-0.0503651029772072,-0.9987185235457318,-0.004966601325729188,0.10463040966823234,-0.0003308050289568739,-0.9945111200688965
2.067,0.015922853723168373,Empty,0.46749,0.17507,0.32047,-0.0726,0.11309,-0.01959,0.99772,-0.03568,0.05683,-0.00772,0.9909930322780844,-0.07208215655756833,0.11285819723129448,-0.07032740244597485,-0.9973341616968676,-0.019458324121256358,0.11395993349194919,0.011346039767961206,-0.9934205559278982
2.133,0.015923181548714638,Empty,0.47593,0.18466,0.31111,-0.08687,0.12074,-0.03436,0.99714,-0.0423,0.06101,-0.01451,0.9889776130948122,-0.08612988553110706,0.12043638825407252,-0.08258867652776603,-0.9960001103559275,-0.034101182976132995,0.12289178697813534,0.023778624631757443,-0.9921351650374775
2.2,0.015923181548714638,Empty,0.48421,0.19382,0.30238,-0.0946,0.12639,-0.04772,0.99667,-0.04567,0.06419,-0.0208,0.9875876763201996,-0.0937030563095847,0.12605680790306886,-0.08836110831567412,-0.9949632262194633,-0.047333846327781565,0.12985721434596595,0.035607804049100085,-0.9908931265142102
2.267,0.015923181548714638,Empty,0.49234,0.20236,0.29329,-0.09806,0.12767,-0.05869,0.99643,-0.04702,0.06512,-0.02612,0.9870973631964722,-0.0971151341574163,0.1273084690354826,-0.09031167317096472,-0.9942127517252264,-0.05817908555497886,0.13222177301652058,0.04593098109707317,-0.9901554159402596
2.333,0.015923181548714638,Empty,0.49988,0.20997,0.28389,-0.09484,0.12383,-0.06592,0.99652,-0.04525,0.06333,-0.02992,0.9878831429621332,-0.09396814155844002,0.12351876061275181,-0.08638852371547884,-0.9941151258528942,-0.06536160586112227,0.12893377688378393,0.05389902524663639,-0.9901873440192746
2.4,0.015923181548714638,Empty,0.50742,0.21684,0.27442,-0.09022,0.11668,-0.07112,0.99675,-0.04292,0.05981,-0.03283,0.9891613577234404,-0.08948020432848786,0.11641778824583511,-0.08162480908214237,-0.9941603912337562,-0.07058687586406265,0.12205408198427402,0.06031923022782065,-0.9906888469825929
2.467,0.015922853723168373,Empty,0.51588,0.22283,0.26573,-0.08793,0.10961,-0.07642,0.9969,-0.04176,0.05636,-0.0357,0.9901605504209157,-0.08727605969649505,0.10938452264376015,-0.07922723117650987,-0.9939634204380084,-0.07589311346412468,0.11534786617121838,0.06648013413816532,-0.9910980080369036
2.534,0.015922853723168373,Empty,0.52612,0.22817,0.25796,-0.08837,0.10526,-0.0834,0.99687,-0.04188,0.05435,-0.03927,0.9905850327403527,-0.0877671968552039,0.10506289576712713,-0.0792312767250854,-0.9934082960809664,-0.08283937509435677,0.11164093200662246,0.07373517772196979,-0.9910092965593221
2.6,0.015922853723168373,Empty,0.53721,0.23292,0.25095,-0.0905,0.1017,-0.09067,0.99676,-0.04283,0.05277,-0.04292,0.9907612218045504,-0.08990849698890596,0.10153158886548816,-0.08084808057192189,-0.992647278875929,-0.09008311499970172,0.10888429288097834,0.08104222300387214,-0.9907453602487372
2.667,0.015922853723168373,Empty,0.54866,0.23736,0.24399,-0.09333,0.09704,-0.09734,0.99666,-0.04418,0.05066,-0.04628,0.9909640398515329,-0.09274488000897213,0.09689509251376396,-0.0833665915223446,-0.9918134832801304,-0.09672655168918745,0.10507275164892206,0.0877747208247105,-0.9905833206979956
2.733,0.015922853723168373,Empty,0.55997,0.24171,0.23669,-0.0961,0.09142,-0.10342,0.99658,-0.04556,0.04806,-0.04938,0.9912288307716364,-0.09555163197034844,0.09129781308934776,-0.08605805315083409,-0.9909719413710241,-0.10280380782457342,0.10029664269048391,0.09404518617742595,-0.9905029461954521
2.8,0.015922853723168373,Empty,0.57101,0.24587,0.22919,-0.09839,0.08639,-0.10927,0.99649,-0.0467,0.04575,-0.05237,0.9914531084691638,-0.09785523147462244,0.08628491977095705,-0.08827169706577437,-0.9901536578401106,-0.10864548477952181,0.09606685798942642,0.10010038730642958,-0.9903287692767196
2.867,0.015922853723168373,Empty,0.58137,0.2496,0.22054,-0.09881,0.08052,-0.11418,0.99646,-0.04697,0.04295,-0.05496,0.9918987283037051,-0.0983265264692979,0.08042889394972322,-0.08888512371584789,-0.9895469147840443,-0.11356204569924903,0.09075432535979656,0.10549311652360234,-0.9902700918409209
2.933,0.015922853723168373,Empty,0.59038,0.25273,0.21102,-0.09919,0.07343,-0.11805,0.99647,-0.04729,0.03952,-0.05706,0.992404861737409,-0.09874681306707322,0.07335977991413722,-0.0897276534470558,-0.9890169057193012,-0.1174500251524189,0.08415187821337793,0.10997557506335351,-0.9903655053982068
3.0,0.015923181548714638,Empty,0.59762,0.255,0.20052,-0.10053,0.06449,-0.12024,0.99651,-0.04819,0.03516,-0.05836,0.992883242521595,-0.10014695593696094,0.06444729580335157,-0.09193939198744777,-0.9885435281416342,-0.11970313767929855,0.07569686202731721,0.11292599428763546,-0.9907157538332406
3.067,0.015923181548714638,Empty,0.60389,0.25661,0.1894,-0.09557,0.05583,-0.12066,0.99673,-0.04598,0.03071,-0.05887,0.9938856711449313,-0.0952774022505597,0.05579864974329175,-0.08804664830242176,-0.9888401437288894,-0.12017885784504337,0.06662627421294968,0.11453116069705453,-0.9911829058321608
3.133,0.015923181548714638,Empty,0.60956,0.25816,0.17855,-0.08189,0.04854,-0.12113,0.9971,-0.03938,0.02668,-0.05947,0.9954745241170928,-0.08171081990962109,0.04851611838909834,-0.07536478518708462,-0.989824647006271,-0.12069514212517066,0.05788454878075953,0.11649253232979355,-0.9915033378278864
3.2,0.015922853723168373,Empty,0.61497,0.25988,0.1681,-0.0604,0.04325,-0.1217,0.9975,-0.02882,0.02341,-0.06012,0.9972433433518477,-0.06030293956605448,0.04323505082825487,-0.05467330857611624,-0.9911095670441314,-0.12129573546887634,0.05016516191312245,0.1185975614980662,-0.9916743794900332
3.267,0.015922853723168373,Empty,0.62078,0.26167,0.15893,-0.04092,0.04146,-0.12408,0.99768,-0.01913,0.02195,-0.06155,0.9983046331298898,-0.04086722568206291,0.04144549838579692,-0.03546303313167032,-0.9916918662160566,-0.123651185849619,0.046154444558436626,0.12197176864326559,-0.9914598604590787
3.334,0.015923181548714638,Empty,0.6271,0.26288,0.1507,-0.02725,0.04207,-0.12678,0.9977,-0.01226,0.02185,-0.06304,0.9987443788656098,-0.027210551346488365,0.04206247234491917,-0.021700041186906716,-0.9917521760727595,-0.12631994881028433,0.04515278393226179,0.12524858143055517,-0.9910973811653424
3.4,0.015923181548714638,Empty,0.63303,0.26288,0.14332,-0.01928,0.04182,-0.12728,0.99772,-0.00829,0.02148,-0.06338,0.9989400104379832,-0.01925849654493772,0.04180868159833035,-0.013813164350093554,-0.9918282738416135,-0.1268300898801336,0.04390958934901649,0.12611814111853256,-0.9910429670019393
3.467,0.015923181548714638,Empty,0.63874,0.26141,0.13689,-0.01642,0.04189,-0.1264,0.99776,-0.00687,0.02142,-0.06297,0.9989878708836056,-0.016397258554734506,0.04188512551407187,-0.011001432813595668,-0.9919757298018628,-0.12594887835987198,0.04361424427280973,0.1253606054386747,-0.9911521156212907
3.533,0.015923181548714638,Empty,0.64405,0.25806,0.13078,-0.01238,0.04281,-0.12211,0.9979,-0.00487,0.02174,-0.06087,0.999007015397714,-0.012365354391025818,0.042802817628466244,-0.007071047676567854,-0.9925417388764919,-0.12170002823658424,0.043988447016314505,0.1212765212183053,-0.9916435962230983
3.6,0.015923181548714638,Empty,0.64848,0.25281,0.12411,-0.00646,0.04353,-0.11257,0.99818,-0.002,0.02191,-0.05617,0.999031868799257,-0.006461192850996833,0.04351526295918133,-0.0015380590260847815,-0.99368086957277,-0.11223174158648731,0.04396543526336067,0.11205615749277686,-0.9927287938153386
3.667,0.015923181548714638,Empty,0.65202,0.24707,0.11731,0.0021,0.04406,-0.1,0.99851,0.00215,0.02195,-0.04999,0.9990267899384326,0.0021008634680814153,0.04405745519204871,0.006490434488987729,-0.9949935441756237,-0.09972823726996818,0.043627368078478744,0.09991713277271014,-0.9940388419639474
3.733,0.015923181548714638,Empty,0.65451,0.24296,0.11055,0.01258,0.04467,-0.08867,0.99874,0.00727,0.02203,-0.04445,0.9989234549399018,0.012567555792657559,0.044654089536447485,0.016484805560367466,-0.9959425258997324,-0.08846884361230083,0.04336106959667301,0.08910971689922093,-0.995077522606944
3.8,0.015923181548714638,Empty,0.65617,0.24241,0.1051,0.01784,0.04582,-0.08484,0.99879,0.00988,0.02251,-0.0426,0.9987911821903397,0.017819820144959975,0.04581078900024682,0.02165623081810042,-0.9961744137171851,-0.08466135554062357,0.04412688574527999,0.08555110440680476,-0.995356130482552
3.867,0.015923181548714638,Empty,0.65671,0.24425,0.10047,0.01944,0.04604,-0.08599,0.99875,0.0107,0.02258,-0.04319,0.9987517493577647,0.019414385955092095,0.04602200313753289,0.02331490298625266,-0.9960402906254312,-0.08579134425772647,0.04417418311124725,0.08675725369554314,-0.9952496272180467
3.933,0.015923181548714638,Empty,0.65736,0.24781,0.09666,0.02259,0.05042,-0.08885,0.99862,0.0124,0.02468,-0.04468,0.9984743193210446,0.022562612459119447,0.050398037416111666,0.02697286488929118,-0.9957005298553947,-0.08861669935937913,0.04818192831384244,0.08984087802724403,-0.9947899870923779
4.0,0.015923181548714638,Empty,0.65777,0.25198,0.093,0.02643,0.05764,-0.09258,0.99841,0.01453,0.02817,-0.04663,0.997990915588915,0.026386931341743358,0.05760088763521566,0.031641041080561316,-0.9952285842468246,-0.09229793939952985,0.054890590462636495,0.09393505710024969,-0.9940639959913223
4.067,0.015923181548714638,Empty,0.65785,0.2557,0.08899,0.02988,0.06487,-0.09609,0.99819,0.01647,0.03167,-0.04848,0.9974517478286943,0.02980503403821272,0.06482029542869584,0.03594610147338495,-0.9947573747387883,-0.09573736570252338,0.06162701146694945,0.09782343966951151,-0.9932938568766435
4.133,0.015923181548714638,Empty,0.6578,0.25772,0.08411,0.03208,0.06979,-0.09743,0.99805,0.01771,0.03406,-0.04922,0.9970524500758307,0.03199097885216756,0.06973513511755385,0.03869766554986154,-0.9945270371531651,-0.09704876636175239,0.06624879228162839,0.09946129721367557,-0.9928335952604538
4.2,0.015922853723168373,Empty,0.65783,0.25805,0.07864,0.03401,0.07327,-0.09661,0.99799,0.01874,0.03576,-0.04887,0.9967400948210794,0.03391726821341223,0.07320384069845812,0.04090690178498391,-0.9945212198875873,-0.09619858928102122,0.06953997959749098,0.09887953332335461,-0.9926666253719504
4.267,0.015922853723168373,Empty,0.65827,0.25723,0.07348,0.03719,0.07716,-0.09289,0.99797,0.02035,0.03766,-0.0471,0.9963355054089239,0.03707678766263717,0.07707705545857459,0.04417053700309198,-0.9947355624399192,-0.09246688314307877,0.07324291312067643,0.09553257368016975,-0.9927280609732154
4.333,0.015922853723168373,Empty,0.65943,0.25559,0.06872,0.04457,0.08296,-0.08385,0.99798,0.02398,0.04049,-0.04279,0.9955719466759599,0.04439182363095778,0.08286051524433938,0.05132210950921556,-0.9951875216020936,-0.08347357619634191,0.07875620653233338,0.08735652718715614,-0.993059060222722
4.4,0.015923181548714638,Empty,0.6606,0.25361,0.06485,0.05593,0.08801,-0.07065,0.99797,0.02947,0.04296,-0.0365,0.9945723381188165,0.05568628489488986,0.08789142121661164,0.06195803704001718,-0.9955984246813929,-0.07032054051325722,0.08358867085328366,0.07538444432728776,-0.9936448659649217
4.467,0.015923181548714638,Empty,0.66181,0.25168,0.06254,0.06923,0.09336,-0.05599,0.99788,0.03586,0.04565,-0.02956,0.9932587655146594,0.068877552243716,0.09323576312343441,0.07427657787358066,-0.9956793168303342,-0.055728700107476145,0.08899446447776907,0.062278253292728986,-0.9940831979563491
4.534,0.015923181548714638,Empty,0.66362,0.25005,0.06197,0.07933,0.09937,-0.04253,0.99771,0.04065,0.04877,-0.02319,0.9919384317299529,0.07884431337133418,0.09920545300599315,0.08336821814280798,-0.9956203149799256,-0.042307547825022614,0.09543525481086441,0.05023706448705276,-0.9941671637561307
4.6,0.015923181548714638,Empty,0.66595,0.2491,0.06245,0.08347,0.10545,-0.03348,0.99756,0.04254,0.05195,-0.0189,0.9909841077878756,0.08290174865576394,0.10525111962200001,0.08682864330192264,-0.995667066527064,-0.03328482140162247,0.10203570362483652,0.04212354096235227,-0.9938884859392311
4.667,0.015923181548714638,Empty,0.66751,0.2485,0.06234,0.07989,0.10858,-0.02879,0.9976,0.04065,0.05364,-0.01653,0.9909393954482787,0.07933978237490585,0.10837118381425212,0.08288564318039049,-0.996148312025493,-0.028609624313042772,0.10568389046194726,0.03733281909343365,-0.993698734987302
4.733,0.015923181548714638,Empty,0.66807,0.24839,0.06142,0.07169,0.10935,-0.02604,0.99775,0.03649,0.05414,-0.01495,0.9914748747196143,0.0711920538878314,0.10912957556481905,0.07442940799820874,-0.9968904244478507,-0.025879429460872037,0.10694781916786143,0.03378125378691844,-0.9936905911136636
4.8,0.015923181548714638,Empty,0.66789,0.24885,0.05975,0.05408,0.10832,-0.02504,0.99807,0.02767,0.05377,-0.01396,0.9926872440033425,0.05372389651228243,0.1081007795373645,0.05672724071347374,-0.9980791608950808,-0.024899974859564113,0.10655541166024338,0.030850146361223504,-0.9938280599356244
4.867,0.015923181548714638,Empty,0.66681,0.24984,0.05716,0.03331,0.10538,-0.02466,0.99839,0.01728,0.05245,-0.01319,0.9939011156378184,0.03312867838009953,0.10518109622307314,0.0358950439098763,-0.9990547764127125,-0.0245173316177121,0.10426944977608461,0.028143283314722465,-0.9941508122250162
4.933,0.015923181548714638,Empty,0.665,0.25139,0.05397,0.02136,0.10106,-0.02435,0.99859,0.01128,0.05037,-0.0127,0.9946722368928923,0.021239557604619153,0.1008762724690491,0.023799148320148233,-0.9994228903073947,-0.024238128410610377,0.10030324866984776,0.02650976277475355,-0.9946036852857025
5.0,0.015923181548714638,Empty,0.66311,0.25322,0.05092,0.01815,0.09706,-0.02343,0.99871,0.00963,0.0484,-0.01214,0.9951297420416867,0.018054448399647538,0.09690631247256688,0.020404790697906183,-0.9995198488788322,-0.023317723169533018,0.09643879416822321,0.025181512866005458,-0.9950203266210988
5.067,0.015923181548714638,Empty,0.66185,0.25552,0.04876,0.0182,0.09493,-0.02278,0.99876,0.00963,0.04734,-0.01181,0.9953316815323916,0.01812772644445254,0.09479572391124441,0.020364169756260653,-0.9995353913181466,-0.02267822948595065,0.09434057625454703,0.024502796502324994,-0.995238397890438
5.133,0.015923181548714638,Empty,0.66228,0.25775,0.04802,0.01021,0.09577,-0.02436,0.99876,0.00568,0.0478,-0.01241,0.9953655737721372,0.010154117279019714,0.09562566837176968,0.01252643218755406,-0.9996276667154713,-0.02424080101054795,0.09534391981618087,0.025326307256808754,-0.9951221609002684
5.2,0.015923181548714638,Empty,0.66446,0.25912,0.04879,-0.00662,0.09946,-0.02762,0.99867,-0.00262,0.04975,-0.01363,0.9950367613802586,-0.006580596288923157,0.09929017702858642,-0.0038686481215280955,-0.9996148340522587,-0.0274812136629212,0.09943277660609533,0.02696069908510427,-0.9946789651144962
5.267,0.015923181548714638,Empty,0.6671,0.259,0.04999,-0.02272,0.10358,-0.02994,0.99849,-0.01057,0.05193,-0.01436,0.9943826913716414,-0.02259563324776409,0.10340454757225864,-0.019613269111101228,-0.9993643825228573,-0.029768282105006087,0.10401145501946638,0.027572963258239862,-0.9941938185896616
5.333,0.015923181548714638,Empty,0.66891,0.257,0.05035,-0.02847,0.10572,-0.02777,0.99842,-0.01348,0.05302,-0.01311,0.9940148236973383,-0.028301661468257022,0.10551562077761403,-0.025521257252598073,-0.9992929641680899,-0.02760864343640978,0.1062223879330331,0.02475050953593242,-0.9940343135825421
5.4,0.015923181548714638,Empty,0.66939,0.25392,0.04892,-0.0293,0.10528,-0.02242,0.99845,-0.01404,0.05277,-0.01042,0.994037222130226,-0.029130537886407182,0.10507812703922839,-0.026931551522258124,-0.9993888264685356,-0.022285983542293476,0.10566310875716053,0.019323180180602008,-0.9942142234727286
5.467,0.015923181548714638,Empty,0.66941,0.25104,0.04643,-0.02958,0.10375,-0.01688,0.99852,-0.01433,0.05197,-0.00766,0.9941879967085343,-0.029419945482138776,0.10356009853461404,-0.027827508447639315,-0.9994717467587878,-0.016788603412268663,0.10399931237401323,0.013809208477167077,-0.9944814974583321
5.533,0.015923181548714638,Empty,0.66886,0.24908,0.04343,-0.02768,0.10189,-0.01024,0.9986,-0.01356,0.05099,-0.00441,0.9944319340920204,-0.027522670456148757,0.10172330641974903,-0.026622214238075703,-0.9995935336972488,-0.010199269567426054,0.10196267045868256,0.00743437970574938,-0.9947604454497198
5.6,0.015923181548714638,Empty,0.66792,0.24853,0.04074,-0.02432,0.0998,-0.00538,0.99868,-0.01201,0.04991,-0.00208,0.9947299815729519,-0.024186448383744563,0.0996357339234032,-0.023770279416779005,-0.9997030667519973,-0.005362102488680125,0.09973583897638298,0.0029654748745019215,-0.9950095318048189
5.667,0.015923181548714638,Empty,0.66703,0.24902,0.03858,-0.02033,0.09824,-0.00208,0.99874,-0.0101,0.04911,-0.00054,0.9949730102048583,-0.02022889168654407,0.09807905436441114,-0.020122691470946308,-0.9997953711669411,-0.002071975174415354,0.09810089832334935,8.794482562057861e-05,-0.9951764697850626
5.733,0.015922853723168373,Empty,0.66656,0.24995,0.03774,-0.01682,0.09847,0.00073,0.99875,-0.00842,0.04921,0.00078,0.9950142641731348,-0.01673598528069714,0.09831846667172452,-0.01688955764541783,-0.9998570948741481,0.0007298440728375072,0.09829220179921079,-0.0023867606735567585,-0.9951547349226403
5.8,0.015922853723168373,Empty,0.66662,0.25149,0.03833,-0.01441,0.10007,0.00104,0.99872,-0.00722,0.05001,0.00088,0.9948928929367307,-0.014341000013271543,0.09991229805485712,-0.01451734970497437,-0.9998940787592281,0.001038180994926599,0.0998868266666168,-0.0024833406641244834,-0.9949957059593874
5.867,0.015923181548714638,Empty,0.66738,0.25271,0.03942,-0.01337,0.10247,8e-05,0.99867,-0.00668,0.05121,0.00038,0.9946652906086118,-0.013301492952382088,0.10229384118177826,-0.013379435916160032,-0.9999104884650991,7.584228244389424e-05,0.10228367588745757,-0.0014440715786169388,-0.9947542230642831
5.933,0.015923181548714638,Empty,0.66845,0.25299,0.04047,-0.01366,0.10478,-0.0008,0.9986,-0.0068,0.05237,-4e-05,0.9944221812343278,-0.01359476898664419,0.10459305773024022,-0.013585346039957202,-0.999907392859694,-0.0008025443935717885,0.10459428207190004,-0.000622864936249492,-0.994514780280884
6.0,0.015923181548714638,Empty,0.66906,0.25265,0.04093,-0.01465,0.10572,-0.00126,0.99858,-0.00728,0.05284,-0.00024,0.9943097821287137,-0.01457216984634846,0.10552586900433032,-0.01452104545989219,-0.9998937792047625,-0.0012528153771198813,0.10553291620106814,-0.000286659356334967,-0.9944157688937317
6.067,0.015923181548714638,Empty,0.66923,0.25206,0.04086,-0.01596,0.1055,-0.0015,0.99858,-0.00793,0.05273,-0.00033,0.9943142993511902,-0.015873946750921075,0.1052952606735023,-0.015803621258622447,-0.9998739864601144,-0.0015022501365104732,0.10530583868364543,-0.0001703376280772435,-0.9944398681289013
6.133,0.015923181548714638,Empty,0.66937,0.25177,0.04091,-0.01657,0.10552,-0.00166,0.99857,-0.00823,0.05274,-0.00039,0.994300929340922,-0.01648501605215219,0.10532761346170735,-0.01640238217067541,-0.9998641091695043,-0.0016507736974987544,0.1053405134357417,-8.625794756949138e-05,-0.9944362064952489
6.2,0.015922853723168373,Empty,0.66935,0.2518,0.0409,-0.01688,0.10542,-0.00187,0.99858,-0.00838,0.05269,-0.00049,0.9943077832402343,-0.016779004928238195,0.1052164301880143,-0.0166759758061506,-0.9998592181911938,-0.0018589322223104207,0.10523280866157575,9.376413293444066e-05,-0.9944476090722344
6.267,0.015922853723168373,Empty,0.66931,0.25189,0.04089,-0.01691,0.10538,-0.00195,0.99858,-0.00839,0.05267,-0.00053,0.9943117504429443,-0.01681309407326559,0.10517348904914833,-0.016701450857630584,-0.999858634697943,-0.0019422047305141452,0.1051912756379442,0.00017460712643625797,-0.9944519923264338
6.333,0.015922853723168373,Empty,0.66932,0.25189,0.04091,-0.01695,0.1054,-0.00198,0.99858,-0.00841,0.05268,-0.00054,0.9943079990753281,-0.016845469487530185,0.10520376957391768,-0.016732542769174685,-0.999858087983241,-0.0019559925804447723,0.1052217895081385,0.0001845324949942923,-0.994448762360567
6.4,0.015922853723168373,Empty,0.66931,0.25188,0.04089,-0.01695,0.10536,-0.00196,0.99858,-0.00841,0.05266,-0.00053,0.9943113040722862,-0.016858307052783794,0.10517047150880293,-0.016746218999842466,-0.9998578730644749,-0.0019487996802745947,0.10518837741537419,0.00017650580326645114,-0.9944522985555526
6.467,0.015922853723168373,Empty,0.66932,0.25189,0.0409,-0.01695,0.10538,-0.00198,0.99858,-0.00841,0.05267,-0.00054,0.9943095508119777,-0.016856389921364623,0.1051873532460188,-0.01674282649001546,-0.9998579028538441,-0.0019626160701008075,0.1052054890450543,0.00019031429873610323,-0.9944504858741127
6.533,0.015923181548714638,Empty,0.66932,0.25188,0.0409,-0.01697,0.10538,-0.00198,0.99858,-0.00842,0.05267,-0.00054,0.9943093395024087,-0.016864194788338283,0.1051880996711363,-0.01675045853093521,-0.9998577710104863,-0.0019646600075854323,0.10520627128307203,0.00019153089299978296,-0.9944504028852468
6.6,0.015923181548714638,Empty,0.66931,0.25188,0.04089,-0.01697,0.10538,-0.00198,0.99858,-0.00842,0.05267,-0.00054,0.9943103919564915,-0.01686451816754425,0.10517809883386006,-0.016751200014434975,-0.9998577662774298,-0.0019607429164259227,0.105196205945866,0.00018772768705330935,-0.9944514684050252
6.667,0.015923181548714638,Empty,0.66932,0.25188,0.0409,-0.01697,0.10538,-0.00198,0.99858,-0.00842,0.05267,-0.00054,0.9943097775273895,-0.016869046873332016,0.10518318102728057,-0.016755735558412643,-0.9998576899567444,-0.0019609080190786596,0.10520129105352698,0.00018732844971602192,-0.9944509305484726
6.734,0.015923181548714638,Empty,0.66932,0.25188,0.0409,-0.01697,0.10538,-0.00198,0.99858,-0.00842,0.05267,-0.00054,0.9943101692076953,-0.016871714624950962,0.10517905046052953,-0.016757642254932925,-0.9998576435752751,-0.0019682505313257936,0.1051972853082249,0.0001944986185146058,-0.9944513529248515
6.8,0.015923181548714638,Empty,0.66932,0.25188,0.0409,-0.01697,0.10538,-0.00198,0.99858,-0.00842,0.05267,-0.00054,0.9943099370959793,-0.01687602565065155,0.10518055310002816,-0.016762346310321863,-0.9998575715896753,-0.0019647597740984277,0.10519872973739801,0.0001905073112187161,-0.9944512008985672
6.867,0.015923181548714638,Empty,0.66932,0.25188,0.0409,-0.01699,0.10538,-0.00198,0.99858,-0.00843,0.05267,-0.00054,0.9943093564383685,-0.016888219572319896,0.10518408500716188,-0.016773887564339063,-0.9998573646393161,-0.0019715660021013895,0.10520237827680352,0.00019600050725718547,-0.99445081386095
6.933,0.015923181548714638,Empty,0.66932,0.25189,0.0409,-0.01697,0.10538,-0.00198,0.99858,-0.00842,0.05267,-0.00054,0.9943094946811757,-0.016874710248382774,0.10518494636067519,-0.016760279640839815,-0.9998575924073942,-0.0019717838749547245,0.10520324050724793,0.00019763431331511788,-0.9944507223223544
7.0,0.015923181548714638,Empty,0.66932,0.25188,0.0409,-0.01697,0.10538,-0.00198,0.99858,-0.00842,0.05267,-0.00054,0.9943093519462968,-0.016882477609662938,0.10518504923179191,-0.016768467627184147,-0.9998574621484452,-0.0019682173423846566,0.10520328476607273,0.00019322481728890333,-0.994450718506754
7.067,0.015923181548714638,Empty,0.66932,0.25188,0.0409,-0.01697,0.1054,-0.00198,0.99858,-0.00842,0.05268,-0.00054,0.9943086830404781,-0.016876779970296962,0.10519228644793352,-0.016762194016550214,-0.9998575572306877,-0.0019733475197226125,0.10521060631923686,0.0001988630590318078,-0.9944499428183515
7.133,0.015923181548714638,Empty,0.66932,0.25188,0.0409,-0.01699,0.10538,-0.00198,0.99858,-0.00843,0.05267,-0.00054,0.9943100109141589,-0.016883767140024486,0.10517861285949054,-0.016769463726025446,-0.9998574398207798,-0.0019710711243480505,0.10519689768347114,0.0001960668180622262,-0.9944513936214158
7.2,0.015923181548714638,Empty,0.66932,0.25188,0.0409,-0.01699,0.10538,-0.00198,0.99858,-0.00843,0.05267,-0.00054,0.9943087373611523,-0.016887112147246197,0.10519011479505658,-0.016772329381096462,-0.9998573825059337,-0.0019757569474208314,0.10520847767363077,0.00020022914274450072,-0.9944501677479307
7.267,0.015922853723168373,Empty,0.66932,0.25188,0.0409,-0.01699,0.10538,-0.00198,0.99858,-0.00843,0.05267,-0.00054,0.9943096892043668,-0.016901385732350505,0.10517882445930447,-0.016786890822519274,-0.9998571419806803,-0.001973810208293146,0.10519715894846063,0.00019695317171715643,-0.9944513658086155
7.333,0.015922853723168373,Empty,0.66932,0.25188,0.0409,-0.01697,0.10538,-0.00198,0.99858,-0.00842,0.05267,-0.00054,0.9943103082844975,-0.01688272070344099,0.1051759695977986,-0.016768395914168066,-0.9998574574300605,-0.001971222960758981,0.10519425715148696,0.0001963750109373393,-0.9944516728827009
7.4,0.015922853723168373,Empty,0.66932,0.25188,0.0409,-0.01699,0.10538,-0.00198,0.99858,-0.00843,0.05267,-0.00054,0.9943091637418718,-0.016889541756526183,0.10518569426587274,-0.016774961314511116,-0.9998573418601404,-0.0019739810715849876,0.1052040283061242,0.00019826151637994754,-0.9944506388557128
7.467,0.015923181548714638,Empty,0.66932,0.25188,0.0409,-0.01699,0.10538,-0.00198,0.99858,-0.00843,0.05267,-0.00054,0.9943089148205709,-0.016899519100430027,0.10518644476600883,-0.016785466643142455,-0.9998571743603056,-0.0019695151173222195,0.10520470530309185,0.00019270287909673982,-0.9944505683279035
7.534,0.015923181548714638,Empty,0.66932,0.25188,0.0409,-0.01699,0.10538,-0.00198,0.99858,-0.00843,0.05267,-0.00054,0.9943095013053495,-0.016898356768496325,0.10518108742750239,-0.016783728793382025,-0.9998571929039377,-0.001974904060478705,0.10519943945524354,0.00019833502592424501,-0.9944511242899372
7.6,0.015922853723168373,Empty,0.66932,0.25188,0.0409,-0.01699,0.10538,-0.002,0.99858,-0.00843,0.05267,-0.00055,0.9943095837481831,-0.016887579340998438,0.1051820390110214,-0.01677267701088575,-0.9998573743611748,-0.001976927278890664,0.10520042287178816,0.00020149337209596048,-0.9944510196223935
7.667,0.015922853723168373,Empty,0.66932,0.25188,0.0409,-0.01699,0.10538,-0.00198,0.99858,-0.00843,0.05267,-0.00054,0.9943088748177948,-0.01688999795881302,0.10518835214757344,-0.01677522241730467,-0.999857333799359,-0.001975844246665019,0.10520671733031417,0.0002000414667314718,-0.9944503540207479
7.734,0.015922853723168373,Empty,0.66932,0.25188,0.0409,-0.01699,0.10538,-0.00198,0.99858,-0.00843,0.05267,-0.00054,0.9943092366989101,-0.016892160538564904,0.10518458407756137,-0.01677765027686401,-0.9998572977755731,-0.0019734579084096024,0.10520290997124304,0.00019747726039742616,-0.994450757321002
7.8,0.015923181548714638,Empty,0.66932,0.25189,0.0409,-0.01699,0.10538,-0.002,0.99858,-0.00843,0.05267,-0.00055,0.9943091782306248,-0.016887615540772116,0.10518586657762607,-0.016772480139692125,-0.9998573733160376,-0.00197912493716431,0.10520428696732266,0.00020363423173805866,-0.9944506104059653
7.867,0.015923181548714638,Empty,0.66932,0.25189,0.0409,-0.01699,0.10538,-0.002,0.99858,-0.00843,0.05267,-0.00055,0.9943090801048364,-0.016896248245701684,0.10518540781065222,-0.01678112816033339,-0.9998572275926509,-0.0019794363854821403,0.10520383528531724,0.00020304176250745835,-0.994450658311061
7.933,0.015923181548714638,Empty,0.66932,0.25188,0.0409,-0.01699,0.10538,-0.002,0.99858,-0.00843,0.05267,-0.00055,0.9943094810829307,-0.01689341245651932,0.10518207282691559,-0.01677846475534195,-0.9998572757981574,-0.0019776637583470494,0.10520047028909334,0.00020161612349832962,-0.9944510145813581
8.0,0.015923181548714638,Empty,0.66932,0.25188,0.0409,-0.01699,0.10538,-0.00198,0.99858,-0.00843,0.05267,-0.00054,0.9943087602972758,-0.016899448344156187,0.1051879168049129,-0.016784807728141837,-0.9998571744680393,-0.0019750681805483436,0.10520627084743293,0.0001982686352094044,-0.9944504016108219
8.067,0.015923181548714638,Empty,0.66932,0.25188,0.0409,-0.01699,0.10538,-0.002,0.99858,-0.00843,0.05267,-0.00055,0.9943090333198199,-0.01689974252138654,0.10518528871147205,-0.016784867175879126,-0.9998571690441527,-0.0019773074876393015,0.10520368098357112,0.0002005335967321857,-0.9944506751437114
8.133,0.015923181548714638,Empty,0.66932,0.25188,0.0409,-0.01699,0.10538,-0.00198,0.99858,-0.00843,0.05267,-0.00054,0.9943095007219998,-0.016897365077813475,0.105181252261964,-0.01678263038572697,-0.9998572094522569,-0.0019758602383550053,0.10519962020513178,0.00019939852687486063,-0.9944511049563591
8.2,0.015923181548714638,Empty,0.66932,0.25188,0.0409,-0.01699,0.10538,-0.002,0.99858,-0.00843,0.05267,-0.00055,0.9943089954099229,-0.01690084443966272,0.10518547002383839,-0.016785792432051416,-0.9998571500930493,-0.0019790351774575735,0.10520389165490775,0.00020215101249083163,-0.9944506525291391
8.267,0.015923181548714638,Empty,0.66932,0.25188,0.0409,-0.01699,0.10538,-0.00198,0.99858,-0.00843,0.05267,-0.00054,0.994309666046496,-0.01690316446563256,0.10517875753950029,-0.016788385019708085,-0.9998571113938579,-0.0019765939290412593,0.10519713938570423,0.00019956497202691014,-0.9944513673573416
8.333,0.015923181548714638,Empty,0.66932,0.25188,0.0409,-0.01701,0.10538,-0.002,0.99858,-0.00844,0.05267,-0.00055,0.9943090796691763,-0.01690378577712376,0.10518420087559102,-0.01678891991021514,-0.999857100752933,-0.0019774332320504767,0.10520259624022585,0.0002002506927470782,-0.9944507899559315
8.4,0.015923181548714638,Empty,0.66932,0.25188,0.0409,-0.01699,0.10538,-0.00198,0.99858,-0.00843,0.05267,-0.00054,0.9943087486123161,-0.01689579102925265,0.10518861477605715,-0.01678100020200951,-0.9998572359567457,-0.001976293793116153,0.10520698867104832,0.0001998760425175798,-0.9944503253477963
8.467,0.015923181548714638,Empty,0.66932,0.25188,0.0409,-0.01699,0.10538,-0.002,0.99858,-0.00843,0.05267,-0.00055,0.9943091070664253,-0.016903330995283072,0.10518401497390961,-0.01678814945380175,-0.9998571078304883,-0.001980393589174588,0.10520246025015116,0.00020327841775942846,-0.9944508037279675
8.534,0.01455895695835352,Grasping,0.66932,0.25189,0.0409,-0.01699,0.10538,-0.002,0.99858,-0.00843,0.05267,-0.00055,0.9943097309764268,-0.01689991498063781,0.10517866589395486,-0.016784605259395846,-0.999857165268879,-0.001981435531994903,0.1051971288195227,0.0002047782420251331,-0.9944513674152197
8.6,0.01455895695835352,Grasping,0.66932,0.25188,0.0409,-0.01701,0.10538,-0.00198,0.99858,-0.00844,0.05267,-0.00054,0.9943093289663558,-0.016906549482942235,0.10518140004323925,-0.01679196432545843,-0.9998570545744783,-0.0019749308192650236,0.1051997541088745,0.00019748982043060815,-0.994451091172011
8.667,0.012902186252176762,Grasping,0.66932,0.25189,0.0409,-0.01699,0.10538,-0.002,0.99858,-0.00843,0.05267,-0.00055,0.9943091264554308,-0.0168899044171556,0.1051859884976021,-0.016774348244292747,-0.9998573338573503,-0.0019832227940281763,0.10520447846179141,0.00020751012241769764,-0.9944505893462638
8.733,0.012902186252176762,Grasping,0.66932,0.25187,0.0409,-0.01701,0.10538,-0.00198,0.99858,-0.00844,0.05267,-0.00054,0.9943093801462797,-0.016910938114816643,0.10518021071094236,-0.016796550965027135,-0.9998569807684587,-0.0019732927459317207,0.10519853814954215,0.00019539871733594732,-0.9944512202167288
8.8,0.012902186252176762,Grasping,0.66931,0.2519,0.0409,-0.01699,0.10538,-0.002,0.99858,-0.00843,0.05267,-0.00055,0.9943095163800698,-0.016891073010744106,0.10518211487024556,-0.01677544404326542,-0.9998573139701397,-0.0019839802340318527,0.10520061840684752,0.00020821374464976376,-0.9944509975528473
