time,gr,gr_state,tx,ty,tz,rx,ry,rz,qw,qx,qy,qz,xx,xy,xz,yx,yy,yz,zx,zy,zz
0.0,0.015856530517339706,Empty,0.30833,0.00209,0.48569,0.01429,0.00408,-0.00525,0.99997,0.00715,0.00202,-0.00264,0.9998895666680572,0.014292429709150956,0.004071967752060579,0.014313738588067781,-0.9998837552789221,-0.005252886535326636,0.003996417895728593,0.005310591523506262,-0.9999779128869165
0.067,0.015856530517339706,Empty,0.30833,0.00209,0.48569,0.01429,0.00406,-0.00525,0.99997,0.00715,0.00201,-0.00264,0.9998895012143403,0.014298822968423108,0.004065590123890126,0.014320129061449693,-0.9998836227707507,-0.005260686124688998,0.00398989536218676,0.005318324600545546,-0.9999778978349682
0.134,0.015856530517339706,Empty,0.30833,0.00211,0.48569,0.01433,0.00408,-0.00525,0.99997,0.00717,0.00202,-0.00264,0.9998891306008317,0.014319304560805934,0.004084608084912752,0.014340654555819232,-0.9998834034686745,-0.0052464363914958775,0.00400900651322957,0.005304430675787018,-0.9999778951966802
0.2,0.015856530517339706,Empty,0.30838,0.00211,0.48568,0.01431,0.00416,-0.00525,0.99997,0.00716,0.00206,-0.00264,0.9998889062332161,0.014311602520707456,0.004165720229629128,0.014333430287475857,-0.9998834461529282,-0.005258030575969144,0.004089983855265635,0.005317155502055114,-0.9999774996915836
0.267,0.015856530517339706,Empty,0.31073,0.00223,0.48561,0.01431,0.01038,-0.00553,0.99996,0.00717,0.00517,-0.0028,0.9998435841005336,0.014316010640131271,0.010385527061766119,0.014374037740939094,-0.9998813720159156,-0.0055343413873883505,0.010305065357439077,0.0056827576863476585,-0.9999307535489931
0.333,0.015856530517339706,Empty,0.31711,0.00347,0.48472,0.01484,0.02417,-0.007,0.99989,0.00746,0.01206,-0.00359,0.9995981272321832,0.014822717204701075,0.024163424603750656,0.0149958598634099,-0.9998630520790484,-0.007000091008527868,0.024056355103561584,0.00735962919175722,-0.9996835137368681
0.4,0.015856530517339706,Empty,0.32354,0.00604,0.48231,0.01526,0.03157,-0.00652,0.99984,0.00768,0.01576,-0.00338,0.9993853942066057,0.015257117991732405,0.03156032631474968,0.015470076548028844,-0.999859109002472,-0.006514512750872812,0.03145648705919406,0.006998749557564932,-0.9994806185847352
0.467,0.015856530517339706,Empty,0.33179,0.01021,0.47707,0.02125,0.03307,-0.00461,0.9998,0.01066,0.01651,-0.00248,0.9992275580918271,0.02122513106284052,0.033072359474484454,0.021388886372475935,-0.9997606238493897,-0.004605490204583692,0.03296669060718096,0.005309313669811417,-0.9994423487619313
0.533,0.015856530517339706,Empty,0.33967,0.01678,0.46881,0.03438,0.02238,-0.00204,0.99979,0.0172,0.01117,-0.00121,0.9991589254661439,0.03436145060734952,0.022377050151874016,0.03441539669538307,-0.9994055530269046,-0.002030036769680929,0.022293993173951913,0.002798444415300384,-0.9997475414209401
0.6,0.015856530517339706,Empty,0.34784,0.02573,0.45772,0.04897,0.00379,0.00119,0.9997,0.02448,0.00191,0.00055,0.9987937949506386,0.048955595645781835,0.003782171739622196,0.0489513888223041,-0.9988004448824718,0.0011970108370368108,0.00383623519467805,-0.0010104244371020627,-0.9999921311400345
0.667,0.015856530517339706,Empty,0.35657,0.0366,0.44493,0.05566,-0.01578,0.00634,0.99958,0.02785,-0.0078,0.00339,0.9983269558555916,0.05562321244979718,-0.015790739338994032,0.05572892369240223,-0.9984258384752902,0.0063349924230215035,-0.015413509535266143,-0.0072043946087126986,-0.9998552497347446
0.733,0.015856530517339706,Empty,0.36605,0.04941,0.43045,0.05129,-0.03396,0.01198,0.99951,0.02574,-0.01682,0.00642,0.9981097542300243,0.051230319196817586,-0.03394661847478113,0.05166194608868718,-0.9985929923500056,0.011961561595004114,-0.033286060704291194,-0.013692699677334226,-0.999352064158741
0.8,0.015856530517339706,Empty,0.37563,0.06383,0.41451,0.03939,-0.05027,0.01874,0.99944,0.01992,-0.02494,0.00986,0.9979623342319783,0.03931953351409084,-0.05025090783752385,0.040302799634237274,-0.9990124044274108,0.018705617920978683,-0.049465784092679155,-0.020692754393685637,-0.9985614383300104
0.867,0.015856530517339706,Empty,0.38532,0.079,0.39818,0.02413,-0.06125,0.02708,0.99936,0.01247,-0.03045,0.0139,0.9978349151435821,0.024083317685010153,-0.061200293542457325,0.025775910272724634,-0.9993025395272548,0.027019195842799406,-0.06050689687971539,-0.028538190266062368,-0.9977597341676631
0.933,0.015856530517339706,Empty,0.39613,0.09492,0.38188,0.01034,-0.06444,0.03369,0.99932,0.00571,-0.03212,0.017,0.9978708496308069,0.010314153239010693,-0.06440019953426952,0.01249860392655,-0.9993568790847724,0.03360971772911642,-0.06401212664002613,-0.03434307017297459,-0.9973580105328856
1.0,0.015856530517339706,Empty,0.40689,0.11025,0.3667,0.00595,-0.06431,0.03657,0.99931,0.00356,-0.03209,0.01837,0.9979152279668262,0.005936291970368657,-0.06426475106588173,0.00829417992829079,-0.9992997498839971,0.036485839185880005,-0.06400315907230171,-0.03694279793712562,-0.9972656743863907
1.067,0.015856530517339706,Empty,0.41856,0.12501,0.35302,0.01097,-0.05785,0.0351,0.99941,0.00599,-0.02882,0.0177,0.9982666257177657,0.01095875245610689,-0.05782430045121017,0.01299901530141001,-0.9993018419836734,0.03502647868728558,-0.05740008344296847,-0.03571742365629039,-0.997712130861451
1.133,0.015856530517339706,Empty,0.43058,0.13838,0.34062,0.02327,-0.04826,0.02983,0.99953,0.01199,-0.02395,0.01519,0.9985653850057701,0.023247973774142616,-0.04823591590998337,0.024703373731489342,-0.999250600609694,0.029799001786096013,-0.04750700153199079,-0.030947841549325627,-0.9983913640997087
1.2,0.015856530517339706,Empty,0.442,0.15104,0.32828,0.03569,-0.04057,0.02355,0.99956,0.01808,-0.02007,0.01213,0.9985405862007867,0.03565360845211646,-0.04056498384238534,0.03662711157638604,-0.999052328919837,0.023513799723167316,-0.03968818977177937,-0.024965261548668745,-0.9989001868597511
1.267,0.015856530517339706,Empty,0.4508,0.16233,0.31452,0.04603,-0.04216,0.01918,0.99946,0.02321,-0.02085,0.01007,0.9980526600952613,0.045979025857550815,-0.0421523054881137,0.04681885163389682,-0.9987196781790887,0.019157232303765113,-0.04121750609214161,-0.021093449197510362,-0.9989275166860188
1.333,0.015856530517339706,Empty,0.45837,0.17231,0.29962,0.04855,-0.04775,0.01531,0.99939,0.02445,-0.02368,0.00823,0.9976832482830433,0.04847128137637208,-0.04773542685603377,0.04925060492811323,-0.9986694628932526,0.015286654268254488,-0.046930949378955374,-0.01760223753489342,-0.9987430336298497
1.4,0.015856530517339706,Empty,0.46552,0.1808,0.28339,0.04194,-0.05637,0.01197,0.99936,0.02113,-0.02805,0.00657,0.9975332724379605,0.04186905699619076,-0.056341391937572885,0.042606211648206604,-0.9990205195888117,0.0119462198828469,-0.05578602968666705,-0.014317245082446505,-0.9983400900419893
1.467,0.015856530517339706,Empty,0.47168,0.18751,0.2662,0.02516,-0.06841,0.01031,0.99932,0.01275,-0.03413,0.00558,0.997345574995011,0.02510147169988486,-0.06834998285567219,0.025862815834177377,-0.9996126765839883,0.010276748986049262,-0.06806554778298801,-0.012017193145436054,-0.9976084744397009
1.534,0.015856530517339706,Empty,0.47813,0.19396,0.24826,0.00217,-0.07927,0.0088,0.9992,0.00126,-0.03962,0.00444,0.9968576962368005,0.0021641723617683573,-0.07918364611109484,0.0028684442171997837,-0.9999573277884102,0.008781493610672333,-0.07916126250402618,-0.008981033362037228,-0.9968213659219582
1.6,0.015856530517339706,Empty,0.486,0.20071,0.23079,-0.01755,-0.08455,0.00499,0.99907,-0.00866,-0.04228,0.00212,0.9962751099392376,-0.017492120028433478,-0.08443891906266034,-0.01713431352590611,-0.9998408924436385,0.004960352558446839,-0.08451225127492229,-0.0034950728774958283,-0.9964163105098318
1.667,0.015856530517339706,Empty,0.49476,0.20782,0.21413,-0.02805,-0.08555,-0.00138,0.99899,-0.01404,-0.04275,-0.00129,0.9959509051343067,-0.027947923906892547,-0.08544418126150909,-0.028168004545073455,-0.9996022628794536,-0.0013709727292239363,-0.0853718810973717,0.0037722136167092878,-0.9963420157367276
1.733,0.015856530517339706,Empty,0.50309,0.21498,0.19882,-0.02531,-0.08596,-0.00868,0.99898,-0.01283,-0.04291,-0.00488,0.9959885136106086,-0.02522307162078985,-0.08585264942762759,-0.026060759130670685,-0.9996229330039834,-0.008650355255528902,-0.0856020886968524,0.010853039690621352,-0.9962702916077594
1.8,0.015856530517339706,Empty,0.51001,0.22172,0.18446,-0.021,-0.09025,-0.01417,0.9989,-0.01081,-0.04503,-0.00755,0.995710741086643,-0.020916708546264595,-0.09012553127876125,-0.022277005015611417,-0.9996522064915538,-0.014113862125671457,-0.08979897066349245,0.01606105102907861,-0.9958304009757982
1.867,0.015856530517339706,Empty,0.51459,0.22731,0.17147,-0.01697,-0.10007,-0.01629,0.99868,-0.00888,-0.04994,-0.00856,0.9948533008874416,-0.016881193552207574,-0.09990963425823354,-0.018590942805558064,-0.9996958141123442,-0.016206668129438717,-0.0996056552559219,0.017980671581178456,-0.9948645178568427
1.933,0.015856530517339706,Empty,0.51733,0.23196,0.15986,-0.01205,-0.11374,-0.01592,0.99833,-0.00647,-0.05679,-0.00829,0.9934658992230724,-0.011970675356408389,-0.11349982384305084,-0.013854156525944461,-0.9997788654173171,-0.015820322746919246,-0.11328534515923369,0.0172893954889561,-0.993412053166147
2.0,0.015856530517339706,Empty,0.51957,0.23604,0.15052,-0.00624,-0.12445,-0.01588,0.99803,-0.00361,-0.06216,-0.00812,0.9922459210637271,-0.0061976848138574625,-0.12413549385789677,-0.00821686078573719,-0.9998420320145381,-0.015760527144338475,-0.12401820564426692,0.016658322844383008,-0.9921401034878031
2.067,0.015856200829148293,Empty,0.52176,0.2403,0.14404,0.00056,-0.13061,-0.01689,0.99783,-0.00027,-0.06526,-0.00841,0.991482930834783,0.0005517689366261735,-0.13023553053721365,-0.00164310124599365,-0.9998584421003713,-0.01674502848350958,-0.1302263340556138,0.016816400080240476,-0.9913416719813493
2.133,0.015856200829148293,Empty,0.5236,0.24513,0.13944,0.00877,-0.13399,-0.01867,0.99771,0.00375,-0.06698,-0.00902,0.990998782459561,0.008685122812358115,-0.1335888535971548,0.006267977837923544,-0.9998091419649981,-0.01850384006193182,-0.13372406521449706,0.017499950998460304,-0.990864080536559
2.2,0.015856200829148293,Empty,0.52413,0.25019,0.13574,0.01627,-0.1369,-0.01972,0.99758,0.00744,-0.06847,-0.00928,0.9905118560231707,0.01612028664439058,-0.13647856768018873,0.013579511215626394,-0.9997171004941827,-0.01952731048169256,-0.13675474380319633,0.01748872030785619,-0.9904505463218826
2.267,0.015856530517339706,Empty,0.52293,0.25482,0.13197,0.02371,-0.14124,-0.01944,0.9974,0.01114,-0.07067,-0.00886,0.9897623608914028,0.02348162229182299,-0.14078026274027264,0.02097780246472153,-0.9995947328726944,-0.019243227819612872,-0.14117507133494622,0.016092962055214113,-0.9898538355766787
2.333,0.015856530517339706,Empty,0.5208,0.25837,0.12799,0.03012,-0.14694,-0.01824,0.99716,0.01435,-0.07353,-0.00799,0.9887735606124798,0.02980234718531871,-0.1464194861893893,0.027451279391671357,-0.9994601312887028,-0.018051959010839558,-0.14687842963988773,0.013829897563408541,-0.989057865263659
2.4,0.015856530517339706,Empty,0.51871,0.2602,0.1239,0.03431,-0.15326,-0.0163,0.9969,0.01648,-0.07668,-0.00681,0.9876965567035898,0.03391135329282041,-0.1526614947972214,0.03182319903778408,-0.9993638066881667,-0.01610173545734711,-0.1531104042149784,0.01104545153383628,-0.988147358505572
2.467,0.015856530517339706,Empty,0.51706,0.26007,0.11975,0.03681,-0.15975,-0.01346,0.99663,0.01781,-0.0799,-0.00524,0.9865965210876096,0.03634451510245862,-0.15907979381364856,0.03467120152794323,-0.9993105044925361,-0.013282446893622304,-0.15945285310220858,0.007588928306441934,-0.9871763752261928
2.533,0.015856530517339706,Empty,0.51619,0.2588,0.11592,0.03766,-0.16581,-0.01148,0.99638,0.01829,-0.0829,-0.00416,0.9855860488966077,0.037129848830826206,-0.1650500364924929,0.03574885098030284,-0.9992965680279247,-0.011330877335826703,-0.16535464878243197,0.0052672054650857985,-0.9862201055913569
2.6,0.015856530517339706,Empty,0.51576,0.25704,0.11282,0.03862,-0.17067,-0.00979,0.99617,0.01882,-0.08531,-0.00323,0.984736322777745,0.038044359972775,-0.16984404987054003,0.036941026115096864,-0.9992708274130577,-0.009652671691635445,-0.17008743396185494,0.0032311229448404952,-0.9854236777410957
2.667,0.015856530517339706,Empty,0.51554,0.25555,0.11061,0.04702,-0.17383,-0.00942,0.99595,0.02301,-0.08689,-0.00265,0.983840949959589,0.046292722073049075,-0.1729565525375678,0.04537095925810153,-0.9989270920058857,-0.009281212887556844,-0.17320063867842028,0.0012840326054673961,-0.9848857243465635
2.733,0.015856530517339706,Empty,0.51532,0.25468,0.10911,0.05306,-0.17621,-0.00981,0.99577,0.02599,-0.08809,-0.00255,0.9831298385483394,0.05220710223692526,-0.17530013985145335,0.05130781672395174,-0.9986361520908542,-0.009661453316841179,-0.17556545360331358,0.0005041955923469928,-0.9844676314068773
2.8,0.015856530517339706,Empty,0.51486,0.25424,0.1076,0.04785,-0.17895,-0.00861,0.99571,0.02344,-0.08943,-0.00215,0.9829046584625675,0.0470645894731751,-0.1779981932220233,0.04629691463290897,-0.9988918449428758,-0.008466274392624637,-0.17819940535270135,8.077338392107464e-05,-0.9839943929756936
2.867,0.015856530517339706,Empty,0.51408,0.25374,0.10559,0.03507,-0.18265,-0.00554,0.99568,0.01721,-0.09123,-0.00116,0.9827606103170383,0.034483925234809476,-0.18163821654509482,0.03405953683580887,-0.9994049124931954,-0.0054560823855877155,-0.18171827304873014,-0.000824490672008048,-0.9833502882774372
2.933,0.015856530517339706,Empty,0.51289,0.25295,0.10289,0.01661,-0.18756,-0.00064,0.99557,0.00824,-0.09364,0.00046,0.9823261641067338,0.01631408972784254,-0.1864648969315735,0.016487186768178674,-0.9998638833199869,-0.0006224987926680692,-0.18644967145002334,-0.0024627847302572856,-0.9824614265748813
3.0,0.015856530517339706,Empty,0.51165,0.25211,0.09946,-0.00393,-0.19335,0.00506,0.99533,-0.00171,-0.09653,0.00233,0.9813573328338772,-0.0038589252940324226,-0.19215330855531623,-0.0029608149007126494,-0.9999833116386583,0.004960848647787994,-0.19216924537579683,-0.004299434818394076,-0.9813523811516122
3.067,0.015856530517339706,Empty,0.51046,0.25123,0.09574,-0.02147,-0.19927,0.01053,0.99497,-0.01016,-0.09952,0.00417,0.9799836241647863,-0.021040749088560684,-0.19796308556557368,-0.019382304377162707,-0.9997589684720174,0.01031170387463387,-0.1981323361944774,-0.006268320154503583,-0.9801552354176144
3.133,0.015856530517339706,Empty,0.50971,0.25018,0.09255,-0.03101,-0.20404,0.01435,0.99467,-0.01469,-0.10194,0.00556,0.9787836664185214,-0.030349240808297928,-0.2026362700374156,-0.02808380339787636,-0.9995068779562055,0.014046384052407185,-0.20296264271788028,-0.008057574113727881,-0.97915332872864
3.2,0.015856530517339706,Empty,0.50927,0.24948,0.09052,-0.03287,-0.20674,0.01582,0.99451,-0.01553,-0.1033,0.00617,0.9781762609254732,-0.032168524105498086,-0.20527149977221476,-0.029620541089923513,-0.9994414278288577,0.015474362182476095,-0.20565462821779762,-0.009056400846267944,-0.9785827279777172
3.267,0.015856530517339706,Empty,0.50905,0.24944,0.08992,-0.03327,-0.20758,0.01608,0.99446,-0.01571,-0.10372,0.00627,0.977990339477912,-0.03255546759108946,-0.20609472923343727,-0.02995270748083112,-0.9994274228924264,0.015737270575638937,-0.2064890583116841,-0.009217803454654554,-0.9784054889957564
3.333,0.015856530517339706,Empty,0.50889,0.24998,0.09004,-0.03695,-0.20787,0.01572,0.99442,-0.01756,-0.10387,0.0059,0.9778061766577109,-0.03615688853545135,-0.2063680215088191,-0.03370563755371869,-0.9993134166242207,0.015382631501921748,-0.20678252074855566,-0.008085466360174334,-0.9783535221721297
3.4,0.015856530517339706,Empty,0.50858,0.25052,0.08998,-0.04792,-0.20819,0.01744,0.99429,-0.02292,-0.10408,0.00618,0.977283735433669,-0.04687250077178867,-0.20668688668663343,-0.04429895648548293,-0.9988725673313241,0.017064486140124777,-0.2072537162781693,-0.007520831358826182,-0.9782583166958307
3.467,0.015856530517339706,Empty,0.50842,0.25083,0.08995,-0.06677,-0.20793,0.02131,0.99403,-0.03209,-0.10407,0.00713,0.976279139516558,-0.06527105860605065,-0.2064430445746585,-0.062302522105814384,-0.9978393971028545,0.020855055230469433,-0.20735823466663558,-0.007498433026768748,-0.9782363395509693
3.533,0.015856530517339706,Empty,0.50842,0.25097,0.08999,-0.08363,-0.20744,0.02469,0.99373,-0.0403,-0.10395,0.00794,0.9751391041311073,-0.0817547952032352,-0.20596087263278615,-0.07845160777528193,-0.99662493396625,0.02416787608047362,-0.20724158084673813,-0.007409079433022514,-0.9782617403896058
3.6,0.015856530517339706,Empty,0.50851,0.25125,0.09015,-0.08802,-0.207,0.02535,0.99366,-0.04245,-0.10376,0.00805,0.9748648865923824,-0.08602949432724794,-0.2055173447546935,-0.08269038727877048,-0.9962667171269598,0.02479774579991756,-0.20688342790303058,-0.007180142816713247,-0.9783392524110557
3.667,0.015856530517339706,Empty,0.50863,0.25161,0.09035,-0.08613,-0.20655,0.02479,0.99373,-0.04154,-0.10352,0.00788,0.9751176775599177,-0.08419356623454227,-0.2050779322961452,-0.08093210345987517,-0.9964244480514965,0.024255184081559925,-0.20638679594323053,-0.007054270336470125,-0.978445056061048
3.733,0.015856530517339706,Empty,0.50848,0.25208,0.09041,-0.08233,-0.20658,0.02391,0.99381,-0.0397,-0.1035,0.00764,0.9754218351250158,-0.08048705658898059,-0.2051196657636427,-0.0773234615584889,-0.9967312849075471,0.023405725350065187,-0.20633304595715887,-0.0069698929828275425,-0.9784569968771488
3.8,0.015856530517339706,Empty,0.50818,0.25289,0.0905,-0.07625,-0.20668,0.02254,0.99392,-0.03675,-0.1035,0.00727,0.9758740053907523,-0.07456545798752368,-0.2052070127401118,-0.07155705228596176,-0.9971926828170146,0.022053154068046116,-0.20627533510033066,-0.006837090851793363,-0.9784701019029302
3.867,0.015856530517339706,Empty,0.50758,0.2542,0.09054,-0.0693,-0.20698,0.02102,0.99404,-0.03337,-0.1036,0.00687,0.9763080525344303,-0.06777070093620763,-0.2054987071760874,-0.06492371385386986,-0.9976781283198531,0.020573372392865108,-0.20641583741527456,-0.0067442098729033045,-0.9784411161114098
3.933,0.015856530517339706,Empty,0.50705,0.25564,0.09051,-0.06394,-0.20709,0.01999,0.99412,-0.03076,-0.10362,0.00663,0.9766355878810005,-0.06252628592837972,-0.2056049417021254,-0.05977734715797833,-0.9980200612868098,0.0195608291191067,-0.20642092251292354,-0.006813283868654667,-0.9784395647723156
4.0,0.015856530517339706,Empty,0.50721,0.25687,0.09033,-0.05672,-0.20596,0.01844,0.99429,-0.02726,-0.10301,0.00625,0.9772911875242918,-0.055492062946926324,-0.20450566187089755,-0.05291672583196283,-0.9984358835503064,0.018044571658641012,-0.2051871217074414,-0.006813030824334102,-0.978699048582557
4.067,0.015856530517339706,Empty,0.50865,0.25824,0.0901,-0.04177,-0.20243,0.01373,0.99466,-0.02008,-0.10116,0.00472,0.9787286621954572,-0.040897120115212626,-0.201041367293829,-0.03898563973341673,-0.9991491160563033,0.013459709450183724,-0.20142076777647994,-0.005335677106887139,-0.9794902780825057
4.133,0.015856530517339706,Empty,0.51,0.25975,0.0892,-0.02951,-0.19902,0.00908,0.99494,-0.01423,-0.0994,0.00305,0.9798332967891313,-0.028918459748782877,-0.19771300713180168,-0.027705614936154643,-0.9995765190262802,0.008898399424244599,-0.19788660744060307,-0.003241187600541255,-0.9802195597408709
4.2,0.015856200829148293,Empty,0.51007,0.26032,0.08741,-0.02758,-0.19876,0.00814,0.99497,-0.01332,-0.09926,0.00268,0.9799396385591193,-0.027041778127802563,-0.19745137886656913,-0.025977341395229336,-0.9996306844048389,0.007979506898839264,-0.1975942370481952,-0.002690173228552849,-0.9802802050706428
4.267,0.015856200829148293,Empty,0.50946,0.25932,0.08521,-0.0291,-0.20208,0.00999,0.99479,-0.01397,-0.10093,0.0035,0.9792378083041363,-0.028497277117839226,-0.20070181858812502,-0.02708393666859754,-0.9995852722244709,0.009784882547158882,-0.20089742447886924,-0.004145931596080134,-0.9796035096348715
4.333,0.015856200829148293,Empty,0.50916,0.25775,0.08301,-0.03155,-0.20524,0.01232,0.99461,-0.01506,-0.10252,0.00451,0.9785268230102477,-0.030880631718832874,-0.2037931383391421,-0.02903008992192274,-0.999505729633887,0.012064423241742825,-0.2040649664410723,-0.005889228614737435,-0.9789396337148307
4.4,0.015856530517339706,Empty,0.50886,0.25666,0.08127,-0.03329,-0.20784,0.01397,0.99446,-0.01583,-0.10383,0.00522,0.9779382892612603,-0.03257660565402243,-0.20633823484953512,-0.03040851284165813,-0.999444058786535,0.01367098032534586,-0.20666887705583123,-0.007094936247745831,-0.9783852191934025
4.467,0.015856530517339706,Empty,0.50849,0.25633,0.08056,-0.03367,-0.20915,0.01462,0.99438,-0.01598,-0.10449,0.00551,0.9776512661352165,-0.03293303692084221,-0.20763770588064806,-0.030631779271325044,-0.999428590137152,0.01428941269391798,-0.2079896534034349,-0.007609750037597297,-0.9781014240770148
4.533,0.015856530517339706,Empty,0.50858,0.2565,0.08075,-0.0335,-0.20881,0.01435,0.9944,-0.01591,-0.10432,0.00539,0.977728579561014,-0.03275917904988718,-0.20730089458943401,-0.03051140155319393,-0.9994359206104854,0.014031926764757618,-0.20764363482866957,-0.007394374987056109,-0.978176591487288
4.6,0.015856530517339706,Empty,0.50873,0.25682,0.08114,-0.03308,-0.20816,0.01383,0.99444,-0.01573,-0.10399,0.00516,0.9778767444668464,-0.03235600250756365,-0.20666436977053565,-0.030208184748363898,-0.9994519068593064,0.013540732975176953,-0.20698922243713777,-0.006998212416528583,-0.9783181930322272
4.667,0.015856530517339706,Empty,0.50871,0.25716,0.08139,-0.03253,-0.20785,0.01343,0.99446,-0.01548,-0.10383,0.00499,0.9779597836746157,-0.03182744810281746,-0.20635327732401393,-0.029754687522909107,-0.9994708444161091,0.013141146546778212,-0.20666233349479293,-0.006711535548019353,-0.9783893065672145
4.733,0.015856200829148293,Empty,0.50856,0.2574,0.08138,-0.03209,-0.20802,0.01324,0.99446,-0.01527,-0.10391,0.00492,0.9779401948684473,-0.031387956953822516,-0.20651336862035924,-0.029341465708682846,-0.999485351189664,0.012965768289628338,-0.2068140557378283,-0.0066203410440194435,-0.9783578677732045
4.8,0.015856200829148293,Empty,0.50857,0.25738,0.08138,-0.03213,-0.20801,0.01327,0.99446,-0.01529,-0.10391,0.00493,0.9779383341496513,-0.031438224919900226,-0.20651453366407613,-0.029389962185084384,-0.9994837500496268,0.012979349347891592,-0.20681596825043355,-0.006623548944565904,-0.9783574417747405
4.867,0.015856530517339706,Empty,0.50857,0.25737,0.08137,-0.03213,-0.20801,0.01327,0.99446,-0.01529,-0.10391,0.00493,0.9779364576209949,-0.031432951758808,-0.20652422230679984,-0.029383929520357677,-0.9994838920190615,0.012982075349178474,-0.20682569845559026,-0.006627151587034778,-0.9783553604494635
4.933,0.015856530517339706,Empty,0.50865,0.25731,0.08141,-0.03223,-0.20789,0.01328,0.99446,-0.01534,-0.10385,0.00493,0.9779603354329027,-0.031533293330365475,-0.20639581810614488,-0.02948509711396763,-0.9994807729634916,0.012992825885123196,-0.20669835840698805,-0.006620867620059976,-0.9783823142022826
5.0,0.015856530517339706,Empty,0.50877,0.25713,0.08143,-0.03257,-0.20777,0.01341,0.99447,-0.0155,-0.10379,0.00498,0.9779767507779776,-0.031862526399864366,-0.206267434049022,-0.029797061299791205,-0.9994699504604411,0.013113095153313853,-0.20657591843108472,-0.006678138814170904,-0.9784077843038312
5.067,0.015856530517339706,Empty,0.50876,0.25705,0.08139,-0.0327,-0.20785,0.01349,0.99446,-0.01556,-0.10383,0.00501,0.9779544034101824,-0.03198837745075056,-0.20635389155211648,-0.029906145572218545,-0.9994655124402004,0.013202723191094431,-0.20666593165698025,-0.006740411761585205,-0.9783883480201696
5.133,0.015856530517339706,Empty,0.50864,0.25712,0.08134,-0.03256,-0.20803,0.01352,0.99445,-0.01549,-0.10392,0.00503,0.977921853463892,-0.031850361180390974,-0.20652942407905173,-0.02976092042644002,-0.9994696640153851,0.013216592917401973,-0.20684084735157432,-0.0067782892865283105,-0.978351122379502
5.2,0.015856530517339706,Empty,0.50858,0.25718,0.08132,-0.03244,-0.20811,0.01348,0.99445,-0.01543,-0.10396,0.00502,0.9779064381535001,-0.031737348042701896,-0.2066197932366383,-0.0296490434459753,-0.9994732557248556,0.013196412902597363,-0.20692977659262426,-0.006778777911510383,-0.9783323135465538
5.267,0.015856530517339706,Empty,0.50858,0.25717,0.08132,-0.03244,-0.20813,0.01348,0.99445,-0.01543,-0.10397,0.00502,0.9779059721749461,-0.03174235408608789,-0.20662122964895568,-0.029653140966605207,-0.9994730711838902,0.013201182108315848,-0.20693139156587073,-0.006782546374017317,-0.9783319458390882
5.333,0.015856530517339706,Empty,0.50857,0.25718,0.08132,-0.03244,-0.20813,0.01348,0.99445,-0.01543,-0.10397,0.00502,0.977903694861872,-0.031733553213189936,-0.20663335930087445,-0.029644462175557107,-0.9994733537442559,0.01319928094750178,-0.20694339670021025,-0.0067820908040787655,-0.9783294096604191
5.4,0.015856200829148293,Empty,0.50857,0.25717,0.08131,-0.03244,-0.20813,0.01348,0.99445,-0.01543,-0.10397,0.00502,0.9779027855379526,-0.031741446287530506,-0.20663645037768236,-0.029651691892153997,-0.9994730883597858,0.013203136463906681,-0.2069466578735818,-0.006784263565604642,-0.9783287047627841
5.467,0.015856200829148293,Empty,0.50857,0.25718,0.08131,-0.03244,-0.20815,0.0135,0.99445,-0.01543,-0.10398,0.00503,0.9779023063618283,-0.031728588987172346,-0.20664069263603385,-0.029638498961004567,-0.9994734783008752,0.013203240226863228,-0.20695081200989598,-0.006786959115304464,-0.9783278073296351
5.533,0.015856200829148293,Empty,0.50857,0.25718,0.08131,-0.03244,-0.20815,0.0135,0.99445,-0.01543,-0.10398,0.00503,0.9779017387874984,-0.03173247792974204,-0.20664278143895118,-0.029642173949197048,-0.9994733515212062,0.013204587177688451,-0.2069529676036399,-0.006787447488273263,-0.9783273479549883
5.6,0.015856200829148293,Empty,0.50856,0.25718,0.08131,-0.03244,-0.20815,0.01348,0.99445,-0.01543,-0.10398,0.00502,0.9778999727099549,-0.03173560333087888,-0.20665065897570817,-0.02964567424401482,-0.9994732702979983,0.013202876900208813,-0.20696081119981888,-0.006784794842102256,-0.9783257071070266
5.667,0.015856200829148293,Empty,0.50856,0.25718,0.08131,-0.03244,-0.20815,0.01348,0.99445,-0.01543,-0.10398,0.00502,0.977901259219812,-0.03173156542570865,-0.20664519102059964,-0.029641686280993396,-0.9994733948388546,0.013202402952269154,-0.20695530350953886,-0.006785334548042863,-0.97832686847717
5.733,0.015856200829148293,Empty,0.50857,0.25717,0.08131,-0.03244,-0.20815,0.0135,0.99445,-0.01543,-0.10398,0.00503,0.977900966467321,-0.03173948448391556,-0.20664536023577762,-0.029648808332983667,-0.9994731229805465,0.01320699072260248,-0.20695566662141218,-0.006788340313226985,-0.9783267708128397
5.8,0.015856530517339706,Empty,0.50856,0.25717,0.08131,-0.03244,-0.20815,0.0135,0.99445,-0.01543,-0.10398,0.00503,0.9778989918372053,-0.03174308407882542,-0.2066541516082901,-0.02965141347969452,-0.9994729825036233,0.01321177217363996,-0.20696462364963197,-0.006792190992352524,-0.9783248492699599
5.867,0.015856530517339706,Empty,0.50856,0.25718,0.08131,-0.03244,-0.20815,0.0135,0.99445,-0.01543,-0.10398,0.00503,0.9778991925200156,-0.03173302700269942,-0.20665474653621507,-0.029641989156818982,-0.9994733157080542,0.013207712382366454,-0.20696502542103204,-0.006790153517721078,-0.9783247784185358
5.933,0.015856530517339706,Empty,0.50856,0.25718,0.08131,-0.03244,-0.20815,0.0135,0.99445,-0.01543,-0.10398,0.00503,0.9778994040690263,-0.03173253288098332,-0.20665382134961968,-0.02964142098820438,-0.9994733282039195,0.013208041898024922,-0.2069641072341851,-0.006790623383551987,-0.9783249693996467
6.0,0.015856530517339706,Empty,0.50856,0.25717,0.08131,-0.03244,-0.20815,0.0135,0.99445,-0.01543,-0.10398,0.00503,0.9778983112074685,-0.03174020143017675,-0.20665781512140513,-0.029648740518546657,-0.9994730804982007,0.013210357493295383,-0.20696822249622027,-0.006791242346476192,-0.9783240945127267
6.067,0.015856530517339706,Empty,0.50856,0.25717,0.08131,-0.03246,-0.20815,0.01351,0.99445,-0.01544,-0.10398,0.00503,0.977898942104856,-0.03174480877669472,-0.20665412201534844,-0.029652905381169103,-0.9994729213043967,0.01321305345900163,-0.20696464488568778,-0.006793135872782866,-0.9783248382170183
6.133,0.015856530517339706,Empty,0.50856,0.25717,0.08131,-0.03244,-0.20815,0.0135,0.99445,-0.01543,-0.10398,0.00503,0.9778986754699024,-0.031740077240873354,-0.20665611050959515,-0.029649266424265297,-0.9994731049249509,0.01320732872993588,-0.20696642605677268,-0.006788227192798549,-0.9783244954803418
6.2,0.015856530517339706,Empty,0.50856,0.25717,0.08131,-0.03244,-0.20817,0.01351,0.99445,-0.01543,-0.10399,0.00503,0.9778975406566803,-0.03173698447608153,-0.2066619553618445,-0.02964488268575277,-0.999473161157632,0.01321291247673334,-0.2069724158146783,-0.006794405193599313,-0.9783231854299996
6.267,0.015856530517339706,Empty,0.50856,0.25717,0.08131,-0.03246,-0.20815,0.01351,0.99445,-0.01544,-0.10398,0.00503,0.9778978805561599,-0.03174959700445851,-0.2066584096857048,-0.02965807962116468,-0.9994727871996347,0.013211584332624524,-0.2069689192051667,-0.006790488748820668,-0.978323952351979
6.333,0.015856530517339706,Empty,0.50856,0.25717,0.08131,-0.03244,-0.20815,0.0135,0.99445,-0.01543,-0.10398,0.00503,0.97789891914928,-0.03173656492846816,-0.2066554968376375,-0.029645153303055394,-0.9994731939682691,0.013209823030788437,-0.20696586388172353,-0.006791537779290537,-0.978324591432866
6.4,0.015856530517339706,Empty,0.50856,0.25717,0.08131,-0.03244,-0.20817,0.01351,0.99445,-0.01543,-0.10399,0.00503,0.9778969072774597,-0.03174392611022547,-0.2066638862798418,-0.029651741704280588,-0.9994729438150814,0.013213962143011779,-0.20697442583826994,-0.006793948536959946,-0.9783227633619671
6.467,0.015856530517339706,Empty,0.50855,0.25718,0.08131,-0.03244,-0.20817,0.01351,0.99445,-0.01543,-0.10399,0.00503,0.9778960741464857,-0.03173582009917886,-0.2066690733794569,-0.029643590302872946,-0.9994731962533595,0.013213157270259818,-0.20697952971935693,-0.006794681282132228,-0.9783216784797462
6.533,0.015856530517339706,Empty,0.50856,0.25717,0.08131,-0.03246,-0.20815,0.01351,0.99445,-0.01544,-0.10398,0.00503,0.9778979177029812,-0.03174726489596169,-0.20665859218478955,-0.029655139509123685,-0.9994728397419078,0.013214208979029904,-0.2069691649808444,-0.00679365806268635,-0.9783238783538197
6.6,0.015856530517339706,Empty,0.50856,0.25717,0.08131,-0.03244,-0.20817,0.01351,0.99445,-0.01543,-0.10399,0.00503,0.9778967697183145,-0.031742368516450126,-0.20666477642658815,-0.029650529990088104,-0.9994730039182935,0.013212134946686827,-0.20697524935555156,-0.006792383934116143,-0.9783226000020131
6.667,0.015696631744503975,Empty,0.50856,0.25717,0.08131,-0.03246,-0.20817,0.01351,0.99445,-0.01544,-0.10399,0.00503,0.9778966615215984,-0.031758557962785205,-0.2066628011545293,-0.029666419729214577,-0.9994724904773853,0.013215306253860179,-0.20697348362860934,-0.006792258465169905,-0.9783229744310313
6.733,0.015696631744503975,Empty,0.50855,0.25718,0.08131,-0.03242,-0.20817,0.0135,0.99445,-0.01542,-0.10399,0.00503,0.9778973854456445,-0.031723372008384376,-0.20666477979324402,-0.029631846014225194,-0.9994736037381893,0.013208676405525963,-0.2069750159810638,-0.006792871190764276,-0.978322645991916
6.8,0.015696631744503975,Empty,0.50856,0.25717,0.08131,-0.03246,-0.20817,0.01351,0.99445,-0.01544,-0.10399,0.00503,0.9778958908449836,-0.03175189228670344,-0.2066674720528356,-0.029658842689281095,-0.9994726696501308,0.01321876214981052,-0.2069782107344357,-0.006797055145750521,-0.9783219410411468
6.867,0.013731556944549084,Grasping,0.50855,0.25718,0.08131,-0.03244,-0.20817,0.01351,0.99445,-0.01543,-0.10399,0.00503,0.9778959460542074,-0.031734717571863136,-0.20666984877185302,-0.029643076532625046,-0.9994732501405725,0.013210233424173462,-0.20698020848483922,-0.006791903567799007,-0.978321554163813
6.933,0.013731556944549084,Grasping,0.50856,0.25716,0.0813,-0.03246,-0.20817,0.01351,0.99445,-0.01544,-0.10399,0.00503,0.977895480316407,-0.03175234488481682,-0.20666934502015344,-0.02965921834419133,-0.9994726538997769,0.013219110172339774,-0.20698009649228383,-0.006797256862331938,-0.9783215406783152
7.0,0.011859400197863579,Grasping,0.50856,0.25717,0.08131,-0.03244,-0.20817,0.01351,0.99445,-0.01543,-0.10399,0.00503,0.9778968509488155,-0.031735982783248795,-0.20666537276760133,-0.029644317140979315,-0.9994732080796218,0.013210631789351585,-0.20697575550202818,-0.006792181373469767,-0.9783224943271798
7.067,0.011859400197863579,Grasping,0.50856,0.25717,0.08131,-0.03244,-0.20817,0.01351,0.99445,-0.01543,-0.10399,0.00503,0.9778970423110105,-0.03174014175931289,-0.20666382857306392,-0.02964828008518544,-0.9994730718650346,0.013212043924443542,-0.2069742837344013,-0.006792791603585435,-0.978322801459141
7.133,0.011859400197863579,Grasping,0.50856,0.25717,0.08131,-0.03246,-0.20817,0.01351,0.99445,-0.01544,-0.10399,0.00503,0.9778958403410218,-0.03175932833585915,-0.20666656843181425,-0.02966690276844486,-0.9994724587894078,0.013216618386822185,-0.2069772942229517,-0.006793319152693355,-0.9783221608913064
7.2,0.01023776177316904,Grasping,0.50855,0.25718,0.08131,-0.03244,-0.20817,0.01351,0.99445,-0.01543,-0.10399,0.00503,0.977896942213544,-0.03172556965494705,-0.20666653971910853,-0.02963418958450359,-0.9994735411209794,0.013208156826730932,-0.20697677458369687,-0.006791820754327713,-0.9783222812313797
7.267,0.01023776177316904,Grasping,0.50856,0.25716,0.08131,-0.03246,-0.20817,0.01351,0.99445,-0.01544,-0.10399,0.00503,0.9778956415015287,-0.03175028061757179,-0.20666889948180073,-0.029656294760108393,-0.999472689574328,0.013222971532928798,-0.20697975387321035,-0.00680165242897046,-0.9783215826152569
7.333,0.01023776177316904,Grasping,0.50855,0.25718,0.08131,-0.03244,-0.20817,0.01351,0.99445,-0.01543,-0.10399,0.00503,0.9778969544939664,-0.0317255701446123,-0.2066664815358895,-0.029634373225979338,-0.9994735470896309,0.013207293120630084,-0.20697669026952817,-0.006790940072638838,-0.978322305182705
7.4,0.008428973145782948,Grasping,0.50856,0.25717,0.08131,-0.03244,-0.20817,0.01351,0.99445,-0.01543,-0.10399,0.00503,0.9778962809703368,-0.03174261150697799,-0.20666705175015557,-0.029649970433695105,-0.9994729710394787,0.01321587737527899,-0.20697763868994523,-0.006796085361034283,-0.9783220688025495
7.467,0.008428973145782948,Grasping,0.50855,0.25718,0.08131,-0.03244,-0.20817,0.01351,0.99445,-0.01543,-0.10399,0.00503,0.9778962397084896,-0.0317346234841252,-0.20666847373587727,-0.029642263269994307,-0.9994732288455219,0.013213669033957418,-0.20697893755700972,-0.006795475952972608,-0.9783217982414294
7.533,0.008428973145782948,Grasping,0.50856,0.25717,0.08131,-0.03244,-0.20817,0.01351,0.99445,-0.01543,-0.10399,0.00503,0.9778965235135451,-0.03173928423463812,-0.20666641511478157,-0.02964701679310422,-0.9994730863126037,0.013213785681170903,-0.20697691585148276,-0.006794672400591542,-0.978322231543154
7.6,0.006415961775928736,Grasping,0.50855,0.25718,0.08131,-0.03244,-0.20817,0.01351,0.99445,-0.01543,-0.10399,0.00503,0.9778975860319019,-0.03172802614029013,-0.2066631161823992,-0.029636595670471,-0.999473461726781,0.013208766064609384,-0.20697338821704522,-0.0067920292347442325,-0.9783229962077099
7.667,0.006415961775928736,Grasping,0.50855,0.25718,0.08131,-0.03244,-0.20817,0.01351,0.99445,-0.01543,-0.10399,0.00503,0.9778954318879511,-0.03173045712825584,-0.20667293577802937,-0.029638582214300935,-0.9994733760566787,0.013210790975222542,-0.20698328129828183,-0.00679327934776868,-0.9783208945017476
7.733,0.004777906462550163,Grasping,0.50856,0.25718,0.08131,-0.03244,-0.20817,0.01351,0.99445,-0.01543,-0.10399,0.00503,0.9778966828583783,-0.031740670401219806,-0.20666544824198552,-0.029648858594581662,-0.9994730578092281,0.013211809017279391,-0.2069758991733536,-0.006792389561243534,-0.9783224624863882
7.8,0.004777906462550163,Grasping,0.50856,0.25718,0.08131,-0.03244,-0.20817,0.01351,0.99445,-0.01543,-0.10399,0.00503,0.9778970293327414,-0.03173993803069369,-0.20666392127318006,-0.02964824786922171,-0.9994730838589956,0.0132112088649919,-0.20697434966798336,-0.006791978739437318,-0.9783227931538335
7.867,0.004777906462550163,Grasping,0.50856,0.25717,0.08131,-0.03244,-0.20817,0.01351,0.99445,-0.01543,-0.10399,0.00503,0.9778960860781793,-0.03174185666615381,-0.20666808986479546,-0.029649057167970394,-0.9994729897314767,0.013216512636610375,-0.20697869030899843,-0.006796861967747508,-0.9783218409221797
7.933,0.002923808293417096,Grasping,0.50855,0.25718,0.08131,-0.03244,-0.20817,0.01351,0.99445,-0.01543,-0.10399,0.00503,0.9778966222002146,-0.031737512219494446,-0.20666622028654708,-0.029645443774583446,-0.9994731477629566,0.01321266680934112,-0.20697667490038157,-0.0067939104295010495,-0.9783222878112598
8.0,0.002923808293417096,Grasping,0.50856,0.25718,0.08131,-0.03244,-0.20817,0.01351,0.99445,-0.01543,-0.10399,0.00503,0.97789755466361,-0.03173036990772904,-0.2066629047711534,-0.029638617009950075,-0.9994733783204309,0.013210541642278154,-0.20697324697812938,-0.006793353683089608,-0.9783230168922055
8.067,0.0013267949689179659,Grasping,0.50855,0.25718,0.08131,-0.03244,-0.20817,0.01351,0.99445,-0.01543,-0.10399,0.00503,0.9778972423962405,-0.03173599085173673,-0.20666351927344734,-0.029645584309482775,-0.9994732483091244,0.013204743290056345,-0.2069737245274806,-0.006786221265580919,-0.9783229653627462
8.133,0.0013267949689179659,Grasping,0.50856,0.25718,0.08131,-0.03244,-0.20817,0.01351,0.99445,-0.01543,-0.10399,0.00503,0.9778969684268588,-0.03173786386408106,-0.20666452801316348,-0.029647153351118172,-0.9994731806502145,0.013206341625099621,-0.20697479421353193,-0.006787426484951628,-0.9783227306988106
8.2,0.0013267949689179659,Grasping,0.50855,0.25718,0.08131,-0.03242,-0.20817,0.0135,0.99445,-0.01542,-0.10399,0.00503,0.9778971517999233,-0.03172206310636644,-0.20666608626930894,-0.029631297126826217,-0.999473669862923,0.013204903684713165,-0.2069761984677935,-0.006789253494789205,-0.97832242093535
8.267,0.00032964666024781764,Grasping,0.50856,0.25718,0.08131,-0.03244,-0.20817,0.01351,0.99445,-0.01543,-0.10399,0.00503,0.9778974901908614,-0.03173781226592376,-0.2066620670345356,-0.029647051484771425,-0.9994731795133841,0.013206656339348297,-0.20697234360337444,-0.006787835146739804,-0.9783232463134806
8.333,0.00032964666024781764,Grasping,0.50855,0.25718,0.08131,-0.03244,-0.20817,0.01351,0.99445,-0.01543,-0.10399,0.00503,0.9778966045951338,-0.0317373734329604,-0.20666632490293435,-0.029645859701266597,-0.999473170321868,0.013210026848060746,-0.20697669850464157,-0.006791239528280413,-0.9783223013617692
8.4,0.00032964666024781764,Grasping,0.50856,0.25718,0.08131,-0.03244,-0.20817,0.01351,0.99445,-0.01543,-0.10399,0.00503,0.9778976547475003,-0.03173221192602527,-0.20666214836205452,-0.029640812247675508,-0.999473332412391,0.013209089513215047,-0.2069724597347099,-0.006791503718021966,-0.9783231962846494
8.467,0.00032964666024781764,Grasping,0.50855,0.25718,0.08131,-0.03244,-0.20817,0.01351,0.99445,-0.01543,-0.10399,0.00503,0.9778970389665007,-0.03173263399752291,-0.20666499732690363,-0.029640980945230933,-0.9994733122616967,0.01321023562384016,-0.2069753449789473,-0.006792497052790053,-0.9783225789864167
8.533,0.00018649332923814654,Grasping,0.50855,0.25717,0.08131,-0.03244,-0.20817,0.01351,0.99445,-0.01543,-0.10399,0.00503,0.9778958527133222,-0.031737145419596824,-0.2066699176142961,-0.029645359503562452,-0.9994731700605025,0.013211169104746748,-0.20698032250914372,-0.006792343470778733,-0.9783215269859834
8.6,0.00018649332923814654,Grasping,0.50855,0.25718,0.08131,-0.03244,-0.20817,0.01351,0.99445,-0.01543,-0.10399,0.00503,0.9778956841539377,-0.03174085867742027,-0.2066701449254878,-0.029649329943758906,-0.9994730633349461,0.013210333142840008,-0.20698055016592318,-0.006790696450198665,-0.9783214902549842
8.667,0.00018649332923814654,Grasping,0.50855,0.25718,0.08131,-0.03244,-0.20817,0.01351,0.99445,-0.01543,-0.10399,0.00503,0.9778967718190157,-0.03173643096831902,-0.2066656783680848,-0.029645722293104082,-0.999473225697144,0.01320614494338121,-0.20697592810679144,-0.006787493199890288,-0.978322490347837
8.734,0.00015497332788072526,Grasping,0.50856,0.25718,0.08131,-0.03244,-0.20817,0.01351,0.99445,-0.01543,-0.10399,0.00503,0.9778969385221745,-0.03173269435791154,-0.20666546334050537,-0.029641287485035805,-0.9994733186733298,0.013209062659775117,-0.20697577564823352,-0.00679127152363759,-0.9783224963813847
