time,gr,gr_state,tx,ty,tz,rx,ry,rz,qw,qx,qy,qz,xx,xy,xz,yx,yy,yz,zx,zy,zz
0.0,0.01586047001183033,Empty,0.30832,-0.00138,0.48536,0.01077,0.00228,0.00667,0.99998,0.00538,0.00116,0.00333,0.9999395201667138,0.010760199713848118,0.002274667202116123,0.010744820045065273,-0.9999200354271907,0.006668702533824887,0.0023462418804214256,-0.006643858322058255,-0.9999751768397229
0.067,0.01586047001183033,Empty,0.30832,-0.00137,0.48536,0.01077,0.00226,0.00667,0.99998,0.00538,0.00115,0.00333,0.9999394584180141,0.010768236528934105,0.0022637536848636904,0.010752922816506971,-0.9999199300568962,0.006671441067242919,0.0023354120816359686,-0.006646695198997661,-0.999975183338737
0.133,0.01586047001183033,Empty,0.30832,-0.00138,0.48536,0.01077,0.00226,0.00667,0.99998,0.00538,0.00115,0.00333,0.9999394010713036,0.010771508563157506,0.002273496962108144,0.010756136665781735,-0.9999199143750164,0.006668610071582038,0.0023451458781734128,-0.006643751916922131,-0.999975180117625
0.2,0.01586047001183033,Empty,0.3083,-0.0014,0.48541,0.01069,0.0024,0.00669,0.99998,0.00534,0.00122,0.00334,0.9999399646415582,0.010689523841831472,0.0024085665186109025,0.010673197830228076,-0.9999206457472742,0.006692163807842823,0.0024799114331920877,-0.006666054934449471,-0.999974706555568
0.267,0.01586047001183033,Empty,0.30829,-0.00139,0.48547,0.01071,0.00262,0.00669,0.99998,0.00535,0.00133,0.00334,0.9999391066684553,0.010717781173617602,0.0026290914412075996,0.010699958437028922,-0.9999202942409884,0.006701944080686735,0.002700711857573135,-0.006673404807835765,-0.999974085576088
0.333,0.01586047001183033,Empty,0.30841,-0.00093,0.48523,0.01195,0.00196,0.00701,0.99998,0.00597,0.001,0.0035,0.9999267484541483,0.011945699930605513,0.0019488404454672589,0.011931772514751693,-0.9999042549897851,0.0070081137247746785,0.0020323706773546224,-0.006984347248747973,-0.9999735438315049
0.4,0.01586047001183033,Empty,0.30927,0.00125,0.48403,0.0178,-0.00116,0.00933,0.99995,0.0089,-0.00054,0.00467,0.9998410537037423,0.017791504527514546,-0.001153124120700155,0.01780149159106592,-0.9997980779075413,0.009322569898869754,-0.0009870287349010589,-0.009341615440250823,-0.9999558790242913
0.467,0.01586047001183033,Empty,0.31047,0.00477,0.48169,0.02661,-0.00832,0.01339,0.99988,0.01333,-0.00407,0.00675,0.9996113021246196,0.026610795967482226,-0.008313254639408376,0.02672063638797556,-0.999553211065727,0.013393499886684557,-0.007953128676452767,-0.013610429316154981,-0.9998757442592981
0.533,0.01586047001183033,Empty,0.31266,0.01124,0.47762,0.04222,-0.01974,0.02079,0.99967,0.02121,-0.00965,0.0106,0.9989139870310648,0.04220476312009247,-0.019738401244238653,0.04261375959215763,-0.9988754832088518,0.02078067702710749,-0.018839161529205,-0.021599236427708328,-0.999589195108979
0.6,0.01586047001183033,Empty,0.31555,0.02055,0.47121,0.05847,-0.03728,0.03217,0.99926,0.02952,-0.01816,0.01662,0.9975981382967474,0.058386192112604984,-0.0372693847206188,0.05959341265556206,-0.9977049779344712,0.03214657326745195,-0.03530693465776088,-0.034290371467304785,-0.9987880609967796
0.667,0.01586047001183033,Empty,0.31981,0.03241,0.46257,0.07541,-0.05812,0.04669,0.99857,0.03835,-0.02815,0.02441,0.9954736345905424,0.07521908865680388,-0.058088996692448706,0.07796759497781552,-0.9958665547330483,0.046592481126294716,-0.05434424503542895,-0.050910645898168363,-0.9972235502462625
0.733,0.01586047001183033,Empty,0.32515,0.0454,0.45288,0.0852,-0.07651,0.06304,0.99781,0.04374,-0.03685,0.03309,0.9934573089594594,0.08484912671651224,-0.07644083313566287,0.0897274816944722,-0.9939833886590348,0.06281721180274089,-0.0706509327878773,-0.06926506164977775,-0.9950933609118571
0.8,0.01586047001183033,Empty,0.33078,0.05785,0.44261,0.08251,-0.09162,0.0796,0.99724,0.04299,-0.04408,0.0416,0.9924173020863933,0.08208214420504317,-0.09149000012169149,0.08941757221837676,-0.9928411647456559,0.07918913666066142,-0.08433502414854703,-0.08676948305246496,-0.9926523361744896
0.867,0.01586047001183033,Empty,0.33825,0.07059,0.43191,0.08147,-0.09952,0.09418,0.99673,0.04297,-0.04773,0.049,0.9917496128526784,0.08098779200324369,-0.09936640756816062,0.09034267309620886,-0.991505588062004,0.09356746368076242,-0.0909445260826292,-0.10177252275667821,-0.9906419367194926
0.933,0.01586047001183033,Empty,0.34749,0.08404,0.42157,0.08809,-0.09807,0.10507,0.99634,0.04649,-0.04659,0.05455,0.9913363457248754,0.08755956437401818,-0.09790593614017097,0.09772534093982754,-0.989725189124045,0.10437340538454952,-0.0877610812549935,-0.1130370412741115,-0.9897073405390854
1.0,0.01586047001183033,Empty,0.35897,0.09765,0.41123,0.0965,-0.08483,0.11082,0.99629,0.05046,-0.03962,0.05731,0.9917692301768306,0.09599916468720587,-0.08472280952503805,0.10508105469235746,-0.9883389958742331,0.11019982386126415,-0.07315576545426136,-0.11819555665789899,-0.9902918985668471
1.067,0.01586047001183033,Empty,0.37201,0.11172,0.4006,0.10579,-0.06191,0.11196,0.99647,0.05449,-0.0279,0.05748,0.9925044808953167,0.10539645404083753,-0.061858248264360025,0.11181048093049673,-0.9874520863503824,0.11152037265167365,-0.04932820447582306,-0.11760087005585786,-0.9918350485868587
1.133,0.01586047001183033,Empty,0.38638,0.12582,0.38938,0.10787,-0.03151,0.10791,0.99692,0.05467,-0.0128,0.05469,0.9936941471875063,0.10760987597619914,-0.03149692743239881,0.1104096067567677,-0.9880392070936156,0.10764870636303664,-0.019536135265467748,-0.11044745283711356,-0.9936899413703868
1.2,0.015860142186284065,Empty,0.39948,0.13864,0.37692,0.09699,-0.00534,0.10076,0.99755,0.04855,-0.00022,0.05043,0.9952848147232025,0.09684819199697614,-0.005344650439150882,0.09689347306085877,-0.9901994776694305,0.1005815554731162,0.0044488717226421285,-0.10062515654697751,-0.9949144613534829
1.267,0.015860142186284065,Empty,0.41188,0.15104,0.36223,0.08132,0.01497,0.08992,0.99815,0.04027,0.0093,0.0446,0.996584394965949,0.08121076633368385,0.014978489304627793,0.07955131768743934,-0.99277944693142,0.08978060817757583,0.02216148831972175,-0.088282394519174,-0.9958489279270304
1.333,0.01586047001183033,Empty,0.42419,0.16328,0.34586,0.06436,0.03294,0.07529,0.99866,0.03153,0.01766,0.03708,0.9973884566177227,0.0642766073178197,0.032936064692489886,0.06165683604014488,-0.9952617500427106,0.07518299988321375,0.037612513545836446,-0.07295592267685648,-0.9966256730443646
1.4,0.01586047001183033,Empty,0.43601,0.17574,0.32908,0.0509,0.04895,0.05777,0.99898,0.02472,0.02519,0.02824,0.9975087927005701,0.050808741139295566,0.04893547086613916,0.047962787470869794,-0.9971826832260383,0.05767380074299501,0.051727937355696474,-0.05518304176065862,-0.9971354232996472
1.466,0.01586047001183033,Empty,0.44739,0.18776,0.31163,0.04075,0.06145,0.03836,0.99915,0.01977,0.0311,0.01854,0.9972831678466587,0.040662642128784676,0.061423388581545606,0.038355793090911694,-0.9985306453203393,0.03828032774825645,0.06288971510589259,-0.03582038373961316,-0.9973774530450578
1.533,0.015860142186284065,Empty,0.45705,0.19832,0.29504,0.03633,0.06766,0.02032,0.99922,0.01781,0.034,0.00954,0.9970539970384976,0.036239407223677356,0.0676020144199273,0.034942074282067914,-0.9991836375715775,0.020275844103180778,0.06828161124652815,-0.01785395679692736,-0.9975063196753549
1.6,0.015860142186284065,Empty,0.46559,0.20838,0.27749,0.04374,0.06676,0.0039,0.9992,0.02179,0.03341,0.00122,0.9968177229830731,0.04363602897105601,0.0667107496770865,0.043472672082598196,-0.9990470076696342,0.0038991343076243967,0.06681731758190086,-0.0009866316370350516,-0.9977647381167429
1.667,0.015860142186284065,Empty,0.47206,0.21619,0.2604,0.05029,0.05667,-0.00824,0.99927,0.02525,0.02822,-0.00483,0.9971325177303174,0.05018490299944689,0.056641129894575315,0.0507304404905195,-0.9986784373579511,-0.008234146216715303,0.05615304526413402,0.01108396441786547,-0.9983606468808492
1.733,0.01586047001183033,Empty,0.47651,0.22167,0.24254,0.05371,0.03609,-0.01598,0.99944,0.02699,0.01782,-0.00847,0.9979074783971225,0.053651141627274024,0.03608627940349296,0.0542548625592259,-0.9983995091289688,-0.015963397499073495,0.03517206914266294,0.017887849874261685,-0.9992211719029477
1.8,0.01586047001183033,Empty,0.47991,0.22513,0.22534,0.05439,0.0095,-0.02035,0.99957,0.02724,0.00447,-0.0103,0.9984759578343511,0.054366170198452135,0.00949110977325613,0.054550257972755256,-0.9983035575381738,-0.020353780035458388,0.008368451582037422,0.020840502503032907,-0.9997477894316846
1.867,0.01586047001183033,Empty,0.48349,0.2278,0.21021,0.05393,-0.01514,-0.02388,0.99954,0.02687,-0.00789,-0.01173,0.9984317191718037,0.05389796569766564,-0.015136427758541762,0.05352792509567217,-0.9982809694656092,-0.02387189221145359,-0.016397054204594436,0.023024232809290328,-0.9996004308307171
1.933,0.01586047001183033,Empty,0.48733,0.22988,0.19747,0.05346,-0.03617,-0.02656,0.9994,0.02648,-0.01843,-0.01279,0.9979185602887573,0.053396905510244896,-0.03615684600658604,0.0524539152387844,-0.9982704542030751,-0.026545942087417736,-0.0375117822468676,0.02459412017365329,-0.9989934911927842
2.0,0.01586047001183033,Empty,0.49128,0.2315,0.18743,0.05359,-0.0511,-0.02807,0.99923,0.02642,-0.02591,-0.01334,0.9972606515549218,0.053497899445015484,-0.05108001189529724,0.052114810511299015,-0.9982474713916455,-0.028036269109087963,-0.05249037421874713,0.025297442858059845,-0.9983009566254151
2.067,0.01586047001183033,Empty,0.4944,0.23329,0.17896,0.05439,-0.06299,-0.02898,0.99904,0.02672,-0.03187,-0.01362,0.9965410834060653,0.05425685917900097,-0.06294491493278662,0.05252042533102613,-0.9982009459850363,-0.028921901002986708,-0.06440088514076348,0.025515968854984004,-0.9975978454900943
2.133,0.01586047001183033,Empty,0.49774,0.23531,0.17225,0.05658,-0.07003,-0.02961,0.99889,0.02775,-0.03541,-0.0138,0.9959519811441839,0.056413835808800605,-0.06997949974323055,0.05445880553687288,-0.9980790040599464,-0.029538790669256517,-0.07151146589514291,0.02560821711956514,-0.9971109915458184
2.2,0.01586047001183033,Empty,0.50019,0.23628,0.16607,0.05166,-0.0762,-0.02501,0.99887,0.02533,-0.0384,-0.01151,0.9957670130481653,0.05149404647930095,-0.07613421637032207,0.04972662630182634,-0.9984516295617083,-0.024932028842583172,-0.07730018345239494,0.021040594163580423,-0.9967858220477805
2.267,0.01586047001183033,Empty,0.50194,0.23669,0.16009,0.04101,-0.07972,-0.01349,0.99898,0.02022,-0.03998,-0.00592,0.9959852972447529,0.04086292330526303,-0.07964614975772003,0.03991578019109404,-0.9991125390905257,-0.013448595607673246,-0.08012501584409967,0.010215465287036795,-0.9967324746916555
2.333,0.01586047001183033,Empty,0.50469,0.23782,0.15384,0.03121,-0.07571,0.00524,0.99916,0.01569,-0.0378,0.00321,0.9966496674229397,0.031116035166361244,-0.07563883117334444,0.031602066346689106,-0.9994868098216851,0.005237021585802248,-0.07543705872025604,-0.007609819182902596,-0.9971215276101707
2.4,0.01586047001183033,Empty,0.50704,0.23926,0.14719,0.02421,-0.06942,0.03092,0.9992,0.01263,-0.03451,0.01587,0.9972993012343782,0.024141269483107797,-0.06936355574193903,0.026332147342689183,-0.9991772159996155,0.030846540220586537,-0.06856180987797811,-0.03258972437749863,-0.9971144307907969
2.467,0.01586047001183033,Empty,0.50813,0.24062,0.13985,0.02117,-0.06411,0.05776,0.999,0.0115,-0.03173,0.0292,0.997721812341902,0.021115245400457172,-0.06407286156297975,0.024820964855358063,-0.9980310050719323,0.0576023664336569,-0.06273041432064187,-0.05906148767840755,-0.9962814039177756
2.533,0.01586047001183033,Empty,0.50819,0.24375,0.13249,0.00522,-0.0641,0.07253,0.99882,0.00377,-0.03193,0.03632,0.9979322572827689,0.005221257242706834,-0.06406206636788567,0.009860884894060562,-0.9973325102501671,0.07232307340818987,-0.06351356409164872,-0.07280523656239173,-0.995321769432112
2.6,0.01586047001183033,Empty,0.50644,0.24812,0.12503,-0.01855,-0.07286,0.07485,0.99861,-0.0079,-0.03674,0.03705,0.9971750944786234,-0.018499044404790332,-0.07279846363528342,-0.013053386796999689,-0.9971294726646315,0.07458165884908652,-0.07396918307427758,-0.0734207062051517,-0.9945541512937647
2.667,0.01586047001183033,Empty,0.50489,0.25272,0.11888,-0.02349,-0.08005,0.07474,0.99845,-0.01023,-0.04042,0.03686,0.9965238108063286,-0.02340775096191061,-0.07995230885307637,-0.017448687967352328,-0.9970732422384544,0.07443448730470494,-0.0814606517543931,-0.07278067605485311,-0.994015661551038
2.733,0.01586047001183033,Empty,0.50628,0.2582,0.11549,-0.01501,-0.07752,0.06799,0.99865,-0.00618,-0.03898,0.03367,0.9968850389656145,-0.014959017443903155,-0.07743672826016253,-0.00970956264006717,-0.9976565670331852,0.06772812302801752,-0.07826840665213423,-0.0667652758001692,-0.9946941512180832
2.8,0.01586047001183033,Empty,0.50859,0.26281,0.11358,-0.00053,-0.07207,0.06185,0.99887,0.00085,-0.03602,0.03089,0.9974032312580976,-0.000536823469098946,-0.07201740134487979,0.003914065692901314,-0.9980903031805848,0.06164760162926061,-0.07191296382195707,-0.06176939790423239,-0.9954963923173659
2.867,0.01586047001183033,Empty,0.50934,0.2642,0.11084,0.01983,-0.07349,0.06241,0.99878,0.01105,-0.03641,0.03154,0.9971051761481022,0.019769320704555615,-0.07341962719561021,0.024362297087090368,-0.9977664029494424,0.06219874296134027,-0.07202601043583003,-0.06380735932642059,-0.9953596710317766
2.933,0.01586047001183033,Empty,0.50982,0.2628,0.10729,0.04179,-0.0767,0.06603,0.99848,0.02213,-0.03762,0.03378,0.996189106038894,0.04165972532388584,-0.0766272294642556,0.046744041224665245,-0.9967373293957867,0.06580038600906088,-0.073635994047857,-0.06913149408838958,-0.9948862130443317
3.0,0.01586047001183033,Empty,0.51084,0.26006,0.10298,0.05277,-0.07895,0.06971,0.99823,0.02772,-0.03851,0.03585,0.9954966763235047,0.052584568991090375,-0.07887477754565599,0.058106507495895854,-0.9958931687333079,0.06942931842500658,-0.07489994135835377,-0.07369979358419403,-0.9944638450995402
3.067,0.01586047001183033,Empty,0.51182,0.25654,0.09831,0.0526,-0.08066,0.07312,0.99814,0.02773,-0.03932,0.03757,0.995370470091779,0.05239402137724969,-0.08057601251731723,0.0583034773959481,-0.9956390316297696,0.07282597901075107,-0.07640897717422146,-0.07718669068728436,-0.9940844445960991
3.133,0.01586047001183033,Empty,0.51322,0.25314,0.09383,0.05193,-0.08033,0.07552,0.99811,0.02744,-0.03913,0.03875,0.9954321968673732,0.05173507531558902,-0.08023854075121925,0.0578005072051857,-0.9954911754874558,0.07520918091181854,-0.07598580661293264,-0.07950346853247169,-0.9939342813711016
3.2,0.01586047001183033,Empty,0.51416,0.25101,0.08956,0.05242,-0.08029,0.07504,0.99811,0.02767,-0.03911,0.03852,0.9954099533357016,0.05222364049838968,-0.08019798110496143,0.05824955019116079,-0.9955007971316473,0.07473387995268398,-0.07593427883863908,-0.07906234428190026,-0.9939734055868426
3.267,0.01586047001183033,Empty,0.51427,0.25114,0.08642,0.05767,-0.08036,0.07187,0.99809,0.03023,-0.03909,0.03704,0.9951155113542607,0.057448353198146396,-0.08027954768787313,0.0632399335886028,-0.995429069685235,0.0715658998776391,-0.07580125237657742,-0.07629321031656891,-0.9941999377377442
3.333,0.01586047001183033,Empty,0.51397,0.25239,0.08506,0.06767,-0.0802,0.06876,0.99799,0.03516,-0.03888,0.03568,0.994504735824637,0.06740234230463571,-0.08010776912520752,0.07295036089462659,-0.994982143343802,0.06847466153488822,-0.07509044724672073,-0.07394226584858282,-0.9944314788126253
3.4,0.01586047001183033,Empty,0.51331,0.2538,0.0849,0.07483,-0.08048,0.06785,0.99787,0.03872,-0.03891,0.03537,0.9939735081086967,0.07452129405295382,-0.08039429028708119,0.08002657525291496,-0.994499323380698,0.06757842147181956,-0.07491603587603769,-0.07360484038435636,-0.9944696652189114
3.467,0.01586047001183033,Empty,0.51284,0.25451,0.08483,0.07617,-0.08071,0.06795,0.99783,0.03939,-0.039,0.03545,0.9938552572398339,0.07583396058826847,-0.0806283949873773,0.08136518674313425,-0.9943835858143025,0.06768301595928007,-0.07504288136124888,-0.0738274656519252,-0.994443598839278
3.533,0.015860142186284065,Empty,0.51243,0.25447,0.08457,0.07638,-0.08154,0.06833,0.9978,0.03952,-0.0394,0.03566,0.9937702367428483,0.07606527539590652,-0.08145422299063741,0.08168518143260362,-0.9943330372832674,0.06803926881849057,-0.07581719922541434,-0.07426900326500353,-0.9943519836836636
3.6,0.015860142186284065,Empty,0.51248,0.2546,0.08466,0.07654,-0.08131,0.06815,0.99781,0.03959,-0.03929,0.03557,0.9937775389137121,0.07620793153543909,-0.08123148602416998,0.08179896346487758,-0.9943347498984216,0.06787735057082699,-0.07559849685461165,-0.0740996377557484,-0.9943812704178363
3.667,0.015860142186284065,Empty,0.51284,0.25512,0.08513,0.07684,-0.08033,0.06743,0.99784,0.03971,-0.03881,0.0352,0.9938348250047029,0.07650931373133701,-0.08024129560414407,0.08197330802002678,-0.9943687195108649,0.06716566407455761,-0.07465063549713175,-0.07332922044234719,-0.9945099838861307
3.733,0.01586047001183033,Empty,0.51282,0.25505,0.0851,0.07652,-0.08048,0.06738,0.99784,0.03955,-0.03889,0.03517,0.993847053790758,0.07619457005392005,-0.08038918562672835,0.08166594222353885,-0.9943970262393826,0.0671209958732286,-0.07482451170687275,-0.07327306258489975,-0.9945010561820725
3.8,0.01586047001183033,Empty,0.51282,0.25506,0.08511,0.07644,-0.08048,0.06736,0.99784,0.03951,-0.03889,0.03516,0.9938522324215274,0.07612438613917333,-0.08039165345781009,0.08159400699309716,-0.994404630373979,0.06709582038846189,-0.07483420430229061,-0.07324280801364991,-0.9945025555224676
3.867,0.01586047001183033,Empty,0.51282,0.25506,0.08511,0.07642,-0.08048,0.06736,0.99784,0.0395,-0.03889,0.03516,0.9938545425808147,0.0760929020904601,-0.08039290045104391,0.08156269906723262,-0.9944071075674931,0.06709717237052809,-0.07483765303874665,-0.07324189150140786,-0.9945023635049584
3.933,0.01586047001183033,Empty,0.51281,0.25506,0.08511,0.0764,-0.0805,0.06736,0.99784,0.03949,-0.0389,0.03516,0.9938550022205681,0.07607450744101024,-0.08040462597862552,0.08154520316220681,-0.9944085021497165,0.0670977696618284,-0.0748506139078993,-0.07324206557685989,-0.9945013752769002
4.0,0.01586047001183033,Empty,0.51282,0.25506,0.08511,0.0764,-0.0805,0.06736,0.99784,0.03949,-0.0389,0.03516,0.9938560713837927,0.07606485917105471,-0.08040053838663813,0.08153525638885412,-0.9944093105342335,0.06709787692940755,-0.07484725338432564,-0.07324111087441063,-0.994501698509713
4.067,0.01586047001183033,Empty,0.51281,0.25507,0.08511,0.0764,-0.08048,0.06737,0.99784,0.03949,-0.03889,0.03516,0.9938556333078353,0.07607258923131716,-0.08039863997559035,0.08154217008156983,-0.9944093539599886,0.06708883107691158,-0.07484553854886547,-0.07323249227304282,-0.9945024622567854
4.133,0.01586047001183033,Empty,0.51281,0.25506,0.08511,0.07638,-0.0805,0.06737,0.99784,0.03948,-0.0389,0.03516,0.9938559346642398,0.07605891099725909,-0.08040785527907997,0.08152978967243951,-0.9944098075137197,0.06709715430996327,-0.07485502340283003,-0.07324054053895462,-0.9945011557021558
4.2,0.01586047001183033,Empty,0.51281,0.25506,0.08511,0.07638,-0.0805,0.06737,0.99784,0.03948,-0.0389,0.03516,0.9938557485554769,0.07605979267752333,-0.08040932160567668,0.08153067282546766,-0.9944098310822307,0.06709573187346417,-0.07485653245949515,-0.07323930491792938,-0.9945011331131198
4.267,0.01586047001183033,Empty,0.51282,0.25506,0.08511,0.07638,-0.08048,0.06737,0.99784,0.03948,-0.03889,0.03516,0.9938570466645247,0.07605605398122894,-0.08039681242483081,0.08152583449157841,-0.9944103853904873,0.06709339563618782,-0.07484456630725278,-0.0732356612610733,-0.9945023020656778
4.333,0.01586047001183033,Empty,0.51281,0.25506,0.08511,0.07638,-0.0805,0.06737,0.99784,0.03948,-0.0389,0.03516,0.9938559970410232,0.07605888605978861,-0.08040710787572473,0.08152948742676508,-0.9944100314999145,0.0670942019273508,-0.0748545244158515,-0.07323752524275538,-0.9945014153186479
4.4,0.01586047001183033,Empty,0.51281,0.25506,0.08511,0.07638,-0.0805,0.06737,0.99784,0.03948,-0.0389,0.03516,0.9938568630738668,0.07604831248656474,-0.08040640452674584,0.08151882042550623,-0.99441093801576,0.06709372750898876,-0.07485464339242412,-0.07323619680569292,-0.9945015041919397
4.467,0.01586047001183033,Empty,0.51281,0.25506,0.08511,0.07638,-0.0805,0.06737,0.99784,0.03948,-0.0389,0.03516,0.9938565166068878,0.07605308004228434,-0.08040617771107365,0.08152378111887165,-0.9944103456075521,0.06709648024114881,-0.07485384098431527,-0.07323928976137363,-0.9945013368141563
4.533,0.01586047001183033,Empty,0.51281,0.25506,0.08511,0.07638,-0.0805,0.06737,0.99784,0.03948,-0.0389,0.03516,0.993856140979796,0.07605676483518303,-0.08040733523474962,0.08152714444451287,-0.9944104363296006,0.0670910488626969,-0.07485516518899166,-0.07323423135104862,-0.9945016096532724
4.6,0.01586047001183033,Empty,0.51281,0.25506,0.08511,0.07636,-0.08049,0.06737,0.99784,0.03947,-0.0389,0.03516,0.9938573376347529,0.07604128763241313,-0.08040718254463158,0.0815117624279385,-0.9944115941677689,0.06709257761189565,-0.07485602858455968,-0.07323458172148944,-0.9945015188649168
4.667,0.01586047001183033,Empty,0.51282,0.25506,0.08512,0.07638,-0.0805,0.06737,0.99784,0.03948,-0.0389,0.03516,0.9938573317535813,0.07604922365964484,-0.08039974938031594,0.08151928509851264,-0.9944108610551436,0.06709430357783634,-0.07484791431081869,-0.07323629562131616,-0.9945020033800773
4.733,0.01586047001183033,Empty,0.51281,0.25506,0.08511,0.07638,-0.0805,0.06737,0.99784,0.03948,-0.0389,0.03516,0.9938566283097506,0.07604722286178967,-0.08041033677198293,0.08151805129321726,-0.9944109729539996,0.06709414417098074,-0.07485859789049457,-0.07323685386258254,-0.9945011581482347
4.8,0.01586047001183033,Empty,0.51282,0.25506,0.08511,0.07638,-0.0805,0.06737,0.99784,0.03948,-0.0389,0.03516,0.9938571854794838,0.07604610129915784,-0.08040451074409317,0.0815164387186591,-0.994411159925791,0.06709333225939833,-0.07485295645080291,-0.07323547973654006,-0.9945016839695812
4.867,0.01586047001183033,Empty,0.51281,0.25506,0.08511,0.07638,-0.0805,0.06737,0.99784,0.03948,-0.0389,0.03516,0.9938564157829535,0.07604641081179103,-0.08041373147482726,0.08151752001439788,-0.9944109886373752,0.06709455721547311,-0.07486199795466016,-0.07323748411764608,-0.9945008557976981
4.933,0.01586047001183033,Empty,0.51281,0.25506,0.08511,0.07638,-0.0805,0.06737,0.99784,0.03948,-0.0389,0.03516,0.9938562603966141,0.07605149297186553,-0.08041084558197051,0.08152211270527199,-0.9944108628086092,0.06709084191084719,-0.07485905964227782,-0.0732339152646347,-0.9945013397901917
5.0,0.01586047001183033,Empty,0.51281,0.25507,0.08512,0.07638,-0.0805,0.06737,0.99784,0.03948,-0.0389,0.03516,0.9938565942453785,0.07605340539644939,-0.08040491031385834,0.08152361338596137,-0.9944107178213494,0.06709116739575136,-0.07485299282909491,-0.07323389795464792,-0.9945017977132549
5.067,0.015757044777274132,Empty,0.51281,0.25506,0.08511,0.07636,-0.08049,0.06737,0.99784,0.03947,-0.0389,0.03516,0.9938573821249002,0.07603941800031733,-0.08040840071791695,0.08151004279208207,-0.9944116801927048,0.06709339177858373,-0.0748573103970012,-0.07323535489430377,-0.994501365445836
5.133,0.015757044777274132,Empty,0.51281,0.25506,0.08511,0.07638,-0.0805,0.06737,0.99784,0.03948,-0.0389,0.03516,0.993856823365957,0.07604548545444179,-0.08040956902587724,0.08151625799849382,-0.9944111184797029,0.06709416610905483,-0.07485796103856947,-0.07323668196979422,-0.9945012187439509
5.2,0.015757044777274132,Empty,0.51281,0.25506,0.08511,0.07636,-0.08049,0.06737,0.99784,0.03947,-0.0389,0.03516,0.9938572874225797,0.07604101039427741,-0.08040806536193382,0.0815115322062997,-0.9944116290616893,0.0670923401310337,-0.07485694593297908,-0.07323439577885786,-0.994501463508472
5.267,0.013833996839821339,Grasping,0.51281,0.25506,0.08511,0.07638,-0.0805,0.06737,0.99784,0.03948,-0.0389,0.03516,0.9938561460962698,0.07604631619984414,-0.08041715401021915,0.08151752105765614,-0.9944111287972865,0.06709247860022144,-0.0748655770517033,-0.07323567925908732,-0.9945007192838905
5.333,0.013833996839821339,Grasping,0.51281,0.25506,0.08511,0.07636,-0.08049,0.06737,0.99784,0.03947,-0.0389,0.03516,0.9938571087418931,0.07604353576492395,-0.08040788563053555,0.08151386275502259,-0.9944116020444242,0.06708990906385953,-0.07485678046750263,-0.07323214040167302,-0.9945016420450145
5.4,0.011916201561689377,Grasping,0.51281,0.25506,0.08511,0.07636,-0.08049,0.06737,0.99784,0.03947,-0.0389,0.03516,0.9938573939968856,0.07603664424529838,-0.08041087693610627,0.08150751992455402,-0.9944118242550937,0.06709432149895544,-0.07485989976928942,-0.07323627867096161,-0.994501102509676
5.467,0.011916201561689377,Grasping,0.51281,0.25507,0.08511,0.07638,-0.0805,0.06737,0.99784,0.03948,-0.0389,0.03516,0.9938554957864305,0.07606043772350235,-0.08041183562397283,0.08153107420630273,-0.9944101829448704,0.06709002902306546,-0.07485945119939057,-0.07323385739436795,-0.9945013145779482
5.533,0.011916201561689377,Grasping,0.51282,0.25505,0.08511,0.07636,-0.08049,0.06737,0.99784,0.03947,-0.0389,0.03516,0.9938577228473608,0.07603154785963179,-0.08041163141441118,0.08150274367736116,-0.9944119760542071,0.06709787368486292,-0.07486073409819696,-0.07323950853218493,-0.9945008018499749
5.6,0.01034643966704607,Grasping,0.51281,0.25506,0.08511,0.07638,-0.0805,0.06737,0.99784,0.03948,-0.0389,0.03516,0.993856170122295,0.07604942066670595,-0.08041392122077971,0.08152039578753312,-0.9944108871054632,0.0670925679697061,-0.07486212781164665,-0.07323573733078753,-0.9945009746587122
5.667,0.01034643966704607,Grasping,0.51282,0.25505,0.08511,0.07636,-0.08049,0.06737,0.99784,0.03947,-0.0389,0.03516,0.9938586397862368,0.07602469845649473,-0.08040677425969953,0.08149541679923578,-0.9944126803102444,0.06709633580840797,-0.0748565372093187,-0.07323705662296123,-0.9945012983270737
5.733,0.008650926873087883,Grasping,0.51281,0.25506,0.08511,0.07636,-0.08049,0.06737,0.99784,0.03947,-0.0389,0.03516,0.9938579178664027,0.07602752867990153,-0.08041302119113218,0.08149848517730146,-0.9944126293654205,0.06709336384737044,-0.07486278119375395,-0.07323481031160811,-0.9945009937403576
5.8,0.008650926873087883,Grasping,0.51281,0.25506,0.08511,0.07636,-0.08049,0.06737,0.99784,0.03947,-0.0389,0.03516,0.9938580339843464,0.0760272054045576,-0.08041189167743361,0.0814982641210465,-0.9944124811032248,0.06709582976150913,-0.07486148028209295,-0.07323715904172239,-0.9945009187051921
5.867,0.008650926873087883,Grasping,0.51281,0.25506,0.08511,0.07636,-0.08049,0.06737,0.99784,0.03947,-0.0389,0.03516,0.9938577978761145,0.07602838714367988,-0.08041369254779368,0.08149959542755703,-0.994412357460535,0.0670960451511486,-0.07486316548199679,-0.07323761108959805,-0.994500758559743
5.933,0.0068733301013708115,Grasping,0.51281,0.25506,0.08511,0.07636,-0.08049,0.06737,0.99784,0.03947,-0.0389,0.03516,0.9938574648814278,0.07603664867039045,-0.0804099966324917,0.08150718274199148,-0.9944120999492991,0.06709064492079733,-0.07485932581131953,-0.07323253056805114,-0.9945014217212937
6.0,0.0068733301013708115,Grasping,0.51281,0.25505,0.08511,0.07634,-0.08049,0.06737,0.99784,0.03946,-0.0389,0.03516,0.9938580033808515,0.07602302860469257,-0.0804162187471978,0.08149443927377154,-0.9944127627913568,0.06709630068128769,-0.07486605027167256,-0.07323767008466575,-0.994500537052288
6.067,0.005280256737023592,Grasping,0.51281,0.25506,0.08511,0.07638,-0.0805,0.06737,0.99784,0.03948,-0.0389,0.03516,0.9938564599270667,0.07604486106119585,-0.08041465144749492,0.08151585017250679,-0.9944112931412783,0.06709207288304611,-0.07486323017270964,-0.07323495872378127,-0.9945009490135412
6.133,0.005280256737023592,Grasping,0.51281,0.25506,0.08511,0.07634,-0.08049,0.06737,0.99784,0.03946,-0.0389,0.03516,0.9938582795591852,0.07602238891348018,-0.08041341017233494,0.08149340911520209,-0.9944130113872816,0.06709386748772664,-0.07486350527753086,-0.07323495864384663,-0.9945009283102731
6.2,0.005280256737023592,Grasping,0.51281,0.25506,0.08512,0.07636,-0.08049,0.06737,0.99784,0.03947,-0.0389,0.03516,0.9938575855835525,0.07603925892574948,-0.08040603634090074,0.08150940783443306,-0.9944120025679672,0.06708938502658501,-0.07485530049710196,-0.07323114262926782,-0.9945018269147125
6.267,0.003704256610944867,Grasping,0.51281,0.25506,0.08511,0.07636,-0.08049,0.06737,0.99784,0.03947,-0.0389,0.03516,0.9938567288020299,0.07603843398536575,-0.08041740590184109,0.08151013340479563,-0.9944113037971687,0.06709886014491921,-0.07486588520321313,-0.07324148713310102,-0.9945002683736545
6.333,0.003704256610944867,Grasping,0.51281,0.25506,0.08511,0.07636,-0.08049,0.06737,0.99784,0.03947,-0.0389,0.03516,0.9938575307267545,0.07603572640771089,-0.0804100548897336,0.0815062493603933,-0.9944121898054391,0.06709044702156108,-0.07485946789097289,-0.07323226799712844,-0.994501430361504
6.4,0.001989699900150299,Grasping,0.51281,0.25507,0.08511,0.07638,-0.0805,0.06737,0.99784,0.03948,-0.0389,0.03516,0.9938562552073604,0.07604457724897029,-0.08041744994854703,0.08151561297882581,-0.9944114554612451,0.06708995519550527,-0.07486620616732201,-0.07323304935938439,-0.9945008655881793
6.467,0.001989699900150299,Grasping,0.51281,0.25506,0.08511,0.07636,-0.08049,0.06737,0.99784,0.03947,-0.0389,0.03516,0.993857196948186,0.07603558712358427,-0.08041431194175791,0.08150654650628464,-0.9944120553403033,0.06709207904434003,-0.07486357559530141,-0.07323423847248574,-0.9945009760500195
6.533,0.001989699900150299,Grasping,0.51281,0.25506,0.08511,0.07635,-0.08051,0.06737,0.99784,0.03947,-0.03891,0.03516,0.9938574823207884,0.07602795991957606,-0.08041799640286411,0.08149935675226438,-0.9944124920460384,0.06709434038541924,-0.07486761438666839,-0.07323622719156611,-0.9945005255618492
6.6,0.0005877166404388845,Grasping,0.51281,0.25506,0.08511,0.07636,-0.08049,0.06737,0.99784,0.03947,-0.0389,0.03516,0.9938568438292379,0.07603890892559384,-0.08041553521049918,0.08150985991395487,-0.9944118737183589,0.06709074559691644,-0.07486465595054306,-0.07323325567901541,-0.994500967094582
6.667,0.0005877166404388845,Grasping,0.51281,0.25507,0.08512,0.07638,-0.08049,0.06735,0.99784,0.03948,-0.0389,0.03515,0.9938567201236046,0.07604797292454035,-0.08040849258144243,0.08151810137383253,-0.9944114748398117,0.06708664438855196,-0.07485732438149913,-0.07322926000567598,-0.9945018132037086
6.733,0.0005877166404388845,Grasping,0.51281,0.25507,0.08511,0.07636,-0.08049,0.06737,0.99784,0.03947,-0.0389,0.03516,0.9938569089659237,0.07603845780371615,-0.08041515675251823,0.08150913731244941,-0.9944121510376649,0.06708751302012082,-0.07486457797436599,-0.0732299583741317,-0.9945012157665988
6.8,0.00022228166926652193,Grasping,0.51281,0.25507,0.08511,0.07636,-0.08049,0.06735,0.99784,0.03947,-0.0389,0.03515,0.9938571063522179,0.07604020814496643,-0.08041106204040643,0.08151053107237993,-0.9944120868739408,0.06708677070267184,-0.07486044000334566,-0.0732290121760799,-0.9945015969309557
6.867,0.00022228166926652193,Grasping,0.51281,0.25507,0.08512,0.07636,-0.08049,0.06737,0.99784,0.03947,-0.0389,0.03516,0.9938573802892131,0.07603764669442231,-0.08041009843195387,0.08150800367129174,-0.9944121986105023,0.06708818519044484,-0.07485955504932504,-0.07323015457993377,-0.9945015794245963
6.933,0.00022228166926652193,Grasping,0.51281,0.25507,0.08511,0.07636,-0.08049,0.06737,0.99784,0.03947,-0.0389,0.03516,0.99385684501241,0.07603763485669945,-0.08041672529628291,0.08150850460027154,-0.9944121355681232,0.06708851103335452,-0.07486611583223787,-0.07323102293594096,-0.9945010216082987
7.0,0.00020520832913462073,Grasping,0.51281,0.25507,0.08511,0.07636,-0.08049,0.06737,0.99784,0.03947,-0.0389,0.03516,0.993856515776407,0.07604412065853555,-0.0804146613625288,0.08151475558081467,-0.9944117005918959,0.06708736355331092,-0.07486368058932259,-0.07323019485979926,-0.9945012659063918
7.067,0.00020520832913462073,Grasping,0.51281,0.25506,0.08511,0.07636,-0.08049,0.06737,0.99784,0.03947,-0.0389,0.03516,0.9938571498681987,0.07603822915888736,-0.08041239557581459,0.08150903028797879,-0.9944118683634464,0.06709183288175673,-0.07486149636077354,-0.07323403419381434,-0.994501147610361
7.133,0.00020520832913462073,Grasping,0.51281,0.25506,0.08511,0.07636,-0.08049,0.06737,0.99784,0.03947,-0.0389,0.03516,0.9938573849661267,0.07603290113972422,-0.08041452787009021,0.08150361766653991,-0.9944125259694759,0.06708866150306812,-0.07486426821627994,-0.0732306366166761,-0.9945011891421535
7.2,0.00020520832913462073,Grasping,0.51281,0.25506,0.08512,0.07636,-0.08049,0.06737,0.99784,0.03947,-0.0389,0.03516,0.993857257794349,0.07604004418130061,-0.08040934529271312,0.08151036613668794,-0.9944119878211675,0.06708843931570421,-0.07485860900230482,-0.07323052750362889,-0.994501623176041
7.267,0.0001569433370605111,Grasping,0.51281,0.25507,0.08511,0.07636,-0.08049,0.06737,0.99784,0.03947,-0.0389,0.03516,0.9938570827744094,0.07603664420716932,-0.0804147235079062,0.08150730619700353,-0.9944122873132332,0.0670877177803182,-0.07486426420962514,-0.0732299909748463,-0.9945012369857443
7.333,0.0001569433370605111,Grasping,0.51281,0.25506,0.08511,0.07636,-0.08049,0.06737,0.99784,0.03947,-0.0389,0.03516,0.9938572165660782,0.07603361554115068,-0.08041593366533953,0.08150466106835791,-0.9944122387759353,0.06709165072320362,-0.07486536785229808,-0.07323379466047567,-0.9945008738135764
7.4,0.0001569433370605111,Grasping,0.51281,0.25506,0.08511,0.07636,-0.08049,0.06737,0.99784,0.03947,-0.0389,0.03516,0.9938577471041187,0.07603127281499877,-0.08041159167220154,0.08150177879748216,-0.9944126706850915,0.0670887504265053,-0.07486146254229796,-0.07323036211213829,-0.9945014205575341
7.467,0.00014873499458190054,Grasping,0.5128,0.25508,0.08512,0.07638,-0.08049,0.06735,0.99784,0.03948,-0.0389,0.03515,0.9938558574426,0.07605166978246652,-0.08041565861405786,0.08152163611995045,-0.9944118053122954,0.06707745001017573,-0.0748649281797587,-0.07322093265480774,-0.9945018539700163
7.533,0.00014873499458190054,Grasping,0.51281,0.25507,0.08511,0.07636,-0.08049,0.06737,0.99784,0.03947,-0.0389,0.03516,0.9938576850673728,0.07603081707623421,-0.08041278932634574,0.08150140761522895,-0.9944127041791846,0.06708870488970296,-0.0748626902352519,-0.07323038045621236,-0.9945013267909597
7.6,0.00014873499458190054,Done,0.51283,0.25499,0.0851,0.07623,-0.08053,0.06741,0.99784,0.03941,-0.03892,0.03518,0.9938640286174378,0.07591704502040325,-0.08044187277585724,0.08139361499626391,-0.9944180375117333,0.06714049530017346,-0.07489574125514097,-0.07327597796469713,-0.9944954796253024
7.667,0.00014413833559956402,Done,0.51286,0.25498,0.08512,0.07619,-0.08047,0.06741,0.99785,0.03939,-0.03889,0.03518,0.9938723322462918,0.0758765233802472,-0.08037748686692736,0.08134833021964183,-0.9944217378842556,0.06714057189012206,-0.07483472700419486,-0.07326773111666117,-0.9945006803472909
7.733,0.00014413833559956402,Done,0.5129,0.25487,0.0851,0.07603,-0.08049,0.0675,0.99785,0.03931,-0.0389,0.03522,0.9938839815954892,0.07570815689273541,-0.08039220178476103,0.08118784860156236,-0.9944286655501635,0.06723215281076833,-0.07485428756822536,-0.07334782963405022,-0.9944933039093967
7.8,0.00014085500151850283,Done,0.51354,0.25382,0.08529,0.07417,-0.07984,0.06806,0.99789,0.03838,-0.0386,0.03545,0.9940740181590502,0.07385267370756576,-0.07976608933227096,0.07932742677027088,-0.9945404960409225,0.06779646817263209,-0.07432365560928247,-0.07372234614361707,-0.9945054096866208
7.867,0.00014085500151850283,Done,0.51564,0.25064,0.08639,0.06763,-0.07727,0.06923,0.99804,0.0351,-0.03741,0.03587,0.9947369874304239,0.06737857530955776,-0.07719101908317125,0.07274616050718041,-0.9949626418525117,0.06897345467158973,-0.07215484716432971,-0.07422579677662325,-0.9946276736163979
7.933,0.00014085500151850283,Done,0.51945,0.24441,0.08822,0.05648,-0.07282,0.072,0.99825,0.02951,-0.03535,0.03698,0.9957590772477769,0.05629420582870992,-0.07276553077364883,0.06152333716891384,-0.9955241265348206,0.07173975516185341,-0.06840130892209692,-0.07591229068601084,-0.9947655930220679
8.0,0.0001388850068906322,Done,0.52428,0.23548,0.09002,0.0414,-0.06774,0.07744,0.99844,0.02198,-0.03303,0.03938,0.9968518625855746,0.04128429459757854,-0.06769025837778553,0.046487802705588444,-0.9959319107350948,0.07719140741785627,-0.06422809556009991,-0.08009516963664882,-0.9947157963667811
8.067,0.0001388850068906322,Done,0.52994,0.22341,0.09096,0.02124,-0.06325,0.08462,0.99853,0.01194,-0.03114,0.04261,0.9977757001341937,0.02118407997106697,-0.06320511828562209,0.026492109114913287,-0.9960829776296946,0.08436154236976004,-0.061170420763335856,-0.08584833389263148,-0.9944286013543133
8.133,0.00013757166743744165,Done,0.53587,0.20868,0.09096,-0.00308,-0.06003,0.09309,0.99847,-0.00014,-0.03005,0.04646,0.9981940753143581,-0.003075816838387757,-0.05999272754335047,0.0025086634532635044,-0.9956826261619773,0.09278908646422925,-0.06001911874554847,-0.09277201792547492,-0.9938767821390351
8.2,0.00013757166743744165,Done,0.54233,0.19007,0.08999,-0.03317,-0.05765,0.1038,0.99813,-0.01506,-0.02964,0.05137,0.9977888020156658,-0.03311464264009001,-0.05762748489186205,-0.027023742245126603,-0.9942687346514636,0.10343790721803078,-0.06072251581754204,-0.1016518752281338,-0.9929650911967612
8.267,0.00013757166743744165,Done,0.54872,0.16935,0.08899,-0.06552,-0.05507,0.11553,0.99747,-0.0311,-0.02936,0.05678,0.9963414060909661,-0.06538487036447976,-0.05503291048179576,-0.058717276905512095,-0.9916169859985394,0.11510010630739861,-0.0620973743525328,-0.1114476191158574,-0.9918282836720923
8.333,0.00013494500308297575,Done,0.55499,0.14675,0.08843,-0.09998,-0.05169,0.1274,0.99647,-0.04821,-0.02894,0.06227,0.9936776990640094,-0.09967465151988514,-0.051668116157314634,-0.09246700564880211,-0.9875977463471459,0.1268879201357759,-0.06367482429658299,-0.12130810053095431,-0.9905704727561646
8.4,0.00013494500308297575,Done,0.56157,0.12363,0.08901,-0.13597,-0.04529,0.13765,0.99518,-0.0662,-0.02721,0.06706,0.9897551818969077,-0.13540291703316604,-0.045284986111612316,-0.12810329696454498,-0.9822420340486138,0.13707710186189132,-0.06304145632068602,-0.129871615863326,-0.9895247031671397
8.467,0.00013330332876648754,Done,0.56846,0.10221,0.09165,-0.16121,-0.03721,0.14505,0.99407,-0.07895,-0.02433,0.07072,0.9863488615079234,-0.16041078010377646,-0.03720624985833863,-0.15352843993744802,-0.9775311591488729,0.1444363216903367,-0.05953941158927108,-0.13675238396298214,-0.9888143627334932
8.533,0.00013330332876648754,Done,0.57466,0.08228,0.09645,-0.17173,-0.02872,0.1497,0.99352,-0.08444,-0.02068,0.07327,0.9848863650009736,-0.1708055269630338,-0.02871097340824743,-0.1647453226701996,-0.9750031917484114,0.1490897539695534,-0.05345864470280364,-0.1421064672676457,-0.988406761038819
8.6,0.00013330332876648754,Done,0.57963,0.06404,0.10296,-0.17229,-0.02035,0.15251,0.99341,-0.08501,-0.01666,0.07502,0.9849933032371021,-0.17138969446436408,-0.0203412194687059,-0.16639074972990403,-0.9742910164618048,0.15189184851776374,-0.04585096490132506,-0.1462278628484831,-0.9881877863768519
8.667,0.00013231833872850984,Done,0.58394,0.04579,0.11044,-0.17719,-0.01104,0.15403,0.99315,-0.08779,-0.01229,0.07615,0.9842836905101633,-0.17624883329727148,-0.011043792692894211,-0.17250483829126867,-0.9729879684938929,0.15341608107441218,-0.03778488271513153,-0.14909983879091887,-0.988099964938126
8.733,0.00013231833872850984,Done,0.58698,0.02645,0.11749,-0.18194,-0.00309,0.1579,0.99277,-0.09044,-0.0087,0.0784,0.9834905570394439,-0.18093291142330375,-0.0030993189786243935,-0.1782038971767786,-0.9713499254568598,0.15723451703096614,-0.031459422201503585,-0.154086352020028,-0.987556429210963
8.8,0.00013231833872850984,Done,0.5889,0.00669,0.12274,-0.17946,0.00089,0.16253,0.99269,-0.08935,-0.00683,0.08089,0.9839384276310796,-0.1785059038123038,0.0009016290983725195,-0.17629706554590557,-0.9709458240155224,0.16181332301983303,-0.028009200466652055,-0.15937330118614845,-0.986820974421525
8.867,0.00013133333413861692,Done,0.58985,-0.01399,0.1267,-0.17135,0.00143,0.16779,0.99282,-0.08533,-0.00646,0.08355,0.9853532032958594,-0.1705198731136393,0.0014274550420873139,-0.16836026436784068,-0.9714758501434906,0.16700147894546644,-0.02709033289901764,-0.16479576894232043,-0.9859556117808398
