time,gr,gr_state,tx,ty,tz,rx,ry,rz,qw,qx,qy,qz,xx,xy,xz,yx,yy,yz,zx,zy,zz
0.0,0.01596849225461483,Empty,0.30821,0.00134,0.48552,0.01121,0.00319,-0.00504,0.99998,0.00561,0.00158,-0.00253,0.9999320203892126,0.011218208794916806,0.0031790551711839243,0.01123417107416591,-0.9999241501084055,-0.005048507725959922,0.0031221788264212537,0.005083878580016945,-0.9999822029306119
0.067,0.01596849225461483,Empty,0.3082,0.00134,0.48552,0.01121,0.00319,-0.00506,0.99998,0.00561,0.00158,-0.00254,0.9999319941070741,0.011219309519576282,0.0031834344589297603,0.0112353060523806,-0.999924117974043,-0.0050523451723731155,0.0031265090691850158,0.00508776844357207,-0.999982169617691
0.134,0.01596849225461483,Empty,0.3082,0.00135,0.48552,0.01123,0.00317,-0.00504,0.99998,0.00562,0.00157,-0.00253,0.9999319909618148,0.01122221757795061,0.0031741587505477106,0.011238165957481783,-0.9999240873553639,-0.005052044383621491,0.003117222650475954,0.00508737252175614,-0.9999822006234772
0.2,0.01596849225461483,Empty,0.3082,0.00134,0.48552,0.01121,0.00317,-0.00504,0.99998,0.00561,0.00157,-0.00253,0.9999320439686861,0.011216642555380907,0.0031771645204838107,0.01123260479557664,-0.9999241522301541,-0.0050515716677093855,0.003120261865900974,0.005086916216376072,-0.9999821934661115
0.267,0.01596849225461483,Empty,0.3082,0.00134,0.48552,0.01121,0.00319,-0.00504,0.99998,0.00561,0.00158,-0.00253,0.9999320657936979,0.011213369642144533,0.0031818451905364967,0.01122935540249892,-0.9999241892378951,-0.005051470497028905,0.0031249599665080538,0.005086857399870297,-0.999982179094708
0.334,0.01596849225461483,Empty,0.3082,0.00136,0.48552,0.01123,0.00319,-0.00504,0.99998,0.00562,0.00158,-0.00253,0.9999317503265607,0.0112397650793854,0.003187847207966429,0.011255771273014192,-0.9999239081881754,-0.005048311275520098,0.0031308628061121457,0.00508384840895031,-0.9999821759328733
0.4,0.01596849225461483,Empty,0.30821,0.00135,0.48553,0.01123,0.00321,-0.00506,0.99998,0.00562,0.00159,-0.00254,0.9999318203349015,0.011230360382810112,0.00319901350461892,0.011246438713919393,-0.9999239886100619,-0.005053179038820997,0.003142021321471085,0.0050888120240911465,-0.9999821156871753
0.467,0.01596849225461483,Empty,0.30823,0.00136,0.48548,0.01189,0.00311,-0.00506,0.99998,0.00595,0.00154,-0.00254,0.9999245642087428,0.011884551855323167,0.0031021475067782877,0.011900149575801433,-0.9999163931658333,-0.0050589641533288635,0.0030417646242317325,0.00509549854570188,-0.9999823916262432
0.533,0.01596849225461483,Empty,0.30887,0.00158,0.48489,0.01435,0.00224,-0.00492,0.99997,0.00718,0.0011,-0.00247,0.9998944276744803,0.014357150371911875,0.0022373508266058505,0.014368008252437503,-0.9998846951595356,-0.004914949092352444,0.0021665281860366575,0.004946576484887226,-0.9999854186620415
0.6,0.01596849225461483,Empty,0.31089,0.00171,0.48293,0.01964,-0.00099,-0.00497,0.99995,0.00982,-0.00052,-0.00248,0.999806429620945,0.019649724595900198,-0.0009957971297487969,0.019644536203816065,-0.9997946413969053,-0.0049766687020586405,-0.0010933828036418047,0.004956143393644544,-0.9999871204954124
0.667,0.015968820080161095,Empty,0.31455,0.00178,0.47938,0.02816,-0.00643,-0.00513,0.99989,0.01407,-0.00325,-0.00252,0.999583143442828,0.028144013118296063,-0.006438468028334413,0.02811125053651825,-0.9995916692032062,-0.005123714748252776,-0.006580040898643483,0.004940585506347018,-0.9999661462652756
0.733,0.015968820080161095,Empty,0.31962,0.00193,0.47393,0.04369,-0.01596,-0.00557,0.99973,0.02182,-0.00804,-0.00261,0.9989184003792453,0.043672848859407365,-0.01595968847670516,0.04358880911252477,-0.9990339933262585,-0.005576369674019203,-0.016187807261083303,0.004874674460188132,-0.9998570860102882
0.8,0.015968820080161095,Empty,0.32622,0.00203,0.46674,0.06651,-0.02733,-0.00671,0.99935,0.0332,-0.01377,-0.0029,0.9974165479849499,0.06643470399049262,-0.02732507843505313,0.06627524041353722,-0.9977788736203841,-0.006701631515156407,-0.027709606888478643,0.004873342029112546,-0.9996041357575274
0.867,0.01596849225461483,Empty,0.33467,0.00212,0.45798,0.09736,-0.03821,-0.00861,0.99863,0.04857,-0.01929,-0.00337,0.994536909444782,0.09714415208452504,-0.03820143279773924,0.09688419755683775,-0.9952584829182503,-0.008602583509078521,-0.0388559907323071,0.004854471654229172,-0.9992330289222676
0.933,0.01596849225461483,Empty,0.34437,0.00214,0.44795,0.12853,-0.04795,-0.01109,0.99764,0.06407,-0.02428,-0.00399,0.9906120451402312,0.1280225279478695,-0.047937546463345054,0.12763465095571075,-0.9917593674945095,-0.011079389076305794,-0.048960922157392416,0.004856884261261409,-0.9987888859898123
1.0,0.01596849225461483,Empty,0.35592,0.00218,0.43652,0.16177,-0.05441,-0.01379,0.99635,0.08058,-0.02767,-0.00467,0.9854834549379021,0.16082187032684447,-0.05439380542149397,0.16030461421864395,-0.9869715234449444,-0.013771077262747941,-0.055899827404630585,0.004851590805133056,-0.9984245947305145
1.067,0.01596849225461483,Empty,0.36885,0.0023,0.42376,0.19615,-0.05751,-0.01636,0.99477,0.09764,-0.02941,-0.00532,0.9792038991998878,0.1945674961535136,-0.05747358725786917,0.19394210763566477,-0.9808772213110057,-0.01631979163581028,-0.059549833564601036,0.004833854957741718,-0.9982136300254948
1.133,0.01596849225461483,Empty,0.38228,0.00258,0.40995,0.23309,-0.05872,-0.01884,0.99278,0.11595,-0.03025,-0.00594,0.9712807000383572,0.23058375044957213,-0.05869357513057258,0.22986490694969391,-0.9730407499347016,-0.018810197221778662,-0.06144856618349494,0.004778388339494813,-0.9980988131036274
1.2,0.01596849225461483,Empty,0.39627,0.00305,0.39465,0.27667,-0.05878,-0.02156,0.99001,0.13751,-0.03059,-0.00662,0.9603095781380131,0.2726800486733536,-0.058746107887150456,0.2718700595788045,-0.9620933167172702,-0.02152023774449734,-0.0623873772570109,0.004694782578545515,-0.9980409681849396
1.267,0.01596849225461483,Empty,0.40941,0.0038,0.37865,0.32181,-0.05929,-0.02454,0.98663,0.15977,-0.03122,-0.00736,0.9469982364196208,0.3157258778748635,-0.05925799742039018,0.31480662501815576,-0.9488395487882765,-0.024501010181996182,-0.06396193448299169,0.004547603259601945,-0.9979419773923666
1.333,0.01596849225461483,Empty,0.42201,0.00479,0.36182,0.3701,-0.05962,-0.02778,0.98247,0.18349,-0.03185,-0.00816,0.9306337442881152,0.36106951279205823,-0.05957886306727318,0.3600296094800564,-0.9325287378322389,-0.027727845474350594,-0.06557068163380139,0.004354313851461045,-0.9978384266307658
1.4,0.01596849225461483,Empty,0.4345,0.00635,0.34521,0.4198,-0.05669,-0.0298,0.97764,0.20784,-0.03082,-0.00866,0.9117025416037764,0.40692351665299936,-0.05667210273115684,0.40585622500851526,-0.9134529780738833,-0.02973855191146567,-0.06386861713746572,0.004111987683537003,-0.997949844081474
1.467,0.01596849225461483,Empty,0.44723,0.00856,0.32868,0.47092,-0.05112,-0.03029,0.97207,0.23281,-0.02838,-0.00876,0.8899841675722358,0.45312005285855284,-0.051092065609218376,0.45212574639236597,-0.8914413363336677,-0.03024323601717805,-0.05924939594544655,0.0038159629331432823,-0.9982359177604224
1.534,0.01596849225461483,Empty,0.45997,0.01086,0.31259,0.52672,-0.04347,-0.02933,0.96527,0.25993,-0.0248,-0.0085,0.8636460023040581,0.5022226257597407,-0.04345131619652039,0.5013793368557876,-0.8647311856959049,-0.02930421572068865,-0.05229094833973874,0.0035228766577059477,-0.9986256786513079
1.6,0.01596849225461483,Empty,0.47297,0.01331,0.29703,0.58632,-0.03348,-0.02641,0.95718,0.2887,-0.01984,-0.0078,0.8325149351171273,0.5529896647059371,-0.033486019998510544,0.5523707839028243,-0.8331808933470056,-0.026384011295953934,-0.04248999761714208,0.003468384335817721,-0.9990908719493908
1.667,0.01596849225461483,Empty,0.48533,0.016,0.2819,0.64487,-0.02448,-0.02275,0.94838,0.3167,-0.01521,-0.00691,0.7989386927671756,0.6009147581953376,-0.02446259558010122,0.6004941851075676,-0.7993055221019445,-0.02274677975750281,-0.03322196338982395,0.003483636085633274,-0.9994419269913323
1.733,0.01596849225461483,Empty,0.49709,0.01841,0.2669,0.70014,-0.01786,-0.01968,0.93929,0.34285,-0.01176,-0.00618,0.7646263416506615,0.6442265104250452,-0.0178538768757683,0.6439360290618463,-0.7648265644668812,-0.019665115353047977,-0.026323907954308733,0.003539710631797976,-0.9996471989250286
1.8,0.01596849225461483,Empty,0.50658,0.02071,0.25123,0.75163,-0.01735,-0.02087,0.93016,0.36691,-0.0119,-0.00652,0.7304759650318083,0.6827179021052447,-0.017353116603702326,0.6824077968760762,-0.730674189801624,-0.0208525087334905,-0.02691585543110327,0.003390354369964521,-0.9996319533826727
1.867,0.01596849225461483,Empty,0.51421,0.02302,0.23516,0.80089,-0.0214,-0.02637,0.92081,0.38964,-0.01499,-0.00797,0.69591767727718,0.717802656814078,-0.02139935334971213,0.7173248860803452,-0.6962401886997811,-0.026355406449398405,-0.03381707058505009,0.002990904536186036,-0.9994235639743048
1.933,0.01596849225461483,Empty,0.52088,0.02499,0.21952,0.84754,-0.02659,-0.03387,0.91143,0.4109,-0.01908,-0.00997,0.6615908316802328,0.7493936950458732,-0.02658310106346623,0.7486329813456226,-0.6621199832347104,-0.03384947625637874,-0.04296778651760406,0.002493516945843192,-0.9990733465041585
2.0,0.01596849225461483,Empty,0.52772,0.02666,0.20457,0.89231,-0.03029,-0.04081,0.90196,0.43108,-0.02246,-0.01187,0.6273372823702559,0.7781588364398673,-0.030278035254187673,0.7770923463197799,-0.6280641771679887,-0.0407783600640956,-0.050748590517587254,0.002052956124495806,-0.9987093500772031
2.067,0.01596849225461483,Empty,0.53501,0.02832,0.19138,0.9388,-0.03094,-0.04519,0.89166,0.45187,-0.02401,-0.01315,0.5904707846243582,0.8064656079613226,-0.030943103927522034,0.8052028905739773,-0.5912784369089059,-0.04514548768008642,-0.054704273292006424,0.0017416148069381888,-0.9985010812520224
2.134,0.01596849225461483,Empty,0.54261,0.02999,0.18045,0.98951,-0.02884,-0.04679,0.87991,0.47434,-0.02379,-0.01374,0.5488766036461643,0.835406175108121,-0.02882701096317192,0.8340990538192244,-0.5496307185124512,-0.04674229011677769,-0.05489300855050585,0.001611166877122503,-0.9984909422491364
2.2,0.01596849225461483,Empty,0.55058,0.03166,0.17127,1.04797,-0.02464,-0.04605,0.86568,0.49992,-0.02218,-0.01377,0.4991816236303881,0.8661470424891696,-0.02463752051229673,0.8649255695063703,-0.49978650190618495,-0.04601316905473454,-0.05216767048479526,0.0016593069767987933,-0.9986369614912851
2.267,0.01596849225461483,Empty,0.55855,0.03333,0.16384,1.10994,-0.01941,-0.04326,0.84979,0.52659,-0.01964,-0.01327,0.4446407887553833,0.8954986030605516,-0.019411875014818076,0.8944561753083535,-0.4450604305172889,-0.04323613813139774,-0.0473573587496423,0.001861479080163446,-0.9988762763565324
2.333,0.01596849225461483,Empty,0.56578,0.03545,0.15743,1.17216,-0.01503,-0.04083,0.83301,0.55284,-0.01755,-0.01285,0.3881294135431725,0.9214823855587904,-0.015025692912943327,0.9205806153246201,-0.38841497174873124,-0.04080613201439588,-0.043438335962338294,0.0020056984602366034,-0.9990540967047328
2.4,0.01596849225461483,Empty,0.57128,0.0381,0.15132,1.23075,-0.01305,-0.04232,0.81643,0.57701,-0.01754,-0.01351,0.3334922615579813,0.9426625182857797,-0.013049448266297685,0.9417141460416258,-0.3337424993479411,-0.042313251754984474,-0.044242271935719814,0.0018222919912310848,-0.9990191692984998
2.467,0.01596849225461483,Empty,0.57521,0.04134,0.14543,1.28456,-0.01233,-0.04677,0.80059,0.59873,-0.01894,-0.01503,0.28233243928027263,0.9592372677005645,-0.012339286219477632,0.958098624064724,-0.2825986074578043,-0.04674455720393904,-0.04832618643482706,0.00137525170964203,-0.9988306605162867
2.534,0.01596849225461483,Empty,0.57708,0.04468,0.13927,1.33072,-0.01238,-0.05344,0.7865,0.61698,-0.02136,-0.0172,0.23775435645879234,0.9712463546385885,-0.012384853092314772,0.9697767095957748,-0.23807571055402393,-0.05341431989447133,-0.05482699618306473,0.0006889451715020098,-0.9984956313595432
2.6,0.01596849225461483,Empty,0.57745,0.04807,0.13269,1.37343,-0.01267,-0.06191,0.77308,0.63353,-0.02452,-0.01992,0.19608458294099418,0.9805050576192691,-0.012675500616941494,0.9785511663298381,-0.19649365901654908,-0.06186967626229932,-0.06315418598454091,-0.0002719362459353969,-0.9980037449044508
2.667,0.01596849225461483,Empty,0.57726,0.05139,0.12641,1.40963,-0.01275,-0.07027,0.76139,0.64731,-0.02761,-0.02263,0.1604544720176515,0.9869608924881275,-0.012749867002253501,0.9844612166180622,-0.1609550951472959,-0.07021089887623629,-0.071347567473747,-0.0012860968716857774,-0.997450685783721
2.733,0.01596849225461483,Empty,0.57711,0.05464,0.12062,1.44123,-0.0122,-0.07631,0.75099,0.65918,-0.02975,-0.02464,0.12918550167404524,0.9915453993315566,-0.012199476285846084,0.9886139201847292,-0.12974135738417053,-0.0762213684021377,-0.07715972378259692,-0.002213876359838549,-0.9970162866158487
2.8,0.01596849225461483,Empty,0.57809,0.05782,0.11565,1.46713,-0.01073,-0.07711,0.74237,0.66886,-0.02979,-0.02504,0.10346572130561421,0.9945751559889995,-0.01072863477646166,0.9915916127525884,-0.10398622967719573,-0.07702556430330271,-0.07772334291208594,-0.00266891869101195,-0.9969713931901913
2.867,0.01596849225461483,Empty,0.57959,0.06024,0.11134,1.48783,-0.00909,-0.07535,0.73541,0.67656,-0.02885,-0.02464,0.0828664983100757,0.9965192480431733,-0.009084697974857496,0.9936761106035337,-0.08331630501654352,-0.07527403625569679,-0.07576892947415761,-0.0027895515514888914,-0.997121500985954
2.933,0.01596849225461483,Empty,0.58169,0.0618,0.10762,1.50407,-0.00705,-0.06962,0.72994,0.68262,-0.02635,-0.02301,0.0666758635438034,0.9977497148171538,-0.007059447781256785,0.9953242252452151,-0.06700600540068086,-0.06956925959255153,-0.0698857343146654,-0.0023878489341020706,-0.9975521451617295
3.0,0.01596849225461483,Empty,0.58471,0.06256,0.10449,1.51782,-0.00465,-0.06001,0.7253,0.68777,-0.02233,-0.02017,0.05293514393585008,0.9985871413337282,-0.004646686929810358,0.9967853878804277,-0.053118723554343716,-0.059977426720582185,-0.06013951317192744,-0.001456835917334026,-0.9981889182837853
3.067,0.015968820080161095,Empty,0.58796,0.06251,0.10148,1.52827,-0.00267,-0.04922,0.72178,0.69168,-0.01799,-0.01684,0.04250912682505631,0.9990924800103235,-0.0026815151300346902,0.9978805885603015,-0.04258960895194602,-0.049198131914395926,-0.04926768830701587,-0.0005844622670874601,-0.9987854390672408
3.134,0.015968820080161095,Empty,0.5905,0.06174,0.09848,1.53685,-0.00158,-0.03911,0.71888,0.69486,-0.01416,-0.01351,0.03392949671775114,0.9994229669085186,-0.0015882280232108262,0.998657779063851,-0.0339656581997706,-0.03910210196796214,-0.039133483971359996,-0.00025938162992756355,-0.9992339581666715
3.2,0.015968820080161095,Empty,0.59186,0.06076,0.0952,1.54425,-0.00122,-0.0326,0.71634,0.69756,-0.01181,-0.01125,0.02654772649367171,0.9996467944533858,-0.0012266038838658067,0.9991150130275714,-0.02657361048863116,-0.03260420170030623,-0.032625281009256386,-0.00035995092612400967,-0.9994675890064659
3.267,0.01596849225461483,Empty,0.59236,0.05952,0.09181,1.5504,-0.00148,-0.03024,0.71421,0.69977,-0.01111,-0.01028,0.02040229918668296,0.9997907509738841,-0.0014833930610989414,0.999333860069886,-0.020437834793145593,-0.030234599828496002,-0.030258590610242806,-0.0008655495622582745,-0.9995417292530798
3.333,0.01596849225461483,Empty,0.59236,0.05779,0.08873,1.55192,-0.00236,-0.03023,0.71368,0.70031,-0.01143,-0.00996,0.018867726115847305,0.9998191951705651,-0.0023634465725520214,0.9993636970727728,-0.01893058950993759,-0.03022968332360386,-0.030268959087760276,-0.0017915773190610219,-0.9995401844680649
3.4,0.01596849225461483,Empty,0.59172,0.05506,0.08606,1.55119,-0.00469,-0.03367,0.71393,0.70001,-0.01346,-0.01038,0.01961544639558188,0.9997966140366205,-0.0046866644440332565,0.9992378926296852,-0.01976227613349002,-0.03366134838370946,-0.03374712129482778,-0.004022810327694626,-0.9994223075363986
3.467,0.01596849225461483,Empty,0.59126,0.05175,0.08426,1.55026,-0.00738,-0.03643,0.71425,0.69964,-0.01538,-0.01043,0.020533339903228143,0.9997618946146535,-0.007384851314471677,0.9991203006983476,-0.020789184877748668,-0.03642024882620118,-0.03656510200809103,-0.006630525517418991,-0.999309276173548
3.534,0.01596849225461483,Empty,0.59151,0.0484,0.08412,1.54687,-0.00994,-0.03637,0.71545,0.69841,-0.01626,-0.00954,0.023917987171497568,0.999664536363364,-0.009937033112762249,0.9990440160115859,-0.024264604274252033,-0.03636321012859364,-0.036592129770025204,-0.009057798674843947,-0.9992892335665683
3.6,0.01596849225461483,Empty,0.59208,0.04543,0.08474,1.54273,-0.01209,-0.03502,0.71691,0.69692,-0.01654,-0.00834,0.028045359992849073,0.9995335008359318,-0.012092910714022508,0.998981386122865,-0.02845359148961152,-0.035022611430068754,-0.035350360152490566,-0.011098370961908308,-0.9993133533577349
3.667,0.01596849225461483,Empty,0.59251,0.04286,0.08534,1.53913,-0.01393,-0.03385,0.71818,0.69562,-0.01678,-0.00731,0.03165774699254731,0.9994017227539542,-0.013927799962103221,0.9989110202801205,-0.032113869456706634,-0.033844836407434346,-0.03427186336171777,-0.012841181602411253,-0.9993300473000747
3.733,0.01596849225461483,Empty,0.59255,0.041,0.08529,1.53655,-0.01535,-0.03397,0.71908,0.69468,-0.01732,-0.00688,0.034244483320934826,0.9992955460409076,-0.015353404341925102,0.9988188624151741,-0.0347499264981867,-0.033960605000907335,-0.03447021099064025,-0.01417230648747941,-0.9993052337915006
3.8,0.01596849225461483,Empty,0.59246,0.04033,0.08521,1.53557,-0.0159,-0.03436,0.71942,0.69432,-0.01765,-0.00684,0.03521307834112275,0.9992532081632678,-0.015908019649187997,0.9987704904337653,-0.03574292309583604,-0.03435041320364909,-0.034893359718408165,-0.014678876795659414,-0.9992832351358545
3.867,0.01596849225461483,Empty,0.59244,0.04043,0.08519,1.53571,-0.0159,-0.03439,0.71937,0.69437,-0.01766,-0.00685,0.035076354724573655,0.9992581888748506,-0.015897210629195274,0.9987740643167327,-0.0356064433933137,-0.03438821945251465,-0.03492875301913058,-0.01467150828755762,-0.9992821068432564
3.933,0.01596849225461483,Empty,0.59243,0.04049,0.08519,1.53579,-0.01589,-0.03442,0.71934,0.6944,-0.01767,-0.00686,0.0349860062125803,0.9992614084947277,-0.015893925330970563,0.9987767321491283,-0.03551625549764137,-0.03440399559549498,-0.034943077809515825,-0.014670824399447467,-0.9992816160745873
4.0,0.01596849225461483,Empty,0.59243,0.04049,0.08519,1.53579,-0.01589,-0.03442,0.71934,0.6944,-0.01767,-0.00686,0.034999468582194604,0.9992609152116422,-0.015895298970305893,0.9987762343022217,-0.035529766721881684,-0.03440449781296847,-0.03494382623637345,-0.01467170770837893,-0.9992815769345907
4.067,0.01596849225461483,Empty,0.59243,0.04049,0.08519,1.53579,-0.01589,-0.03442,0.71934,0.6944,-0.01767,-0.00686,0.03499487557449421,0.999261055376949,-0.01589659996577853,0.9987762171315807,-0.03552529650958208,-0.03440961203262716,-0.03494891666211267,-0.01467298588742588,-0.9992813801473998
4.133,0.01596849225461483,Empty,0.59243,0.04049,0.08518,1.53579,-0.01591,-0.03443,0.71934,0.6944,-0.01768,-0.00686,0.03500615109601529,0.9992606229119443,-0.015898958553166854,0.9987754738069679,-0.03553679152788797,-0.034419316808592594,-0.03495886592997244,-0.014674602057153364,-0.9992810083992162
4.2,0.01596849225461483,Empty,0.59243,0.0405,0.08519,1.53579,-0.01589,-0.03442,0.71934,0.6944,-0.01767,-0.00686,0.034998607597332365,0.9992609769155951,-0.015893315574102222,0.9987764489645361,-0.035528760594267905,-0.03439930470848203,-0.03493855263229613,-0.014669941524261338,-0.9992817872630497
4.267,0.01596849225461483,Empty,0.59242,0.04049,0.08518,1.53576,-0.01591,-0.03443,0.71935,0.69439,-0.01768,-0.00686,0.03501310535765079,0.999260304383836,-0.01590366422991967,0.9987750719466824,-0.035543969376872875,-0.03442356603891612,-0.034963382432392894,-0.014678907440947273,-0.9992807871490507
4.333,0.01596849225461483,Empty,0.59243,0.04049,0.08519,1.53579,-0.01589,-0.03442,0.71934,0.6944,-0.01767,-0.00686,0.03500649982984383,0.9992606553100815,-0.01589615421822664,0.9987757160043473,-0.035536936633380756,-0.03441213818871036,-0.034951596382239186,-0.014672044301377177,-0.9992813002485094
4.4,0.01596849225461483,Empty,0.59242,0.04049,0.08518,1.53576,-0.01591,-0.03443,0.71935,0.69439,-0.01768,-0.00686,0.03501317414558358,0.9992603246772991,-0.015902237643486656,0.9987751236924292,-0.035543966236474045,-0.03442206788316178,-0.034961835326876606,-0.014677533512115535,-0.9992808614601687
4.467,0.01596849225461483,Empty,0.59242,0.04049,0.08518,1.53576,-0.01591,-0.03443,0.71935,0.69439,-0.01768,-0.00686,0.03501360226579525,0.999260324701579,-0.015901293458936216,0.9987749046629621,-0.035544447169520155,-0.03442792603256618,-0.03496766323138223,-0.014676367149526321,-0.9992806746732515
4.534,0.01596849225461483,Empty,0.59243,0.04049,0.08519,1.53576,-0.0159,-0.03442,0.71935,0.69439,-0.01767,-0.00686,0.03501290884739833,0.9992604069243671,-0.01589765288939359,0.998775384219214,-0.0355434377427179,-0.034415053554965755,-0.034954657655388424,-0.014673213239689432,-0.999281176006742
4.6,0.01596849225461483,Empty,0.59242,0.04049,0.08518,1.53576,-0.01591,-0.03443,0.71935,0.69439,-0.01768,-0.00686,0.03502516036962339,0.9992598912681636,-0.01590307655204495,0.9987744151939839,-0.03555609394557846,-0.03443009929187922,-0.03497006855866346,-0.014677666233813712,-0.9992805714207252
4.667,0.01596849225461483,Empty,0.59243,0.0405,0.08519,1.53576,-0.0159,-0.03442,0.71935,0.69439,-0.01767,-0.00686,0.035012714004868384,0.999260409463337,-0.015897922417020344,0.9987752959752446,-0.035543292228689016,-0.03441776470238419,-0.034957374151614276,-0.01467339281523954,-0.9992810783436828
4.734,0.01596849225461483,Empty,0.59242,0.04049,0.08519,1.53576,-0.01591,-0.03443,0.71935,0.69439,-0.01768,-0.00686,0.03502344190390766,0.999259990998624,-0.015900594537107245,0.9987747984556687,-0.035554155599466786,-0.034420981819919205,-0.03496084219583254,-0.014675571847079181,-0.9992809250175444
4.8,0.01596849225461483,Empty,0.59243,0.0405,0.08519,1.53576,-0.0159,-0.03442,0.71935,0.69439,-0.01767,-0.00686,0.03501772858266766,0.9992602490147651,-0.015896962724374214,0.9987751510900598,-0.03554825725889482,-0.03441684138446972,-0.034956490812707915,-0.014672291736635819,-0.9992811254122919
4.867,0.01596849225461483,Empty,0.59242,0.04049,0.08518,1.53576,-0.0159,-0.03445,0.71935,0.69439,-0.01768,-0.00687,0.035019370764258484,0.9992601453524786,-0.015899861050299405,0.9987746529234884,-0.03555018304218627,-0.03442930674923222,-0.034969077037306145,-0.01467468554383673,-0.9992806498953878
4.934,0.01596849225461483,Empty,0.59242,0.04049,0.08518,1.53576,-0.01591,-0.03443,0.71935,0.69439,-0.01768,-0.00686,0.03502255919492203,0.9992600121655746,-0.0159012085796418,0.9987746726705783,-0.03555336045371704,-0.03442545268006762,-0.0349653196641714,-0.014676056939898678,-0.9992807612345386
5.0,0.01596849225461483,Empty,0.59243,0.04049,0.08519,1.53574,-0.01591,-0.03443,0.71936,0.69438,-0.01768,-0.00686,0.03503819980298739,0.999259466515021,-0.015901041936968664,0.9987742874683875,-0.03556891577708826,-0.03442055958953882,-0.03496065283401495,-0.014675517386371916,-0.9992809324423547
5.067,0.01596849225461483,Empty,0.59242,0.04049,0.08518,1.53576,-0.01591,-0.03443,0.71935,0.69439,-0.01768,-0.00686,0.03502658817259979,0.9992598744804386,-0.01590098658338606,0.9987745863241383,-0.03555735589704151,-0.03442383120249203,-0.034963750285597395,-0.014675751938114302,-0.9992808206260227
5.133,0.015968820080161095,Empty,0.59242,0.04049,0.08519,1.53576,-0.01591,-0.03443,0.71935,0.69439,-0.01768,-0.00686,0.0350295388302545,0.9992597549975822,-0.015901995205370743,0.9987744720445562,-0.035560343763443636,-0.034424060532475806,-0.03496405870973131,-0.014676647900581843,-0.9992807966757614
5.2,0.015968820080161095,Empty,0.59242,0.04049,0.08518,1.53576,-0.01591,-0.03443,0.71935,0.69439,-0.01768,-0.00686,0.03502893940558921,0.9992597671167831,-0.015902554066302383,0.9987744847155822,-0.03555976751781742,-0.034424288158245504,-0.034964297293706495,-0.014677218939257108,-0.9992807799407363
5.267,0.015968820080161095,Empty,0.59242,0.0405,0.08519,1.53576,-0.0159,-0.03445,0.71935,0.69439,-0.01768,-0.00687,0.03502673933163214,0.9992598991329249,-0.015899104271950192,0.9987743887156247,-0.03555752280784957,-0.03442939176779375,-0.034969243307867666,-0.014673668819545866,-0.9992806590071929
5.333,0.01596849225461483,Empty,0.59242,0.04049,0.08518,1.53574,-0.01591,-0.03443,0.71935,0.69438,-0.01768,-0.00686,0.03503542026498213,0.999259550540065,-0.01590188609326426,0.998774131481865,-0.035566273670236626,-0.03442781520601724,-0.034967893981507216,-0.014676199497175602,-0.9992806690609086
5.4,0.01596849225461483,Empty,0.59242,0.0405,0.08518,1.53576,-0.0159,-0.03445,0.71935,0.69439,-0.01768,-0.00687,0.03503319586788822,0.9992596980672177,-0.01589751571458531,0.9987742617058314,-0.0355638783573175,-0.03442651173380501,-0.03496640303568662,-0.014671958792173269,-0.9992807835057907
5.467,0.01596849225461483,Empty,0.59242,0.04049,0.08519,1.53576,-0.01591,-0.03443,0.71935,0.69439,-0.01768,-0.00686,0.0350322719344463,0.9992597000298109,-0.01589942827410289,0.9987744353706578,-0.035562961680185357,-0.034422420114767975,-0.03496236795663179,-0.01467404691508107,-0.9992808940303018
5.534,0.01596849225461483,Empty,0.59242,0.04049,0.08518,1.53576,-0.01591,-0.03443,0.71935,0.69439,-0.01768,-0.00686,0.035029515139039624,0.9992597425204217,-0.015902831419087795,0.9987744246514368,-0.035560369139457815,-0.03442540934915643,-0.034965436238023194,-0.014677435902964279,-0.9992807369022977
5.6,0.01596849225461483,Empty,0.59242,0.0405,0.08519,1.53576,-0.01591,-0.03443,0.71935,0.69439,-0.01768,-0.00686,0.03503066829365009,0.9992597570178663,-0.015899379972007695,0.9987743963488426,-0.03556139748374654,-0.03442516822047759,-0.0349650894022231,-0.014673956984978212,-0.9992808001305226
5.667,0.01596849225461483,Empty,0.59242,0.04049,0.08519,1.53574,-0.01591,-0.03443,0.71936,0.69438,-0.01768,-0.00686,0.035038657631932646,0.9992594478945706,-0.015901203249747933,0.9987740340127551,-0.03556947848362979,-0.0344273319078035,-0.03496743418153045,-0.014675421419509027,-0.9992806965777533
5.733,0.01596849225461483,Empty,0.59242,0.04049,0.08519,1.53574,-0.01591,-0.03443,0.71935,0.69438,-0.01768,-0.00686,0.03503433201671913,0.9992596237124509,-0.015899685474662854,0.99877435755439,-0.03556503150960927,-0.03442253949865049,-0.03496252668154739,-0.014674227467618903,-0.9992808858255374
5.8,0.01596849225461483,Empty,0.59243,0.04049,0.08519,1.53574,-0.0159,-0.03442,0.71936,0.69438,-0.01767,-0.00686,0.03503766545861792,0.9992595281009222,-0.015898348931020004,0.9987743423513005,-0.035568273876808054,-0.034419630360480236,-0.034959620420389116,-0.014672879504271203,-0.999281007298305
5.867,0.01596849225461483,Empty,0.59242,0.04049,0.08519,1.53576,-0.01591,-0.03443,0.71935,0.69439,-0.01768,-0.00686,0.03503405826086009,0.9992596395452412,-0.015899293622332056,0.9987744548778363,-0.035564707629148484,-0.03442005018494303,-0.034960020670123125,-0.014673934277066314,-0.9992809778073315
5.933,0.01596849225461483,Empty,0.59242,0.04049,0.08519,1.53576,-0.01591,-0.03443,0.71935,0.69439,-0.01768,-0.00686,0.035033596781006815,0.99925966138807,-0.015898937674754497,0.9987743211819098,-0.035564297117644694,-0.03442435356172779,-0.03496430242691509,-0.014673441761488033,-0.9992808352323542
6.0,0.01596849225461483,Empty,0.59242,0.04049,0.08519,1.53576,-0.01591,-0.03443,0.71935,0.69439,-0.01768,-0.00686,0.0350327712274634,0.9992597059539444,-0.015897955747847158,0.9987743539357752,-0.035563436722685304,-0.03442429212992467,-0.034964193974679626,-0.014672492130100577,-0.9992808529709719
6.067,0.01596849225461483,Empty,0.59242,0.0405,0.08519,1.53576,-0.0159,-0.03445,0.71935,0.69439,-0.01768,-0.00687,0.035032364116566295,0.9992597124386979,-0.015898445248985614,0.9987742290627422,-0.03556310515345573,-0.03442825746345103,-0.03496816873285943,-0.014672854145493311,-0.9992807085732693
6.133,0.01596849225461483,Empty,0.59242,0.04049,0.08519,1.53574,-0.01591,-0.03443,0.71936,0.69438,-0.01768,-0.00686,0.03503888837860347,0.9992594576911835,-0.015900079116575677,0.9987742029297995,-0.03556959604883703,-0.03442230960970208,-0.034962377824389906,-0.014674469382030547,-0.9992808874812028
6.2,0.01596849225461483,Empty,0.59243,0.0405,0.08519,1.53574,-0.0159,-0.03442,0.71935,0.69438,-0.01767,-0.00686,0.035035705348848756,0.9992595986705974,-0.015898233090048834,0.9987744461368457,-0.03556629645071213,-0.03441866210091821,-0.034958619748865556,-0.014672866845198643,-0.9992810424919494
6.267,0.01596849225461483,Empty,0.59242,0.04049,0.08519,1.53574,-0.01591,-0.03443,0.71936,0.69438,-0.01768,-0.00686,0.035038726634159745,0.9992594474872325,-0.015901076798983654,0.9987741217507711,-0.03556950524111829,-0.03442475879186147,-0.034964858884777635,-0.014675384302041537,-0.9992807872358774
6.333,0.01596849225461483,Empty,0.59242,0.04049,0.08518,1.53574,-0.01591,-0.03443,0.71936,0.69438,-0.01768,-0.00686,0.03503959690346792,0.9992593821583369,-0.015903264362418113,0.9987739773619279,-0.03557049805483725,-0.03442792199314422,-0.03496811109393374,-0.014677426091426728,-0.999280643448002
6.4,0.01596849225461483,Empty,0.59242,0.04049,0.08519,1.53574,-0.01591,-0.03443,0.71935,0.69438,-0.01768,-0.00686,0.03503745381666129,0.9992595230950803,-0.015899129971109774,0.9987741190240231,-0.035568186130275736,-0.034426200824205604,-0.034966212231692974,-0.01467343310868238,-0.9992807685345361
6.467,0.01596849225461483,Empty,0.59242,0.04049,0.08518,1.53574,-0.01591,-0.03443,0.71936,0.69438,-0.01768,-0.00686,0.03504143962553802,0.9992593264158289,-0.01590270668638999,0.9987738515828508,-0.035572345926896176,-0.03442966162504309,-0.03496985706758757,-0.014676742698596418,-0.9992805923865588
6.533,0.01596849225461483,Empty,0.59243,0.04049,0.08519,1.53576,-0.01591,-0.03443,0.71935,0.69439,-0.01768,-0.00686,0.0350338113214948,0.9992596665796066,-0.015898138617538388,0.9987744083339367,-0.03556444424755639,-0.0344216728611115,-0.03496159781080973,-0.014672731598956417,-0.9992809402895365
6.6,0.01596849225461483,Empty,0.59242,0.04049,0.08519,1.53574,-0.01591,-0.03443,0.71936,0.69438,-0.01768,-0.00686,0.03504151709164094,0.9992593126402882,-0.015903401572459536,0.9987739767075665,-0.03557239362035036,-0.03442598239517045,-0.03496620556580231,-0.014677564981205869,-0.9992807080868481
6.667,0.01596849225461483,Empty,0.59242,0.04049,0.08519,1.53574,-0.0159,-0.03445,0.71936,0.69438,-0.01768,-0.00687,0.03503841070937075,0.9992594650930993,-0.015900666552521044,0.9987740032865635,-0.03556922977360266,-0.03442848024884333,-0.034968559219587275,-0.014674853156527763,-0.999280665554448
6.733,0.01596849225461483,Empty,0.59242,0.04049,0.08519,1.53576,-0.01591,-0.03443,0.71935,0.69439,-0.01768,-0.00686,0.03503295040067267,0.9992596719640867,-0.015899697243953036,0.9987743006698028,-0.0355636954816661,-0.034425570223799176,-0.03496553600004455,-0.014674179701525555,-0.9992807812333412
6.8,0.01596849225461483,Empty,0.59242,0.04049,0.08519,1.53574,-0.01591,-0.03443,0.71936,0.69438,-0.01768,-0.00686,0.03503845238278297,0.9992594728925841,-0.01590008456124329,0.9987740791880677,-0.03556921889978809,-0.034426289502164795,-0.034966349489864566,-0.014674348411230682,-0.9992807502909572
6.867,0.01596849225461483,Empty,0.59242,0.04049,0.08519,1.53574,-0.01591,-0.03443,0.71935,0.69438,-0.01768,-0.00686,0.035034915894224805,0.9992596015158874,-0.015899793916722162,0.9987742542974509,-0.03556565345426954,-0.03442489283849569,-0.03496489126045856,-0.014674231587392925,-0.9992808030310919
6.933,0.01596849225461483,Empty,0.59242,0.04049,0.08519,1.53574,-0.01591,-0.03443,0.71936,0.69438,-0.01768,-0.00686,0.035044002691101195,0.9992592851219901,-0.015899653231292325,0.9987739428583493,-0.03557472594665184,-0.034424554332737466,-0.03496468135952421,-0.01467378517322192,-0.999280816930915
7.0,0.01596849225461483,Empty,0.59242,0.04049,0.08518,1.53574,-0.0159,-0.03445,0.71936,0.69438,-0.01768,-0.00687,0.0350392106432757,0.999259440444897,-0.01590045280006256,0.9987738295360109,-0.035570082915662826,-0.03443263909932654,-0.034972720103928795,-0.014674463640069883,-0.999280525661042
7.067,0.01596849225461483,Empty,0.59242,0.0405,0.08519,1.53574,-0.0159,-0.03445,0.71935,0.69438,-0.01768,-0.00687,0.03503678062381854,0.9992595501241277,-0.01589891471905873,0.9987741183315815,-0.03556751619443865,-0.034426913058404056,-0.03496690656164726,-0.01467321633057431,-0.999280747421877
7.134,0.01596849225461483,Empty,0.59242,0.04049,0.08519,1.53574,-0.0159,-0.03445,0.71936,0.69438,-0.01768,-0.00687,0.035043732129370564,0.9992592673458849,-0.01590136666485646,0.9987737311460182,-0.03557460743867724,-0.03443081872748401,-0.03497099957258529,-0.014675282925698743,-0.9992805738429749
7.2,0.01596849225461483,Empty,0.59242,0.0405,0.08519,1.53574,-0.0159,-0.03445,0.71935,0.69438,-0.01768,-0.00687,0.03503544343083148,0.9992595669982414,-0.0159008008003501,0.9987740467223827,-0.0355662946568604,-0.03443025236877239,-0.03497029164020477,-0.014675028002316792,-0.9992806023613839
7.267,0.01596849225461483,Empty,0.59242,0.04049,0.08519,1.53574,-0.01591,-0.03443,0.71935,0.69438,-0.01768,-0.00686,0.03503512818282695,0.9992595867764544,-0.015900252468503205,0.998774343122294,-0.03556584098459681,-0.03442212189405734,-0.03496214115073395,-0.01467478076182472,-0.9992808911891334
7.333,0.01596849225461483,Empty,0.59243,0.04049,0.08519,1.53574,-0.01591,-0.03443,0.71936,0.69438,-0.01768,-0.00686,0.03504106678211305,0.9992593661708745,-0.015901030109812857,0.9987741522620676,-0.03557179487245382,-0.034421507560542075,-0.03496164200891997,-0.014675371522851971,-0.9992808999769315
7.4,0.01596849225461483,Empty,0.59242,0.04049,0.08519,1.53574,-0.01591,-0.03443,0.71936,0.69438,-0.01768,-0.00686,0.03504134388106461,0.9992593689957817,-0.015900241921456046,0.998773948445284,-0.03557212608747773,-0.03442707876997261,-0.03496718641850231,-0.014674376299128765,-0.999280720595672
7.467,0.01596849225461483,Empty,0.59242,0.04049,0.08519,1.53574,-0.01591,-0.03443,0.71936,0.69438,-0.01768,-0.00686,0.035040260807652934,0.9992593622837388,-0.015903050362341138,0.9987739558749001,-0.035571153362697394,-0.03442786828211331,-0.03496805954774653,-0.014677191037216444,-0.9992806487042177
7.534,0.01596849225461483,Empty,0.59242,0.04049,0.08519,1.53574,-0.0159,-0.03445,0.71936,0.69438,-0.01768,-0.00687,0.035042868846650255,0.9992593115757991,-0.015900489679761556,0.998773835777105,-0.035573683347911444,-0.03442873828869174,-0.034968876305725954,-0.014674511307783454,-0.9992806594785034
7.6,0.01596849225461483,Empty,0.59242,0.04049,0.08519,1.53574,-0.01591,-0.03443,0.71935,0.69438,-0.01768,-0.00686,0.03503719807291128,0.9992594915548055,-0.015901675661109182,0.998774031384974,-0.03556805881679187,-0.034428874843830434,-0.03496897170644984,-0.014675889398491583,-0.9992806359017253
7.667,0.01596849225461483,Empty,0.59242,0.04049,0.08519,1.53574,-0.01591,-0.03443,0.71936,0.69438,-0.01768,-0.00686,0.035039064942043396,0.9992594326140687,-0.01590126598095508,0.9987740035698507,-0.03556989444874781,-0.03442778531879806,-0.034967895576364844,-0.014675453680031468,-0.9992806799584618
7.733,0.01596849225461483,Empty,0.59242,0.04049,0.08519,1.53574,-0.01591,-0.03443,0.71936,0.69438,-0.01768,-0.00686,0.03503752881954991,0.9992594549410118,-0.015903247630951536,0.9987741941762601,-0.035568370288910856,-0.034423830155183056,-0.03496399035838404,-0.014677627396247643,-0.9992807846807802
7.8,0.015968820080161095,Empty,0.59242,0.0405,0.08519,1.53574,-0.01591,-0.03443,0.71936,0.69438,-0.01768,-0.00686,0.03504016431596396,0.9992594319421839,-0.01589888547332146,0.9987741529841336,-0.0355708321479134,-0.03442248147841727,-0.03496252587467391,-0.014673226464841427,-0.9992809005527797
7.867,0.015968820080161095,Empty,0.59242,0.04049,0.08519,1.53574,-0.0159,-0.03445,0.71936,0.69438,-0.01768,-0.00687,0.035038306846912226,0.9992594624427585,-0.015901061974295496,0.9987739768394183,-0.035569152235898904,-0.03442932757973488,-0.034969418663667574,-0.014675221559765557,-0.9992806300686994
7.934,0.015968820080161095,Empty,0.59242,0.04049,0.08519,1.53574,-0.01591,-0.03443,0.71936,0.69438,-0.01768,-0.00686,0.03503779282478792,0.9992594624083251,-0.01590219674736643,0.9987740115571697,-0.035568670670104,-0.03442881794021567,-0.03496894210533214,-0.014676391047746935,-0.999280629570016
8.0,0.01596849225461483,Empty,0.59242,0.04049,0.08518,1.53574,-0.0159,-0.03445,0.71936,0.69438,-0.01768,-0.00687,0.035045646840884015,0.9992591936106392,-0.015901780470096237,0.9987736969312213,-0.035576521229574276,-0.03442983380068794,-0.03497005799030609,-0.014675664271737469,-0.9992806011938479
8.067,0.01596849225461483,Empty,0.59242,0.0405,0.08518,1.53574,-0.0159,-0.03445,0.71936,0.69438,-0.01768,-0.00687,0.03503787354864041,0.9992594495490288,-0.015902826923579125,0.9987737105375722,-0.035568898187194,-0.03443731436623476,-0.0349774578292839,-0.014676715188381031,-0.9992803267727627
8.133,0.01596849225461483,Empty,0.59242,0.04049,0.08519,1.53574,-0.01591,-0.03443,0.71936,0.69438,-0.01768,-0.00686,0.03504131035514585,0.9992593623436156,-0.01590073385807097,0.9987741106004433,-0.03557204196984726,-0.034422461044917654,-0.034962588046192865,-0.014675033176326298,-0.9992808718465424
8.2,0.01596849225461483,Empty,0.59242,0.04049,0.08518,1.53574,-0.0159,-0.03445,0.71936,0.69438,-0.01768,-0.00687,0.035040974868108865,0.999259366291705,-0.015901225065791266,0.9987738360303755,-0.035571843815253246,-0.0344306315473826,-0.03497076695557235,-0.014675244661797763,-0.9992805825455909
8.267,0.01596849225461483,Empty,0.59242,0.04049,0.08518,1.53574,-0.0159,-0.03445,0.71936,0.69438,-0.01768,-0.00687,0.035039333538144146,0.9992594297965243,-0.01590085116992021,0.9987738559303656,-0.03557020656678833,-0.034431745741187555,-0.034971843176939604,-0.014674889012230042,-0.9992805501045672
8.334,0.01596849225461483,Empty,0.59242,0.04049,0.08519,1.53574,-0.01591,-0.03443,0.71936,0.69438,-0.01768,-0.00686,0.035039437450931854,0.9992593973940926,-0.015902658353764136,0.9987741154842951,-0.03557026220697446,-0.03442415845146485,-0.03496432555744052,-0.01467696038426863,-0.9992807827493692
8.4,0.01596849225461483,Empty,0.59242,0.04049,0.08519,1.53574,-0.01591,-0.03443,0.71936,0.69438,-0.01768,-0.00686,0.035038448941403844,0.9992594649723765,-0.015900589891590627,0.9987740508836955,-0.035569244799799005,-0.034427083898369584,-0.034967161411159034,-0.014674824956089873,-0.9992807148821365
8.467,0.01596849225461483,Empty,0.59242,0.04049,0.08519,1.53574,-0.01591,-0.03443,0.71936,0.69438,-0.01768,-0.00686,0.03503807571494172,0.9992594734696489,-0.01590087832021436,0.9987740569369399,-0.03556888472685438,-0.034427280302322075,-0.03496736249591766,-0.014675119094848851,-0.9992807035261068
8.533,0.01596849225461483,Empty,0.59242,0.04049,0.08519,1.53574,-0.0159,-0.03445,0.71935,0.69438,-0.01768,-0.00687,0.03503674433300907,0.9992595405557776,-0.015899596057734135,0.9987739020775933,-0.03556759467951032,-0.034433105253698776,-0.034973119323868936,-0.014673677690675218,-0.9992805232304834
8.6,0.01596849225461483,Empty,0.59242,0.0405,0.08519,1.53574,-0.0159,-0.03445,0.71935,0.69438,-0.01768,-0.00687,0.03503397522695506,0.999259660711633,-0.01589814625261199,0.9987741615285912,-0.03556470945701523,-0.034428559425248924,-0.03496848356244374,-0.014672488395307529,-0.9992807029266765
8.667,0.01596849225461483,Empty,0.59242,0.04049,0.08519,1.53574,-0.0159,-0.03445,0.71936,0.69438,-0.01768,-0.00687,0.0350379960005332,0.9992594865338698,-0.0159002329647681,0.998773953731064,-0.03556882731713901,-0.0344303335984734,-0.03497039011342641,-0.014674368652546094,-0.9992806085979873
8.733,0.01596849225461483,Empty,0.59242,0.0405,0.08519,1.53574,-0.01591,-0.03443,0.71935,0.69438,-0.01768,-0.00686,0.0350370969562237,0.9992595257957944,-0.015899746640878086,0.998774127339479,-0.03556785252947403,-0.034426304241147135,-0.034966332294689206,-0.01467405781662032,-0.9992807551599561
8.8,0.01596849225461483,Empty,0.59242,0.0405,0.08519,1.53574,-0.0159,-0.03445,0.71935,0.69438,-0.01768,-0.00687,0.035034178835252394,0.9992596523991814,-0.015898220038947062,0.9987741297721344,-0.03556492579267223,-0.0344292571990398,-0.03496918659699521,-0.014672530130449205,-0.9992806777118807
