time,gr,gr_state,tx,ty,tz,rx,ry,rz,qw,qx,qy,qz,xx,xy,xz,yx,yy,yz,zx,zy,zz
0.0,0.01598392240703106,Empty,0.30827,0.00204,0.48535,0.01365,0.00238,-0.00608,0.99997,0.00683,0.00117,-0.00305,0.999903858623026,0.013661258864759829,0.0023756087668511663,0.013675499735917751,-0.9998879678775634,-0.006085425264428264,0.0022922080525194046,0.006117327840327587,-0.9999786618135099
0.067,0.01598392240703106,Empty,0.30827,0.00204,0.48535,0.01367,0.00238,-0.00608,0.99997,0.00684,0.00117,-0.00305,0.9999037994949769,0.013665705973728293,0.0023749180509430702,0.01367994056066879,-0.9998879124104233,-0.006084557648849588,0.0022915020762939216,0.006116461049104286,-0.999978668733723
0.133,0.01598392240703106,Empty,0.30827,0.00204,0.48535,0.01365,0.00238,-0.00608,0.99997,0.00683,0.00117,-0.00305,0.999903935072187,0.013655222283969481,0.0023781361464637147,0.013669483131519555,-0.9998880384257034,-0.006087351157616041,0.002294745753418957,0.006119274268605055,-0.9999786440841387
0.2,0.01598392240703106,Empty,0.30827,0.00204,0.48535,0.01365,0.00238,-0.00608,0.99997,0.00683,0.00117,-0.00305,0.9999038687184372,0.013660817274277204,0.002373898334107747,0.013675046394091617,-0.9998879775186755,-0.006084859877784685,0.0022905082451960893,0.006116738102260286,-0.9999786693159843
0.267,0.01598392240703106,Empty,0.30827,0.00204,0.48535,0.01367,0.00236,-0.00608,0.99997,0.00684,0.00116,-0.00305,0.9999038191931959,0.013665237845772393,0.0023693116043751305,0.013679435684447017,-0.9998879258766996,-0.006083479707110969,0.002285913868726477,0.006115305438833027,-0.9999786885914992
0.333,0.01598392240703106,Empty,0.30827,0.00204,0.48535,0.01367,0.00236,-0.00608,0.99997,0.00684,0.00116,-0.00305,0.9999037605482424,0.013669453765624562,0.0023697415961106754,0.013683655855612709,-0.9998878636375454,-0.006084218336840874,0.002286307920652742,0.006116059523471674,-0.9999786830787932
0.4,0.01598392240703106,Empty,0.30827,0.00205,0.48535,0.01367,0.00236,-0.00608,0.99997,0.00684,0.00116,-0.00305,0.9999038079825326,0.013666335006043362,0.0023677139887663193,0.01368053284357218,-0.9998878847917063,-0.006087763783449746,0.0022842511127170394,0.006119569778157055,-0.9999786663037288
0.467,0.01598392240703106,Empty,0.30827,0.00204,0.48534,0.01367,0.00236,-0.00608,0.99997,0.00684,0.00116,-0.00305,0.9999038800833662,0.013663310962572062,0.0023546820951087124,0.013677420780495608,-0.9998879496593999,-0.006084101142705395,0.002271289286337356,0.006115722317229868,-0.9999787193663254
0.533,0.01598392240703106,Empty,0.30827,0.00204,0.48535,0.01365,0.00238,-0.00608,0.99997,0.00683,0.00117,-0.00305,0.9999039311834571,0.01365637927947072,0.0023731221719931147,0.013670617658811446,-0.9998880010208402,-0.006090946344752378,0.0022896761112775345,0.006122803240616381,-0.9999786341036401
0.6,0.01598392240703106,Empty,0.30826,0.00204,0.48536,0.01367,0.00238,-0.0061,0.99997,0.00684,0.00117,-0.00306,0.9999038216621381,0.013662668613032003,0.002383046751797401,0.013676985496808514,-0.9998878666568066,-0.006098703158881322,0.0022994549725689224,0.006130709491610939,-0.9999785632242117
0.667,0.01598392240703106,Empty,0.30826,0.00204,0.48535,0.01367,0.00238,-0.00608,0.99997,0.00684,0.00117,-0.00305,0.9999036711310639,0.013674500588024163,0.002378338136043585,0.013688776290568805,-0.9998877375209063,-0.0060934193184156455,0.0022947466718554388,0.006125388884912378,-0.9999786066455225
0.733,0.01598392240703106,Empty,0.30827,0.00204,0.48534,0.01367,0.00234,-0.00608,0.99997,0.00684,0.00115,-0.00305,0.9999038786294726,0.013664199597204663,0.002350138528760143,0.013678300631616513,-0.9998878865371106,-0.006092491130977203,0.002266626031733507,0.006124051413702094,-0.9999786789730643
0.8,0.01598392240703106,Empty,0.30827,0.00204,0.48537,0.01365,0.00242,-0.0061,0.99997,0.00683,0.00119,-0.00306,0.9999037942597792,0.013657700177654497,0.0024226949363961693,0.013672271209282438,-0.9998879024743638,-0.006103399495103865,0.002339064957919837,0.006135936055265335,-0.9999784392994924
0.867,0.01598392240703106,Empty,0.3083,0.00207,0.48534,0.01371,0.00238,-0.00608,0.99997,0.00686,0.00117,-0.00305,0.999903197400277,0.0137072064959749,0.0023892088187042956,0.013721524113795902,-0.9998873524432579,-0.00608294336705088,0.0023055595193328393,0.006115138108737726,-0.9999786445125783
0.933,0.01598392240703106,Empty,0.30911,0.0027,0.48464,0.01519,0.00169,-0.00629,0.99997,0.0076,0.00082,-0.00315,0.9998832311377257,0.015187994389771309,0.001687873217236003,0.015198328580266596,-0.9998647240929968,-0.0062884276891676865,0.001592136284192141,0.006313346248378313,-0.9999788031559472
1.0,0.01598392240703106,Empty,0.31349,0.00504,0.48187,0.02213,0.00349,-0.00602,0.99993,0.01107,0.00171,-0.00303,0.9997491039981101,0.02212593935255447,0.0034888196776898467,0.02214667002620735,-0.9997366089216976,-0.006019783093673599,0.0033547073980669385,0.006095538492345886,-0.999975794881437
1.067,0.01598392240703106,Empty,0.32307,0.01134,0.4766,0.04139,0.01166,-0.0064,0.99976,0.02071,0.00576,-0.00332,0.9990761331476159,0.04136755896830707,0.011644966286374087,0.041443885713765394,-0.9991203915620835,-0.00639120503293019,0.011370334724691117,0.006867913062366617,-0.9999117697369184
1.133,0.01598392240703106,Empty,0.3354,0.02331,0.46803,0.06752,0.01696,-0.00635,0.99939,0.03378,0.00837,-0.00346,0.9975783330777674,0.06745383016751172,0.016954355473311533,0.06756972781413428,-0.9976942960842631,-0.006357943382116743,0.016486396116395997,0.0074881477455305805,-0.9998360497533756
1.2,0.01598392240703106,Empty,0.35005,0.04182,0.45546,0.09612,0.0206,-0.0119,0.99877,0.0481,0.01,-0.00644,0.9951734794480216,0.0959443248478199,0.020601755576018312,0.09620194160743994,-0.9952907204268335,-0.011898246223441801,0.019363166948531414,0.013822747980446718,-0.9997169596460754
1.267,0.01598392240703106,Empty,0.36762,0.06662,0.43933,0.11671,0.02881,-0.02743,0.99809,0.05851,0.01358,-0.01453,0.9927838424171944,0.11640378842769666,0.028816666619022144,0.11719342168592012,-0.9927305092110628,-0.027419664386884802,0.025415431314417956,0.030598923530467028,-0.9992085676823826
1.333,0.01598392240703106,Empty,0.38743,0.09607,0.42048,0.11627,0.04222,-0.04814,0.99777,0.05858,0.01967,-0.02525,0.9923640843604274,0.11589540204478338,0.042211134270105394,0.11788238165020498,-0.9918624218074186,-0.04809033481686093,0.036294189176316556,0.052699070117037235,-0.9979506700437818
1.4,0.01598392240703106,Empty,0.40678,0.12755,0.3987,0.09371,0.0548,-0.07085,0.99786,0.04776,0.02569,-0.03665,0.9941177770288783,0.09343790692213538,0.05476497918534756,0.09720375395578562,-0.9927507883690976,-0.07069160069936163,0.047762701054947475,0.07559913850398878,-0.9959937221917569
1.467,0.01598392240703106,Empty,0.42414,0.15857,0.37537,0.05852,0.06309,-0.09129,0.99799,0.03065,0.03016,-0.04651,0.9963015871038541,0.05838018871934647,0.06304681672721542,0.06399088155428456,-0.993794176960908,-0.09098516866224182,0.057343828022265175,0.0946830893226693,-0.9938545155021776
1.534,0.01598392240703106,Empty,0.44008,0.18786,0.35025,0.02781,0.06907,-0.10212,0.99798,0.01564,0.03377,-0.05148,0.997230370029448,0.027730599839988157,0.06901161440978185,0.03468485789731712,-0.9942098649057145,-0.10170400757494137,0.06579171470309055,0.10381598314650427,-0.9924181033817107
1.6,0.01598392240703106,Empty,0.45478,0.21449,0.32497,0.00301,0.07084,-0.11415,0.99774,0.00352,0.03527,-0.05706,0.9974869569171645,0.0030059756491202516,0.0707865445584983,0.01105692035090472,-0.9934626843883623,-0.11362059338087889,0.06998224983872062,0.11411774111971454,-0.9909993066946338
1.667,0.01598392240703106,Empty,0.46847,0.23717,0.29828,-0.02048,0.06208,-0.12492,0.99754,-0.00828,0.03161,-0.06207,0.997864567398612,-0.020449700704700147,0.06203317557137787,-0.012601674084980696,-0.9921569316944188,-0.12436165285558225,0.06408980371819785,0.123314365066705,-0.9902959479002014
1.734,0.01598392240703106,Empty,0.48034,0.25436,0.27045,-0.03818,0.0391,-0.13069,0.99752,-0.01777,0.02075,-0.0649,0.9985074017498138,-0.03814227120440439,0.03909137754295462,-0.03275560214460299,-0.9909449153212434,-0.13021230866211622,0.043703995000235946,0.12873749238797294,-0.9907152057350672
1.8,0.01598392240703106,Empty,0.49109,0.26599,0.24286,-0.04717,0.00632,-0.12966,0.99762,-0.02333,0.00468,-0.06469,0.9988671661624206,-0.047163155500496656,0.006326225248230018,-0.04595131240491007,-0.9905426999278966,-0.12928123029976002,0.012363707005656931,0.12884407779478732,-0.9915877885322554
1.867,0.01598392240703106,Empty,0.5019,0.27313,0.21676,-0.04637,-0.02772,-0.12336,0.99771,-0.02399,-0.0124,-0.06194,0.9985417948341917,-0.046330418549791086,-0.02770877634093416,-0.049401853170693955,-0.9911761706154323,-0.12300103945669968,-0.021765589185958306,0.12419054360589861,-0.9920196409377484
1.933,0.01598392240703106,Empty,0.51291,0.27777,0.19328,-0.04488,-0.05496,-0.11723,0.99762,-0.024,-0.02611,-0.05916,0.9974844653193334,-0.04479713516183709,-0.054935945681270804,-0.050976253405181304,-0.9918472332431827,-0.11679249760414609,-0.04925609642850492,0.11929913071408284,-0.9916357972438722
2.0,0.01598392240703106,Empty,0.52307,0.28136,0.17227,-0.04453,-0.07686,-0.11342,0.99736,-0.02439,-0.03709,-0.05748,0.9960596598275884,-0.044378715681959835,-0.07678335534846653,-0.05290583905174928,-0.9922030054657947,-0.11284577147095232,-0.0711767255384757,0.11646340858425777,-0.9906412812933634
2.067,0.01598392240703106,Empty,0.53075,0.2826,0.15411,-0.04255,-0.09428,-0.10665,0.99719,-0.02373,-0.04591,-0.05423,0.994658365443321,-0.04235517941461353,-0.09413168876832295,-0.052313006066191936,-0.9929922205198949,-0.10597074777166962,-0.08898362461677489,0.11032900236893343,-0.989903745717904
2.133,0.01598392240703106,Empty,0.53549,0.28025,0.13932,-0.04071,-0.10935,-0.09401,0.99714,-0.02287,-0.05362,-0.04802,0.993203301948792,-0.04045703044990234,-0.10913491506017853,-0.05075584371643149,-0.9943431231085809,-0.0933037933596852,-0.10474275787208359,0.09820887034198754,-0.9896383038562628
2.2,0.01598392240703106,Empty,0.53655,0.27463,0.12836,-0.03906,-0.12391,-0.07696,0.99711,-0.02186,-0.06111,-0.0396,0.9915757681143786,-0.03875930675819361,-0.12359292952270406,-0.048439688044636164,-0.9959070756729825,-0.07630657407213569,-0.12012948310268431,0.08165055274835722,-0.9893948122591758
2.267,0.01598392240703106,Empty,0.53505,0.26708,0.12125,-0.04023,-0.13719,-0.05965,0.99696,-0.0221,-0.0679,-0.03112,0.9898027026741832,-0.03984572640519113,-0.13675864823156567,-0.0482987975886493,-0.9970854445313206,-0.05905795844142334,-0.13400685031136692,0.06506100514917418,-0.988842368468608
2.333,0.01598392240703106,Empty,0.53392,0.25952,0.11854,-0.04208,-0.14339,-0.04496,0.99692,-0.02259,-0.07113,-0.02392,0.9888595082170626,-0.041648042794387774,-0.14290666023704307,-0.04845355073443036,-0.9978347333072536,-0.04447581845079649,-0.14074489841530577,0.050904671072889575,-0.9887363592146423
2.4,0.01598392240703106,Empty,0.53436,0.2555,0.11895,-0.04122,-0.14186,-0.03801,0.99707,-0.0219,-0.07045,-0.02041,0.9891129182893115,-0.040800327515606416,-0.14138942021177203,-0.04655248603056389,-0.9982073514130163,-0.03761581621319674,-0.13960122104614958,0.04378831875774747,-0.9892391430906856
2.467,0.01598392240703106,Empty,0.53391,0.25591,0.11994,-0.03214,-0.13988,-0.03783,0.99723,-0.01735,-0.06956,-0.01999,0.9897215578490166,-0.031830430450101976,-0.13942044909652557,-0.03739242101659668,-0.9985984087873387,-0.03745697288773783,-0.13803276704983214,0.04228524168970057,-0.9895245896670837
2.534,0.01598392240703106,Empty,0.53158,0.25829,0.11998,-0.02189,-0.14114,-0.03896,0.99725,-0.01229,-0.07028,-0.0202,0.9898184063779839,-0.02167686812684727,-0.14067564033463545,-0.027357111288623837,-0.9988813202316065,-0.03857066961182418,-0.1396821780231477,0.04202643787634064,-0.9893041330461204
2.6,0.01598392240703106,Empty,0.52846,0.26033,0.11853,-0.01767,-0.14523,-0.03802,0.99713,-0.01019,-0.07237,-0.0196,0.989318258587792,-0.017486449964621786,-0.14471906333463147,-0.023159811439164568,-0.999024038598165,-0.037611081307435346,-0.1439201388233094,0.040560995681158354,-0.988757705037201
2.667,0.01598392240703106,Empty,0.52449,0.26087,0.11553,-0.01795,-0.15218,-0.03432,0.99691,-0.01025,-0.07585,-0.01779,0.9882839698585564,-0.01773381575293742,-0.15159256808779603,-0.023130002634822733,-0.9991572838500961,-0.0339075966032942,-0.15086350751167535,0.037016670678756296,-0.9878613102015564
2.733,0.01598392240703106,Empty,0.51987,0.25997,0.11124,-0.02095,-0.16159,-0.02907,0.99657,-0.01161,-0.08054,-0.01533,0.9867576713455422,-0.02066555836545836,-0.16087955972766255,-0.02560512964916739,-0.9992603301578573,-0.028690937741017636,-0.16016764772066802,0.03243034489877419,-0.9865569407557653
2.8,0.01598392240703106,Empty,0.51575,0.25771,0.1062,-0.02745,-0.17086,-0.02335,0.99618,-0.01467,-0.08515,-0.0128,0.9850673322990927,-0.027045222969313054,-0.1700320756554176,-0.03140652853526754,-0.9992417444816979,-0.02301230215637598,-0.16928077505290692,0.02800878433122453,-0.985169796125406
2.867,0.01598392240703106,Empty,0.51333,0.25452,0.10092,-0.03254,-0.17589,-0.01918,0.99594,-0.01705,-0.08766,-0.01098,0.9840505478401463,-0.03204036419976625,-0.1749798112853433,-0.03588956488012851,-0.9991774561287707,-0.018877242827097934,-0.1742310489787141,0.024856110435555155,-0.984391037822771
2.933,0.01598392240703106,Empty,0.51197,0.25126,0.09575,-0.03684,-0.17857,-0.01608,0.9958,-0.01906,-0.089,-0.00965,0.9834312979597342,-0.036245303898637116,-0.17762083250150457,-0.039679277647794886,-0.999087254922683,-0.015818090163066276,-0.17688537847595368,0.022603871269168112,-0.9839718633604648
3.0,0.01598392240703106,Empty,0.51131,0.24931,0.09116,-0.03709,-0.18069,-0.01464,0.99571,-0.01913,-0.09007,-0.00896,0.9830419797871413,-0.03648539089045438,-0.1797144463523958,-0.03971355595857118,-0.9991073879467179,-0.014396555956615875,-0.17902876709987928,0.021289518591487606,-0.9836134692798995
3.067,0.01598392240703106,Empty,0.51056,0.24871,0.0863,-0.03404,-0.182,-0.01503,0.99568,-0.01763,-0.09073,-0.00903,0.9829157884976041,-0.03346882265773449,-0.18098726649142552,-0.0367444387543826,-0.9992154620246323,-0.014775204618739796,-0.18035076640468867,0.02117305742695938,-0.9833744468392679
3.133,0.01598392240703106,Empty,0.5105,0.2489,0.08127,-0.03228,-0.17987,-0.01709,0.99578,-0.01684,-0.08966,-0.00996,0.9833562259313204,-0.031751106789133454,-0.1788921466688081,-0.03532216331712451,-0.999234564247836,-0.016811614765845084,-0.17822142884823822,0.022850663668739467,-0.9837250476983853
3.2,0.01598392240703106,Empty,0.51205,0.25012,0.0769,-0.03243,-0.17084,-0.02214,0.99615,-0.0171,-0.08512,-0.01241,0.984923666665485,-0.031957742762791286,-0.1700119805182096,-0.03618205111901962,-0.9991072720781133,-0.02180637653191396,-0.16916332350435018,0.02762899850045643,-0.9852006944896172
3.267,0.01598392240703106,Empty,0.51355,0.25088,0.07339,-0.03295,-0.16259,-0.02642,0.99646,-0.01749,-0.08097,-0.0145,0.9862766267993412,-0.03251762856718887,-0.16186728904160663,-0.0372130176244993,-0.9989674985965247,-0.026060085707469108,-0.16085274865102975,0.03172602370559955,-0.9864683738829341
3.333,0.01598392240703106,Empty,0.51397,0.2503,0.07091,-0.0346,-0.16082,-0.02691,0.99651,-0.01832,-0.08007,-0.0148,0.9865059946710879,-0.034150788844210966,-0.16012384612956926,-0.03888960494345506,-0.9988906270129903,-0.026553980736171948,-0.1590393696710025,0.03242281429661971,-0.9867397022557353
3.4,0.01598392240703106,Empty,0.51417,0.24931,0.07042,-0.03648,-0.16135,-0.02587,0.99648,-0.01922,-0.08033,-0.01436,0.986356602278847,-0.03600119211517355,-0.16063800081927976,-0.04061542722597583,-0.9988485658781621,-0.025532910417542923,-0.15953382153067114,0.03170893579773949,-0.9866830814290851
3.467,0.01598392240703106,Empty,0.51444,0.24929,0.07085,-0.03679,-0.16057,-0.02608,0.99651,-0.01938,-0.07994,-0.01447,0.9864679401736711,-0.03632004265989597,-0.15988076028934078,-0.040946536006422174,-0.9988298008066505,-0.025737331050855072,-0.15875888699089913,0.031935615255226535,-0.9868007561203432
3.533,0.015983594581484795,Empty,0.51454,0.24937,0.07115,-0.03668,-0.16015,-0.02626,0.99652,-0.01933,-0.07973,-0.01455,0.9865395834386719,-0.036213090134597725,-0.1594624169249766,-0.040852118310324315,-0.9988292242819903,-0.02590917115224914,-0.15833747104905663,0.03207480043805058,-0.9868639482920876
3.6,0.015983594581484795,Empty,0.51455,0.24934,0.07115,-0.03677,-0.16017,-0.02623,0.99652,-0.01937,-0.07974,-0.01454,0.9865322641645239,-0.036286479136765304,-0.15949101289500695,-0.040925130380511765,-0.9988265961933677,-0.025895259027644793,-0.1583642177569044,0.0320736990169173,-0.9868596923401096
3.667,0.015983594581484795,Empty,0.51471,0.24957,0.07132,-0.03691,-0.15984,-0.0267,0.99653,-0.01946,-0.07957,-0.01478,0.9865790084961386,-0.03642385153925398,-0.15917023287607168,-0.04112880923959211,-0.9988059514791721,-0.026364603928738614,-0.15801987547555457,0.032557246947989754,-0.9868990549320927
3.733,0.015983594581484795,Empty,0.51515,0.2503,0.07184,-0.03647,-0.15884,-0.02788,0.99657,-0.01928,-0.07906,-0.01534,0.9867545974497152,-0.03600225053371614,-0.15817459457307922,-0.0408547789330595,-0.9987856577827536,-0.027533558538686928,-0.15699124641259876,0.033631053566309625,-0.9870272036706175
3.8,0.01598392240703106,Empty,0.51497,0.25132,0.07207,-0.03493,-0.15865,-0.02887,0.99658,-0.01855,-0.07897,-0.01577,0.9868381388153975,-0.03448073511004113,-0.15799229945042673,-0.039463672367712366,-0.9988141872924987,-0.028510310880078382,-0.15682189369669028,0.034370018468077995,-0.9870286700435241
3.867,0.01598392240703106,Empty,0.51425,0.25302,0.07222,-0.03214,-0.15903,-0.03029,0.99658,-0.01722,-0.07917,-0.01637,0.9868708250474145,-0.03172998759344092,-0.1583640822836898,-0.036912730910342195,-0.9988713027033767,-0.029892656830731987,-0.1572368435417599,0.03534584166460475,-0.9869281871088923
3.933,0.01598392240703106,Empty,0.51394,0.25518,0.0728,-0.02891,-0.15847,-0.03246,0.99661,-0.01569,-0.0789,-0.01732,0.987056231641951,-0.028532954917064035,-0.15781592460994456,-0.03400080322234461,-0.998907588077826,-0.03205582413189785,-0.156728877227607,0.03700676916782328,-0.9869481030321365
4.0,0.01598392240703106,Empty,0.51454,0.25723,0.07389,-0.02637,-0.15638,-0.03501,0.99669,-0.01451,-0.07786,-0.01848,0.9874546727557725,-0.02603703001681945,-0.15574126723734277,-0.03179232571761842,-0.9988962027503828,-0.03457779860446563,-0.15466905727473423,0.03909538590127187,-0.9871925007428771
4.067,0.01598392240703106,Empty,0.51529,0.25943,0.07513,-0.02368,-0.15392,-0.03772,0.99678,-0.01325,-0.07664,-0.01971,0.9879017860298791,-0.023401296966338136,-0.15330505686137222,-0.029442070675645193,-0.9988720777197415,-0.03725233987518782,-0.1522603876039519,0.04131527141553644,-0.9874764922338937
4.133,0.01598392240703106,Empty,0.51535,0.26035,0.07546,-0.02232,-0.15317,-0.03833,0.99681,-0.01259,-0.07628,-0.01996,0.9880452692812568,-0.022055250661363768,-0.15257821525104126,-0.028146154254128253,-0.9988859954387479,-0.03787561375138681,-0.15157288626806423,0.04171731097045723,-0.987565352831782
4.2,0.01598392240703106,Empty,0.51528,0.25963,0.07504,-0.02331,-0.15386,-0.03746,0.99678,-0.01306,-0.07662,-0.01957,0.9879186861872449,-0.0230443293401158,-0.1532502149014237,-0.029041616709670093,-0.9988927726735869,-0.037010987549136946,-0.1522276386894208,0.04101448019587764,-0.9874940802016512
4.267,0.01598392240703106,Empty,0.51559,0.25844,0.07468,-0.0252,-0.15409,-0.03631,0.99677,-0.01396,-0.07672,-0.01907,0.9878370759288987,-0.024899074990119674,-0.15348598465293012,-0.030751386274883385,-0.9988830948891052,-0.03587359735147626,-0.1524213359816008,0.040157176312576114,-0.9874994367229706
4.333,0.01598392240703106,Empty,0.51593,0.25775,0.07464,-0.02635,-0.15388,-0.03579,0.99678,-0.01451,-0.07661,-0.01885,0.9878421804376745,-0.0260368445721873,-0.15326418131078318,-0.03181155108977518,-0.9988686733167252,-0.035346834140381096,-0.15217046942624404,0.03979266504280352,-0.9875528806314057
4.4,0.01598392240703106,Empty,0.51604,0.25752,0.07463,-0.02673,-0.1538,-0.0356,0.99678,-0.01469,-0.07657,-0.01877,0.9878411276593124,-0.026416404528686988,-0.15320600535408158,-0.03216706375831341,-0.9988632267706309,-0.035178604499494524,-0.15210255262140318,0.0396790596806429,-0.9875679144792592
4.467,0.01598392240703106,Empty,0.51602,0.2576,0.07466,-0.0266,-0.15378,-0.03569,0.99678,-0.01463,-0.07656,-0.01881,0.9878498575880039,-0.02629251787844683,-0.15317102326148896,-0.03205182317901656,-0.9988643099913337,-0.03525295528658607,-0.15207017950361323,0.03973403741313658,-0.98757068950865
4.533,0.01598392240703106,Empty,0.51599,0.25768,0.07467,-0.02648,-0.15378,-0.03576,0.99678,-0.01457,-0.07656,-0.01884,0.9878515901207879,-0.026159208986451632,-0.15318267421948858,-0.03192892966499672,-0.9988656240912531,-0.03532716319263561,-0.152084776839362,0.03978895316535165,-0.987566230619358
4.6,0.01598392240703106,Empty,0.51598,0.25772,0.07467,-0.02641,-0.1538,-0.03578,0.99678,-0.01454,-0.07657,-0.01885,0.9878516358248812,-0.026101434114952027,-0.15319223457881126,-0.031874798893859746,-0.9988664572642036,-0.035352478667480786,-0.1520958342413846,0.03980597555143562,-0.9875638417423027
4.667,0.01598392240703106,Empty,0.51596,0.25776,0.07468,-0.02635,-0.1538,-0.03581,0.99678,-0.01451,-0.07657,-0.01886,0.987852295693515,-0.026033456914244357,-0.15319954639014483,-0.03181161739530852,-0.9988672631429509,-0.035386602267033704,-0.1521047760320052,0.03983026164118065,-0.9875614853596959
4.733,0.01598392240703106,Empty,0.51596,0.25776,0.07468,-0.02635,-0.1538,-0.03583,0.99678,-0.01451,-0.07657,-0.01887,0.9878533890075246,-0.026031378506089387,-0.153192849570144,-0.03180983250338504,-0.998867184311991,-0.03539043176823382,-0.1520980485820071,0.03983359684623199,-0.9875623869811148
4.8,0.01598392240703106,Empty,0.51596,0.25777,0.07468,-0.02633,-0.1538,-0.03583,0.99678,-0.0145,-0.07657,-0.01887,0.9878524489085261,-0.026025711229487825,-0.15319987447914965,-0.03180527515635195,-0.998867125464638,-0.0353961881879904,-0.15210510727012622,0.03983877534526137,-0.9875610909312562
4.867,0.01598392240703106,Empty,0.51595,0.25777,0.07468,-0.02633,-0.1538,-0.03583,0.99678,-0.0145,-0.07657,-0.01887,0.9878534219293517,-0.026015641500384434,-0.15319531056724156,-0.0317950150525127,-0.9988674272445586,-0.03539688980188507,-0.15210093293691723,0.039837785921908224,-0.9875617737704103
4.934,0.01598392240703106,Empty,0.51596,0.25777,0.07469,-0.02633,-0.1538,-0.03583,0.99678,-0.0145,-0.07657,-0.01887,0.9878540135158884,-0.02601994029858068,-0.15319076567276899,-0.03180030341834417,-0.9988669995487933,-0.03540420758740438,-0.1520959850983983,0.03984570138984956,-0.9875622164692707
5.0,0.01598392240703106,Empty,0.51596,0.25777,0.07468,-0.02633,-0.1538,-0.03583,0.99678,-0.0145,-0.07657,-0.01887,0.98785374493058,-0.026020630001446776,-0.1531923804924929,-0.031800410721386174,-0.9988671470873411,-0.0353999484116452,-0.1520977070983651,0.039841552227841116,-0.9875621186596294
5.067,0.01598392240703106,Empty,0.51596,0.25777,0.07468,-0.02633,-0.1538,-0.03583,0.99678,-0.0145,-0.07657,-0.01887,0.9878538595089367,-0.026024645113623623,-0.15319095958968407,-0.031804429677420754,-0.9988670152077812,-0.035400059078935855,-0.1520961225876328,0.03984223608945784,-0.9875623351045744
5.133,0.01598392240703106,Empty,0.51596,0.25778,0.07469,-0.02633,-0.1538,-0.03583,0.99678,-0.0145,-0.07657,-0.01887,0.9878545161986659,-0.02601369988925134,-0.15318858392181672,-0.03179426583841788,-0.998867108566678,-0.03540655424409771,-0.15209398241119043,0.03984704307368602,-0.9875624707696159
5.2,0.01598392240703106,Empty,0.51596,0.25777,0.07468,-0.02633,-0.1538,-0.03583,0.99678,-0.0145,-0.07657,-0.01887,0.9878537849758344,-0.02602460999021239,-0.15319144618344296,-0.031804536583507625,-0.9988669835983102,-0.03540085493207339,-0.15209658431939124,0.03984305149045093,-0.9875622310954907
5.267,0.01598392240703106,Empty,0.51596,0.25777,0.07469,-0.02633,-0.1538,-0.03583,0.99678,-0.0145,-0.07657,-0.01887,0.9878548764760839,-0.026010460883222952,-0.15318681061717843,-0.03179045254309193,-0.9988673371502497,-0.035403529505893476,-0.15209243948837944,0.0398434273000148,-0.987562854278887
5.333,0.01598392240703106,Empty,0.51596,0.25778,0.07469,-0.02633,-0.1538,-0.03583,0.99678,-0.0145,-0.07657,-0.01887,0.9878540201701393,-0.02601287470877539,-0.1531919227083448,-0.03179347849642622,-0.9988671541527723,-0.035405975199664444,-0.15209736867806473,0.039846439039486835,-0.987561973618406
5.4,0.01598392240703106,Empty,0.51596,0.25778,0.07469,-0.02633,-0.15378,-0.03583,0.99678,-0.0145,-0.07656,-0.01887,0.9878555404803446,-0.026007738275817593,-0.1531829908706025,-0.031788314468195134,-0.9988672278060305,-0.03540853397652316,-0.15208857355356334,0.03984794555396832,-0.9875632673553478
5.467,0.01598392240703106,Empty,0.51596,0.25778,0.07469,-0.02633,-0.1538,-0.03583,0.99678,-0.0145,-0.07657,-0.01887,0.9878547575695403,-0.026010648292007887,-0.15318754558597078,-0.031791104676939685,-0.9988672168198265,-0.03540633878323283,-0.1520930754855205,0.03984632151206255,-0.9875626395582779
5.533,0.01598392240703106,Empty,0.51596,0.25778,0.07469,-0.02633,-0.1538,-0.03583,0.99678,-0.0145,-0.07657,-0.01887,0.9878551555297186,-0.02600888900804349,-0.1531852779673114,-0.031789245388639864,-0.9988672732040745,-0.03540641749002216,-0.1520908793155459,0.039846056447585876,-0.9875629884795196
5.6,0.01598392240703106,Empty,0.51596,0.25778,0.07469,-0.02631,-0.1538,-0.03585,0.99678,-0.01449,-0.07657,-0.01888,0.9878546510602837,-0.026004206618077508,-0.1531893260535122,-0.03178523475307482,-0.9988672722171494,-0.03541004582266297,-0.1520949940999273,0.03984913715045158,-0.9875622304635328
5.667,0.01598392240703106,Empty,0.51596,0.25778,0.07469,-0.02633,-0.1538,-0.03585,0.99678,-0.0145,-0.07657,-0.01888,0.9878549495324966,-0.026016901743011356,-0.15318524572504677,-0.03179763040201655,-0.9988669408824749,-0.03540826334209074,-0.15209046447744579,0.03984915602344157,-0.9875629273009665
5.733,0.01598392240703106,Empty,0.51596,0.25777,0.07468,-0.02633,-0.1538,-0.03583,0.99678,-0.0145,-0.07657,-0.01887,0.9878535118400762,-0.026015377162459385,-0.15319477568221243,-0.031795759167374704,-0.9988671658061761,-0.03540359831015818,-0.15210019343905734,0.03984451311575681,-0.9875616162702809
5.8,0.01598392240703106,Empty,0.51596,0.25778,0.07469,-0.02631,-0.15378,-0.03583,0.99678,-0.01449,-0.07656,-0.01887,0.9878560177993821,-0.02600585840401498,-0.1531802318388922,-0.031786113488752044,-0.9988673410271179,-0.035407315892275436,-0.15208593323127095,0.039846334311772355,-0.9875637389835088
5.867,0.01598392240703106,Empty,0.51596,0.25778,0.07469,-0.02631,-0.1538,-0.03583,0.99678,-0.01449,-0.07657,-0.01887,0.9878548316508191,-0.02600501293271379,-0.1531880246184445,-0.03178555542728112,-0.9988673636410088,-0.03540717891952772,-0.1520937541462865,0.03984631921808574,-0.9875625351310465
5.933,0.01598392240703106,Empty,0.51596,0.25778,0.07469,-0.02633,-0.15378,-0.03585,0.99678,-0.0145,-0.07656,-0.01888,0.987855472793352,-0.02601383281183489,-0.15318239250860863,-0.03179454640965762,-0.998867007848683,-0.035409143593474614,-0.15208771051872522,0.03984948097349702,-0.9875633383106701
6.0,0.01598392240703106,Empty,0.51596,0.25778,0.07469,-0.02633,-0.1538,-0.03585,0.99678,-0.0145,-0.07657,-0.01888,0.9878548636642545,-0.026007584731346622,-0.15318738156688722,-0.03178838573601439,-0.9988672146311223,-0.03540884165518364,-0.15209295469276554,0.039848376020928826,-0.9875625752636231
6.067,0.01598392240703106,Empty,0.51596,0.25778,0.07469,-0.02631,-0.1538,-0.03585,0.99678,-0.01449,-0.07657,-0.01888,0.9878545774203913,-0.02599879237119207,-0.15319071990437222,-0.03178001457577795,-0.998867392841768,-0.03541132856943392,-0.15209656321936896,0.039849646331287646,-0.9875619682552218
6.133,0.01598392240703106,Empty,0.51596,0.25778,0.07469,-0.02631,-0.1538,-0.03585,0.99678,-0.01449,-0.07657,-0.01888,0.9878553098489856,-0.026000276110660914,-0.15318574491555592,-0.03178110958557245,-0.9988674045659052,-0.03541001509858169,-0.15209157727065048,0.03984838438307555,-0.9875627870598327
6.2,0.01598392240703106,Empty,0.51596,0.25779,0.07469,-0.02631,-0.15378,-0.03585,0.99678,-0.01449,-0.07656,-0.01888,0.987855897854975,-0.025993459786617934,-0.15318310977866492,-0.031775078879697605,-0.9988673733281792,-0.03541630786308285,-0.15208901812862782,0.039853613999048305,-0.9875629701522252
6.267,0.01598392240703106,Empty,0.51596,0.25778,0.07469,-0.02633,-0.15378,-0.03585,0.99678,-0.0145,-0.07656,-0.01888,0.9878560337085869,-0.026008197022920565,-0.1531797321878977,-0.031789277924691384,-0.9988670515321316,-0.035412641422691786,-0.1520851684897837,0.03985206457791561,-0.9875636255322042
6.333,0.01598392240703106,Empty,0.51595,0.25779,0.07469,-0.02631,-0.1538,-0.03585,0.99678,-0.01449,-0.07657,-0.01888,0.9878553455705658,-0.025987501464743157,-0.15318768225702245,-0.03176917506931509,-0.9988675762314372,-0.03541588159215199,-0.1520938386098324,0.03985241424498741,-0.9875622761809872
6.4,0.01598392240703106,Empty,0.51596,0.25778,0.07469,-0.02631,-0.15378,-0.03585,0.99678,-0.01449,-0.07656,-0.01888,0.9878565205593084,-0.026002264311210443,-0.15317759966505223,-0.03178382692654186,-0.9988670788352023,-0.03541676389978721,-0.1520831454644488,0.03985525147229143,-0.987563808467949
6.467,0.01598392240703106,Empty,0.51595,0.25779,0.07469,-0.02631,-0.1538,-0.03585,0.99678,-0.01449,-0.07657,-0.01888,0.987854992656449,-0.025989743366738094,-0.15318957772465402,-0.03177138457687295,-0.9988675369719665,-0.035415006785620325,-0.15209566925391121,0.03985193625519588,-0.9875620135317663
6.533,0.014519228599965572,Grasping,0.51596,0.25779,0.07469,-0.02631,-0.1538,-0.03585,0.99678,-0.01449,-0.07657,-0.01888,0.9878553206753666,-0.025996287323520273,-0.15318635206428005,-0.03177745671393045,-0.9988674389248673,-0.03541232413258007,-0.1520922702117461,0.03985012548373757,-0.9875626100864529
6.6,0.014519228599965572,Grasping,0.51595,0.25779,0.07469,-0.02631,-0.1538,-0.03585,0.99678,-0.01449,-0.07657,-0.01888,0.9878546358106921,-0.02599180671893364,-0.15319152878279782,-0.031773241110847394,-0.9988675491504596,-0.03541299766281214,-0.15209759911529566,0.03985028528931728,-0.9875617829309327
6.667,0.012884127907454967,Grasping,0.51596,0.25779,0.07469,-0.02631,-0.15378,-0.03585,0.99678,-0.01449,-0.07656,-0.01888,0.9878561634236568,-0.025998481420108688,-0.15318054494530878,-0.03177978292233896,-0.9988672855860445,-0.03541456174197562,-0.15208631030866157,0.039852537558045804,-0.9875634306042734
6.734,0.012884127907454967,Grasping,0.51596,0.25779,0.07469,-0.02631,-0.15378,-0.03585,0.99678,-0.01449,-0.07656,-0.01888,0.9878560383075065,-0.025994698227602975,-0.1531819938617276,-0.03177618446505204,-0.998867361439616,-0.03541565122234166,-0.1520878748626645,0.039853104204257535,-0.9875631667924047
6.8,0.012884127907454967,Grasping,0.51596,0.25779,0.07469,-0.02631,-0.15378,-0.03585,0.99678,-0.01449,-0.07656,-0.01888,0.9878562417732332,-0.025990166518087277,-0.153181450685211,-0.03177233910744781,-0.9988673089992657,-0.0354205798965388,-0.15208735666486192,0.03985737393416474,-0.9875630742822289
6.867,0.011068773455917835,Grasping,0.51596,0.25778,0.07469,-0.02631,-0.1538,-0.03585,0.99678,-0.01449,-0.07657,-0.01888,0.9878552955281954,-0.026003143453141808,-0.15318535056413546,-0.0317841035802372,-0.9988672838011499,-0.03541073440799672,-0.15209104462953255,0.039849540552787485,-0.9875628224377575
6.934,0.011068773455917835,Grasping,0.51596,0.25778,0.07469,-0.02631,-0.15378,-0.03585,0.99678,-0.01449,-0.07656,-0.01888,0.9878556702199104,-0.025997707849071905,-0.15318385685497793,-0.03177859375284903,-0.99886744821823,-0.03541104162677458,-0.1520897622901142,0.039848965815891556,-0.987563043116712
7.0,0.011068773455917835,Grasping,0.51596,0.25781,0.0747,-0.02627,-0.15378,-0.03587,0.99678,-0.01447,-0.07656,-0.01889,0.9878588737676891,-0.025962876024008652,-0.15316910454460106,-0.0317465792903836,-0.9988675893889365,-0.035435766842190713,-0.15207563980398817,0.039868131846083205,-0.9875644443991038
7.067,0.009277386590838432,Grasping,0.51596,0.2578,0.0747,-0.02629,-0.15378,-0.03585,0.99678,-0.01448,-0.07656,-0.01888,0.9878592372052556,-0.025978250481533904,-0.15316415367235645,-0.0317611149417063,-0.9988673134482235,-0.03543051936379314,-0.1520702437885541,0.039865030122239645,-0.9875654005317535
7.133,0.009277386590838432,Grasping,0.51595,0.25781,0.0747,-0.02627,-0.15378,-0.03587,0.99678,-0.01447,-0.07656,-0.01889,0.9878584705313577,-0.02595464279865417,-0.1531731004995388,-0.03173870803792089,-0.9988677725758104,-0.03543765400704606,-0.15207990206312988,0.03986890300263793,-0.9875637569098185
7.2,0.007418363355100155,Grasping,0.51595,0.2578,0.0747,-0.02629,-0.15378,-0.03585,0.99678,-0.01448,-0.07656,-0.01888,0.9878566270777378,-0.02597493055434419,-0.1531815501987504,-0.0317580788903033,-0.9988674996198149,-0.03542799215954066,-0.15208783239888912,0.03986252859461127,-0.9875627929657188
7.267,0.007418363355100155,Grasping,0.51595,0.25782,0.07471,-0.02627,-0.15378,-0.03587,0.99678,-0.01447,-0.07656,-0.01889,0.9878597873647152,-0.025950536175887162,-0.15316530344671253,-0.031735228001058824,-0.9988676548902856,-0.0354440872036766,-0.15207207439717613,0.03987452427509328,-0.987564735347701
7.333,0.007418363355100155,Grasping,0.51595,0.25781,0.0747,-0.02629,-0.15378,-0.03585,0.99678,-0.01448,-0.07656,-0.01888,0.987857591377441,-0.02596725975801273,-0.15317663196003825,-0.03175067173136903,-0.9988676084471589,-0.03543156276062719,-0.15208311544207637,0.039864799205731695,-0.9875634277258947
7.4,0.005809858441352844,Grasping,0.51595,0.25781,0.0747,-0.02627,-0.15378,-0.03587,0.99678,-0.01447,-0.07656,-0.01889,0.9878576807621086,-0.025955752919013253,-0.15317800576360519,-0.03174018882459889,-0.9988676891104764,-0.03543868034331062,-0.15208472300887668,0.039870271399924884,-0.9875629592516163
7.467,0.005809858441352844,Grasping,0.51595,0.2578,0.0747,-0.02629,-0.15378,-0.03585,0.99678,-0.01448,-0.07656,-0.01888,0.9878579422746765,-0.02596895748711664,-0.15317408113605419,-0.03175211618697027,-0.9988676012466934,-0.03543047131108732,-0.15208053459431078,0.03986387370425706,-0.9875638625277858
7.534,0.005809858441352844,Grasping,0.51595,0.25781,0.0747,-0.02627,-0.15378,-0.03587,0.99678,-0.01447,-0.07656,-0.01889,0.9878586738698996,-0.025963666399913543,-0.1531702597996028,-0.03174755228554743,-0.9988675292859457,-0.035436589311993366,-0.1520767351828683,0.03986912295579665,-0.9875642357086728
7.6,0.0039505064487457275,Grasping,0.51596,0.25781,0.0747,-0.02629,-0.15378,-0.03587,0.99678,-0.01448,-0.07656,-0.01889,0.9878586158309844,-0.025968548756741094,-0.1531698064370407,-0.03175224903465168,-0.9988674310265002,-0.03543515084998206,-0.15207613162404301,0.039868404909003646,-0.9875643576396823
7.667,0.0039505064487457275,Grasping,0.51595,0.2578,0.0747,-0.02629,-0.15378,-0.03587,0.99678,-0.01448,-0.07656,-0.01889,0.9878581033695133,-0.025965481598124618,-0.1531736314532163,-0.031749286559328904,-0.9988675291730825,-0.035435038685385584,-0.15208007893922845,0.039867943626911345,-0.987563768402223
7.734,0.0039505064487457275,Grasping,0.51595,0.25781,0.0747,-0.02627,-0.15378,-0.03585,0.99678,-0.01447,-0.07656,-0.01888,0.9878581193112621,-0.025963910646348898,-0.15317379493491842,-0.03174722774532868,-0.9988677044967391,-0.035431941012336446,-0.1520804051852252,0.039864573964409435,-0.987563854189355
7.8,0.0020520833786576986,Grasping,0.51595,0.2578,0.0747,-0.02629,-0.15378,-0.03585,0.99678,-0.01448,-0.07656,-0.01888,0.9878566161245279,-0.02597028948522595,-0.15318240774661668,-0.03175344903081484,-0.9988676403763693,-0.03542817358532168,-0.1520888702490904,0.03986202545026786,-0.9875626534419765
7.867,0.0020520833786576986,Grasping,0.51595,0.25781,0.0747,-0.02627,-0.15378,-0.03587,0.99678,-0.01447,-0.07656,-0.01889,0.9878587977565851,-0.025954292332486473,-0.15317104949837654,-0.03173832946240113,-0.9988677708922173,-0.03543804051790961,-0.15207785551437236,0.039869173333952686,-0.9875640611523976
7.933,0.0007669866899959743,Grasping,0.51595,0.25781,0.0747,-0.02627,-0.15378,-0.03587,0.99678,-0.01447,-0.07656,-0.01889,0.9878573014887189,-0.02596183359770826,-0.1531794212408158,-0.03174567546243284,-0.998867680520934,-0.03543400767854478,-0.15208604138730247,0.039866527400492076,-0.9875629073675082
8.0,0.0007669866899959743,Grasping,0.51595,0.25781,0.0747,-0.02627,-0.15378,-0.03587,0.99678,-0.01447,-0.07656,-0.01889,0.9878572118070025,-0.025959173534889912,-0.15318045041806205,-0.03174345455220762,-0.9988676527881788,-0.03543677900890704,-0.15208708746631594,0.03986895437329223,-0.9875626482928531
8.067,0.00019076166790910065,Grasping,0.51595,0.25781,0.0747,-0.02627,-0.15378,-0.03587,0.99678,-0.01447,-0.07656,-0.01889,0.9878576827497001,-0.025960421440589965,-0.15317720179915734,-0.031743980472605626,-0.998867775045619,-0.035432861571840495,-0.15208391872958726,0.03986507862831002,-0.9875632927411846
8.134,0.00019076166790910065,Grasping,0.51595,0.25781,0.0747,-0.02627,-0.15378,-0.03587,0.99678,-0.01447,-0.07656,-0.01889,0.9878568774043801,-0.025964379620010247,-0.1531817246143145,-0.03174843083518342,-0.9988675729176013,-0.03543457228758008,-0.15208822079428544,0.039867565321300244,-0.9875625298334181
8.2,0.00019076166790910065,Grasping,0.51595,0.25781,0.0747,-0.02627,-0.15378,-0.03587,0.99678,-0.01447,-0.07656,-0.01889,0.9878571379094339,-0.025962241956213328,-0.15318040695202786,-0.03174619664267353,-0.9988676482850016,-0.035434449456922076,-0.15208699510512588,0.03986706914481535,-0.9875627386235754
8.267,0.00019076166790910065,Grasping,0.51595,0.25781,0.0747,-0.02627,-0.15378,-0.03587,0.99678,-0.01447,-0.07656,-0.01889,0.9878582105345723,-0.025957981798180818,-0.15317421147307295,-0.03174207176892063,-0.9988676790119737,-0.035437278465611705,-0.1520808888692103,0.03986907330498065,-0.9875635980708043
8.333,0.00011031999747501686,Grasping,0.51595,0.25781,0.0747,-0.02627,-0.15378,-0.03587,0.99678,-0.01447,-0.07656,-0.01889,0.9878574532905677,-0.025959354559665693,-0.15317886240966627,-0.03174336898981067,-0.9988677024510915,-0.035435455764738076,-0.15208553679903516,0.039867592238854214,-0.9875629420880604
8.4,0.00011031999747501686,Grasping,0.51595,0.25781,0.0747,-0.02627,-0.15378,-0.03587,0.99678,-0.01447,-0.07656,-0.01889,0.9878574476145652,-0.025961341529552817,-0.1531785622677736,-0.031744991810220724,-0.9988677370395018,-0.0354330269177468,-0.1520852349421378,0.03986543173691538,-0.987563075790617
8.467,0.00011031999747501686,Grasping,0.51595,0.25781,0.0747,-0.02627,-0.15378,-0.03587,0.99678,-0.01447,-0.07656,-0.01889,0.9878581916236218,-0.025955487362189833,-0.15317475613788034,-0.031739585351684474,-0.9988677548926599,-0.035437366682648255,-0.15208153064659444,0.039868796213185835,-0.9875635104258867
8.533,0.00010605166608002037,Grasping,0.51595,0.25781,0.0747,-0.02627,-0.15378,-0.03587,0.99678,-0.01447,-0.07656,-0.01889,0.9878578589890095,-0.025961382231712904,-0.15317590236805978,-0.03174549203905758,-0.9988675903788988,-0.03543671296622298,-0.15208245845214574,0.03986907978962183,-0.9875633560981696
8.6,0.00010605166608002037,Grasping,0.51595,0.25781,0.0747,-0.02627,-0.15378,-0.03587,0.99678,-0.01447,-0.07656,-0.01889,0.9878570010483236,-0.02596245839676431,-0.15318125287974507,-0.03174676960332773,-0.9988675564580651,-0.03543652459323266,-0.15208776446369807,0.039869228854968394,-0.9875625329521898
8.667,0.00010408166417619213,Grasping,0.51595,0.25781,0.0747,-0.02627,-0.15378,-0.03587,0.99678,-0.01447,-0.07656,-0.01889,0.9878571244312484,-0.025955917602970613,-0.15318156563964364,-0.031739756870531655,-0.9988678741777555,-0.03543385061507138,-0.1520884267267705,0.03986552742658046,-0.9875625803860616
8.733,0.00010408166417619213,Grasping,0.51595,0.25781,0.0747,-0.02627,-0.15378,-0.03587,0.99678,-0.01447,-0.07656,-0.01889,0.9878569796171291,-0.025956931903797664,-0.15318232766172732,-0.0317410176936902,-0.9988677870963524,-0.03543517598382657,-0.15208910420372665,0.039867048892255834,-0.9875624146326805
