time,gr,gr_state,tx,ty,tz,rx,ry,rz,qw,qx,qy,qz,xx,xy,xz,yx,yy,yz,zx,zy,zz
0.0,0.016121165826916695,Empty,0.30803,0.00034,0.48538,0.01342,0.00213,0.00217,0.99998,0.00671,0.00107,0.00108,0.999907534001994,0.01343127639154984,0.0021270309225352776,0.013426669068561714,-0.999907512770899,0.0021657474547647233,0.0021559229519983324,-0.00213698825646941,-0.9999953926280944
0.067,0.016121165826916695,Empty,0.30803,0.00034,0.48538,0.01342,0.00213,0.00215,0.99998,0.00671,0.00107,0.00107,0.9999075847804992,0.013427242307841702,0.0021286292386006513,0.013422637743836285,-0.9999075730896039,0.0021628855855648868,0.0021574740848183016,-0.002134113882858066,-0.9999953954211531
0.133,0.016121165826916695,Empty,0.30803,0.00034,0.48538,0.01342,0.00213,0.00215,0.99998,0.00671,0.00107,0.00107,0.9999075342372918,0.013431842286609319,0.0021233436572733323,0.01342725340067158,-0.9999075155370012,0.002160842135856983,0.002152171371750435,-0.002132131658597881,-0.9999954110759596
0.2,0.016121165826916695,Empty,0.30803,0.00035,0.48538,0.01344,0.00213,0.00215,0.99998,0.00672,0.00107,0.00107,0.9999074801991676,0.013434961901366282,0.0021290468431326265,0.013430373034439114,-0.9999074858210295,0.0021551981866175227,0.0021578048816389005,-0.0021264048947994747,-0.9999954111296294
0.267,0.016121165826916695,Empty,0.30803,0.00034,0.48538,0.01342,0.00213,0.00215,0.99998,0.00671,0.00107,0.00107,0.9999075399205503,0.013430724492630386,0.002127733450513408,0.013426121122735446,-0.9999075256032961,0.002163218317962909,0.002156590278892345,-0.002134451099601874,-0.9999953966078406
0.333,0.016121165826916695,Empty,0.30803,0.00034,0.48538,0.0134,0.00213,0.00215,0.99998,0.0067,0.00107,0.00107,0.9999078130076758,0.013410837087369176,0.0021248375992346984,0.013406250792786678,-0.9999078031424462,0.0021581599866341934,0.002153584427874602,-0.0021294749266067875,-0.9999954136948074
0.4,0.016121165826916695,Empty,0.30804,0.00031,0.4854,0.01336,0.00219,0.00213,0.99998,0.00668,0.0011,0.00106,0.999908230432152,0.013369106510010276,0.0021903664457030673,0.013364448498224213,-0.9999084282198177,0.002127602244738656,0.0022186100109693255,-0.0020981339560442666,-0.9999953377908928
0.467,0.01612149551510811,Empty,0.30808,0.00028,0.48551,0.0133,0.00243,0.00206,0.99998,0.00665,0.00122,0.00102,0.9999086837651916,0.013292942026095544,0.002433479659421902,0.013287946841312348,-0.9999095945360452,0.0020574798915760284,0.002460609620482931,-0.002024956061905322,-0.9999949224637308
0.533,0.01612149551510811,Empty,0.30818,0.00036,0.48528,0.0135,0.00175,0.00215,0.99998,0.00675,0.00088,0.00107,0.9999074306852287,0.013493724523600481,0.0017462700092521091,0.013489972892838875,-0.9999067105863619,0.0021426048894212066,0.001775018820887756,-0.00211884941486638,-0.9999961798853745
0.6,0.01612149551510811,Empty,0.30855,0.00094,0.48443,0.01508,-0.00088,0.00269,0.99997,0.00754,-0.00043,0.00135,0.9998858884674848,0.015080792075558958,-0.0008830367838749435,0.015083127162653975,-0.9998825969507392,0.0027002944359232335,-0.0008422105337328927,-0.0027133052572873954,-0.9999959643198555
0.667,0.016121165826916695,Empty,0.3094,0.00187,0.48273,0.01775,-0.00615,0.00333,0.99995,0.00888,-0.00306,0.00169,0.999823354363764,0.017758019668344616,-0.006157337594249041,0.0177786705247453,-0.9998364497890078,0.0033155011213014613,-0.006097453826263775,-0.0034243847288942296,-0.9999755470240584
0.733,0.016121165826916695,Empty,0.31067,0.00294,0.48,0.02095,-0.01488,0.0037,0.99992,0.01049,-0.00742,0.00193,0.9996699354953207,0.020950262506181094,-0.014869652575068091,0.021007584366131926,-0.9997724354691475,0.00370926882134755,-0.014788558614042808,-0.004020420004337124,-0.9998825604825339
0.8,0.016121165826916695,Empty,0.31244,0.00436,0.47605,0.02557,-0.02743,0.00369,0.99982,0.01281,-0.01369,0.00202,0.999297009478183,0.025561720261497445,-0.02742417373838648,0.02567211225839,-0.9996636406437877,0.0036807916268990874,-0.027320861995055463,-0.004382240532078044,-0.999617109931481
0.867,0.016121165826916695,Empty,0.3147,0.0056,0.47102,0.03005,-0.04334,0.00365,0.99965,0.01506,-0.02164,0.00215,0.9986100012384294,0.030009079383878035,-0.043330365577927625,0.030195385682612375,-0.9995373457809867,0.0036514480112426195,-0.04320074200824608,-0.004954749603423163,-0.9990541258341834
0.933,0.016121165826916695,Empty,0.31757,0.00658,0.46461,0.0328,-0.0631,0.00385,0.99937,0.01645,-0.03151,0.00244,0.9974734984752873,0.0327242073343571,-0.06305351769575178,0.03303204004401494,-0.9994468949728946,0.0038455766239197386,-0.06289279903137615,-0.005918647090158073,-0.9980027381959535
1.0,0.016121165826916695,Empty,0.32118,0.00753,0.45699,0.03532,-0.08517,0.00406,0.99893,0.01773,-0.04253,0.00278,0.9957529446358296,0.035190533686731806,-0.08507467066005878,0.035664262296002225,-0.9993556029963456,0.004054522745318208,-0.08487716797794588,-0.007071428331909888,-0.9963663288456664
1.067,0.016121165826916695,Empty,0.32621,0.00875,0.44835,0.03869,-0.10582,0.0039,0.99841,0.01942,-0.05284,0.00297,0.9936612985088366,0.03845787057691297,-0.10563245730561387,0.039086529969921624,-0.999228269887237,0.0038868796056963084,-0.10540145644460204,-0.007991048044416044,-0.9943976448737742
1.133,0.016121165826916695,Empty,0.33343,0.01043,0.43879,0.04326,-0.12132,0.0036,0.99792,0.0217,-0.06057,0.00311,0.9917206368450121,0.04293200159867572,-0.12102488047692948,0.04368662806827389,-0.9990388417783289,0.0035876379749544343,-0.12075453193875597,-0.008845103557694077,-0.9926429907873753
1.2,0.016121165826916695,Empty,0.34261,0.01204,0.42858,0.04726,-0.13055,0.00339,0.99759,0.02369,-0.06517,0.00323,0.9903832017008432,0.04684165521309713,-0.1301805405031206,0.04768309900615919,-0.998856888052934,0.003352500317243448,-0.1298746929080338,-0.009527671599380278,-0.9914846381139439
1.267,0.016121165826916695,Empty,0.35278,0.01355,0.41809,0.05077,-0.13539,0.00313,0.99738,0.02543,-0.06758,0.00328,0.9895728540864354,0.05028051428999741,-0.1349719835297692,0.05116801300601487,-0.9986852097400005,0.0031122807694394516,-0.1346380366027493,-0.009986076772431374,-0.9908445273454621
1.333,0.016121165826916695,Empty,0.36353,0.01521,0.40718,0.05468,-0.13716,0.00292,0.99727,0.02737,-0.06846,0.00333,0.989126974078191,0.05414276436206861,-0.1367347440051546,0.055053408585264196,-0.9984792451409457,0.002884306833787584,-0.13637063963355756,-0.010380659420334627,-0.9906034981545003
1.4,0.016121165826916695,Empty,0.37414,0.01678,0.39595,0.05802,-0.13698,0.00274,0.99723,0.02903,-0.06837,0.00335,0.9889661623353261,0.057450393568529656,-0.13654809421796615,0.058366132802644466,-0.9982915689976251,0.002708839220680312,-0.13615918734114707,-0.010648734529533445,-0.9906297391838779
1.467,0.016121165826916695,Empty,0.3842,0.01784,0.3846,0.05995,-0.13624,0.00257,0.99723,0.02999,-0.068,0.00332,0.9889520732492949,0.05937086347342452,-0.1358267182344524,0.06027265638115542,-0.9981787371659508,0.002532896078936739,-0.13542896185336628,-0.010691549944114663,-0.9907293712468165
1.533,0.016121165826916695,Empty,0.39389,0.0184,0.37316,0.06046,-0.13468,0.0024,0.99727,0.03024,-0.06722,0.00323,0.9891343377324056,0.05987238255181687,-0.1342704722798138,0.060739725104310305,-0.9981508272228954,0.0023689467073280124,-0.133880348494199,-0.010498758108378085,-0.9909418894997093
1.6,0.016121165826916695,Empty,0.40271,0.01883,0.36187,0.06066,-0.13383,0.00223,0.9973,0.03033,-0.0668,0.00314,0.9892375825356451,0.06006728933219585,-0.13342011112015506,0.06090611666303569,-0.9981410503612249,0.0022110035774157988,-0.13303928086118377,-0.01031330868697982,-0.991057105020627
1.667,0.016121165826916695,Empty,0.41065,0.01924,0.35091,0.06087,-0.13328,0.00207,0.99732,0.03043,-0.06653,0.00306,0.9892968162825939,0.06028000501263431,-0.1328838977784753,0.06109533731220024,-0.9981298028636232,0.002063103034869243,-0.1325110148320959,-0.010159607822194999,-0.9911294634491838
1.733,0.016121165826916695,Empty,0.41807,0.01966,0.34036,0.06112,-0.13196,0.00194,0.99736,0.03055,-0.06587,0.00298,0.9894565374369837,0.060552323944854936,-0.13156434390857014,0.061336907262315166,-0.9981152813602787,0.0019154431827003854,-0.1312003976011862,-0.009964997740559315,-0.9913057825360051
1.8,0.016121165826916695,Empty,0.42536,0.02023,0.33056,0.06176,-0.12786,0.00182,0.99748,0.03087,-0.06383,0.00288,0.9899449112356926,0.061216405648630456,-0.1275210743289863,0.06195269244131285,-0.9980774425784464,0.0018117713265321939,-0.1271649976126632,-0.009693827702712779,-0.9918342064511797
1.867,0.016121165826916695,Empty,0.43281,0.02124,0.32166,0.06427,-0.11999,0.00169,0.99768,0.03212,-0.0599,0.00277,0.9907622122170675,0.06375146927832448,-0.11969122360305703,0.06441470376915615,-0.9979218080539486,0.001676588402006636,-0.11933559729214925,-0.009370975146308335,-0.9928097501755979
1.933,0.016121165826916695,Empty,0.44089,0.02309,0.31362,0.06877,-0.10729,0.0016,0.99797,0.03437,-0.05356,0.00264,0.9919007702844371,0.06832227825268067,-0.10707440498785695,0.06888737515831977,-0.9976231864258099,0.0015834927882121264,-0.10671172125374634,-0.008946742422619839,-0.9942497494830392
2.0,0.016121165826916695,Empty,0.44975,0.02605,0.30669,0.07618,-0.08901,0.00157,0.99828,0.03808,-0.04443,0.00248,0.9931517999592127,0.0758046523378978,-0.08889970147141404,0.07624574459967326,-0.9970878180565895,0.0015714686095797264,-0.08852168473440515,-0.008338930811560159,-0.9960393433819281
2.067,0.016121165826916695,Empty,0.45872,0.02944,0.30099,0.08649,-0.06832,0.00153,0.99848,0.04323,-0.03409,0.00224,0.9939382372919423,0.08618081810147477,-0.06826160736715274,0.08648657537170024,-0.9962518396457262,0.001531105150137907,-0.06787380002226207,-0.007425536604589358,-0.9976662812166561
2.133,0.016121165826916695,Empty,0.46734,0.03342,0.29609,0.09903,-0.04752,0.00161,0.99849,0.0495,-0.02369,0.00198,0.9939774950503213,0.0987487325881426,-0.047512389391862114,0.09893685831437499,-0.9950923970203926,0.0016184743094342022,-0.04711939516133118,-0.006309453577334779,-0.9988693374987468
2.2,0.016121165826916695,Empty,0.47485,0.03754,0.29124,0.11597,-0.02847,0.00175,0.99822,0.05796,-0.01416,0.0017,0.9928804154361275,0.11566307623234717,-0.02846986898202957,0.11575934294685236,-0.9932757461306847,0.0017511907504887125,-0.028075882246097045,-0.005034376326995849,-0.9995931171687316
2.267,0.016121165826916695,Empty,0.48127,0.04184,0.28662,0.13393,-0.01143,0.00216,0.99774,0.06692,-0.00563,0.00146,0.9909796208477639,0.13352368196848935,-0.01143754422942274,0.13355668273423982,-0.9910388038293518,0.0021683637870175496,-0.01104552223518285,-0.00367636478942652,-0.9999322380944056
2.333,0.016121165826916695,Empty,0.48681,0.04565,0.28214,0.15297,0.00247,0.00314,0.99707,0.07641,0.00135,0.00147,0.9883204896089262,0.1523696752304749,0.0024681753041430896,0.1523617459877778,-0.9883198248510405,0.0031340334976818953,0.0029168782504956172,-0.00272137402213659,-0.9999920429406944
2.4,0.016121165826916695,Empty,0.49175,0.04954,0.2782,0.17289,0.01403,0.00393,0.99624,0.08632,0.00716,0.00135,0.9849953300703274,0.17200973090812938,0.014030403150296144,0.17197117081795232,-0.985094187090586,0.003919051905736461,0.014495383649614963,-0.0014474229686493,-0.9998938887800047
2.467,0.016121165826916695,Empty,0.49662,0.05344,0.27463,0.19449,0.02513,0.00502,0.9952,0.09705,0.01275,0.00128,0.9808394624035002,0.19319137705894984,0.025120525911687727,0.1931260339343599,-0.9811610906872612,0.005024852054415118,0.025618040690058987,-7.714564804008208e-05,-0.9996718011626374
2.533,0.01612149551510811,Empty,0.5011,0.05733,0.27118,0.21772,0.03589,0.00664,0.99392,0.10857,0.0182,0.00135,0.975761306278782,0.2158737789616918,0.03589407647403928,0.2157756034098851,-0.9764204481504422,0.006633054107267382,0.03647961269292079,0.0012727884697012997,-0.9993335868804201
2.6,0.01612149551510811,Empty,0.5049,0.06081,0.26771,0.24406,0.04464,0.00854,0.99232,0.1216,0.02267,0.00152,0.9693994375802504,0.24139912926281815,0.04462276112307962,0.24126122453661286,-0.970422708971089,0.00853155603081059,0.045362450927923535,0.002495256372806787,-0.9989674778196964
2.667,0.01612149551510811,Empty,0.50853,0.06431,0.26439,0.27474,0.0519,0.01081,0.99025,0.13675,0.02644,0.0018,0.9612001676489275,0.2709322324221933,0.05186485463587023,0.27074149254392577,-0.9625914723025293,0.010802854508728213,0.05285150827328068,0.003658262589812714,-0.9985956815388615
2.733,0.016121165826916695,Empty,0.51162,0.06715,0.2612,0.30724,0.05655,0.01309,0.98784,0.15277,0.02894,0.00214,0.9516480496589503,0.3019470372284717,0.056515274831356224,0.30169928229549425,-0.9533135437393228,0.013070209851330655,0.05782328806544589,0.004612378141700763,-0.9983161790360698
2.8,0.016121165826916695,Empty,0.51422,0.06956,0.25771,0.34018,0.0599,0.01545,0.98514,0.16896,0.03082,0.00254,0.9410065009551043,0.333052217840148,0.05985804333579441,0.3327391279270993,-0.942892870023662,0.015417795071135078,0.06157465311753441,0.005408867746643081,-0.998087824914799
2.867,0.016121165826916695,Empty,0.51605,0.07118,0.25377,0.37135,0.05969,0.01718,0.98238,0.18427,0.03091,0.00293,0.9301759471785922,0.3622346689287871,0.05965527568003476,0.36187286786742584,-0.9320698471406239,0.017141398795260953,0.061812092601799346,0.005643108833408243,-0.9980718513869035
2.933,0.016121165826916695,Empty,0.51809,0.07182,0.24971,0.40269,0.05819,0.01901,0.9794,0.19962,0.0304,0.00349,0.9184588534412355,0.39121638836617056,0.058164181496352246,0.3907924668997848,-0.9202833995393169,0.01896608411714569,0.060947373608643475,0.0053105560996626385,-0.9981268534831235
3.0,0.016121165826916695,Empty,0.51967,0.07184,0.24508,0.43663,0.05302,0.01988,0.97593,0.21624,0.02803,0.00396,0.9049046991754518,0.42230062046997907,0.0530063332145827,0.4218566570173439,-0.9064451743724317,0.019852122986796512,0.056430898808506054,0.004396795151290082,-0.9983968258423409
3.067,0.016121165826916695,Empty,0.52076,0.07177,0.23986,0.47643,0.04623,0.02,0.97151,0.23567,0.02482,0.00426,0.8876907497397105,0.4581150726254212,0.04621377565136653,0.45769210762502077,-0.8888863201264157,0.01997609846504593,0.050230144776977986,0.0034190825558729236,-0.9987318170711093
3.133,0.016121165826916695,Empty,0.5217,0.0717,0.23386,0.52298,0.0384,0.01953,0.96583,0.25828,0.02107,0.00447,0.8656995492983186,0.499089111019588,0.03839726040181877,0.4987119141280052,-0.8665477655765375,0.019529379946410762,0.043019961081674586,0.002242595814579077,-0.999071695982097
3.2,0.016121165826916695,Empty,0.52355,0.07179,0.22757,0.57424,0.03287,0.01934,0.95893,0.28299,0.0185,0.00462,0.8391531945222159,0.5429016091478898,0.03285968514443778,0.5425599614456518,-0.8397947632258207,0.019324696493864615,0.038086800328361765,0.001611968709083645,-0.9992731344320371
3.267,0.016121165826916695,Empty,0.52554,0.07183,0.22079,0.62607,0.02868,0.01929,0.9513,0.30777,0.01661,0.00476,0.8099978630710529,0.5857317381702447,0.02866692729245941,0.5854155647935664,-0.8105041452479943,0.019278149113638163,0.03452648719109758,0.0011668058457992082,-0.9994031019795573
3.333,0.016121165826916695,Empty,0.52844,0.07188,0.21367,0.6788,0.02637,0.01998,0.94287,0.33275,0.01576,0.00503,0.7780551806729168,0.6276417810763436,0.026380494221106218,0.6273245660811508,-0.7785016273109387,0.01997761410469797,0.03307604297872654,0.0010054459386171846,-0.99945233225969
3.4,0.016121165826916695,Empty,0.53175,0.07191,0.20672,0.7307,0.02525,0.02127,0.93392,0.3571,0.01559,0.00542,0.7444742692870008,0.6671733281530766,0.02525495141023285,0.6668354264767118,-0.7449018166961417,0.021255528184666125,0.03299358066667038,0.001016702480702687,-0.999455046488264
3.467,0.016121165826916695,Empty,0.53592,0.07206,0.20039,0.78015,0.02572,0.02366,0.9248,0.38006,0.01639,0.00605,0.7105757164946854,0.7031507558329614,0.02571314254616138,0.7027542635640278,-0.7110396640666632,0.023644051398759077,0.03490839685011179,0.001269131790434107,-0.9993897103401926
3.533,0.016121165826916695,Empty,0.54129,0.07243,0.19536,0.82906,0.02941,0.02896,0.9152,0.40248,0.01929,0.00733,0.6752731974791517,0.736981670923285,0.02939601145402646,0.73641596275677,-0.6759094645124296,0.02894694421765496,0.0412024096783428,0.0021005964970194453,-0.9991486120347937
3.6,0.016121165826916695,Empty,0.54758,0.07303,0.19101,0.88244,0.03414,0.03639,0.90408,0.42663,0.0232,0.00916,0.6348935576797796,0.7718449568113732,0.03413990424066699,0.7709950524570747,-0.635802538805739,0.0363560274904947,0.04976745425903489,0.003239489624368498,-0.998755578809725
3.667,0.016121165826916695,Empty,0.55466,0.07395,0.18756,0.94442,0.03899,0.04588,0.89037,0.45425,0.02779,0.01156,0.5857748444666231,0.8095360635953709,0.038976830664069574,0.8082509372275682,-0.587051696437658,0.04583370136074297,0.05998544874268688,0.004654830628475562,-0.9981883982951107
3.733,0.016121165826916695,Empty,0.5613,0.07472,0.18414,1.01593,0.04044,0.05443,0.8735,0.48564,0.03089,0.01394,0.526398901409789,0.8492763058524216,0.04042218341741266,0.8475543190077945,-0.5279183908094669,0.05434932360551097,0.06749720679999187,0.005650571900847282,-0.997703462012332
3.8,0.016121165826916695,Empty,0.56707,0.0752,0.18042,1.09413,0.03779,0.06005,0.85381,0.51937,0.03174,0.01581,0.45849714219024545,0.8878926360700443,0.03777614877095826,0.8858850242316478,-0.46001200791852803,0.059972297045024804,0.07062644296204032,0.005968197663610315,-0.9974849804238546
3.867,0.016121165826916695,Empty,0.57133,0.07526,0.17632,1.17066,0.03167,0.06078,0.83331,0.55175,0.02998,0.01658,0.3893550356047794,0.9205432502709466,0.0316667116985928,0.9185558147215724,-0.3906026013592121,0.06070274336967265,0.06824860064784434,0.005452723357847365,-0.9976534449986096
3.933,0.016121165826916695,Empty,0.574,0.07497,0.17098,1.2411,0.0245,0.05783,0.81336,0.58091,0.02677,0.0164,0.32365796726566337,0.9458572036952415,0.02448816945541741,0.9441015626964907,-0.324552932714372,0.05777225268711937,0.06259200859137579,0.00442086918136473,-0.9980294065688537
4.0,0.016121165826916695,Empty,0.5752,0.07454,0.1649,1.30154,0.01761,0.05193,0.79546,0.60539,0.02273,0.01532,0.26596903304725145,0.9638206519049504,0.017613188848887195,0.9624270611461779,-0.2665330271368853,0.05190662210912654,0.05472317090082958,0.0031458554901336432,-0.9984966089876289
4.067,0.016121165826916695,Empty,0.5752,0.07403,0.15799,1.35468,0.01122,0.04334,0.77912,0.62647,0.01795,0.01337,0.2144150702198867,0.9766781392464732,0.01122452585402577,0.9757179217755898,-0.21470224066985527,0.043329954734195396,0.0447293504147439,0.0016613757522493926,-0.998997760278813
4.133,0.016121165826916695,Empty,0.57357,0.07293,0.1502,1.40022,0.00506,0.03165,0.7647,0.64419,0.01213,0.01047,0.1697546689709981,0.9854733860999882,0.005055457562921802,0.9849651807061524,-0.16982947622838346,0.03164714521864886,0.03204598506902585,-0.00039280098845325393,-0.9994863183397457
4.2,0.016121165826916695,Empty,0.57165,0.07053,0.14276,1.43693,-0.00061,0.01987,0.75278,0.6582,0.00631,0.00768,0.13346961698961657,0.9910527184337762,-0.0006087903310240533,0.9908589997911015,-0.13343132667251506,0.019862618039705154,0.019603669901927502,-0.0032542814006514768,-0.9998025333929402
4.267,0.016121165826916695,Empty,0.57022,0.06657,0.13601,1.46893,-0.00596,0.00925,0.74217,0.67019,0.00089,0.00543,0.10168292487689184,0.9947990249559521,-0.00595673863515339,0.9947796764883245,-0.10162553210692288,0.00925453779340426,0.00860104843987716,-0.006866671003620478,-0.9999394335633848
4.333,0.016121165826916695,Empty,0.57056,0.06212,0.13069,1.49619,-0.01019,0.00304,0.73297,0.68024,-0.0027,0.00458,0.07452259390447546,0.9971672564757299,-0.010190466643592664,0.9972167307405374,-0.07449519766582585,0.0030426067580060423,0.0022748470064939815,-0.010388846778881869,-0.9999434468677226
4.4,0.016121165826916695,Empty,0.57329,0.05826,0.12716,1.52065,-0.01287,0.00346,0.72459,0.68915,-0.00347,0.00569,0.050114620041638636,0.9986605817476324,-0.012867296591090337,0.9987395220996036,-0.05007402412807932,0.0034581937302711205,0.0028092444425030397,-0.013024383712922348,-0.9999112328474768
4.467,0.016121165826916695,Empty,0.57895,0.05517,0.12548,1.54383,-0.01435,0.01227,0.71651,0.69751,-0.00086,0.0094,0.026953207320817407,0.9995338543308994,-0.014338711990176738,0.9995661267203657,-0.026778095168279226,0.012267515331302176,0.01187783348789624,-0.01466313969021571,-0.9998219388501428
4.533,0.016121165826916695,Empty,0.58647,0.05293,0.12486,1.56465,-0.01536,0.02675,0.70912,0.70492,0.00398,0.0149,0.006135505806896868,0.9998632112047812,-0.015359506754991375,0.9996258849597146,-0.005723191747771972,0.02674575096580757,0.026654187044445714,-0.015517859242863497,-0.9995242620154442
4.6,0.016121165826916695,Empty,0.59405,0.05129,0.12408,1.58029,-0.01679,0.03924,0.70346,0.71041,0.00803,0.01977,-0.009502055631271933,0.9998137096155542,-0.0168005060508467,0.9991786629579289,0.010155200889239324,0.03922845121216691,0.039391755842896684,-0.01641395624715495,-0.9990890208644725
4.667,0.016121165826916695,Empty,0.59894,0.04979,0.12163,1.59236,-0.01904,0.042,0.69912,0.71464,0.00835,0.02149,-0.02155061092328492,0.9995866466974006,-0.01902910699635202,0.9988687042958813,0.02233434284107738,0.04198200457486334,0.042389653774238784,-0.01810284160298138,-0.9989371373508933
4.733,0.01612149551510811,Empty,0.60109,0.04847,0.11674,1.60104,-0.02132,0.03777,0.69603,0.71769,0.00613,0.0208,-0.03022532803727568,0.9993156035490653,-0.021324963034107997,0.9988056483324409,0.031015543378957566,0.0377533167830394,0.038388883863061156,-0.020158387144685035,-0.999059524264432
4.8,0.01612149551510811,Empty,0.60047,0.04761,0.11003,1.60561,-0.02313,0.02843,0.69446,0.7193,0.00219,0.01819,-0.03478370284404331,0.999127180813538,-0.02312943094953262,0.9989677180003076,0.035436098540241545,0.02842149386475712,0.02921630383391156,-0.02211695005732478,-0.9993283985309567
4.867,0.016121165826916695,Empty,0.598,0.04734,0.10223,1.60633,-0.0244,0.01593,0.69429,0.71955,-0.00274,0.01431,-0.03551101083320196,0.9990716509023467,-0.024388613590430822,0.9992282051309315,0.035905467388148316,0.015930834330185557,0.016791729524423597,-0.023804070553116865,-0.9995756119697403
4.933,0.016121165826916695,Empty,0.59494,0.0473,0.09438,1.60722,-0.02561,0.00289,0.69404,0.71982,-0.00785,0.01022,-0.03641682930187867,0.9990086912426004,-0.02560174535738917,0.9993293898930856,0.03650251479882605,0.002887370650706031,0.0038190364636781935,-0.025479427684079826,-0.9996680517678759
5.0,0.016121165826916695,Empty,0.5921,0.04724,0.08734,1.60804,-0.0267,-0.00886,0.69379,0.72004,-0.01245,0.00654,-0.03722506052616381,0.9989503441556552,-0.026692785169802363,0.9992759900811836,0.03700051197337867,-0.00885763856668883,-0.007860694377322116,-0.027003185460342454,-0.9996044404957897
5.067,0.016121165826916695,Empty,0.58982,0.04695,0.08159,1.60829,-0.02761,-0.0184,0.69372,0.72005,-0.0162,0.00356,-0.03747039020162524,0.998916326451191,-0.02760693042327971,0.9991471469334838,0.036970849139609185,-0.018388449868754642,-0.017347871132141233,-0.02827240815979637,-0.9994497097423306
5.133,0.016121165826916695,Empty,0.58838,0.04673,0.0776,1.60844,-0.02826,-0.02482,0.69368,0.72004,-0.01874,0.00157,-0.03761348348563315,0.9988927065393619,-0.028259276044231958,0.9990104071292432,0.03691609866415735,-0.024807420399579803,-0.023736729082569553,-0.02916440436364659,-0.999292752505778
5.2,0.016121165826916695,Empty,0.588,0.04669,0.076,1.60842,-0.0285,-0.02715,0.69369,0.72001,-0.01966,0.00085,-0.03759362290608387,0.9988865923580232,-0.028500791641122295,0.9989531381225631,0.03682164069869781,-0.027143960863134416,-0.026064292660238134,-0.029491395077742604,-0.9992251549398113
5.267,0.016121165826916695,Empty,0.58852,0.04681,0.07641,1.60776,-0.02843,-0.02605,0.69392,0.71979,-0.01924,0.0012,-0.03694900999599077,0.9989125016518512,-0.02843562385383368,0.999005003665778,0.03621134803446224,-0.026033457785423746,-0.02497545417113726,-0.02936924100428163,-0.9992565608349927
5.333,0.016121165826916695,Empty,0.58976,0.04689,0.07779,1.60758,-0.02825,-0.02297,0.69399,0.71976,-0.01807,0.0022,-0.03675208665558538,0.9989250937471534,-0.02824785316977707,0.9990843657550261,0.036109044168183224,-0.022947048462440323,-0.02190237955880001,-0.02906534038164936,-0.999337526443474
5.4,0.016121165826916695,Empty,0.59068,0.04704,0.07926,1.60747,-0.02799,-0.02013,0.69401,0.71975,-0.01696,0.00309,-0.03666782143431546,0.9989352358113217,-0.0279975985727282,0.9991451413782979,0.036111523827574044,-0.02012322804600271,-0.019090765605444825,-0.0287115395168742,-0.9994054183198974
5.467,0.016121165826916695,Empty,0.5913,0.04712,0.08072,1.60724,-0.02777,-0.01768,0.6941,0.71969,-0.016,0.00386,-0.036413165577207585,0.9989510294919763,-0.027765483060216638,0.9991980390249937,0.03593102947880428,-0.017670312085554238,-0.016654134058979093,-0.028386648226122364,-0.9994582722761526
5.533,0.016121165826916695,Empty,0.59159,0.04716,0.08143,1.60686,-0.02767,-0.0165,0.69423,0.71957,-0.01554,0.00423,-0.036042718271855456,0.9989675396074441,-0.02765460667276174,0.9992301397006343,0.03559555949263077,-0.016494970695867812,-0.015493559094882344,-0.028227840070683498,-0.9994814348808672
5.6,0.016121165826916695,Empty,0.59143,0.04715,0.08126,1.60687,-0.02769,-0.01689,0.69423,0.71957,-0.01569,0.0041,-0.03605803408580632,0.9989662344976125,-0.027681772189073466,0.9992235343653413,0.035599513226556745,-0.016882032711353318,-0.015879123033146588,-0.028269011155205904,-0.9994742200077024
5.667,0.016121165826916695,Empty,0.59112,0.04709,0.08099,1.60683,-0.02775,-0.01759,0.69425,0.71955,-0.01596,0.00388,-0.03601607410482516,0.998966202224103,-0.027737505656205697,0.9992136801638305,0.03553678614658723,-0.017582895206015275,-0.016579016241312958,-0.028348961962019584,-0.9994605908069343
5.733,0.016121165826916695,Empty,0.59097,0.0471,0.08087,1.60687,-0.02776,-0.01791,0.69423,0.71956,-0.01608,0.00377,-0.0360563716285518,0.9989644974047335,-0.02774654915285418,0.9992069366587566,0.03556793665053709,-0.01790026858589291,-0.016894845308776427,-0.028369963118258897,-0.9994547060245706
5.8,0.016121165826916695,Empty,0.59098,0.04707,0.08088,1.60684,-0.02776,-0.01789,0.69425,0.71955,-0.01607,0.00378,-0.03601419383012089,0.9989658148638818,-0.02775389299011942,0.9992086617242113,0.035525993749116136,-0.01788726092636347,-0.016882777558106913,-0.0283761255543862,-0.9994547350032643
5.867,0.016121165826916695,Empty,0.59098,0.04709,0.08088,1.60687,-0.02774,-0.0179,0.69424,0.71956,-0.01607,0.00377,-0.03603989619218573,0.9989650501539964,-0.02774805314395678,0.999207716682281,0.03555175539787564,-0.01788886834631976,-0.01688386226663846,-0.02837078178254871,-0.9994548683837647
5.933,0.016121165826916695,Empty,0.59098,0.04708,0.08088,1.60687,-0.02776,-0.01791,0.69424,0.71956,-0.01608,0.00377,-0.036035867969296864,0.9989651016541277,-0.02775143053714559,0.999207632494302,0.03554728347875702,-0.017902452413363173,-0.01689743722672847,-0.028374571616845912,-0.9994545313823582
6.0,0.016121165826916695,Empty,0.59098,0.04708,0.08088,1.60684,-0.02776,-0.01791,0.69424,0.71955,-0.01608,0.00377,-0.03602851071752555,0.998965391303082,-0.02775055664590076,0.9992079786001375,0.03554008172729034,-0.017897432571295613,-0.01689265868073166,-0.02837339545239023,-0.9994546455508617
6.067,0.016121165826916695,Empty,0.59098,0.04709,0.08088,1.60687,-0.02776,-0.01791,0.69424,0.71956,-0.01608,0.00377,-0.03604349922799355,0.9989648536353881,-0.02775044800771228,0.9992074616731037,0.03555510342215806,-0.017896456560796678,-0.0168912610599228,-0.02837350563231053,-0.9994546660444079
6.133,0.016121165826916695,Empty,0.59098,0.04708,0.08088,1.60684,-0.02776,-0.01791,0.69424,0.71955,-0.01608,0.00377,-0.03603340997253879,0.998965172777919,-0.027752061951022765,0.9992076659298768,0.03554472285311161,-0.017905670170739046,-0.016900701545165122,-0.02837527540091811,-0.999454456207587
6.2,0.016121165826916695,Empty,0.59098,0.04709,0.08088,1.60687,-0.02776,-0.01791,0.69423,0.71956,-0.01608,0.00377,-0.03604754221106676,0.9989647953372647,-0.027747294954971434,0.9992072088211519,0.03555902092181096,-0.017902789473299607,-0.016897589780333355,-0.028370648703528845,-0.9994546401672046
6.267,0.016121165826916695,Empty,0.59098,0.04708,0.08088,1.60684,-0.02776,-0.01791,0.69424,0.71955,-0.01608,0.00377,-0.03602275444660408,0.9989655133941938,-0.027753634197243134,0.9992080879844514,0.035534108713357104,-0.017903184755895606,-0.016898463496308632,-0.028376577789121008,-0.9994544570736785
6.333,0.016121165826916695,Empty,0.59098,0.04709,0.08088,1.60687,-0.02776,-0.01791,0.69424,0.71956,-0.01608,0.00377,-0.03603961456889759,0.9989650789725757,-0.027747381408717492,0.999207514729729,0.03555112968115881,-0.017901387824161372,-0.01689641054670839,-0.02837055113509365,-0.9994546628731731
6.4,0.016121165826916695,Empty,0.59098,0.04708,0.08088,1.60684,-0.02776,-0.01791,0.69424,0.71955,-0.01608,0.00377,-0.03602779790767435,0.9989652763192061,-0.027755620807611438,0.9992078808905981,0.0355390713115592,-0.017904892527787576,-0.01689995692430864,-0.028378708899526164,-0.9994543713132444
6.467,0.016121165826916695,Empty,0.59097,0.04708,0.08088,1.60687,-0.02776,-0.01791,0.69424,0.71956,-0.01608,0.00377,-0.03603915700662125,0.9989649517934489,-0.027752553946697407,0.9992074393519011,0.03555042540450659,-0.017906992974133795,-0.016901843274304586,-0.028375911295866287,-0.9994544188466327
6.533,0.016121165826916695,Empty,0.59097,0.04709,0.08088,1.60687,-0.02776,-0.01791,0.69424,0.71956,-0.01608,0.00377,-0.03603636570216007,0.9989650911827029,-0.027751161152535956,0.9992075048510487,0.035547601596426504,-0.017908943857269977,-0.016903922512874963,-0.02837454174212484,-0.9994544225649327
6.6,0.01612149551510811,Empty,0.59097,0.04708,0.08088,1.60684,-0.02776,-0.01791,0.69424,0.71955,-0.01608,0.00377,-0.036034826972092704,0.9989651246233324,-0.027751955451482183,0.9992075873649774,0.0355460948543046,-0.017907330701970085,-0.01690232520549418,-0.028375252014713408,-0.9994544294142427
6.667,0.01612149551510811,Empty,0.59097,0.04708,0.08088,1.60684,-0.02776,-0.01791,0.69424,0.71955,-0.01608,0.00377,-0.03603194818004468,0.9989652371273334,-0.027751643581616536,0.9992076186235748,0.035543101486936735,-0.017911527609169333,-0.016906613941156005,-0.0283750409307163,-0.999454362868673
6.733,0.01612149551510811,Empty,0.59097,0.04709,0.08088,1.60684,-0.02776,-0.01791,0.69424,0.71955,-0.01608,0.00377,-0.0360318888859365,0.9989653446251778,-0.027747850749400654,0.9992076936898395,0.03554323262879866,-0.017907079195862482,-0.01690230322599012,-0.028371091840015506,-0.9994545478877276
6.8,0.016121165826916695,Empty,0.59098,0.04709,0.08088,1.60687,-0.02776,-0.01791,0.69424,0.71956,-0.01608,0.00377,-0.036043896187616054,0.9989648739958181,-0.027749199450350773,0.9992072567065096,0.035555202399991215,-0.017907700224949044,-0.01690253509587629,-0.02837266474645383,-0.9994544993157607
6.867,0.016121165826916695,Empty,0.59098,0.04708,0.08088,1.60684,-0.02776,-0.01791,0.69424,0.71955,-0.01608,0.00377,-0.03602776599716062,0.9989652913256803,-0.027755122119211058,0.9992079731868437,0.03553920143187883,-0.01789948271386018,-0.01689456708806916,-0.028378017692975387,-0.9994544820624518
6.933,0.016121165826916695,Empty,0.59097,0.04708,0.08088,1.60684,-0.02776,-0.01791,0.69424,0.71955,-0.01608,0.00377,-0.03603156571129784,0.9989652517711884,-0.027751613036336154,0.9992076742088458,0.03554278992988846,-0.017909044813965495,-0.016904143709198516,-0.028374915642622303,-0.9994544082086649
7.0,0.016121165826916695,Empty,0.59097,0.04708,0.08088,1.60684,-0.02776,-0.01791,0.69424,0.71955,-0.01608,0.00377,-0.03603394590184217,0.9989651283691247,-0.02775296462004655,0.9992075358540218,0.035545056388744445,-0.017912265598025043,-0.016907248010138588,-0.028376421000179234,-0.9994543129607998
7.067,0.016121165826916695,Empty,0.59097,0.04709,0.08088,1.60684,-0.02776,-0.01791,0.69424,0.71955,-0.01608,0.00377,-0.03603308354760881,0.9989652576523151,-0.02774943051116899,0.9992074843765388,0.0355441193352346,-0.01791699602586512,-0.016912127481760176,-0.028373043268668924,-0.9994543262999639
7.133,0.016121165826916695,Empty,0.59097,0.04708,0.08088,1.60684,-0.02776,-0.01791,0.69424,0.71955,-0.01608,0.00377,-0.03603351947007899,0.9989651691171919,-0.0277520515504638,0.9992075256484398,0.0355446036342279,-0.017913733279454197,-0.016908759922632396,-0.028375553618313898,-0.999454312009675
7.2,0.016121165826916695,Empty,0.59097,0.04708,0.08088,1.60684,-0.02776,-0.01791,0.69424,0.71955,-0.01608,0.00377,-0.03603042460190031,0.9989653038166295,-0.02775122111827953,0.9992076456748316,0.03554153953927053,-0.017913117878757732,-0.01690826212141795,-0.02837464956131329,-0.9994543460980627
7.267,0.01612149551510811,Empty,0.59097,0.04708,0.08088,1.60684,-0.02776,-0.01791,0.69424,0.71955,-0.01608,0.00377,-0.03603374662215614,0.998965119195834,-0.027753553545869558,0.9992074449867532,0.03554468211635564,-0.017918076244162074,-0.01691304193262233,-0.028377212747209942,-0.9994541924517024
7.334,0.01612149551510811,Empty,0.59097,0.04708,0.08087,1.60684,-0.02774,-0.01793,0.69424,0.71955,-0.01608,0.00376,-0.036029503766565385,0.998965340482554,-0.027751096787515875,0.9992075550986349,0.035540413775680624,-0.017920402407913063,-0.01691557543044794,-0.028374768778413623,-0.9994542189638446
7.4,0.01612149551510811,Empty,0.59097,0.04708,0.08088,1.60684,-0.02776,-0.01791,0.69424,0.71955,-0.01608,0.00377,-0.036035983840786934,0.9989651242169784,-0.02775046786603923,0.9992073899720343,0.03554701648188319,-0.017916513179517785,-0.016911525475298055,-0.028374111746348223,-0.9994543061534651
7.467,0.01612149551510811,Empty,0.59097,0.04708,0.08088,1.60684,-0.02776,-0.01791,0.69424,0.71955,-0.01608,0.00377,-0.03602749198074484,0.9989653394197515,-0.027753746766115125,0.9992076660048391,0.0355384199553882,-0.017918172458048786,-0.016913308923426643,-0.0283773033436012,-0.999454185361293
7.533,0.014854128472507,Grasping,0.59097,0.04708,0.08088,1.60684,-0.02776,-0.01791,0.69424,0.71955,-0.01608,0.00377,-0.03602807064023916,0.9989653811398149,-0.02775149383594227,0.999207680384238,0.035539097829739186,-0.017916025971128183,-0.01691122665840189,-0.02837498563228953,-0.9994542863999709
7.6,0.014854128472507,Grasping,0.59097,0.04708,0.08088,1.60684,-0.02776,-0.01791,0.69424,0.71955,-0.01608,0.00377,-0.03602442962426505,0.9989654817120921,-0.027752600202033566,0.9992078110681442,0.03553543803164155,-0.01791599688287863,-0.016911261651760892,-0.0283760284681791,-0.999454256200712
7.667,0.013213775120675564,Grasping,0.59097,0.04708,0.08088,1.60684,-0.02776,-0.01791,0.69424,0.71955,-0.01608,0.00377,-0.03603431633750925,0.998965152083023,-0.02775163003917707,0.9992074492104269,0.03554532756880402,-0.01791656022839489,-0.01691157853305232,-0.02837524646182759,-0.9994542730409185
7.733,0.013213775120675564,Grasping,0.59097,0.04708,0.08088,1.60687,-0.02776,-0.01791,0.69424,0.71956,-0.01608,0.00377,-0.036037118160015924,0.9989649784432082,-0.027754242174512857,0.999207348020757,0.035548080720094855,-0.017916741289727464,-0.016911587035120454,-0.02837791044242119,-0.999454197261123
7.8,0.013213775120675564,Grasping,0.59097,0.04709,0.08088,1.60687,-0.02774,-0.01793,0.69424,0.71956,-0.01608,0.00376,-0.03603913396605857,0.9989650998654505,-0.02774725344582656,0.999207269188003,0.03555021045105622,-0.017916912087151945,-0.01691194917298409,-0.02837096733803871,-0.999454388247645
7.867,0.011605270206928253,Grasping,0.59097,0.04708,0.08088,1.60684,-0.02776,-0.01791,0.69424,0.71955,-0.01608,0.00377,-0.03602942215275956,0.9989653147506393,-0.027752129008317798,0.9992076042872748,0.03554039127418823,-0.01791770416548858,-0.016912843457638823,-0.028375702867659256,-0.9994542386787622
7.933,0.011605270206928253,Grasping,0.59097,0.04709,0.08088,1.60687,-0.02776,-0.01794,0.69424,0.71956,-0.01609,0.00376,-0.03604297233645637,0.9989648198256429,-0.027752349375757802,0.999206987963698,0.035553715756590776,-0.01792563807550047,-0.0169203826690686,-0.02837643470593577,-0.9994540902931521
8.0,0.010023687966167927,Grasping,0.59098,0.04708,0.08088,1.60684,-0.02776,-0.01791,0.69424,0.71955,-0.01608,0.00377,-0.03601990298353047,0.9989655678937215,-0.02775537338663522,0.9992080432511092,0.03553098000146432,-0.017911888856967408,-0.01690718460731593,-0.02837857683024345,-0.9994542528228814
8.067,0.010023687966167927,Grasping,0.59097,0.04709,0.08088,1.60687,-0.02776,-0.01794,0.69424,0.71956,-0.01609,0.00376,-0.03603928106815707,0.9989649784153003,-0.02775143455406567,0.9992071094936987,0.035550023512157414,-0.017926186586468412,-0.016921068445527005,-0.02837547758194148,-0.9994541058571216
8.133,0.010023687966167927,Grasping,0.59097,0.04708,0.08088,1.60684,-0.02776,-0.01791,0.69424,0.71955,-0.01608,0.00377,-0.03602635485451411,0.9989654239968097,-0.027752178559003554,0.9992076889720181,0.035537281346691985,-0.017919149915228777,-0.016914374215293942,-0.028375751855417998,-0.9994542113831653
8.2,0.008271701633930206,Grasping,0.59097,0.04708,0.08087,1.60684,-0.02776,-0.01794,0.69424,0.71955,-0.01609,0.00376,-0.036028138908820895,0.9989653773144873,-0.02775154290648439,0.9992074688454124,0.03553881449814267,-0.01792838162273016,-0.016923575576998102,-0.028375475167657222,-0.9994540634760056
8.267,0.008271701633930206,Grasping,0.59097,0.04709,0.08088,1.60684,-0.02776,-0.01794,0.69424,0.71955,-0.01609,0.00376,-0.03603189333772311,0.9989652629263903,-0.027750786095298074,0.9992074409424402,0.03554276062362466,-0.01792211294772903,-0.016917228725721854,-0.028374559620543048,-0.9994541969187891
8.333,0.006499686744064093,Grasping,0.59097,0.04708,0.08087,1.60684,-0.02776,-0.01794,0.69424,0.71955,-0.01609,0.00376,-0.036035729301223784,0.9989650148774454,-0.027754734094100557,0.9992072378556673,0.03554641498209987,-0.017926187513458428,-0.016921052880251253,-0.028378714432222698,-0.999454014218062
8.4,0.006499686744064093,Grasping,0.59097,0.04708,0.08087,1.60684,-0.02776,-0.01794,0.69424,0.71955,-0.01609,0.00376,-0.0360294619120517,0.9989653154646283,-0.02775205168962421,0.9992074948562815,0.03554025123808424,-0.017924083378740886,-0.016919222717436642,-0.028375853125314213,-0.9994541264420538
8.467,0.006499686744064093,Grasping,0.59097,0.04708,0.08087,1.60684,-0.02776,-0.01794,0.69424,0.71955,-0.01609,0.00376,-0.03603286869243261,0.9989650796675624,-0.02775611605708125,0.9992071376577603,0.03554319023156871,-0.01793816272497496,-0.01693305724253792,-0.02838047273994526,-0.9994537609812062
8.533,0.004744088277220726,Grasping,0.59096,0.04708,0.08087,1.60684,-0.02775,-0.01797,0.69424,0.71955,-0.0161,0.00375,-0.03603453438302506,0.9989651172744025,-0.02775259989150738,0.9992067787073748,0.035544417499498326,-0.017955716912791606,-0.016950684854292585,-0.028377611836813598,-0.9994535434073009
8.6,0.004744088277220726,Grasping,0.59096,0.04709,0.08087,1.60687,-0.02775,-0.01797,0.69424,0.71956,-0.0161,0.00375,-0.03604272332662939,0.9989647984775862,-0.027753441189066537,0.9992062258249326,0.035552155731523205,-0.017971157323195788,-0.01696585889053571,-0.02837914067544066,-0.9994532425314502
8.667,0.004744088277220726,Grasping,0.59096,0.04708,0.08087,1.60684,-0.02775,-0.018,0.69424,0.71955,-0.01611,0.00374,-0.03603146305600291,0.9989651887236245,-0.027754015716947772,0.9992063828190478,0.0355404749593603,-0.01798552677396686,-0.01698052424743994,-0.02838003449673333,-0.999452968097172
8.733,0.0029067350551486015,Grasping,0.59095,0.04709,0.08087,1.60684,-0.02775,-0.018,0.69424,0.71955,-0.01611,0.00374,-0.036033610434048235,0.9989651261953116,-0.02775347842473148,0.9992062292807005,0.03554250362486189,-0.017990047324034163,-0.016985001787799853,-0.02837969488316356,-0.9994529016580056
8.8,0.0029067350551486015,Grasping,0.59095,0.04708,0.08087,1.60684,-0.02777,-0.01801,0.69424,0.71955,-0.01612,0.00374,-0.036034827817336745,0.9989649656247042,-0.0277576771111749,0.9992059315351003,0.03554322068701915,-0.018005161711762807,-0.01699992850713687,-0.028384448517228718,-0.9994525128854922
8.867,0.001305124955251813,Grasping,0.59094,0.04707,0.08086,1.60684,-0.02777,-0.01804,0.69425,0.71955,-0.01613,0.00373,-0.036015310857971716,0.9989655699639473,-0.027761257363626866,0.9992062126574888,0.035522945168221076,-0.018029557766422073,-0.017024745827202762,-0.028388560956508876,-0.9994519736517297
