time,gr,gr_state,tx,ty,tz,rx,ry,rz,qw,qx,qy,qz,xx,xy,xz,yx,yy,yz,zx,zy,zz
0.0,0.016449827700853348,Empty,0.30837,-0.00056,0.4861,0.0135,0.00472,0.00649,0.99997,0.00674,0.00238,0.00323,0.999897796206912,0.01349567581289901,0.00471846107473765,0.013464900448006523,-0.9998882535593436,0.00649437063701227,0.0048055797242330285,-0.006430173279060311,-0.9999677791184651
0.067,0.016449827700853348,Empty,0.30837,-0.00056,0.4861,0.0135,0.00472,0.00649,0.99997,0.00674,0.00238,0.00323,0.9998978426583658,0.013492380507198587,0.004718041478699187,0.01346160827878562,-0.9998882984375734,0.006494285962475052,0.004805137843422683,-0.0064301100972560055,-0.9999677816482102
0.133,0.016449827700853348,Empty,0.30837,-0.00054,0.4861,0.01352,0.00472,0.00651,0.99997,0.00675,0.00238,0.00324,0.999897437362868,0.013520717759170964,0.004722811286318098,0.013489845807054479,-0.9998878248994767,0.006508584938031385,0.004810282244446043,-0.006444207404367897,-0.9999676661650906
0.2,0.016449827700853348,Empty,0.30837,-0.00055,0.4861,0.01352,0.00472,0.00651,0.99997,0.00675,0.00238,0.00324,0.9998974772878781,0.013516928122779881,0.004725205546977186,0.013486052271837634,-0.9998878916153275,0.006506196675194281,0.004812619604627381,-0.0064418052732638275,-0.9999676703960794
0.267,0.016449827700853348,Empty,0.30837,-0.00055,0.4861,0.01352,0.00472,0.00649,0.99997,0.00675,0.00238,0.00323,0.9998976476921206,0.013507235765874426,0.004716855067643778,0.01347646234710903,-0.9998880866122555,0.00649609217067477,0.00480407143691978,-0.006431860760933032,-0.9999677755131816
0.334,0.016449499875307083,Empty,0.30837,-0.00054,0.4861,0.01352,0.00474,0.00651,0.99997,0.00675,0.00239,0.00324,0.9998973576593302,0.013522728776303339,0.004733915116658161,0.01349177051191569,-0.9998877790307245,0.006511641379801543,0.004821439032383015,-0.006447104113311877,-0.9999675937620223
0.4,0.016449499875307083,Empty,0.30837,-0.00054,0.4861,0.01358,0.00474,0.00651,0.99997,0.00678,0.00239,0.00324,0.9998967787795522,0.013567633802253343,0.004727694922813086,0.013536705540355964,-0.9998871586214527,0.006513649286780261,0.004815536251439977,-0.0064489795258965525,-0.9999676101122904
0.467,0.016449827700853348,Empty,0.30837,-0.00053,0.48611,0.01358,0.00474,0.00651,0.99997,0.00678,0.00239,0.00324,0.9998965146042966,0.01358130325077378,0.004744289640204757,0.013550286472576445,-0.9998869997796259,0.0065097932539618635,0.004832165010711941,-0.006444833101697381,-0.999967556627514
0.533,0.016449827700853348,Empty,0.30838,-0.00052,0.48609,0.01364,0.0047,0.00649,0.99997,0.00681,0.00237,0.00323,0.9998959237050449,0.013639916975770994,0.004700470500772019,0.013609225823633553,-0.9998862587711166,0.00650065328876068,0.004788604234627873,-0.006436006960329264,-0.9999678230242662
0.6,0.016449827700853348,Empty,0.30845,-0.00049,0.48598,0.01371,0.0044,0.00653,0.99997,0.00685,0.00222,0.00325,0.9998963616984486,0.013706991837748816,0.004402753339116253,0.013678039381441853,-0.9998850623686932,0.006540129252058511,0.004491892795351895,-0.006479230410611696,-0.9999689207532408
0.667,0.016449827700853348,Empty,0.30867,-0.00035,0.4856,0.01411,0.00323,0.00668,0.99997,0.00705,0.00164,0.00333,0.999895290437427,0.014105107611421641,0.003233280118361397,0.014083283352417597,-0.9998785380771871,0.006676093366847663,0.003327054413304621,-0.006629859115966901,-0.9999724874600466
0.733,0.016449827700853348,Empty,0.30943,-0.00011,0.4849,0.01483,0.00215,0.0067,0.99997,0.00741,0.0011,0.00334,0.9998878210646003,0.014823985705205378,0.002143533181033962,0.014809354426449373,-0.9998679699484236,0.006687727019682151,0.002242388939977634,-0.006655232454982051,-0.9999753394823354
0.8,0.016449827700853348,Empty,0.31091,0.00048,0.48345,0.01656,-0.0004,0.0069,0.99996,0.00828,-0.00017,0.00345,0.999862868975902,0.0165557211329595,-0.000389025764695555,0.016558011283771656,-0.9998391207441846,0.006896730516872647,-0.00027478283135360895,-0.006902226254155447,-0.9999761415989545
0.867,0.016449827700853348,Empty,0.3137,0.00158,0.48127,0.01985,-0.00237,0.00726,0.99994,0.00993,-0.00115,0.00364,0.9998002394373837,0.019846819335612442,-0.0023632569071854316,0.01986349080645644,-0.999776390518476,0.0072533230197905,-0.0022187730689772296,-0.007298816623752405,-0.999970901737626
0.933,0.016449827700853348,Empty,0.31892,0.00369,0.47826,0.0261,-0.00094,0.00733,0.99991,0.01305,-0.00042,0.00367,0.9996589639533637,0.026097483099683183,-0.0009365700983584488,0.026103655757428235,-0.999632371556059,0.007329453820474177,-0.0007449454913408892,-0.00735140211595949,-0.9999727005989435
1.0,0.016449827700853348,Empty,0.32559,0.00648,0.47418,0.03402,0.00059,0.00793,0.99985,0.01701,0.00036,0.00396,0.9994208082673681,0.034024992385653596,0.0005898265475599565,0.034019260902299786,-0.9993897814545043,0.007921780859080517,0.0008590051578730073,-0.007897127165890673,-0.9999684482485758
1.067,0.016449827700853348,Empty,0.33268,0.01008,0.46893,0.044,-0.00075,0.00883,0.99975,0.022,-0.00028,0.00442,0.9990322434414036,0.04397734600767145,-0.000754720184600855,0.04398229940395654,-0.9989933453271966,0.008823453468843495,-0.00036592837581838375,-0.008848108843004878,-0.9999607877643636
1.133,0.016449827700853348,Empty,0.34004,0.01432,0.46177,0.05551,-0.00793,0.00964,0.99959,0.02777,-0.00383,0.00493,0.998428384916483,0.05547824395098483,-0.007932505353162535,0.055553735177977126,-0.9984092005633531,0.00963590879062917,-0.007385303029539496,-0.010061445152717905,-0.999922109276818
1.2,0.016449827700853348,Empty,0.34772,0.0192,0.45304,0.06838,-0.01866,0.01023,0.99936,0.03423,-0.00915,0.00543,0.9974897415607349,0.06830861691270335,-0.018658733520040008,0.0685074129222879,-0.9975981491871733,0.010230694649982526,-0.017915073424172125,-0.011483274524262179,-0.9997735666391702
1.267,0.016449827700853348,Empty,0.35609,0.02466,0.44304,0.0823,-0.03,0.01048,0.99902,0.04121,-0.01477,0.00585,0.9961668400025557,0.08216762005807432,-0.030001818166820265,0.08251314387209402,-0.9965350376771209,0.010464213788047816,-0.029038043454511782,-0.012899647121174009,-0.9994950680901247
1.333,0.016449827700853348,Empty,0.36564,0.03091,0.43186,0.09753,-0.03912,0.01053,0.9986,0.04884,-0.01928,0.00621,0.9944853218631182,0.09731305322310252,-0.03910389074258114,0.09779207150024205,-0.9951512098654801,0.01052521994842642,-0.037890042893900966,-0.014291227227527101,-0.9991797163042438
1.4,0.016449827700853348,Empty,0.37598,0.03762,0.41978,0.11237,-0.046,0.01046,0.99814,0.05626,-0.02267,0.00651,0.9926417639773517,0.11201378627537656,-0.04599173939073786,0.112604441678196,-0.9935849311886835,0.010451039619132785,-0.04452603869954127,-0.015553012538836303,-0.9988871486202503
1.467,0.016449827700853348,Empty,0.38631,0.04459,0.40684,0.12385,-0.05236,0.01058,0.99772,0.062,-0.0258,0.0069,0.9909811660601716,0.12335637226224794,-0.05234055727942225,0.12406869862081915,-0.9922172953865338,0.010573398619560227,-0.05062891008662073,-0.016971863719977155,-0.9985733169403793
1.533,0.016449827700853348,Empty,0.39537,0.05167,0.3925,0.12791,-0.06342,0.01094,0.99743,0.06405,-0.03129,0.00748,0.9898376617736666,0.1272966129277025,-0.06337961558399693,0.12823250248515605,-0.9916841467066586,0.01090772556864408,-0.06146404347937879,-0.018924204285018634,-0.9979298802277361
1.6,0.016449827700853348,Empty,0.40338,0.05884,0.37771,0.1267,-0.07661,0.01198,0.99723,0.06349,-0.03784,0.0084,0.989073304449271,0.1259964239031276,-0.07654344903009902,0.1272678633142692,-0.9917964343357825,0.011946706920679069,-0.07441027747039064,-0.021557690100088366,-0.9969946723048866
1.667,0.016449827700853348,Empty,0.41118,0.06568,0.36334,0.11786,-0.08779,0.01377,0.99726,0.05914,-0.0434,0.00945,0.9892380197014117,0.11714124012346566,-0.08767023576771014,0.11878105404126155,-0.9928258255267228,0.013709170946051293,-0.08543536491451426,-0.02397519613095444,-0.9960552135260404
1.733,0.016449827700853348,Empty,0.41908,0.07258,0.34924,0.10589,-0.09735,0.01619,0.99736,0.05325,-0.04816,0.01065,0.9896906852374945,0.10518943438212064,-0.09719840764389218,0.10724044107387698,-0.9941026033371101,0.016109060700755386,-0.09493068709547516,-0.02636658743087246,-0.9951346480325318
1.8,0.016449827700853348,Empty,0.42655,0.07914,0.33607,0.09393,-0.10501,0.01874,0.99745,0.04737,-0.05198,0.01181,0.9901096132557512,0.09326445322709997,-0.1048078980935935,0.0957205658970729,-0.995233647404397,0.018642970216271898,-0.10256962027272569,-0.02849085534677297,-0.9943177279716571
1.867,0.016449827700853348,Empty,0.43353,0.08618,0.32387,0.08901,-0.11289,0.02104,0.99734,0.04501,-0.05589,0.013,0.989699759167701,0.08832918819536895,-0.11266029121275077,0.09123636230807802,-0.9956098099936832,0.020905320785181015,-0.11031914111424097,-0.030968706093237333,-0.99341362299232
1.933,0.016449827700853348,Empty,0.43911,0.0935,0.31263,0.09133,-0.12323,0.02313,0.99696,0.04627,-0.06098,0.01434,0.9882805026456469,0.0905146496687993,-0.12291764025477267,0.09401269114793814,-0.9953064149990623,0.022951125567968446,-0.12026330277183299,-0.03423796806250056,-0.9921514499053871
2.0,0.016449827700853348,Empty,0.44443,0.10149,0.30283,0.10235,-0.13242,0.02434,0.99639,0.05184,-0.06545,0.01551,0.9860580887384107,0.10128268709835736,-0.1320275082234332,0.10534270165104032,-0.994143420166008,0.024120019682653926,-0.12881133817491508,-0.037691874917121976,-0.9909525527101787
2.067,0.016449499875307083,Empty,0.45007,0.11013,0.29446,0.11708,-0.13776,0.02469,0.99579,0.05921,-0.06798,0.01632,0.9837457896950372,0.1156997041737805,-0.13732370411326217,0.1201367118982769,-0.9924563162504465,0.02444648827263015,-0.13345932605688332,-0.04054674818888825,-0.9902245045946649
2.133,0.016449499875307083,Empty,0.45626,0.1197,0.28714,0.13366,-0.13997,0.02454,0.99519,0.06747,-0.06895,0.01688,0.9813866360671946,0.13196140282169866,-0.13952225168067445,0.13661761629931257,-0.9903258570388196,0.02429657994494088,-0.13496628269834587,-0.04290553630542972,-0.9899208137467024
2.2,0.016449499875307083,Empty,0.46124,0.12948,0.2802,0.14924,-0.14489,0.02492,0.99446,0.07525,-0.07125,0.01779,0.9785226386447574,0.1471225723915356,-0.14438973077265246,0.1521916240836016,-0.9880435242773956,0.02465164684760103,-0.13903652476416925,-0.046097102147537296,-0.9892137797034074
2.267,0.016449827700853348,Empty,0.46491,0.13907,0.27322,0.15862,-0.1528,0.02655,0.99378,0.08,-0.07503,0.01924,0.9759422549643479,0.15611529063586255,-0.152199641933822,0.16188817980219533,-0.9864604854665513,0.026228378780020697,-0.14604428169372285,-0.050236706129844835,-0.988001690859782
2.333,0.016449827700853348,Empty,0.46798,0.14857,0.26597,0.15768,-0.16141,0.03005,0.99344,0.0797,-0.07918,0.02128,0.9747567441644402,0.15498064622505336,-0.16071804192935094,0.16171922303569997,-0.986391276195425,0.029650348164735246,-0.15393564436695395,-0.05489307370903307,-0.986554898549546
2.4,0.016449827700853348,Empty,0.47123,0.15753,0.25896,0.14643,-0.16738,0.03501,0.99357,0.07434,-0.08208,0.02351,0.9754740466974516,0.14385870184061494,-0.1665984937639923,0.15157732941156832,-0.9878426458371528,0.0345140590761259,-0.15960794913836487,-0.0589201236436792,-0.9854205810727004
2.467,0.016449827700853348,Empty,0.47462,0.1661,0.2521,0.12788,-0.17123,0.04101,0.99398,0.0654,-0.08401,0.02585,0.9773298297353596,0.12567027544139908,-0.17039185948846167,0.13435577927727033,-0.9901095713791264,0.04039258890241658,-0.1636304631914553,-0.0623700130986446,-0.9845481466042301
2.533,0.016449827700853348,Empty,0.47839,0.17405,0.24527,0.10291,-0.17281,0.04765,0.99456,0.05328,-0.08494,0.02814,0.9798928038313159,0.10119776448458245,-0.17195669647595835,0.1107573554182299,-0.9927395482022059,0.04691479144193299,-0.16596054115470263,-0.06501693547532954,-0.9839867361306427
2.6,0.016449827700853348,Empty,0.48308,0.18169,0.23895,0.0756,-0.16963,0.05333,0.99525,0.0399,-0.08362,0.02975,0.9828299245951977,0.07445097458140776,-0.16882651362886392,0.08440235029013127,-0.9950453365677777,0.05254542263813324,-0.16407797715019637,-0.0658925683108242,-0.9842441703437736
2.667,0.016449827700853348,Empty,0.48832,0.18838,0.23306,0.0512,-0.16362,0.05704,0.99586,0.02783,-0.08093,0.0305,0.9853525771648852,0.05049360304435885,-0.16288245677824914,0.06036783500338333,-0.9965900018801325,0.0562502679954645,-0.15948674920357395,-0.06525920781128143,-0.9850407162266543
2.733,0.016449827700853348,Empty,0.49496,0.19494,0.22668,0.03469,-0.15347,0.05727,0.99646,0.01948,-0.07612,0.02987,0.9876536033490717,0.03427564717001924,-0.15285790722979095,0.04337134087068384,-0.9974560572665032,0.05657155304074042,-0.1505300188755517,-0.06250275060698302,-0.9866276499185941
2.8,0.016449827700853348,Empty,0.50314,0.20139,0.22077,0.02849,-0.13773,0.05308,0.99715,0.01603,-0.0684,0.02745,0.9901300778717624,0.028217697516609463,-0.13728142787907793,0.035727973749740016,-0.9979787553624484,0.052553931698360444,-0.13552099758116928,-0.05694001573655547,-0.9891369439175374
2.867,0.016449827700853348,Empty,0.51314,0.20735,0.21509,0.02937,-0.11717,0.04533,0.9979,0.01598,-0.0582,0.02348,0.9927156260466234,0.029167118611439835,-0.11689724117688512,0.034633232923557244,-0.9983862653975493,0.04500449136249733,-0.11539594871624938,-0.04872519119963166,-0.9921237981030574
2.933,0.016449827700853348,Empty,0.52422,0.21265,0.20899,0.03157,-0.09389,0.03607,0.9986,0.01661,-0.04663,0.01875,0.9950995515298202,0.03141930098424267,-0.0937534536473838,0.03491694126905648,-0.9987451309435724,0.03590223710187777,-0.09250778214595698,-0.038999883873772796,-0.9949478977817223
3.0,0.016449827700853348,Empty,0.5347,0.21684,0.20169,0.03194,-0.07434,0.02824,0.99907,0.01648,-0.03693,0.0147,0.9967288705461073,0.03184923876031237,-0.07427775313153952,0.03402123586815581,-0.9990242618229084,0.028161672521282453,-0.07330834966008033,-0.030596573003871898,-0.9968398745989918
3.067,0.016449827700853348,Empty,0.54373,0.22017,0.19273,0.03034,-0.0602,0.02264,0.99936,0.0155,-0.02992,0.01177,0.9977292295906233,0.0302811542646102,-0.06016174961638177,0.03168977553585722,-0.9992422301098128,0.022599196703746792,-0.05943183109233889,-0.024454391457783747,-0.9979327834034921
3.133,0.016449827700853348,Empty,0.55216,0.22273,0.18191,0.02496,-0.04989,0.01889,0.99956,0.01271,-0.02482,0.00975,0.9984449810863427,0.024921853378087888,-0.04986502750117956,0.02588950125444367,-0.9994869913902493,0.018854383216207124,-0.04936956013869759,-0.020116044985745242,-0.9985779845689785
3.2,0.016449827700853348,Empty,0.56019,0.22448,0.17006,0.01635,-0.04258,0.01662,0.9997,0.00835,-0.02122,0.00848,0.9989599578569683,0.016334692021482633,-0.04256971264839929,0.017054800173451456,-0.9997166132506898,0.01660803966801041,-0.042286361742855216,-0.01731678454950218,-0.9989554507501416
3.267,0.016449827700853348,Empty,0.56963,0.22558,0.1587,-0.00117,-0.03281,0.01416,0.99984,-0.00047,-0.01641,0.00707,0.9994608165982077,-0.0011629396256286895,-0.032813467605102516,-0.000698871191933681,-0.9998996317556859,0.014150547477075882,-0.03282663040735448,-0.014119985349533324,-0.9993613152157874
3.333,0.016449827700853348,Empty,0.57985,0.2265,0.14846,-0.02421,-0.02162,0.0116,0.99985,-0.01204,-0.01088,0.00567,0.9994732694273147,-0.024209824113106904,-0.021611758759681424,-0.023963041799155982,-0.9996454763477414,0.011605784989780052,-0.0218850708933312,-0.011081788389494352,-0.9996990735406751
3.4,0.016449827700853348,Empty,0.59014,0.22756,0.14008,-0.04232,-0.01142,0.00948,0.99975,-0.02113,-0.00581,0.00462,0.9990393846450042,-0.042304376999653004,-0.011430118757171051,-0.04219698959648188,-0.9990643483812736,0.009478494737871797,-0.011820405962833853,-0.008987072948001513,-0.9998897491837292
3.467,0.016449827700853348,Empty,0.59961,0.22901,0.13376,-0.05219,-0.00511,0.0081,0.99965,-0.02608,-0.00266,0.00398,0.9986256505388362,-0.05216020596866233,-0.005111066345947825,-0.052117802078327724,-0.998608049368024,0.008105457662217761,-0.005526734335049389,-0.007827940386619922,-0.999954088224501
3.533,0.016449827700853348,Empty,0.60855,0.23153,0.12897,-0.05353,-0.0001,0.00612,0.99964,-0.02676,-0.00013,0.00306,0.9985680843839021,-0.053495527140763055,-9.708653936742282e-05,-0.05349393140206454,-0.9985494082114842,0.006121982003094669,-0.0004244443608324601,-0.006108022300785985,-0.9999812557796062
3.6,0.016449827700853348,Empty,0.61684,0.23478,0.12533,-0.0533,0.00607,0.0034,0.99964,-0.02665,0.00299,0.00178,0.9985615702988078,-0.05327261416315571,0.006067858156094127,-0.05329389175199156,-0.9985730807806482,0.0034005061640110202,0.0058780459598360025,-0.003718994550682928,-0.9999758085349993
3.667,0.016449827700853348,Empty,0.62435,0.23811,0.12245,-0.05273,0.01247,0.00027,0.99963,-0.02636,0.00623,0.0003,0.9985325553273046,-0.052698549932887584,0.01247392426201536,-0.05270604543137403,-0.9986100332034402,0.0002726910522644829,0.012442215498434515,-0.0009297421120937853,-0.999922160397046
3.733,0.016449827700853348,Empty,0.63144,0.24125,0.12018,-0.05224,0.01923,-0.003,0.99961,-0.0261,0.00965,-0.00125,0.9984510291686797,-0.05221252442350671,0.019219642174842545,-0.05216417729780631,-0.9986339903364836,-0.003008646119911213,0.019350476966919945,0.0020014089928208846,-0.9998107587954812
3.8,0.016449827700853348,Empty,0.63779,0.24373,0.1179,-0.0521,0.02518,-0.00564,0.99958,-0.02601,0.01266,-0.00249,0.9983259996114939,-0.05206833586244669,0.025181082189364018,-0.05194240388536697,-0.9986342122474439,-0.005629991788314238,0.02543983447905052,0.0043126012385227746,-0.9996670527191721
3.867,0.016449827700853348,Empty,0.643,0.24568,0.11534,-0.04996,0.02971,-0.00721,0.99957,-0.02492,0.01494,-0.00323,0.9983117128423817,-0.049916486684621175,0.02969963566736216,-0.04972322346222352,-0.9987370032298557,-0.007211062887884598,0.030022076048065095,0.00572212692198336,-0.999532856995333
3.933,0.016449827700853348,Empty,0.64635,0.24721,0.11284,-0.04856,0.03195,-0.00812,0.99957,-0.02421,0.01607,-0.00367,0.9983113172414547,-0.04851638248290252,0.03194799678233198,-0.04828061011110946,-0.9988008793028553,-0.00811086870451997,0.0323031972864951,0.0065547032439030066,-0.9994566220254154
4.0,0.016449827700853348,Empty,0.64825,0.2488,0.11141,-0.04757,0.03341,-0.00922,0.99957,-0.0237,0.01681,-0.00421,0.9983111339160298,-0.04752632234288379,0.03340851064999442,-0.047243529610077384,-0.9988409944777861,-0.009204165394486746,0.03380723013309789,0.007610284829599229,-0.9993993970157978
4.067,0.016449827700853348,Empty,0.64826,0.25009,0.11133,-0.04612,0.03366,-0.0101,0.99958,-0.02297,0.01694,-0.00466,0.9983711173985406,-0.046074873723612686,0.03364844655764058,-0.04575902637534646,-0.9989014715127931,-0.010097609358488616,0.03407672885664948,0.008541441384767728,-0.9993827196472334
4.133,0.016449827700853348,Empty,0.64813,0.25097,0.11195,-0.045,0.03435,-0.01076,0.99959,-0.0224,0.01729,-0.00499,0.998398830816402,-0.0449516431038719,0.03433838095634629,-0.044606869693895435,-0.9989468657769496,-0.01074181225495165,0.0347850801429704,0.009192885111374,-0.9993525349258768
4.2,0.016449827700853348,Empty,0.64829,0.25137,0.11285,-0.04461,0.0355,-0.01138,0.99958,-0.0222,0.01787,-0.00529,0.998376120693895,-0.044564913258881234,0.03548366010486605,-0.04418650063863189,-0.9989584987899949,-0.011378526115101846,0.03595378685926499,0.009792149992124922,-0.9993054783243261
4.267,0.016449827700853348,Empty,0.64857,0.25139,0.11349,-0.04473,0.03643,-0.01178,0.99957,-0.02225,0.01834,-0.00548,0.9983368771837273,-0.044689254039007975,0.03641909153837487,-0.04428759303601043,-0.9989495764301042,-0.011762348965755171,0.036906486667254816,0.010129872830024506,-0.9992673800931997
4.333,0.016449827700853348,Empty,0.64863,0.25143,0.11368,-0.04473,0.03669,-0.01189,0.99957,-0.02225,0.01847,-0.00553,0.9983277047171992,-0.0446788815807293,0.03668230547257924,-0.04427036218704394,-0.9989490096593538,-0.011874810837394814,0.03717430599105237,0.01023101369812046,-0.999256422212433
4.4,0.016449827700853348,Empty,0.64859,0.25142,0.1136,-0.04475,0.03655,-0.01182,0.99957,-0.02226,0.0184,-0.0055,0.9983314239329747,-0.0447072349674405,0.03654628749306026,-0.04430201495092073,-0.9989482106056005,-0.011823874117948744,0.03703646121388711,0.010185070909657841,-0.9992620101211283
4.467,0.016449827700853348,Empty,0.64868,0.25133,0.11366,-0.04507,0.03673,-0.01183,0.99956,-0.02242,0.01849,-0.0055,0.9983109466214058,-0.045017820727363544,0.0367239659191533,-0.04461095547170735,-0.998934452815755,-0.01182461963822786,0.03721715340771693,0.010166356016113416,-0.9992554871991346
4.533,0.016449827700853348,Empty,0.65006,0.25023,0.11426,-0.0469,0.0391,-0.01152,0.99952,-0.02333,0.01968,-0.0053,0.9981372853002188,-0.04683959056362186,0.03908979981199488,-0.04642245501590636,-0.9988555597590874,-0.011512011494794005,0.039584281777060554,0.009675923428405477,-0.9991693856108693
4.6,0.016449827700853348,Empty,0.65343,0.24825,0.11576,-0.05072,0.04438,-0.01195,0.99942,-0.02522,0.02233,-0.00541,0.9977311488850227,-0.05064961827798087,0.04435279825295721,-0.050166141804697584,-0.9986694231289277,-0.011947448420717561,0.04489891714733955,0.009695332672454142,-0.998944486827655
4.667,0.016449827700853348,Empty,0.65674,0.24557,0.11669,-0.05527,0.04881,-0.01154,0.99931,-0.02748,0.02455,-0.00509,0.9972840250676054,-0.055172582692392336,0.04879097728071674,-0.054672893583614046,-0.9984378806726297,-0.011518382922209022,0.0493502588863633,0.008819555374221398,-0.9987425931594437
4.733,0.016449827700853348,Empty,0.66008,0.2424,0.11593,-0.05993,0.05207,-0.00921,0.99921,-0.02983,0.02616,-0.00382,0.996851701227906,-0.05981429885927281,0.05204743424034654,-0.05941461255233832,-0.9981910481168945,-0.009194306637857703,0.05250323394120724,0.006072982073826034,-0.9986022878576065
4.8,0.016449827700853348,Empty,0.66229,0.23949,0.11273,-0.06326,0.05177,-0.00576,0.99916,-0.03154,0.02596,-0.00206,0.9966631864938102,-0.0631315239046506,0.05173879953652619,-0.06291800755463095,-0.9980021533486243,-0.005746845818706197,0.05199824048330608,0.0024723674858536868,-0.9986441159820926
4.867,0.016449827700853348,Empty,0.66468,0.23777,0.10862,-0.0633,0.05127,-0.0027,0.99917,-0.0316,0.02566,-0.00054,0.9966858847090511,-0.0631778689425938,0.05124260041809278,-0.06312294644468985,-0.9980021301118962,-0.002691082358152661,0.05131024121826658,-0.0005524201209176124,-0.9986826092298459
4.933,0.016449827700853348,Empty,0.66793,0.23754,0.10498,-0.05818,0.05263,-0.00115,0.99923,-0.02906,0.02632,0.00019,0.9969250223054924,-0.05806787557738152,0.05261769404984146,-0.0580874757488421,-0.9983108254552631,-0.0011579896193733286,0.052596055577587404,-0.001902000199956882,-0.9986140582491909
5.0,0.016449827700853348,Empty,0.67202,0.23934,0.10225,-0.04241,0.05635,-0.00164,0.99938,-0.02117,0.02818,-0.00022,0.9975156060728466,-0.042331243217617276,0.056308804718025726,-0.042306507233077884,-0.9991033463189478,-0.0016318149460671783,0.05632739197636769,-0.000754467979164214,-0.9984120670801255
5.067,0.016449827700853348,Empty,0.67624,0.24231,0.10005,-0.02145,0.06127,-0.00252,0.99947,-0.01068,0.03064,-0.00093,0.9978937284983338,-0.02141137968567791,0.061234462875487915,-0.0212971749285773,-0.9997700206251943,-0.0025171807960230608,0.0612742765257603,0.0012077578623311555,-0.9981202354211594
5.133,0.016449827700853348,Empty,0.6801,0.24569,0.09802,-0.0049,0.06628,-0.00354,0.99945,-0.00239,0.03314,-0.00169,0.9977914143212028,-0.004892963911418857,0.06624464062137982,-0.004668445172032687,-0.9999828240663395,-0.003543612843392968,0.06626084157758584,0.0032265269981339106,-0.9977971188558123
5.2,0.016449827700853348,Empty,0.68363,0.24846,0.09593,-0.00064,0.07061,-0.00505,0.99937,-0.00023,0.0353,-0.00251,0.997507554265577,-0.0006330906267721925,0.07055691588615068,-0.0002780230856359589,-0.9999872500698141,-0.005042063166461379,0.07055920837332919,0.005009879646161773,-0.99749501212771
5.267,0.016449827700853348,Empty,0.68599,0.25085,0.09338,0.00087,0.07252,-0.00695,0.99934,0.00056,0.03625,-0.00349,0.9973708311641561,0.000869827477979368,0.0724614969696231,0.0013753944261237216,-0.9999750591382532,-0.006927437594058165,0.07245366404187374,0.007008887330064158,-0.9973471522320108
5.333,0.016449827700853348,Empty,0.68631,0.25296,0.08995,0.00277,0.07065,-0.00823,0.99937,0.00153,0.03531,-0.00416,0.9975015199675497,0.002756204004608187,0.07059122468064094,0.003343675507589572,-0.9999607452756293,-0.008205348372122282,0.07056583802753078,0.00842088162207068,-0.9974715791721482
5.4,0.016449827700853348,Empty,0.68623,0.25427,0.08725,0.00406,0.06865,-0.00883,0.9994,0.00218,0.03431,-0.00448,0.9976362012887103,0.0040566703832763396,0.06859703567672093,0.0046714301881299325,-0.9999503336270629,-0.008803863874602805,0.06855791433692598,0.00910349957579801,-0.9976056027695734
5.467,0.016449827700853348,Empty,0.68696,0.25469,0.08563,0.00422,0.06857,-0.0089,0.9994,0.00226,0.03427,-0.00452,0.9976415245168387,0.004206691167935761,0.06851052699502182,0.004825832396132601,-0.9999489788983873,-0.008874172736495288,0.0684697006083894,0.009183863538311637,-0.9976109245337621
5.533,0.016449827700853348,Empty,0.68775,0.25496,0.08431,0.00422,0.06881,-0.00892,0.9994,0.00226,0.03439,-0.00453,0.997625044507015,0.004212528799317217,0.06874972853394466,0.004836159016912256,-0.9999486362202131,-0.008907103193462784,0.06870867585930691,0.009218433839366567,-0.9975941751730558
5.6,0.016449827700853348,Empty,0.68747,0.2549,0.08229,0.00435,0.06683,-0.00818,0.99943,0.00231,0.0334,-0.00416,0.9977581898936121,0.004337436084376423,0.0667815928863392,0.0048926026592371885,-0.9999548037718153,-0.008151861927738185,0.06674321643014855,0.008460322800226518,-0.9977343163381093
5.667,0.016449827700853348,Empty,0.68656,0.2546,0.07955,0.00426,0.06329,-0.00691,0.99949,0.00224,0.03163,-0.00352,0.9979889769905526,0.004258604042095326,0.06324449459805029,0.0047045764293928705,-0.9999650980778833,-0.006904316527308982,0.06321288449335434,0.007187970346482924,-0.9979741801852029
5.733,0.016449827700853348,Empty,0.68528,0.25462,0.07602,0.00097,0.05849,-0.00637,0.99957,0.00058,0.02924,-0.0032,0.9982896304304234,0.0009765399148954912,0.058453914709652326,0.0013507395152496104,-0.9999788471553339,-0.006362448007722416,0.05844646505863843,0.006430521882681416,-0.9982698328159906
5.8,0.016449827700853348,Empty,0.68389,0.25534,0.07192,-0.00208,0.05342,-0.00608,0.99964,-0.00096,0.02671,-0.00301,0.9985708475198032,-0.0020738785754204625,0.05340375933617675,-0.0017522619779114512,-0.9999800513845013,-0.006068476827902104,0.053415279289194297,0.0059662266722301655,-0.9985545613924923
5.867,0.016449827700853348,Empty,0.6827,0.25623,0.06797,-0.00144,0.04894,-0.00578,0.9997,-0.00065,0.02447,-0.00287,0.998801561725883,-0.001441238024010194,0.048922010658755025,-0.0011601929411277356,-0.9999826649788024,-0.0057726678608276925,0.04892948238308437,0.0057089907032873725,-0.9987859195938203
5.933,0.016449827700853348,Empty,0.6827,0.25638,0.06483,-0.00112,0.04678,-0.00493,0.99972,-0.0005,0.02339,-0.00245,0.9989056570479429,-0.0011103250972058776,0.04675741113231187,-0.0008810159810683782,-0.9999874862153524,-0.004924553131183073,0.046762293875072365,0.004877969954730963,-0.9988941351718221
6.0,0.016449827700853348,Empty,0.68432,0.25611,0.06361,-0.00147,0.0487,-0.00466,0.9997,-0.00068,0.02435,-0.00231,0.9988135937190206,-0.001477505360366893,0.0486746543902027,-0.0012522224772189006,-0.9999883650466379,-0.004658509441822625,0.048680971035540685,0.004592031060662664,-0.9988038227348628
6.067,0.016449827700853348,Empty,0.68664,0.2571,0.06366,-0.00084,0.0526,-0.00616,0.99965,-0.00034,0.0263,-0.00307,0.9986166778273712,-0.0008349087400961741,0.052574078141422,-0.0005122372247883256,-0.9999809534419288,-0.006150639511187508,0.05257821200887492,0.0061152007952929134,-0.9985980852881619
6.133,0.016449827700853348,Empty,0.6877,0.25872,0.06304,0.00042,0.05431,-0.00753,0.99962,0.00031,0.02715,-0.00377,0.9985257111788637,0.00041469456447923436,0.05427920543968189,0.0008242383289490118,-0.9999713624165042,-0.007522963382718354,0.05427453128238057,0.007556611363489746,-0.9984974576225916
6.2,0.016449827700853348,Empty,0.68759,0.26061,0.06129,0.00277,0.05386,-0.00769,0.99963,0.00149,0.02692,-0.00388,0.9985465814255295,0.0027776158243045246,0.053823875498899415,0.003195179155672634,-0.9999654538243261,-0.00767345998054891,0.05380070216597176,0.007834284156354307,-0.9985209604400932
6.267,0.016449827700853348,Empty,0.68597,0.26223,0.05803,0.00577,0.05014,-0.00624,0.99968,0.00296,0.02506,-0.00319,0.9987266867797859,0.005768209998745999,0.0501171913347296,0.00608794059854828,-0.9999620653652217,-0.006229350671484342,0.050079357954551124,0.00652652924073295,-0.9987239169675118
6.333,0.016449827700853348,Empty,0.68407,0.26337,0.05436,0.00875,0.04562,-0.00414,0.99973,0.00442,0.0228,-0.00217,0.9989211577025974,0.008731768949070351,0.045610052676167516,0.008930119420095917,-0.9999515269909457,-0.004146882638629605,0.04557163219861183,0.004549712023391708,-0.9989507127277395
6.4,0.016449827700853348,Empty,0.68311,0.26358,0.05191,0.01003,0.04296,-0.00243,0.99976,0.00504,0.02147,-0.00132,0.9990268171740952,0.010024205882659787,0.04295269331973875,0.010137905551534376,-0.9999456573205149,-0.0024300775444285466,0.04292599955767647,0.00286316298275624,-0.9990741518324399
6.466,0.016449827700853348,Empty,0.68312,0.26309,0.05123,0.01001,0.04265,-0.00173,0.99976,0.00502,0.02132,-0.00097,0.9990400889889836,0.009998562919908749,0.04264890775178651,0.010081646492760665,-0.99994767642896,-0.0017334382939390054,0.04262934431678243,0.002161745558689631,-0.9990886176207097
6.533,0.016449827700853348,Empty,0.68374,0.26298,0.05172,0.00996,0.04435,-0.00196,0.99974,0.005,0.02217,-0.00109,0.9989670377566492,0.009945570558015204,0.04433895693384293,0.010042125861723872,-0.9999476645896364,-0.0019554513313503816,0.04431718835714803,0.002398688810063578,-0.9990146310780987
6.6,0.016449827700853348,Empty,0.68471,0.26322,0.05276,0.01082,0.04666,-0.00261,0.99971,0.00544,0.02332,-0.00143,0.9988533050983037,0.010804484167037665,0.04664051903740972,0.01093827358537669,-0.9999367579410856,-0.0026142473567211527,0.04660932380078259,0.0031214163700006175,-0.998908317962504
6.667,0.016449827700853348,Empty,0.68604,0.263,0.05379,0.01115,0.04932,-0.00281,0.99968,0.00561,0.02465,-0.00154,0.9987215756417533,0.011135285156786745,0.04930740078456911,0.011287509670426521,-0.9999323460754757,-0.0028098749857028912,0.04927277618617727,0.0033628405362569635,-0.9987796978465444
6.733,0.016449827700853348,Empty,0.68683,0.26249,0.05414,0.01187,0.0499,-0.00228,0.99967,0.00596,0.02494,-0.00129,0.9986848800880107,0.011846588744622744,0.04988154587331667,0.011975585486251494,-0.9999256724894899,-0.002287979174447761,0.0498507335538555,0.0028823309242694533,-0.9987525201633213
6.8,0.016449827700853348,Empty,0.68652,0.26201,0.05335,0.01303,0.04789,-0.00133,0.99969,0.00653,0.02394,-0.00082,0.9987682048142876,0.01302585927665656,0.04787901463219542,0.01310440113584077,-0.9999132532631028,-0.001326883442131277,0.04785757748691654,0.0019526748072243862,-0.9988522610167037
6.867,0.016449827700853348,Empty,0.68549,0.26154,0.05197,0.01431,0.0433,0.00051,0.99974,0.00715,0.02165,0.0001,0.9989606013545638,0.014300684972682498,0.04328056550740428,0.01429168994085872,-0.9998977347909526,0.0005172606269919118,0.043283536592600355,0.0001018294356999642,-0.9990628233954075
6.933,0.016449827700853348,Empty,0.68413,0.26072,0.05049,0.0147,0.03676,0.00325,0.9998,0.00732,0.01839,0.00149,0.9992165375471169,0.014684643783682061,0.036751494245777935,0.014574770007500792,-0.9998884817541951,0.0032557847777938513,0.036795205823306976,-0.0027175894166016658,-0.9993191319774594
7.0,0.016449827700853348,Empty,0.68302,0.25958,0.0492,0.01407,0.03072,0.00596,0.99985,0.00699,0.01538,0.00287,0.9994292477577922,0.014063870118850907,0.030714593983537826,0.013887115817638518,-0.9998858037018844,0.005960500793088427,0.030794914199604218,-0.005530561699955036,-0.9995104232306543
7.067,0.016449827700853348,Empty,0.68158,0.25838,0.0482,0.01328,0.02286,0.00909,0.9999,0.00659,0.01146,0.00447,0.999650531701115,0.013276593129602776,0.022859276990967837,0.013071723776952315,-0.9998732572645233,0.009088423665941484,0.022977043046873077,-0.008786437395416673,-0.9996973812162953
7.133,0.016449499875307083,Empty,0.67994,0.25756,0.04777,0.01295,0.0135,0.01259,0.99994,0.00643,0.00679,0.00625,0.999825045493887,0.012943557433256092,0.013503433789921809,0.012773645634821085,-0.9998390980252536,0.01259412709333769,0.013664273868113443,-0.012419435615966475,-0.9998295080855727
7.2,0.016449499875307083,Empty,0.67873,0.25709,0.04799,0.01284,0.00496,0.01579,0.99995,0.0064,0.00253,0.00788,0.9999051724194513,0.01284683590477792,0.004960340317239961,0.012767019630372967,-0.9997936518970827,0.01580053277748848,0.005162303612226089,-0.01573570568899021,-0.99986285969021
7.267,0.016449499875307083,Empty,0.67794,0.25699,0.04867,0.01298,-0.00242,0.01839,0.99994,0.0065,-0.00115,0.0092,0.9999129777105953,0.012970017719832472,-0.002411565109457472,0.013012194676341793,-0.9997463185712085,0.018384267541043248,-0.0021725090644013796,-0.018414047454671786,-0.9998280867532687
7.333,0.016449827700853348,Empty,0.67727,0.25716,0.0496,0.01377,-0.0102,0.02079,0.99991,0.00694,-0.00503,0.01043,0.9998532689996716,0.013764940193757513,-0.01019641565123501,0.013974606599013562,-0.9996862947442251,0.02078515025120181,-0.009907110631929138,-0.02092459132275953,-0.9997319693982494
7.4,0.016449827700853348,Empty,0.67666,0.25752,0.05034,0.01508,-0.01765,0.02287,0.99987,0.00764,-0.00874,0.0115,0.9997304811319772,0.015084594819315122,-0.017647098763335877,0.015486329109099584,-0.9996188576075823,0.022854170867417964,-0.017295626798427628,-0.023121300016426073,-0.9995830464644745
7.467,0.016449827700853348,Empty,0.67611,0.25823,0.04999,0.01801,-0.02526,0.02456,0.9998,0.00916,-0.01252,0.01239,0.999518382778035,0.018013326509416616,-0.02526900387523778,0.018633886055911875,-0.9995251339753906,0.024541492251540745,-0.02481493057086649,-0.025000532385177267,-0.9993794037307454
7.533,0.016449827700853348,Empty,0.67598,0.25905,0.04838,0.02396,-0.03015,0.02558,0.99973,0.01217,-0.01492,0.01297,0.999258775255462,0.023943689768514742,-0.030142989155401246,0.024717554688984344,-0.9993674658964953,0.025567764818504316,-0.029511736057890252,-0.026293874341496448,-0.999218539463196
7.6,0.016449827700853348,Empty,0.67669,0.2594,0.04596,0.02718,-0.03116,0.02592,0.9997,0.01379,-0.0154,0.01317,0.999145726327431,0.027162498716882255,-0.03114508348175905,0.027973692251962445,-0.999272740019993,0.02591261458686618,-0.03041858154850226,-0.026761721102917597,-0.9991789230063787
7.667,0.016449827700853348,Empty,0.67778,0.25975,0.04375,0.02881,-0.0307,0.0258,0.99969,0.0146,-0.01516,0.01312,0.9991143886491188,0.028786194221413042,-0.030688652895561556,0.029581640907545725,-0.9992296344087475,0.02578883945775519,-0.02992264887195322,-0.0266738212786982,-0.9991962481629308
7.733,0.016449827700853348,Empty,0.67883,0.26035,0.04208,0.02903,-0.0298,0.02545,0.9997,0.0147,-0.01471,0.01294,0.9991346208407277,0.02902027596692197,-0.029796526983173255,0.029781995078075774,-0.9992324567501674,0.0254466136488552,-0.029035189109505477,-0.026311992699686055,-0.9992320235228385
7.8,0.016449827700853348,Empty,0.67941,0.26055,0.04129,0.02854,-0.02925,0.02537,0.99971,0.01445,-0.01444,0.01289,0.9991654119041521,0.02851365272064954,-0.029248098449844766,0.02925801076208645,-0.9992505038788254,0.02534559733284807,-0.02850348155315862,-0.026180185378248025,-0.9992507940616857
7.867,0.016449827700853348,Empty,0.67938,0.26034,0.04106,0.02683,-0.02947,0.02571,0.99972,0.0136,-0.01456,0.01305,0.9992057850444587,0.026816123733596264,-0.029473626203634123,0.027576160682415696,-0.9992895283661407,0.025690345653444694,-0.02876377054046769,-0.02648271144879849,-0.9992353634147537
7.933,0.016449827700853348,Empty,0.67913,0.26052,0.04088,0.02672,-0.02991,0.02577,0.99971,0.01355,-0.01478,0.01308,0.9991961765774824,0.026698600266049755,-0.029902933915830023,0.027471653185636435,-0.9992909572228101,0.025746671318200208,-0.029194331370814397,-0.02654745857051146,-0.9992211584325355
8.0,0.016449827700853348,Empty,0.6785,0.26094,0.0403,0.02644,-0.03099,0.02612,0.9997,0.01342,-0.01532,0.01326,0.999170458176307,0.02643026296559081,-0.030981231533267335,0.027242923941337815,-0.9992878214434342,0.026108868415955815,-0.030269103106545497,-0.02693122935190526,-0.9991789080453611
8.067,0.016449827700853348,Empty,0.67817,0.26111,0.03967,0.02651,-0.03176,0.02645,0.9997,0.01346,-0.0157,0.01343,0.9991447469173527,0.02648998143923259,-0.031749891193652964,0.027333191349066033,-0.9992770524233572,0.026424782889594534,-0.031026945678474884,-0.027270008863878144,-0.9991464733753649
8.133,0.016449827700853348,Empty,0.67825,0.26084,0.03955,0.02478,-0.03172,0.02669,0.99971,0.0126,-0.01569,0.01354,0.9991901186619143,0.024767046029413098,-0.03171277659504067,0.02561679106730652,-0.9993158748848251,0.02667512359091938,-0.031030417074283476,-0.027465899478331283,-0.9991409998503926
8.2,0.016449827700853348,Empty,0.67859,0.26041,0.03969,0.01907,-0.03102,0.02685,0.99974,0.00974,-0.01538,0.01357,0.9993373713911571,0.01904908986813758,-0.031015323893325425,0.01988380672793355,-0.9994422150997567,0.026830820086197076,-0.030486921310923662,-0.027429743923108364,-0.9991587245164274
8.267,0.016449827700853348,Empty,0.67869,0.26009,0.03966,0.0124,-0.03085,0.02721,0.99977,0.00641,-0.01534,0.0137,0.9994471207246574,0.01239464385082989,-0.030851672223781823,0.013235061983566165,-0.999542742123749,0.027187125666900274,-0.03050059031369301,-0.027580418262741282,-0.9991541595364394
8.333,0.016449827700853348,Empty,0.67894,0.25956,0.03973,0.00748,-0.03039,0.02793,0.99978,0.00395,-0.01514,0.01402,0.9995106200000099,0.007475804054889956,-0.030374872196089076,0.008324350565068528,-0.9995758882816561,0.02790607019284668,-0.030153369544143577,-0.028145264604745385,-0.9991489470471674
8.4,0.016449827700853348,Empty,0.67919,0.25899,0.03976,0.00521,-0.03004,0.02851,0.99978,0.00282,-0.01498,0.01429,0.9995352104459987,0.005201803091973545,-0.030038380836280226,0.0060581311065529,-0.9995757902062747,0.028487517985899876,-0.02987745180180042,-0.02865625373445537,-0.9991427110256762
8.467,0.016449827700853348,Empty,0.67944,0.25855,0.03984,0.00443,-0.02971,0.02872,0.99978,0.00243,-0.01482,0.01439,0.999549008205247,0.004436146423028142,-0.02970018183144074,0.005288856902058547,-0.999574253539292,0.028693895762636683,-0.029560246761093485,-0.028838035062759917,-0.9991469158963272
8.533,0.016449827700853348,Empty,0.67995,0.2583,0.04009,0.004,-0.02828,0.02845,0.9998,0.0022,-0.01411,0.01425,0.9995921573646186,0.003995858985931244,-0.028276351357842032,0.004800343424706088,-0.9995839653158636,0.028440340828122346,-0.02815094382347534,-0.028564477841883196,-0.9991954738525731
8.6,0.016449827700853348,Empty,0.68071,0.25804,0.04057,0.00341,-0.02623,0.02808,0.99981,0.00189,-0.01309,0.01406,0.9996502260679798,0.0034176547253340073,-0.02622489577511065,0.004153486669265294,-0.9995977363310604,0.028055553288212697,-0.02611846225805123,-0.02815466494202888,-0.9992622982837273
8.667,0.016449827700853348,Empty,0.68124,0.25777,0.04095,0.00287,-0.02514,0.02783,0.99982,0.00161,-0.01255,0.01393,0.9996800064794209,0.002872498930800216,-0.025132317744249535,0.003571720527477784,-0.9996065370132385,0.027821106607655993,-0.02504251300846138,-0.02790196964899639,-0.999296929161662
8.733,0.016449827700853348,Empty,0.68123,0.25783,0.04093,0.00293,-0.02516,0.02777,0.99982,0.00164,-0.01256,0.0139,0.9996792958975642,0.0029366390020135746,-0.02515316093698634,0.003634948821070516,-0.999607959795692,0.0277617337384087,-0.025061773696574047,-0.02784426088920219,-0.9992980559546363
8.8,0.016449827700853348,Empty,0.68111,0.25809,0.04089,0.00321,-0.02531,0.02756,0.99982,0.00178,-0.01263,0.0138,0.9996745011067831,0.003217233192825686,-0.025308916363348477,0.003914366831140215,-0.9996129323288478,0.027543842383250947,-0.025210505136058887,-0.0276339452757851,-0.9993001528566278
