time,gr,gr_state,tx,ty,tz,rx,ry,rz,qw,qx,qy,qz,xx,xy,xz,yx,yy,yz,zx,zy,zz
0.0,0.015633920207619667,Empty,0.30836,-0.0008,0.48575,-0.00991,0.00328,0.00888,0.99998,-0.00496,0.00162,0.00445,0.9999455667035352,-0.00990189910992767,0.0032887724096265863,-0.009930756434833876,-0.999911283402846,0.008877240579449785,0.0032005791003374136,-0.008909417359751138,-0.9999551882838215
0.067,0.015633920207619667,Empty,0.30836,-0.0008,0.48574,-0.00991,0.00328,0.00888,0.99998,-0.00496,0.00162,0.00445,0.9999455477915684,-0.009905782192902501,0.0032828236270788856,-0.009934575248441824,-0.9999112764075198,0.008873754995363399,0.003194630878955945,-0.0089058852581574,-0.999955238768874
0.133,0.015633920207619667,Empty,0.30836,-0.0008,0.48574,-0.00991,0.00328,0.00888,0.99998,-0.00496,0.00162,0.00445,0.9999455790682313,-0.009903669911016655,0.0032796683052662423,-0.00993244198984422,-0.9999112779889758,0.008875964543147654,0.003191472703521389,-0.008908056620074864,-0.9999552295124198
0.2,0.01563424803316593,Empty,0.30836,-0.0008,0.48574,-0.00991,0.00328,0.00888,0.99998,-0.00496,0.00162,0.00445,0.9999455844782281,-0.009903468613695676,0.003278626528230518,-0.00993222448581682,-0.9999112994367765,0.008873791490679538,0.0031904543966983644,-0.00890587267336902,-0.999955252215152
0.267,0.01563424803316593,Empty,0.30836,-0.0008,0.48574,-0.00991,0.00328,0.00886,0.99998,-0.00496,0.00162,0.00444,0.9999456080287109,-0.009900527293086436,0.0032803267230297837,-0.00992929559934741,-0.9999113363328201,0.0088729116987918,0.0031921893727897698,-0.008905000417328833,-0.9999552544462056
0.333,0.01563424803316593,Empty,0.30837,-0.00083,0.48579,-0.01007,0.0034,0.00882,0.99998,-0.00504,0.00168,0.00442,0.9999434350333327,-0.010074543196128716,0.003410324490188941,-0.010104306156050513,-0.9999100019986228,0.008825582146184029,0.003321103859238004,-0.008859541890164456,-0.9999552383915256
0.4,0.01563424803316593,Empty,0.30838,-0.0007,0.48579,-0.0162,0.00343,0.00903,0.99996,-0.00811,0.00168,0.00453,0.9998628899158966,-0.016201211690342443,0.003423756532865893,-0.016231548346557323,-0.9998275117177284,0.009026829488191588,0.0032769203995517723,-0.009081164688531335,-0.9999533960343324
0.467,0.01563424803316593,Empty,0.30833,0.00052,0.48506,-0.01481,0.0018,0.01093,0.99996,-0.00741,0.00086,0.00547,0.9998886381731378,-0.014815517578994464,0.0017921191742018344,-0.014834222520845042,-0.9998303574047183,0.01091797848301838,0.0016300596523118017,-0.01094334733160285,-0.9999387911540933
0.533,0.01563424803316593,Empty,0.30879,0.0025,0.484,-0.00935,-0.00142,0.01329,0.99997,-0.00467,-0.00074,0.00664,0.9999553590277442,-0.009340570266667458,-0.001426078114379596,-0.009320811288059283,-0.9998683109588808,0.013284698610307018,-0.0015499769763612017,-0.013270813363458764,-0.9999107375581306
0.6,0.01563424803316593,Empty,0.30953,0.00628,0.48222,0.00104,-0.00701,0.01766,0.99995,0.00055,-0.0035,0.00883,0.9999749672040907,0.0010301403037529244,-0.0070002697185125185,0.0011536512364679896,-0.9998433373570406,0.017662667736197627,-0.006980978011850149,-0.017670301460057346,-0.9998194969054708
0.667,0.01563424803316593,Empty,0.31046,0.01087,0.4799,0.01362,-0.01434,0.02278,0.99989,0.00689,-0.00709,0.01144,0.9998045728671384,0.01361706355392156,-0.014331491692327007,0.01394141541647581,-0.9996432690554022,0.02278094748717326,-0.014016169596006633,-0.022976296751142475,-0.9996377527772045
0.733,0.01563424803316593,Empty,0.31152,0.01576,0.47618,0.02619,-0.02547,0.02933,0.99972,0.01328,-0.01254,0.01483,0.9993331597689191,0.026171360283050227,-0.025461651305491877,0.026915036095594203,-0.9992077294680866,0.029317131565066563,-0.02467420957681389,-0.029982882986219848,-0.9992458206615599
0.8,0.01563424803316593,Empty,0.31259,0.02063,0.47118,0.03839,-0.04003,0.03619,0.99944,0.01955,-0.01966,0.01847,0.9984624610905211,0.03835240086741398,-0.04002258288473169,0.03980498858258219,-0.9985532739668532,0.03615137527147376,-0.03857818913583872,-0.03768888958013489,-0.9985445763335837
0.867,0.01563424803316593,Empty,0.3139,0.02499,0.46529,0.04859,-0.0573,0.04362,0.99904,0.0249,-0.0281,0.02249,0.9971810301837327,0.04848666454588718,-0.05726287106776919,0.05101401195785388,-0.9977487894211663,0.04353072239879311,-0.055023300752256706,-0.04632921939566281,-0.9974096649845113
0.933,0.01563424803316593,Empty,0.31534,0.02857,0.45862,0.05624,-0.07592,0.05071,0.99854,0.02905,-0.03721,0.02639,0.9955431129797845,0.05604638760105063,-0.07584663891955161,0.05997499165036291,-0.9969191530947648,0.050549011556662735,-0.072779877542209,-0.0548726218590793,-0.9958373786895386
1.0,0.01563424803316593,Empty,0.31722,0.03254,0.45101,0.06497,-0.09661,0.05807,0.99784,0.03383,-0.0473,0.03055,0.9932373337923502,0.06461445305598412,-0.09646020535609323,0.07039430957693887,-0.9958451459508231,0.05776752085186236,-0.09232681051704171,-0.06416710794838969,-0.9936590674458164
1.067,0.015633920207619667,Empty,0.31936,0.03692,0.44349,0.07342,-0.11812,0.06586,0.99697,0.03856,-0.05775,0.03501,0.990356094629515,0.07283567268427737,-0.11785487098462866,0.08092400258838067,-0.9945749449582604,0.06536042125284032,-0.11245493157372162,-0.07426737941991626,-0.9908775124700567
1.133,0.015633920207619667,Empty,0.32152,0.04163,0.43577,0.08118,-0.14101,0.07411,0.9959,0.04306,-0.06884,0.03978,0.9868137053545416,0.08028669442229774,-0.1405445040660809,0.09124012289267297,-0.99312747057293,0.07330120850261289,-0.1336934960982394,-0.0851579349923083,-0.9873571669911936
1.2,0.015633920207619667,Empty,0.32455,0.04634,0.42828,0.08477,-0.15844,0.08191,0.995,0.04544,-0.07727,0.04413,0.9839307122000179,0.08360306256909217,-0.1577684427210762,0.09724102460724704,-0.9919763612927508,0.08079035691050292,-0.149748244473509,-0.09483367843473205,-0.9841656551168813
1.267,0.01563424803316593,Empty,0.32997,0.05178,0.42123,0.08643,-0.16367,0.08984,0.99456,0.04668,-0.07965,0.04824,0.9829531146473987,0.08516559026645953,-0.16294169705616685,0.10053583681729444,-0.9909875622355341,0.08852229668235928,-0.1539341415035158,-0.10339474710563794,-0.9826565047617283
1.333,0.01563424803316593,Empty,0.33846,0.05796,0.41518,0.08765,-0.15224,0.09635,0.99483,0.04729,-0.07378,0.0513,0.984641706602768,0.08651673025030088,-0.15164288643120036,0.10165633626503368,-0.9902639512973073,0.09509624628876963,-0.14193906761550756,-0.10905119049254167,-0.9838501608154565
1.4,0.01563424803316593,Empty,0.34837,0.0651,0.4101,0.09022,-0.13019,0.10132,0.99544,0.04823,-0.06262,0.05341,0.9875050983722381,0.08932613388636862,-0.12982496868380425,0.10270538620071057,-0.989642328600947,0.10029788176555884,-0.11952106230367564,-0.1123783931465906,-0.986451120137025
1.467,0.015633920207619667,Empty,0.35814,0.07274,0.40553,0.09732,-0.10569,0.10449,0.99593,0.05126,-0.05015,0.05465,0.989715061593781,0.09661340381052735,-0.10549856424881689,0.10757733298919692,-0.9887715947788913,0.10372005970562904,-0.09429323560759403,-0.11400255945614442,-0.9889955521417167
1.533,0.015633920207619667,Empty,0.36578,0.08017,0.40115,0.10972,-0.08769,0.10744,0.99597,0.05705,-0.04076,0.05596,0.9901670427773543,0.10907905496763753,-0.08758417188577114,0.11820359500433042,-0.9872274670041288,0.10681684567830903,-0.07481401957923005,-0.11611928418647165,-0.9904136379889061
1.6,0.015633920207619667,Empty,0.37016,0.08735,0.39598,0.12269,-0.08271,0.11172,0.99557,0.06346,-0.03778,0.05821,0.9890898609459224,0.12196476798604827,-0.08261865615032114,0.13076259492823894,-0.9851671577914494,0.11111622283335114,-0.06784092232280527,-0.1207073592587753,-0.9903672766601107
1.667,0.01563424803316593,Empty,0.37283,0.09567,0.39008,0.13255,-0.08338,0.11718,0.99507,0.06849,-0.03764,0.06113,0.9877860051325738,0.13169818063752164,-0.0832730285326379,0.14090139971558463,-0.9831440321152385,0.11651011833475709,-0.06652521042747477,-0.12682035062621763,-0.9896923739448655
1.733,0.01563424803316593,Empty,0.37475,0.10479,0.38339,0.13092,-0.08506,0.12356,0.99488,0.06785,-0.03831,0.06433,0.9878564561710683,0.13008435037947186,-0.0849569525553347,0.1399418729348798,-0.9825155479339236,0.12279849456560885,-0.06749736439755674,-0.13319632072415777,-0.9887885749466013
1.8,0.01563424803316593,Empty,0.3752,0.1134,0.37512,0.11598,-0.09209,0.13147,0.99493,0.06079,-0.04205,0.06817,0.9890717531432354,0.11523559616525769,-0.09196643143345287,0.12670196190948751,-0.9833149778801733,0.13053071333904806,-0.07539018492120265,-0.14075656877372225,-0.9871696451798927
1.867,0.01563424803316593,Empty,0.37532,0.12243,0.36578,0.09622,-0.09863,0.13915,0.99505,0.05134,-0.04578,0.07172,0.9905368204120457,0.09559522957534472,-0.09848024924029851,0.1087304275672798,-0.9844411234602068,0.1380339398895876,-0.08375262102782605,-0.14743549953400947,-0.9855192905002552
1.933,0.01563424803316593,Empty,0.37671,0.13225,0.35612,0.07945,-0.09916,0.14497,0.99522,0.04315,-0.04652,0.07424,0.9919484580921927,0.07897817688214004,-0.09899850536697599,0.09279190502691514,-0.98525377684666,0.14375206979681268,-0.08618537491940126,-0.15178090389032858,-0.9846495002610001
2.0,0.01563424803316593,Empty,0.37906,0.14206,0.34659,0.07388,-0.09719,0.14719,0.9953,0.04036,-0.0457,0.07518,0.9925664240618716,0.07346125071564408,-0.0970326670164323,0.08720358981231757,-0.9854381568822472,0.145969767021683,-0.08489657088995783,-0.15334628656675256,-0.9845189122852408
2.067,0.01563424803316593,Empty,0.38197,0.15126,0.33629,0.08476,-0.09882,0.14514,0.9951,0.04578,-0.04615,0.07444,0.9915486158516013,0.08423784835875647,-0.0986677622461391,0.09797958109420574,-0.9847269178271718,0.14391976582527635,-0.08503730999612735,-0.15237087061011872,-0.984658201457814
2.133,0.01563424803316593,Empty,0.38454,0.15952,0.3246,0.098,-0.10608,0.14223,0.99469,0.05255,-0.04934,0.07346,0.9896075805783779,0.0972924096426569,-0.10588212071797069,0.11179199001809309,-0.9836830810879197,0.14096150875033836,-0.0904399658867916,-0.15133335061149808,-0.9843367460189086
2.2,0.01563424803316593,Empty,0.38792,0.16501,0.313,0.09876,-0.11222,0.13809,0.99464,0.05303,-0.05248,0.07156,0.9888661166839074,0.09798896578871513,-0.11199091864140859,0.11301156856276362,-0.9841326344385954,0.1367894118853262,-0.09681006479427827,-0.1479226839149685,-0.9842493032448231
2.267,0.01563424803316593,Empty,0.39298,0.16929,0.30084,0.08783,-0.11335,0.13099,0.99513,0.04744,-0.0536,0.06776,0.9897526747546819,0.08714939794371496,-0.1131133292499227,0.10167815322074697,-0.9863162989123688,0.12977562042781787,-0.10025565307538355,-0.1399469218591635,-0.9850703848398722
2.333,0.01563424803316593,Empty,0.39919,0.17273,0.28843,0.06929,-0.11063,0.12165,0.99591,0.03788,-0.05305,0.06257,0.9915011611604598,0.06881129438041572,-0.11041038530478661,0.08208837794058466,-0.9893011903187059,0.12060121492371093,-0.10093039990282111,-0.1286396540716865,-0.9865418864781026
2.4,0.01563424803316593,Empty,0.40622,0.17675,0.27575,0.04848,-0.1033,0.11012,0.99679,0.02701,-0.0502,0.05619,0.9934998276917526,0.048212784460722025,-0.10311944429156834,0.05949612283122452,-0.9922261717790202,0.10930432473055268,-0.09704794559654388,-0.1147290349096262,-0.9886450044400142
2.466,0.01563424803316593,Empty,0.41491,0.18187,0.26358,0.03772,-0.08878,0.09341,0.99771,0.02089,-0.04344,0.04747,0.9953532952918573,0.03755245315328909,-0.08866583791861765,0.04580131385923736,-0.9946204008095254,0.09291123689988509,-0.08469980637763086,-0.09654051768904592,-0.9917186452033272
2.533,0.01563424803316593,Empty,0.42384,0.18727,0.25193,0.03619,-0.07212,0.07433,0.99847,0.01941,-0.03535,0.03778,0.9967467316298992,0.03609048446694879,-0.07206545577497278,0.041433162951060865,-0.9963917267703233,0.07407307089303106,-0.06913209090563134,-0.0768179910866855,-0.9946455400052931
2.6,0.01563424803316593,Empty,0.43179,0.19235,0.2406,0.03911,-0.05796,0.05599,0.99898,0.02035,-0.02841,0.02854,0.9975571060256188,0.03904442037028738,-0.057925412866380435,0.042287538480993814,-0.9975426481582605,0.055860801951130086,-0.05560201711278862,-0.05817386306025418,-0.9967568496627627
2.667,0.01563424803316593,Empty,0.43824,0.19687,0.22984,0.04125,-0.04863,0.04022,0.99928,0.0211,-0.02389,0.0206,0.9979684757472865,0.04118652617483354,-0.04860649623545951,0.04315449353373657,-0.998261016033788,0.040157608930756004,-0.046868017906506985,-0.042173616501772926,-0.9980104082466658
2.733,0.01563424803316593,Empty,0.44268,0.20043,0.21949,0.04191,-0.04609,0.02817,0.99941,0.02127,-0.02274,0.01456,0.9980611167537632,0.04184684088895291,-0.04607438693943966,0.043171238512895393,-0.9986714590086196,0.028134696139419487,-0.04483582707493261,-0.030069234596334725,-0.9985417315972815
2.8,0.01563424803316593,Empty,0.44527,0.20368,0.20964,0.03981,-0.04689,0.019,0.99948,0.02012,-0.02325,0.00996,0.9981086174348449,0.03976168858954332,-0.046884922126525196,0.040688456218028024,-0.9989915836831633,0.018980654909652915,-0.04608293971629601,-0.020852430331112327,-0.9987199501443788
2.866,0.01563424803316593,Empty,0.44778,0.20758,0.20091,0.03592,-0.04535,0.01101,0.99956,0.01808,-0.02257,0.00591,0.9983272799816181,0.0358802824221508,-0.045334836249961624,0.03641344813900238,-0.9992763809547196,0.010989779827922926,-0.0449077146950533,-0.012622194711885297,-0.998911396151592
2.933,0.01563424803316593,Empty,0.45043,0.21186,0.19416,0.03077,-0.04257,0.00649,0.99965,0.01545,-0.02123,0.00357,0.9986213625787663,0.030740354779019374,-0.042548851798700174,0.03104370797804379,-0.9994969764014424,0.006487091748087183,-0.04232803322033375,-0.007799022530688206,-0.9990733270642671
3.0,0.01563424803316593,Empty,0.4527,0.2169,0.18835,0.02116,-0.04135,0.0039,0.99973,0.01062,-0.02065,0.00217,0.9989218566990476,0.02113477313748241,-0.04133334698949494,0.02131417991086154,-0.9997652024236319,0.003904581611643698,-0.041241119573239574,-0.004781358307188146,-0.9991377826251414
3.067,0.01563424803316593,Empty,0.45468,0.22199,0.18336,0.01269,-0.0419,0.00562,0.99976,0.0064,-0.02093,0.00294,0.9990414834063097,0.01268252225933758,-0.04189591940107823,0.012928580793530597,-0.9999006997058242,0.005607363593377924,-0.0418206436103678,-0.006143643621222927,-0.9991062453068091
3.133,0.01563424803316593,Empty,0.45694,0.22668,0.17858,0.00774,-0.04325,0.01224,0.99974,0.004,-0.0216,0.0062,0.9990348985040097,0.007728113125951064,-0.0432382682192026,0.008264000716034392,-0.9998910749748766,0.012228837955890706,-0.04313905264662842,-0.012574356965608801,-0.9989899437349972
3.2,0.01563424803316593,Empty,0.46003,0.23052,0.17403,0.00367,-0.04299,0.02191,0.99971,0.00207,-0.02147,0.01099,0.9990693987783776,0.0036674905670527336,-0.04297541084797153,0.004611536586882847,-0.9997497798391006,0.021888614437134142,-0.04288438124678044,-0.022066427545261166,-0.9988363242395977
3.267,0.015633920207619667,Empty,0.46336,0.23384,0.16868,0.0012,-0.04261,0.03302,0.99964,0.00095,-0.02129,0.01652,0.9990916341031082,0.001193532618837645,-0.04259673866704537,0.0026002550787053713,-0.999452494916728,0.032984073099800885,-0.04253404916894769,-0.033064873878711806,-0.9985477298440363
3.333,0.015633920207619667,Empty,0.46645,0.23685,0.1624,-0.00019,-0.04443,0.04262,0.99953,0.00038,-0.02221,0.0213,0.9990132632696915,-0.00019096125570655653,-0.04441242331871609,0.0017014597435029422,-0.9990921032290956,0.0425684660283141,-0.044380230350723145,-0.04260202810971917,-0.9981059374409891
3.4,0.015633920207619667,Empty,0.46932,0.23937,0.15583,0.00076,-0.0493,0.04786,0.99941,0.00097,-0.02463,0.02393,0.9987845506774089,0.0007660368487147906,-0.04928320723809328,0.0031236976800030347,-0.9988530078589293,0.04777982004962202,-0.049190078683921466,-0.047875691939822065,-0.9976413455146858
3.467,0.01563424803316593,Empty,0.47193,0.24125,0.14846,0.00616,-0.05748,0.04875,0.99928,0.00378,-0.02865,0.02445,0.9983296636268213,0.006159419931217991,-0.05744514138609943,0.008961224131645407,-0.9987759680407986,0.04864424042194537,-0.05707520639314817,-0.04907776696505794,-0.9971628721552477
3.533,0.01563424803316593,Empty,0.47485,0.24307,0.14066,0.00609,-0.06582,0.04477,0.9992,0.00378,-0.03283,0.02247,0.9978157225451103,0.006073974567935736,-0.06577910515298299,0.009025193727709602,-0.9989613948182324,0.0446618130060628,-0.06543951191716238,-0.04515792838206017,-0.9968342047623989
3.6,0.01563424803316593,Empty,0.47824,0.245,0.1329,0.00339,-0.07177,0.03785,0.99917,0.00237,-0.03584,0.01897,0.9974194446758158,0.00336800138764215,-0.07171546520269768,0.0060878938406355165,-0.9992689937535275,0.037741431761366115,-0.07153592755512192,-0.038080634047577784,-0.9967108288663079
3.667,0.015633920207619667,Empty,0.48141,0.2468,0.12526,0.00072,-0.07692,0.03112,0.99914,0.00096,-0.03844,0.01556,0.9970434980711865,0.0007311851316452178,-0.07683572295667462,0.0031229408683028925,-0.9995141138943694,0.031012632366286704,-0.07677571357079457,-0.031160896878245296,-0.9965613319366945
3.733,0.015633920207619667,Empty,0.48649,0.2492,0.11901,0.00065,-0.07391,0.02241,0.99925,0.00074,-0.03694,0.01121,0.9972692428833069,0.0006544901380058921,-0.07384868882800172,0.0023116736741907173,-0.999747378110158,0.02235701515606474,-0.07381540058673297,-0.022466677647656502,-0.9970188238101106
3.8,0.015633920207619667,Empty,0.49233,0.25101,0.11395,0.00307,-0.06696,0.01591,0.99941,0.0018,-0.03346,0.008,0.9977540563922146,0.0030528281392150913,-0.06691429737532567,0.0041232734107550795,-0.9998656412932838,0.01586499220138362,-0.06685687376224851,-0.016105266266728483,-0.9976325870926713
3.867,0.01563424803316593,Empty,0.49783,0.25175,0.10974,0.00804,-0.06043,0.01398,0.99951,0.00423,-0.03018,0.00711,0.9981428398439571,0.008029819685054895,-0.06038537293141456,0.00888763162077888,-0.9998631877385702,0.013950477032628018,-0.0602650916568941,-0.014461251712422993,-0.9980776477441503
3.933,0.01563424803316593,Empty,0.50142,0.25118,0.10558,0.01573,-0.05888,0.01843,0.99949,0.00813,-0.02936,0.00944,0.9981434166539145,0.01570547311805459,-0.0588477519076822,0.0168142323656868,-0.9996894309806533,0.018393563426648232,-0.05854059600313898,-0.019348894017889175,-0.998097499706257
4.0,0.01563424803316593,Empty,0.50376,0.25128,0.10226,0.02227,-0.05882,0.0217,0.99944,0.01145,-0.02928,0.01117,0.9980238044427147,0.022226155886617416,-0.058774856530604457,0.023534706173163056,-0.9994882200787893,0.0216659993786564,-0.058263224859530664,-0.023006432105757844,-0.9980361219468615
4.067,0.01563424803316593,Empty,0.5051,0.25235,0.09966,0.02399,-0.06049,0.02137,0.99941,0.01231,-0.03011,0.01104,0.997883123002542,0.0239425986655023,-0.06046507087431898,0.02527217697726869,-0.9994532180009297,0.021320930993172706,-0.05992153116804798,-0.022803881176867696,-0.9979425800644783
4.133,0.01563424803316593,Empty,0.50599,0.2531,0.09772,0.02332,-0.06257,0.0201,0.99939,0.01197,-0.03116,0.01041,0.9977719526050016,0.02326868786831976,-0.06252758399050072,0.024565519915301426,-0.9994971005794536,0.02005196161367797,-0.06202955606880766,-0.02154330750261433,-0.9978417810834314
4.2,0.01563424803316593,Empty,0.50661,0.25355,0.09561,0.01782,-0.06509,0.01943,0.99938,0.00922,-0.03245,0.01,0.9977241884693105,0.017777843001353155,-0.06504146401700084,0.0190760003642515,-0.9996299482855637,0.019392593965322225,-0.06467263682082741,-0.020589191067645733,-0.9976941090624027
4.266,0.01563424803316593,Empty,0.50632,0.25378,0.09249,0.0084,-0.06976,0.01976,0.99933,0.00454,-0.03483,0.01002,0.997532712241648,0.008370886110160458,-0.06970234051702945,0.009766877103409677,-0.9997580084492408,0.01971123165239768,-0.06952047266430282,-0.02034337256548943,-0.9973730751695644
4.333,0.01563424803316593,Empty,0.50567,0.25382,0.08869,-0.00259,-0.07522,0.02039,0.99924,-0.00091,-0.03761,0.01014,0.9971699184271565,-0.0025900708208820844,-0.07513617848360525,-0.0010646548969737712,-0.9997926562530894,0.0203349701829563,-0.0751732684797444,-0.020197426458194747,-0.9969659190115467
4.4,0.01563424803316593,Empty,0.50561,0.25448,0.08489,-0.0079,-0.07981,0.01949,0.99915,-0.00356,-0.03993,0.00958,0.9967857579177941,-0.00787725568202391,-0.07972516324955768,-0.006347823927399576,-0.9997912800273756,0.019419101745655046,-0.07986149224523251,-0.01885060275273407,-0.9966277122537901
4.466,0.015633920207619667,Empty,0.50489,0.25491,0.08033,-0.00848,-0.08561,0.0184,0.99903,-0.00384,-0.04283,0.00901,0.9963017068600586,-0.008440415052432815,-0.08550829375842153,-0.006897670076936369,-0.9998083547118457,0.018321462711848653,-0.08564654724648023,-0.017663896572800337,-0.9961689895307029
4.533,0.015633920207619667,Empty,0.50419,0.25525,0.07551,-0.00923,-0.09036,0.01647,0.99894,-0.00424,-0.0452,0.00802,0.995877891574811,-0.009205154820596695,-0.09023574788983438,-0.007754946985994937,-0.9998352928262881,0.01640877863264637,-0.09037193076256197,-0.015641366426870407,-0.995785248829559
4.6,0.01563424803316593,Empty,0.50373,0.25497,0.07097,-0.01209,-0.09497,0.01551,0.99883,-0.00567,-0.04751,0.00746,0.99542137154944,-0.012038951966655886,-0.09482276466216194,-0.010620824649631488,-0.9998242927834218,0.015446088303911754,-0.09499205833327835,-0.014368270448283513,-0.9953743324287261
4.667,0.01563424803316593,Empty,0.50336,0.25453,0.06673,-0.01739,-0.10013,0.01573,0.99868,-0.00829,-0.05011,0.00742,0.9948396126229055,-0.01729872103539154,-0.09997449378139736,-0.015811886726812496,-0.9997525708893817,0.015645486192825665,-0.10022040408242917,-0.01398396405212596,-0.9948669857598771
4.733,0.01563424803316593,Empty,0.50367,0.25369,0.06352,-0.02392,-0.1036,0.01638,0.99856,-0.01152,-0.05187,0.00756,0.9943533490504894,-0.023782780379485502,-0.1034204843804979,-0.0222142696723599,-0.9996204773588444,0.016291944874682843,-0.10376870171202565,-0.013902539419012466,-0.9945042865381244
4.8,0.01563424803316593,Empty,0.50437,0.25238,0.06135,-0.02908,-0.10517,0.01717,0.99848,-0.01407,-0.05268,0.00781,0.994054447718695,-0.02891782986200031,-0.10497387335310018,-0.0272719646395021,-0.9994821093112718,0.01708078193153114,-0.10541344750733682,-0.014116383487394333,-0.9943282822095802
4.867,0.01563424803316593,Empty,0.50537,0.2516,0.06038,-0.03118,-0.10438,0.01673,0.99849,-0.01513,-0.05229,0.00754,0.9940740299637105,-0.03100594465387263,-0.10418951169781387,-0.029429871766663118,-0.9994284865463046,0.016630782530030315,-0.10464561911282125,-0.013465945042379489,-0.9944184042567847
4.933,0.01563424803316593,Empty,0.50673,0.2516,0.06043,-0.03228,-0.10146,0.01498,0.99856,-0.01574,-0.05082,0.00666,0.9943396748104074,-0.03212031313925967,-0.10127633771898349,-0.0307662792364356,-0.9994154849919568,0.014903839110685942,-0.10169585615883953,-0.011703582448440216,-0.9947466908705921
5.0,0.015633920207619667,Empty,0.50809,0.25238,0.06085,-0.0322,-0.09716,0.01188,0.99868,-0.01579,-0.04865,0.00515,0.9947670472767212,-0.03203545273899033,-0.0970167584500822,-0.031032270968724185,-0.9994483491121702,0.011831974285007867,-0.09734228172216532,-0.008759407786221265,-0.9952124160019094
5.067,0.015633920207619667,Empty,0.50814,0.25277,0.05999,-0.03187,-0.09678,0.01056,0.99869,-0.01566,-0.04845,0.0045,0.9948146802156537,-0.03171492337431325,-0.0966328912057804,-0.030842401451353862,-0.999469002389656,0.010509973117905108,-0.09691490236357005,-0.007475085122390099,-0.9952646003964337
5.133,0.015633920207619667,Empty,0.50761,0.25299,0.05773,-0.03198,-0.09839,0.0093,0.99866,-0.01574,-0.04924,0.00386,0.9946548687025933,-0.03182249876150506,-0.09822942908721825,-0.031062546271995672,-0.9994745792120481,0.009256550545394177,-0.09847238387145399,-0.006155816881074518,-0.9951207441980092
5.2,0.015633920207619667,Empty,0.50787,0.25389,0.05518,-0.03199,-0.09697,0.00514,0.9987,-0.01585,-0.0485,0.00179,0.9947932355633891,-0.031833712481194265,-0.0968144267502942,-0.031485692346973515,-0.9994910852842314,0.0051207045199454446,-0.09692816749921153,-0.0020457729623522035,-0.995289277124109
5.266,0.015633920207619667,Empty,0.5091,0.25556,0.05222,-0.03201,-0.09149,-0.00276,0.99882,-0.01605,-0.0457,-0.00211,0.9953078786563074,-0.031870470463148115,-0.09135918014703925,-0.032255668805586446,-0.9994758878556363,-0.0027425216666107297,-0.09122389223545486,0.005676504879336071,-0.9958142290496601
5.333,0.015633920207619667,Empty,0.50993,0.25715,0.04909,-0.03098,-0.08585,-0.01098,0.99894,-0.01571,-0.04282,-0.00615,0.995839613502121,-0.030864125403095966,-0.08573721445818303,-0.03191677045753122,-0.9994307244154601,-0.010933748577233157,-0.08535094576809185,0.0136247149508112,-0.9962577895298995
5.4,0.015633920207619667,Empty,0.51055,0.25822,0.0464,-0.02939,-0.08135,-0.01722,0.99902,-0.01503,-0.04053,-0.0092,0.9962624595353979,-0.029285959515450044,-0.08126157945633787,-0.030776784944816837,-0.9993790680216105,-0.017154238797373496,-0.08070874320010084,0.019591094290932715,-0.9965451759933135
5.467,0.015633920207619667,Empty,0.51147,0.25852,0.0446,-0.02452,-0.07592,-0.02049,0.99915,-0.01264,-0.03782,-0.0107,0.9968194904487457,-0.024443720416004455,-0.07585122275696343,-0.02606262699081141,-0.999451586448598,-0.02042708544355816,-0.07531031095301702,0.022338999028712267,-0.996909888699352
5.533,0.015633920207619667,Empty,0.51226,0.25858,0.04317,-0.02018,-0.07141,-0.02282,0.99924,-0.01049,-0.03558,-0.01176,0.9972475362995575,-0.020134609984703344,-0.071357892522317,-0.021807779916657055,-0.9995033848944568,-0.022746523242690365,-0.07086446274099122,0.024240071478596747,-0.9971913792523195
5.6,0.01563424803316593,Empty,0.51225,0.25801,0.04176,-0.01784,-0.07084,-0.02182,0.99927,-0.0093,-0.03531,-0.01122,0.9973334359718655,-0.017799301980480686,-0.07077571858738099,-0.01938355527306329,-0.9995752858259241,-0.021760646842353272,-0.07035833481207872,0.023074505737483902,-0.9972548680790896
5.667,0.01563424803316593,Empty,0.51214,0.2577,0.04126,-0.01679,-0.07116,-0.02096,0.99927,-0.00876,-0.03548,-0.01077,0.997329482278418,-0.016735689986572544,-0.07109022759096925,-0.018264148571404848,-0.9996146289953487,-0.02090488879311379,-0.07071297374049638,0.022147464395820514,-0.9972508035422242
5.733,0.01563424803316593,Empty,0.51224,0.25776,0.04135,-0.01609,-0.07089,-0.02104,0.99928,-0.00841,-0.03535,-0.0108,0.9973595868340805,-0.016041838717319234,-0.07082735319578014,-0.017569245959855317,-0.9996251927319039,-0.02099513401019643,-0.07046400603538217,0.022184081370917895,-0.9972676122221027
5.8,0.01563424803316593,Empty,0.51232,0.25778,0.04141,-0.0153,-0.0707,-0.02115,0.99929,-0.00802,-0.03526,-0.01084,0.9973843567360279,-0.015273301570700393,-0.07064822147365371,-0.016802894729508355,-0.999636003370366,-0.021107427470692407,-0.07030012565400623,0.022239312598457642,-0.9972779478701908
5.867,0.01563424803316593,Empty,0.51264,0.25785,0.04161,-0.01512,-0.07012,-0.02142,0.9993,-0.00793,-0.03497,-0.01097,0.9974280277953691,-0.015077325450920165,-0.07007141803537136,-0.016611715853188436,-0.9996336924045737,-0.021366607264863977,-0.06972359905120833,0.022475659430705102,-0.9973131225791131
5.933,0.01563424803316593,Empty,0.51272,0.25789,0.04166,-0.01512,-0.06998,-0.02151,0.9993,-0.00793,-0.0349,-0.01101,0.9974380244774941,-0.015072906663753383,-0.06992992786454058,-0.016609398363793826,-0.9996321022971127,-0.021442666416458745,-0.06958099749519898,0.022549224859415903,-0.9973214212307949
6.0,0.01563424803316593,Empty,0.5127,0.2578,0.04159,-0.0152,-0.07012,-0.02138,0.9993,-0.00797,-0.03497,-0.01095,0.9974274984972884,-0.015165539913474024,-0.07005991464863877,-0.01669777179569576,-0.9996328984325475,-0.021336653636474575,-0.06971061367181171,0.022451609529760913,-0.9973145720238037
6.067,0.01563424803316593,Empty,0.51281,0.25755,0.04155,-0.01475,-0.07004,-0.0212,0.9993,-0.00774,-0.03493,-0.01085,0.9974397031311824,-0.01471928179523313,-0.06998129293612348,-0.016235626155073513,-0.9996445066154899,-0.021148636760481006,-0.06964512230538267,0.02223068008196303,-0.9973240966717698
6.133,0.01563424803316593,Empty,0.51291,0.25717,0.04139,-0.01253,-0.07009,-0.02101,0.99931,-0.00663,-0.03497,-0.01072,0.9974668280508195,-0.012496784140046513,-0.07002683288849973,-0.01399659234445666,-0.9996821681799124,-0.02096802389000477,-0.0697425432643512,0.021895045313170526,-0.9973247137466085
6.2,0.015633920207619667,Empty,0.51293,0.25672,0.04105,-0.00667,-0.07039,-0.02096,0.99932,-0.0037,-0.03515,-0.01059,0.997501892038434,-0.0066597266399409105,-0.07032512652548559,-0.008148510585430702,-0.9997482722495538,-0.020904399280308704,-0.07016820615480651,0.021425222871949565,-0.9973050599841072
6.267,0.015633920207619667,Empty,0.51288,0.25605,0.04036,0.00072,-0.07115,-0.0208,0.99931,-1e-05,-0.03557,-0.01038,0.9974699768096025,0.0007121059047585643,-0.07108542936939719,-0.0007647957810160144,-0.9997844641885001,-0.020747054121662546,-0.07108488201343861,0.020748929430075728,-0.9972544416931124
6.333,0.015633920207619667,Empty,0.51289,0.25491,0.03939,0.00364,-0.07234,-0.01991,0.9993,0.00146,-0.03618,-0.00988,0.9973782918766285,0.0036238190146670735,-0.07227316811243129,0.002194624042433535,-0.9998006694680777,-0.019844519558216877,-0.07233067481069969,0.01963388058772427,-0.9971874368515159
6.4,0.015633920207619667,Empty,0.51318,0.25356,0.03869,0.00252,-0.07296,-0.0186,0.99929,0.00092,-0.03648,-0.00925,0.997336710083175,0.0025039829866327357,-0.07289181565629557,0.0011543769082382749,-0.9998272408749804,-0.018551437094677867,-0.07292567541286436,0.018417884610527766,-0.9971673016059295
6.467,0.015633920207619667,Empty,0.51326,0.25261,0.038,0.00149,-0.07381,-0.01763,0.99928,0.00042,-0.0369,-0.00878,0.9972761706431141,0.0014897949320887283,-0.07374293171868446,0.0001943485580915283,-0.9998455971091798,-0.017571117495083718,-0.07375772295864481,0.017508924936968456,-0.9971224778589176
6.533,0.01563424803316593,Empty,0.51269,0.25241,0.03688,0.00157,-0.07579,-0.01719,0.99925,0.00046,-0.03789,-0.00856,0.9971281533348502,0.0015603450629539384,-0.07571665041664288,0.0002622146533889924,-0.9998528678798203,-0.017151496610316883,-0.07573227231839227,0.01708238612672945,-0.9969818529008994
6.6,0.01563424803316593,Empty,0.51215,0.25261,0.03611,0.002,-0.07725,-0.01709,0.99922,0.00067,-0.03862,-0.0085,0.9970164529749133,0.0019957947804837284,-0.07716352312146621,0.000682938000891975,-0.9998546333276266,-0.017036602036915805,-0.07718630767830391,0.016933074631368582,-0.9968728830149401
6.667,0.01563424803316593,Empty,0.51196,0.25269,0.03584,0.00218,-0.07772,-0.01702,0.99921,0.00076,-0.03886,-0.00846,0.9969780639541693,0.002183005705529817,-0.07765291031433474,0.0008680793822853361,-0.9998557393019198,-0.01696310771046918,-0.07767873861220025,0.01684443739341135,-0.9968361342249372
6.733,0.01563424803316593,Empty,0.51184,0.25285,0.03579,0.00245,-0.0779,-0.01713,0.9992,0.00089,-0.03895,-0.00851,0.9969648327841756,0.002432889581598763,-0.07781518643494192,0.0011075906396618151,-0.9998536835855645,-0.017069993068323068,-0.07784533020416803,0.016931995412868935,-0.9968216551102523
6.8,0.01563424803316593,Empty,0.51183,0.2528,0.03575,0.00237,-0.07798,-0.01707,0.9992,0.00085,-0.03899,-0.00848,0.9969579430418978,0.0023523278834845507,-0.07790588141595695,0.0010291620017126024,-0.9998546203947374,-0.017019955959697103,-0.07793459200664894,0.01688800251138013,-0.9968154266161479
6.867,0.01563424803316593,Empty,0.51172,0.25274,0.03567,0.00227,-0.07824,-0.017,0.9992,0.0008,-0.03912,-0.00845,0.9969382756839786,0.002265609771818,-0.07815971781305942,0.0009441402437847524,-0.9998560602992728,-0.01694010867784237,-0.07818684720242453,0.01681444900015721,-0.9967969157402954
6.933,0.01563424803316593,Empty,0.51167,0.25301,0.03578,0.00238,-0.0782,-0.01737,0.9992,0.00085,-0.0391,-0.00863,0.9969405480987228,0.0023675172936644673,-0.07812770583143083,0.001017681747528587,-0.9998496079446313,-0.017312591279969643,-0.07815694390442317,0.017180115099461157,-0.9967930255397506
7.0,0.01563424803316593,Empty,0.51152,0.25354,0.03595,0.00281,-0.07824,-0.01804,0.99919,0.00105,-0.03912,-0.00896,0.9969373533620498,0.002795865967112454,-0.07815431277265145,0.0013946257117735672,-0.9998374103518521,-0.0179779832024071,-0.07819186972182926,0.017813926978516352,-0.9967791608551057
7.067,0.015633920207619667,Empty,0.51146,0.25367,0.03597,0.00297,-0.07828,-0.01815,0.99919,0.00113,-0.03914,-0.00901,0.9969332471106351,0.0029648838641619935,-0.07820044928973807,0.0015542268695603045,-0.9998350878307165,-0.018093687335128845,-0.07824119876562995,0.017916657227716796,-0.9967734487883902
7.133,0.015633920207619667,Empty,0.5115,0.25352,0.03594,0.00257,-0.07836,-0.01807,0.99919,0.00093,-0.03918,-0.00898,0.996928662119567,0.0025673291881483373,-0.0782729293263641,0.0011600142289541204,-0.9998369580695177,-0.018019757081653497,-0.07830643020518156,0.017873614607371822,-0.9967690990843305
7.2,0.015633920207619667,Empty,0.51149,0.25349,0.03593,0.00243,-0.0784,-0.01807,0.99919,0.00086,-0.0392,-0.00898,0.9969252697890246,0.0024293175809140255,-0.07832052650596684,0.0010215150392711148,-0.9998372860099265,-0.018009942013485516,-0.07835153452935914,0.017874560704969206,-0.9967655376850159
7.267,0.015633920207619667,Empty,0.51149,0.25348,0.03593,0.00239,-0.07842,-0.01805,0.99919,0.00084,-0.03921,-0.00897,0.9969241486857157,0.002378590333930619,-0.07833635219541416,0.0009717152373155402,-0.9998376471599703,-0.01799263991502975,-0.07836643118554136,0.017861176602835684,-0.9967646065313535
7.333,0.015633920207619667,Empty,0.51149,0.25348,0.03593,0.00237,-0.07842,-0.01805,0.99919,0.00083,-0.03921,-0.00897,0.9969244744605361,0.002359547346984958,-0.07833278214069195,0.0009524820869138417,-0.9998376201867369,-0.017995167051081843,-0.07836252292682942,0.017865211883422227,-0.9967648414771172
7.4,0.015633920207619667,Empty,0.51149,0.25349,0.03593,0.00233,-0.07842,-0.01805,0.99919,0.00081,-0.03921,-0.00897,0.996923627364158,0.002329771055487928,-0.07834445334494734,0.0009224431511745124,-0.9998376561776363,-0.01799473222483625,-0.0783736582132192,0.017867105418609912,-0.996763932053241
7.467,0.015633920207619667,Empty,0.51149,0.25349,0.03593,0.00233,-0.07842,-0.01805,0.99919,0.00081,-0.03921,-0.00897,0.9969234039204738,0.002313860700198289,-0.07834776808739286,0.0009066014186410731,-0.9998377106571654,-0.017992510155779302,-0.078376685241745,0.01786612427187774,-0.9967637116257885
7.533,0.015633920207619667,Empty,0.51149,0.25349,0.03593,0.00231,-0.07844,-0.01804,0.99919,0.0008,-0.03922,-0.00897,0.9969230067161164,0.0023019477123551457,-0.07835317298506791,0.0008949982927288214,-0.9998378222104805,-0.01798689121165857,-0.07838187072374857,0.01786141971215075,-0.9967633881858383
7.6,0.01563424803316593,Empty,0.51149,0.25348,0.03593,0.00229,-0.07844,-0.01804,0.99919,0.00079,-0.03922,-0.00897,0.9969227000999847,0.002277611776427546,-0.07835778525425141,0.0008709786229206262,-0.9998379509952354,-0.017980910596734467,-0.0783860409868614,0.017857329986457122,-0.9967631335197749
7.667,0.01563424803316593,Empty,0.51149,0.25348,0.03593,0.00229,-0.07844,-0.01804,0.99919,0.00079,-0.03922,-0.00897,0.9969227296810869,0.0022765046149145207,-0.07835744107581051,0.0008698358837769815,-0.9998379431800386,-0.01798140047507886,-0.07838567745925347,0.017857908731095818,-0.996763151739171
7.733,0.01563424803316593,Empty,0.51149,0.25348,0.03593,0.00229,-0.07844,-0.01804,0.99919,0.00079,-0.03922,-0.00897,0.9969224515052459,0.0022743037411386835,-0.07836104406695713,0.0008677510792284293,-0.9998379878081214,-0.01797901954701098,-0.07838923837386755,0.01785569036190822,-0.99676291144327
7.8,0.01563424803316593,Empty,0.51149,0.25348,0.03593,0.00229,-0.07844,-0.01804,0.99919,0.00079,-0.03922,-0.00897,0.9969228876853065,0.002276670134965131,-0.0783554259913532,0.0008700171016082225,-0.9998379382211073,-0.01798166744237539,-0.07838366589687391,0.017858165271433406,-0.9967633053306616
7.867,0.01563424803316593,Empty,0.51148,0.25348,0.03593,0.00227,-0.07844,-0.01804,0.99919,0.00078,-0.03922,-0.00897,0.9969222620287843,0.002270850447858963,-0.0783635547283016,0.000864107728067609,-0.9998379601292472,-0.01798073420137014,-0.07839168826633564,0.017857679659728676,-0.9967626831337156
7.933,0.01563424803316593,Empty,0.51148,0.25349,0.03593,0.00229,-0.07844,-0.01804,0.99919,0.00079,-0.03922,-0.00897,0.9969221320607561,0.002275488736073472,-0.07836507358797183,0.0008687812496352421,-0.9998379672738363,-0.017980111703301542,-0.07839328942311657,0.017856689187386428,-0.996762574951873
8.0,0.015633920207619667,Empty,0.51148,0.25348,0.03593,0.00227,-0.07844,-0.01804,0.99919,0.00078,-0.03922,-0.00897,0.9969224103935957,0.002262572751671632,-0.0783619066866467,0.0008558755423842546,-0.999837976381154,-0.01798022422259378,-0.0783898917723407,0.017857820432017824,-0.9967628218976361
8.067,0.015633920207619667,Empty,0.51149,0.25348,0.03593,0.00227,-0.07844,-0.01804,0.99919,0.00078,-0.03922,-0.00897,0.9969224065175041,0.002265141303796736,-0.07836188179352407,0.0008584203164826998,-0.9998379669423245,-0.01798062777545775,-0.07838991324085406,0.01785802328123544,-0.9967628165750255
8.133,0.015633920207619667,Empty,0.51148,0.25348,0.03593,0.00227,-0.07844,-0.01804,0.99919,0.00078,-0.03922,-0.00897,0.9969220382773218,0.002261486620636244,-0.07836667196745681,0.0008548753140068532,-0.9998380171802296,-0.017978002928704835,-0.07839463492604463,0.0178556735905342,-0.9967624873235552
8.2,0.015633920207619667,Empty,0.51148,0.25349,0.03593,0.00227,-0.07844,-0.01804,0.99919,0.00078,-0.03922,-0.00897,0.9969221700324942,0.002263917250683145,-0.0783649256771463,0.0008570606681407855,-0.9998379504279656,-0.017981610912699172,-0.07839293555361816,0.01785910307620838,-0.9967625595359205
8.267,0.015633920207619667,Empty,0.51122,0.25359,0.03582,0.00127,-0.07899,-0.01806,0.99918,0.00028,-0.03949,-0.009,0.9968805887328547,0.0012690227956170808,-0.07891439278599059,-0.00015329692120952254,-0.9998377066160257,-0.018014908516558344,-0.07892444683170946,0.017970809941408396,-0.9967186070714033
8.333,0.01563424803316593,Empty,0.51108,0.25344,0.03568,0.00031,-0.07936,-0.01779,0.99917,-0.0002,-0.03967,-0.00888,0.9968529664528825,0.0002956244364050731,-0.07927216333796329,-0.0011141045054057774,-0.9998420381854929,-0.017738586421440203,-0.07926488532281593,0.01777107996922156,-0.9966951723929881
8.4,0.01563424803316593,Empty,0.51097,0.2533,0.03556,0.00016,-0.07968,-0.01756,0.99917,-0.00027,-0.03983,-0.00877,0.9968264375079579,0.00016328640931251304,-0.0796054446802611,-0.0012341068958021117,-0.9998460232843114,-0.017504476647929253,-0.07959604553847698,0.017547166725619873,-0.996672747934115
8.466,0.01563424803316593,Empty,0.51046,0.25332,0.03508,0.00046,-0.08082,-0.01731,0.99915,-0.00012,-0.0404,-0.00864,0.9967354121769263,0.00046433598178197144,-0.08073600500760988,-0.0009323981047905661,-0.9998505752620692,-0.017261453643381795,-0.0807319561652446,0.01728038021006656,-0.9965860423031866
8.533,0.015633920207619667,Empty,0.5099,0.25317,0.03405,0.00036,-0.08272,-0.01697,0.99911,-0.00017,-0.04135,-0.00847,0.9965807272224512,0.000369329659263784,-0.08262395369608833,-0.0010317070443063292,-0.9998564251125972,-0.016913448543444315,-0.08261833760942702,0.016940860564321876,-0.9964372622167413
8.6,0.015633920207619667,Empty,0.50916,0.25303,0.03271,0.00031,-0.08517,-0.01657,0.99906,-0.0002,-0.04257,-0.00827,0.9963749605934977,0.0003112779666196164,-0.08506962447509361,-0.0010974298684354733,-0.999863062009459,-0.016512203873288306,-0.08506311509690796,0.016545704430354996,-0.9962381774028305
8.667,0.015633920207619667,Empty,0.50817,0.25291,0.0309,0.00031,-0.08847,-0.01611,0.99899,-0.0002,-0.04422,-0.00804,0.9960893682167511,0.00030947183487850527,-0.08835086164116912,-0.00111260002658492,-0.9998706351024964,-0.01604603318304821,-0.08834439793634016,0.01608158222669831,-0.9959601648993556
8.733,0.01563424803316593,Empty,0.50703,0.25275,0.02869,0.00022,-0.09241,-0.01559,0.9989,-0.00025,-0.04619,-0.00778,0.9957329256533323,0.00021674047964864718,-0.09228160051396839,-0.0012203097770162041,-0.9998788790717056,-0.015515734928065336,-0.09227378616868008,0.015562140272929948,-0.9956120570665175
8.8,0.01563424803316593,Empty,0.50602,0.25263,0.02681,0.00015,-0.09582,-0.01514,0.99882,-0.00029,-0.04789,-0.00756,0.9954137506267,0.00013801514362027367,-0.0956631904919862,-0.0013093059814723307,-0.9998856380136159,-0.015066406736562267,-0.0956543296517871,0.015122560825626753,-0.995299732428851
