time,gr,gr_state,tx,ty,tz,rx,ry,rz,qw,qx,qy,qz,xx,xy,xz,yx,yy,yz,zx,zy,zz
0.0,0.04000905901193619,Empty,0.30838,-0.0007,0.48577,0.01083,0.00401,0.00528,0.99998,0.00541,0.00202,0.00263,0.9999332929262033,0.010828822348507738,0.004018246421551434,0.010807521449703983,-0.999927628267496,0.005285424056239715,0.004075190532237959,-0.005241644196676033,-0.9999779587512123
0.067,0.04000905901193619,Empty,0.30838,-0.0007,0.48577,0.01081,0.00401,0.00528,0.99998,0.0054,0.00202,0.00263,0.9999333859154612,0.010819762166187796,0.004019512197781759,0.010798466836460796,-0.9999277418448926,0.005282442896563402,0.004076376531043126,-0.005238686442299224,-0.999977969416695
0.134,0.04000905901193619,Empty,0.30838,-0.0007,0.48577,0.01081,0.00401,0.00528,0.99998,0.0054,0.00202,0.00263,0.9999334094803292,0.01081996731633994,0.00401309261262568,0.010798718911330107,-0.9999277563738603,0.005279176357338548,0.0040699232079068155,-0.005235488555152599,-0.9999780124506092
0.2,0.04000905901193619,Empty,0.30838,-0.0007,0.48577,0.01083,0.00401,0.00528,0.99998,0.00541,0.00202,0.00263,0.9999333361282676,0.010826504528810676,0.00401373879074858,0.010805227233639303,-0.9999276530128407,0.005285433252000705,0.0040706711758794105,-0.0052417115448658335,-0.9999779768056186
0.267,0.04000905901193619,Empty,0.30838,-0.0007,0.48577,0.01083,0.00401,0.00528,0.99998,0.00541,0.00202,0.00263,0.9999333339883791,0.010828070282434765,0.004010046488953075,0.0108067992593876,-0.9999276190283146,0.0052886476658075415,0.004067022086516121,-0.005244959325333865,-0.9999779746239531
0.333,0.04000905901193619,Empty,0.30838,-0.0007,0.48577,0.01083,0.00401,0.00528,0.99998,0.00541,0.00202,0.00263,0.9999333943385507,0.010821783322236711,0.00401196863280225,0.010800513211908003,-0.9999277011862511,0.005285954477538246,0.004068882026236468,-0.005242271082819538,-0.9999779811540606
0.4,0.04000905901193619,Empty,0.30838,-0.0007,0.48577,0.01083,0.00401,0.00528,0.99998,0.00541,0.00202,0.00263,0.999933352365598,0.010826318535297696,0.004010193744597451,0.010805061260671378,-0.9999276566738243,0.005285079937652836,0.004067121592732916,-0.005241397310499829,-0.9999779928959355
0.467,0.04000905901193619,Empty,0.30838,-0.0007,0.48577,0.01083,0.00401,0.00528,0.99998,0.00541,0.00202,0.00263,0.9999332825749759,0.010830228928064123,0.004017031266873784,0.010808926404937635,-0.9999276027183608,0.005287384219464434,0.004074004026257376,-0.005243611663474227,-0.9999779532709293
0.533,0.04000905901193619,Empty,0.30839,-0.0007,0.48578,0.01083,0.00407,0.00528,0.99998,0.00541,0.00205,0.00263,0.999933096397398,0.010829547654412686,0.004064926409328352,0.010807988713105343,-0.9999276060714892,0.0052886667618645584,0.004121906002062389,-0.005244379252253602,-0.9999777529411185
0.6,0.04000905901193619,Empty,0.30874,-0.0007,0.48603,0.01073,0.00557,0.00531,0.99998,0.00536,0.0028,0.00264,0.9999267839741954,0.010737961665995999,0.005578787527889233,0.01070836619517851,-0.9999285751468365,0.005308059744124073,0.005635386805862466,-0.005247931409311146,-0.9999703503761855
0.667,0.04000938683748245,Empty,0.31074,-0.00067,0.48667,0.01015,0.01293,0.00537,0.99996,0.00506,0.00648,0.00265,0.9998648789941164,0.010155166163387852,0.01292657550457398,0.010086409726514867,-0.9999346947878396,0.005373127430031105,0.012980296333687222,-0.005242018670748153,-0.9999020117728262
0.733,0.04000938683748245,Empty,0.31505,-0.00063,0.48722,0.01035,0.02679,0.0055,0.99989,0.00514,0.01341,0.00268,0.9995875918401166,0.010343633704164079,0.02678909257646908,0.01019982915645673,-0.9999328593022108,0.005499124738016817,0.026844174870084007,-0.005223612686566151,-0.9996259821283384
0.8,0.04000938683748245,Empty,0.32074,-0.00053,0.48751,0.01067,0.04339,0.00567,0.99975,0.00527,0.02171,0.00272,0.9990016765534167,0.010662198922778254,0.04338165231516716,0.010426353091652685,-0.999929629968267,0.005659175976501597,0.04343893880691753,-0.005201213863698668,-0.9990425446244385
0.867,0.04000905901193619,Empty,0.32725,-0.0005,0.48755,0.01084,0.06132,0.00582,0.99951,0.00533,0.03067,0.00274,0.9980620411150973,0.010822234541904507,0.06127839198841502,0.010486577678886388,-0.9999282133412748,0.005796537993565519,0.061336724511099595,-0.005142703923635445,-0.998103881779148
0.933,0.04000905901193619,Empty,0.33475,-0.00045,0.48703,0.01102,0.07905,0.00596,0.9992,0.00539,0.03953,0.00276,0.9968168822265121,0.010987683675953874,0.07896438510906692,0.010550673258183929,-0.9999266414492676,0.005949370873224787,0.07902396220144173,-0.005097305898737981,-0.9968596846450154
1.0,0.04000905901193619,Empty,0.34282,-0.0004,0.48593,0.01125,0.096,0.00613,0.99883,0.00547,0.048,0.00279,0.9953324563292829,0.011186530224088276,0.09585490555554077,0.010650679096323334,-0.9999246732941035,0.006100063316619608,0.0959159236639215,-0.005050671165814699,-0.9953766253576942
1.067,0.04000905901193619,Empty,0.35138,-0.00036,0.48413,0.01141,0.11102,0.00626,0.99844,0.00552,0.0555,0.00281,0.9937773959353537,0.011342415626249047,0.11080540120278048,0.010718873061254852,-0.9999231966843536,0.00622145423835737,0.11086745730034789,-0.004995031561931726,-0.9938226484496369
1.133,0.04000905901193619,Empty,0.36051,-0.00031,0.48224,0.01158,0.12495,0.0064,0.99803,0.00558,0.06245,0.00283,0.9921365246079681,0.01149253037484127,0.1246316102937206,0.010786525043068762,-0.9999217367295171,0.006338082779636295,0.12469469682515687,-0.00494390143607475,-0.9921828412254834
1.2,0.04000905901193619,Empty,0.3697,-0.00026,0.48119,0.01175,0.13757,0.0065,0.99761,0.00564,0.06875,0.00284,0.9904831667817746,0.011640051361591963,0.13714082370412686,0.010858418375214507,-0.9999202671921373,0.006446239895689168,0.13720492364465545,-0.004895759665616267,-0.99053058532534
1.267,0.04000905901193619,Empty,0.37846,-0.00022,0.48155,0.01188,0.14784,0.00662,0.99725,0.00568,0.07387,0.00286,0.9890228298492658,0.01175826627294474,0.1472942130947601,0.010913401090586472,-0.9999190416702135,0.006542765619951846,0.14735921998160162,-0.0048634637426598236,-0.9890710828888072
1.333,0.04000905901193619,Empty,0.38714,-0.0001,0.48397,0.01219,0.1568,0.00674,0.99691,0.00581,0.07834,0.00288,0.9876568703035042,0.012035643573374777,0.15616993893211906,0.01113261406133359,-0.9999158793973548,0.006655751886554789,0.15623690808016036,-0.004835019419678014,-0.9877077761872501
1.4,0.04000905901193619,Empty,0.39581,0.0001,0.48897,0.01265,0.16481,0.00684,0.99658,0.00602,0.08233,0.00289,0.9863700718181374,0.012484187416646808,0.16406774968295315,0.011530789120502483,-0.9999106532895345,0.006762125431733351,0.1641375104104503,-0.0047781275246725425,-0.9864258954293613
1.467,0.04000905901193619,Empty,0.40436,0.00067,0.49562,0.014,0.17243,0.00703,0.99626,0.00667,0.08613,0.0029,0.9850758244114175,0.013784400452198087,0.17156809279216256,0.012786818327461091,-0.9998943116781669,0.006918291024904585,0.17164532454228743,-0.004621231201553625,-0.9851479720249922
1.533,0.04000905901193619,Empty,0.41301,0.00149,0.503,0.01588,0.18154,0.00721,0.99585,0.00758,0.09067,0.00287,0.9834430509342164,0.015626413378882265,0.18054246252367445,0.014584142018407409,-0.9998684443131832,0.007099075173682551,0.18062964421928926,-0.004348479233819443,-0.9835415712401616
1.6,0.04000905901193619,Empty,0.42126,0.00236,0.50975,0.0178,0.19003,0.0074,0.99545,0.00851,0.0949,0.00284,0.9818439169033742,0.017487696911253348,0.18888277660120223,0.01640850577612546,-0.9998388982921591,0.007275877961883226,0.18897958561187084,-0.004044492386134902,-0.9819726871473077
1.667,0.04000905901193619,Empty,0.42894,0.00346,0.51497,0.02023,0.19627,0.00748,0.99513,0.0097,0.09801,0.00273,0.9806004624908777,0.01984367314629304,0.19501015768092664,0.01877217616923288,-0.9997968343852801,0.007341345588123022,0.1951162175846693,-0.003538161844242557,-0.9807737471232679
1.733,0.04000905901193619,Empty,0.43649,0.00469,0.51841,0.02286,0.19928,0.00753,0.99497,0.011,0.09951,0.00261,0.9799516289550108,0.022411534946902012,0.19797102820803025,0.021372609761851957,-0.9997443164756918,0.0073833072886758805,0.19808588152715112,-0.0030041264745704834,-0.9801800644594524
1.8,0.04000905901193619,Empty,0.44418,0.00578,0.52075,0.02508,0.20042,0.00771,0.9949,0.01209,0.10008,0.00258,0.9796744868450303,0.024563248560434292,0.19908427021008923,0.023532009448018587,-0.9996946141242085,0.007544734746021076,0.199208795880764,-0.0027065312131543577,-0.9799533306910733
1.867,0.04000938683748245,Empty,0.45233,0.00644,0.52297,0.02618,0.20147,0.00799,0.99484,0.01262,0.10061,0.00266,0.9794347776417178,0.02565309363228724,0.20012354967122686,0.02458321666216029,-0.9996671256295955,0.007829648395946576,0.20025778837403616,-0.0027489493549284045,-0.979739384465575
1.933,0.04000938683748245,Empty,0.46071,0.00684,0.52487,0.0267,0.20215,0.0082,0.9948,0.01287,0.10095,0.00273,0.9792865918814984,0.02616311913579983,0.20078162803953348,0.02506100207399009,-0.9996536775278926,0.00802939474727414,0.20092216686111838,-0.0028312898202114017,-0.9796031169110206
2.0,0.04000938683748245,Empty,0.46925,0.00725,0.52648,0.02725,0.20263,0.00836,0.99478,0.01313,0.10119,0.00278,0.9791779178255351,0.02668843981147434,0.20124197480465844,0.025563681676482986,-0.9996396762743514,0.00818631768583769,0.20138794259337614,-0.0028713757224238007,-0.9795073515698939
2.067,0.04000905901193619,Empty,0.47823,0.00797,0.52791,0.02836,0.20317,0.00862,0.99474,0.01367,0.10146,0.00285,0.9790392663711294,0.027780831621077917,0.20176803586773123,0.02662286896435062,-0.9996098249157417,0.008451081589179274,0.2019240890819809,-0.002902296739011622,-0.9793968750828499
2.133,0.04000905901193619,Empty,0.48749,0.00919,0.52917,0.03046,0.20374,0.00888,0.9947,0.0147,0.10175,0.00287,0.9788619344861178,0.029832741473426738,0.20233467510606018,0.028666379968127764,-0.9995512332184274,0.008693148511556184,0.20250321447724767,-0.002709189491478988,-0.9792778504687426
2.2,0.04000905901193619,Empty,0.49692,0.01091,0.5302,0.03349,0.20439,0.0091,0.99464,0.01619,0.10208,0.00282,0.9786339243497775,0.03277421477361858,0.20298150890592526,0.03162070802946615,-0.9994601001007045,0.008924075885195448,0.20316439878942566,-0.0023149843762292994,-0.9791419038688258
2.267,0.04000905901193619,Empty,0.5063,0.01322,0.53059,0.03751,0.20424,0.00929,0.99461,0.01818,0.10201,0.00271,0.9785264153857874,0.036712470583561585,0.20282566133478436,0.03560679767551772,-0.999324455384383,0.009098836738884286,0.20302268432748152,-0.0016814798117302133,-0.9791725906468718
2.333,0.04000905901193619,Empty,0.51507,0.01647,0.5299,0.04254,0.20256,0.00911,0.99465,0.0207,0.10118,0.00238,0.9786685822289738,0.04165184049397108,0.20117885162559915,0.04068832085263474,-0.9991320352887145,0.008923934447532464,0.2013759337759186,-0.0005479446099639482,-0.9795138758856768
2.4,0.04000905901193619,Empty,0.52315,0.02036,0.52806,0.0472,0.19918,0.00864,0.99477,0.02305,0.0995,0.00195,0.9791375666709503,0.04623841104031723,0.19786772065740282,0.045462801626634186,-0.9989301811334912,0.008463267032735103,0.19804736605657414,0.0007089182440430798,-0.9801921945378758
2.467,0.04000905901193619,Empty,0.53004,0.02502,0.52467,0.04985,0.19312,0.00738,0.99503,0.02445,0.09647,0.00127,0.9801907719896337,0.048892564724249965,0.19192594306411928,0.048403267343971434,-0.9988016352505992,0.007239967621283358,0.19204992636498072,0.00219329328049073,-0.9813827058022736
2.533,0.04000905901193619,Empty,0.5352,0.03124,0.51822,0.05223,0.18112,0.00585,0.99557,0.02574,0.09048,0.00055,0.9823025054910064,0.051351917443898554,0.18012431340861923,0.05115320340210283,-0.9986742583517283,0.005751129222060364,0.18018084661748762,0.0035645869972228076,-0.9836270412263707
2.6,0.04000905901193619,Empty,0.53842,0.03937,0.50829,0.05466,0.16261,0.00411,0.99633,0.02707,0.08124,-0.00017,0.9853340376965303,0.0539120859685005,0.16189601954086952,0.053965795083761314,-0.9985344945524515,0.004068924901964227,0.16187812427140996,0.004727597212682818,-0.9867994338805451
2.667,0.04000905901193619,Empty,0.54084,0.04922,0.49702,0.05371,0.14143,0.00212,0.99714,0.02671,0.07066,-0.00084,0.9885873408469823,0.053153702382075785,0.14096011294040117,0.053390744752927766,-0.9985714837774002,0.002102417972098383,0.1408705004314979,0.005447541617959193,-0.9900130435496797
2.733,0.04000905901193619,Empty,0.54277,0.06075,0.48521,0.05045,0.11942,0.00033,0.9979,0.02517,0.05966,-0.00134,0.9916138236867037,0.0500744785074303,0.11914097227924489,0.050394360634776536,-0.9987293430540615,0.00032823621844745715,0.11900602123273829,0.0056785495517710435,-0.9928772940224494
2.8,0.04000905901193619,Empty,0.54414,0.0737,0.47371,0.04529,0.09843,-0.00107,0.99853,0.02264,0.04917,-0.00165,0.9941388347020931,0.045057125907383644,0.0982742730430044,0.045381546907907966,-0.9989691568149003,-0.0010672079330289255,0.09812488235615956,0.005520791382867847,-0.9951587955321988
2.866,0.04000905901193619,Empty,0.54475,0.0876,0.46291,0.03939,0.07889,-0.00167,0.99903,0.01971,0.03941,-0.00161,0.9961160298830237,0.0392617822075319,0.078812229177783,0.03951596125644952,-0.9992175479816761,-0.0016675165562052632,0.07868509271813706,0.004775380966455098,-0.996888083949529
2.933,0.04000905901193619,Empty,0.54472,0.10179,0.45218,0.03218,0.05964,-0.0013,0.99943,0.0161,0.0298,-0.00113,0.9977054947791747,0.03211309699745751,0.0596028077247548,0.03224803241944796,-0.9994790474035883,-0.0013031524431047457,0.059529909226509206,0.0032222356288185428,-0.9982213217042781
3.0,0.04000905901193619,Empty,0.54418,0.11589,0.44118,0.02517,0.04002,8e-05,0.99972,0.01258,0.02001,-0.00021,0.9988829897073654,0.02514116872652472,0.04000868041238212,0.025157586906347507,-0.9996834934863177,9.312379182437394e-05,0.039998358645390454,0.0009135020828923795,-0.9991993278718814
3.067,0.04000905901193619,Empty,0.54314,0.129,0.42946,0.01737,0.01922,0.00283,0.99992,0.00867,0.00962,0.00133,0.9996647508482486,0.017360513233643293,0.019209333454685493,0.01730915968374558,-0.9998461620251413,0.0028364193338275435,0.019255620025109523,-0.0025029710064664134,-0.9998114603431936
3.133,0.04000905901193619,Empty,0.54144,0.14102,0.41645,0.01059,-0.00386,0.00722,0.99998,0.0053,-0.00191,0.00362,0.9999364404638009,0.010595354593934958,-0.003854023042466453,0.010622993090521282,-0.9999174868302803,0.007222987526963761,-0.0037771749207333033,-0.007263469697377387,-0.9999664869172235
3.2,0.04000905901193619,Empty,0.53936,0.15137,0.4023,0.00491,-0.02889,0.01323,0.99987,0.00255,-0.01443,0.00665,0.999570491259667,0.0049046315421088504,-0.028892517930155116,0.005288340198875419,-0.9998986386834804,0.013219145844706308,-0.028824754306830368,-0.013366261570043033,-0.9994951108388636
3.267,0.04000905901193619,Empty,0.53708,0.16045,0.38776,0.00211,-0.05449,0.02015,0.99958,0.00133,-0.02723,0.0101,0.9985132006987444,0.0021130560108870156,-0.054469468738400036,0.003213641588085292,-0.9997922889925499,0.020125888273087908,-0.054415627700983335,-0.020271010466484995,-0.9983125891205497
3.333,0.04000905901193619,Empty,0.5345,0.16822,0.37206,0.00124,-0.08215,0.02825,0.99906,0.0012,-0.04105,0.01414,0.996626871883669,0.0012368137588777972,-0.08205698343894105,0.003558692323334778,-0.9995972146717008,0.028155712200642388,-0.08198910871768661,-0.02835275493322327,-0.9962298466415147
3.4,0.04000905901193619,Empty,0.53152,0.1751,0.35473,0.00212,-0.11268,0.03768,0.99823,0.00212,-0.05628,0.01887,0.993655958211265,0.0021027955353866146,-0.11244294091755849,0.006351408264765879,-0.9992787021397511,0.03743975244241561,-0.11228310792059264,-0.03791640411261942,-0.9929525920077258
3.467,0.04000905901193619,Empty,0.52877,0.18183,0.33694,0.00622,-0.14363,0.0473,0.99713,0.0048,-0.07166,0.02381,0.9896847251779142,0.006168113050299462,-0.14312965846013642,0.012993837101316574,-0.998819599317061,0.046803506465758364,-0.14267201879451002,-0.04818051890032493,-0.9885966481086178
3.533,0.04000905901193619,Empty,0.52601,0.18882,0.3194,0.01108,-0.17342,0.0569,0.99581,0.00798,-0.08641,0.02882,0.984938792974946,0.010912464461135474,-0.17255866310458196,0.020875659755929032,-0.9982108729504887,0.05602909916443558,-0.17163851817937265,-0.058787509241402004,-0.9834044172335109
3.6,0.04000905901193619,Empty,0.52309,0.1961,0.30221,0.0158,-0.20112,0.0664,0.99434,0.01119,-0.10007,0.03382,0.9797204159222815,0.015476928308414628,-0.19977079695292782,0.029013308195450338,-0.9974626888671971,0.06501086267214574,-0.19825774782496533,-0.069488481117067,-0.977683597294859
3.667,0.04000905901193619,Empty,0.52115,0.20318,0.28647,0.02103,-0.22294,0.0739,0.99302,0.01455,-0.11077,0.03788,0.9750362658301814,0.020509026890812077,-0.2210964950692964,0.0372951452236267,-0.9967059044226463,0.07201674966133438,-0.21889118862732704,-0.0784647685590588,-0.9725892903154392
3.733,0.04000905901193619,Empty,0.5208,0.21027,0.273,0.02467,-0.23573,0.07879,0.99216,0.01687,-0.11701,0.04056,0.9720493379292061,0.023989614605937737,-0.23354781742172262,0.04297222942329004,-0.9961406018251517,0.07653292686038275,-0.23081046798138044,-0.08442985127597437,-0.9693286997111625
3.8,0.04000905901193619,Empty,0.52154,0.21703,0.26108,0.03025,-0.24113,0.08044,0.99175,0.01984,-0.11956,0.04173,0.9706239863094542,0.02936934793922147,-0.23880225836949248,0.049324289877260064,-0.9957308777571916,0.07802008401044509,-0.23549138334310443,-0.087506916769578,-0.9679288960913571
3.867,0.04000905901193619,Empty,0.52446,0.22377,0.25174,0.0396,-0.23561,0.07682,0.99205,0.02416,-0.11667,0.04045,0.9716072238749403,0.03849609750537125,-0.2334468954406738,0.057373992504725024,-0.9955601855084086,0.07461998401588289,-0.22953785635075466,-0.085895095944529,-0.9695021428519799
3.933,0.04000905901193619,Empty,0.52763,0.22995,0.24431,0.04787,-0.22753,0.07241,0.9925,0.02787,-0.11255,0.03867,0.9731119402435112,0.04661533911401927,-0.2255663137855348,0.06402618631159557,-0.9954552663327819,0.07049439833577709,-0.22125505468102225,-0.08304109157287948,-0.9716740080338068
4.0,0.04000905901193619,Empty,0.52902,0.23562,0.2382,0.05626,-0.22073,0.06889,0.99283,0.03173,-0.10907,0.03731,0.9741934919435349,0.05486734929088877,-0.21894431766239883,0.07114461415333728,-0.9952024190981856,0.06716091793663725,-0.21420897304229464,-0.08100443816798296,-0.9734232362468316
4.067,0.04000905901193619,Empty,0.52898,0.24044,0.23353,0.06375,-0.21722,0.06696,0.99293,0.03529,-0.10722,0.03671,0.9745168089885983,0.062208427844058334,-0.21551589385437597,0.07795391513227057,-0.9948135450740725,0.06533909742801172,-0.21033348785733283,-0.08047435642692052,-0.974311911988888
4.133,0.04000905901193619,Empty,0.52886,0.2445,0.2305,0.06932,-0.21366,0.06542,0.99305,0.03792,-0.10538,0.03619,0.9749137409653899,0.06768864106889605,-0.21204114116631811,0.0829455629240749,-0.9945036876758819,0.0638940434647867,-0.20655079585437736,-0.07987905275676398,-0.9751697829929952
4.2,0.04000905901193619,Empty,0.52885,0.24731,0.22835,0.07091,-0.21069,0.0647,0.99319,0.03863,-0.10389,0.03587,0.9754299208687638,0.06927579359076419,-0.20913472666280639,0.08417992359555249,-0.9944432673767488,0.06321652024987566,-0.20359324629614797,-0.07926823065658668,-0.975841348617269
4.267,0.04000905901193619,Empty,0.52884,0.24915,0.22648,0.06617,-0.20758,0.06507,0.99344,0.03625,-0.10242,0.03576,0.9763939815554963,0.06469520084237285,-0.20608086706477668,0.07934281644971247,-0.9948154133063516,0.06361612158831927,-0.2008967651806082,-0.07846543465805579,-0.9764648817565792
4.333,0.04000905901193619,Empty,0.52893,0.24999,0.2241,0.05493,-0.20462,0.06656,0.99375,0.0307,-0.10113,0.03589,0.9776600886839207,0.053760558785674706,-0.20320077094735656,0.06827878817034028,-0.9955386490708915,0.06512146567833042,-0.1987932546152858,-0.07754096030586784,-0.9769691097441647
4.4,0.04000905901193619,Empty,0.53009,0.25063,0.22175,0.04309,-0.19904,0.06676,0.9942,0.02474,-0.09856,0.03534,0.9793463733825192,0.04222101691820396,-0.19773231064472035,0.056155188716975335,-0.9962778485947346,0.06539910687164065,-0.19423510424912466,-0.07515207335689483,-0.9780720270754562
4.467,0.04000905901193619,Empty,0.5316,0.25137,0.21949,0.0373,-0.19295,0.06522,0.99459,0.02169,-0.09565,0.03424,0.9807601138562415,0.036603145335659504,-0.19175455358407756,0.04970508805377949,-0.9967134268390281,0.06396678028763988,-0.1887829528592512,-0.07226724368853257,-0.979356136550644
4.533,0.04000905901193619,Empty,0.53304,0.25214,0.21694,0.03732,-0.18813,0.06286,0.99486,0.02152,-0.09328,0.03303,0.9816724968852861,0.03664770026649222,-0.18701886248233188,0.04897225045996606,-0.996891974272781,0.06170988831138029,-0.18417607755594737,-0.06973763471536756,-0.9804161538654957
4.6,0.04000905901193619,Empty,0.5339,0.25267,0.21353,0.03751,-0.18634,0.06168,0.99496,0.02153,-0.0924,0.03244,0.981996923848831,0.036852901560342266,-0.18526711850195338,0.04884226846317019,-0.9969682067963377,0.06057084652426978,-0.18247321546683146,-0.06852925130102291,-0.9808196915607458
4.667,0.04000905901193619,Empty,0.53454,0.25303,0.20993,0.03756,-0.18524,0.06079,0.99503,0.0215,-0.09186,0.03199,0.9821980051906569,0.036916400859642984,-0.18418539015639723,0.04867234699219175,-0.9970279601346954,0.05971808225252828,-0.18143340717124232,-0.06761971648282931,-0.981075681435951
4.733,0.04000905901193619,Empty,0.53523,0.2534,0.20632,0.03762,-0.18337,0.05959,0.99513,0.02145,-0.09094,0.03138,0.9825409847547355,0.03697465335993577,-0.18233509888693022,0.04839011061028492,-0.9971104153480134,0.05855951502221127,-0.17964300841479588,-0.06636033915995897,-0.981491056971105
4.8,0.04000905901193619,Empty,0.53636,0.25392,0.2032,0.03742,-0.17863,0.05731,0.99538,0.02118,-0.08861,0.0302,0.9833999805678424,0.03682244212038743,-0.1776755075283541,0.04752585806786197,-0.9972784297684374,0.05636511628226636,-0.17511644992427458,-0.06387363520961284,-0.982473606612935
4.867,0.04000905901193619,Empty,0.53861,0.25506,0.20166,0.03808,-0.1681,0.05255,0.9959,0.02117,-0.08341,0.02777,0.9851890925630824,0.037537313332109856,-0.16731228885690622,0.046801037870649764,-0.9975616904699649,0.05177196694095673,-0.1649609491636121,-0.05883556589778431,-0.984543681832618
4.933,0.04000905901193619,Empty,0.54157,0.25677,0.20247,0.03929,-0.15391,0.04635,0.99655,0.02136,-0.07639,0.02461,0.9874177448197765,0.03881591046047739,-0.15329553910714727,0.046335461808667655,-0.9978760177582937,0.04578731442033571,-0.15119266580758553,-0.05231422634402027,-0.9871190402013438
5.0,0.04000905901193619,Empty,0.54383,0.25871,0.20358,0.04114,-0.1418,0.0411,0.99704,0.02197,-0.07039,0.02195,0.9891246122275462,0.040729482123194216,-0.14132802542907932,0.046909199441201865,-0.9980707840838412,0.040672312032286634,-0.13939881094719417,-0.046859569398817184,-0.9891269646826265
5.067,0.04000905901193619,Empty,0.54618,0.26054,0.20443,0.04271,-0.12987,0.03598,0.99748,0.02247,-0.06448,0.01933,0.990675827478586,0.042337414992159206,-0.12949497342136898,0.04732264268548042,-0.9982427596606909,0.03566455206883533,-0.12775747468888743,-0.041460053989231714,-0.9909384903132625
5.133,0.04000905901193619,Empty,0.55051,0.26235,0.2061,0.04303,-0.11114,0.02808,0.99811,0.02226,-0.05522,0.01521,0.9929108939697188,0.042751264771938025,-0.11090665442909063,0.04611149293341271,-0.9985463039287195,0.027910735026954098,-0.10955221063815139,-0.03282694427894044,-0.9934388279474489
5.2,0.04000905901193619,Empty,0.55673,0.26434,0.20887,0.04255,-0.08534,0.01759,0.99882,0.02163,-0.04246,0.00969,0.99545926302428,0.04237967161268236,-0.08523390811853271,0.04402544629991573,-0.9988767386046247,0.01752201908119777,-0.08439559074531384,-0.02119491704607099,-0.9962068860202481
5.267,0.04000905901193619,Empty,0.56191,0.2666,0.21145,0.04295,-0.06149,0.00759,0.99929,0.02158,-0.03065,0.00445,0.9971898499442009,0.042847452897177785,-0.06145322569634351,0.043393388719617176,-0.9990293361100424,0.0075762396316241196,-0.061068952698484814,-0.01022161297211641,-0.998081209944641
5.333,0.04000905901193619,Empty,0.56429,0.26836,0.21271,0.04388,-0.04825,0.00166,0.99947,0.02195,-0.0241,0.00136,0.9978744090802973,0.04381484814247555,-0.04823818803499629,0.04394617960936531,-0.9990325127417867,0.0016648671338323276,-0.04811857230206698,-0.003781212382786459,-0.9988344734902409
5.4,0.04000905901193619,Empty,0.56313,0.26895,0.21181,0.04538,-0.04939,0.0016,0.99944,0.0227,-0.02467,0.00136,0.9977530581636909,0.04529849175153583,-0.049364780664345305,0.04543244355006987,-0.998966141282285,0.001594253634542235,-0.04924152717039322,-0.003833434050247553,-0.9987795436357865
5.467,0.04000905901193619,Empty,0.561,0.26846,0.20929,0.0454,-0.05484,0.00366,0.99936,0.02274,-0.02737,0.00245,0.9974669620688318,0.045325588145073925,-0.05482016636675022,0.04559332061009014,-0.9989534432668715,0.0036424306453833287,-0.054597698641248395,-0.006132637651454598,-0.9984896003757452
5.533,0.04000905901193619,Empty,0.55734,0.2668,0.20488,0.0443,-0.06438,0.00772,0.99923,0.02226,-0.03209,0.00457,0.9969497388793644,0.044193634706679474,-0.06432838253663722,0.044780230784182196,-0.9989671485676623,0.007704999254311052,-0.063921428952134,-0.010562136810614855,-0.9978990390749513
5.6,0.04000905901193619,Empty,0.55174,0.26409,0.19821,0.03923,-0.07878,0.01431,0.999,0.01988,-0.03923,0.00792,0.9961319063694247,0.03909744710479618,-0.07869316833565058,0.040339953921544214,-0.9990842314198563,0.01426136900171248,-0.0780635204844302,-0.017380683475714115,-0.9967968692825504
5.667,0.04000905901193619,Empty,0.54593,0.26011,0.19095,0.02739,-0.0941,0.02264,0.99873,0.01421,-0.04687,0.01195,0.9952017023714057,0.027273374665207184,-0.09396666766160905,0.029513131287776606,-0.9993104780450248,0.022528727239117127,-0.09328744116249772,-0.02519387830000236,-0.9953204116351468
5.733,0.04000905901193619,Empty,0.54219,0.25504,0.1847,0.00331,-0.10463,0.03135,0.99851,0.00247,-0.05226,0.01574,0.9945262485532915,0.0032874790139074683,-0.10443530734502418,0.0065768855534480974,-0.9994925109571903,0.031168335164197737,-0.10427984232311327,-0.031684586508648555,-0.994043158752598
5.8,0.04000905901193619,Empty,0.54117,0.25073,0.18104,-0.02707,-0.10646,0.03702,0.99833,-0.01253,-0.05344,0.01776,0.9939738391350069,-0.026909212680420735,-0.10626335863379795,-0.02311258755818807,-0.9990553401587137,0.03679994017280157,-0.10715323332303327,-0.03412215663284744,-0.9936568135000851
5.867,0.04000905901193619,Empty,0.54167,0.24845,0.17889,-0.04973,-0.10228,0.0377,0.99823,-0.02386,-0.05156,0.01755,0.9935431942734878,-0.04945265204733479,-0.10210953098668071,-0.045833461973810774,-0.998245259987388,0.03749259495163679,-0.10378446355948429,-0.032570479244209555,-0.9940663705233533
5.933,0.04000905901193619,Empty,0.54169,0.24871,0.17739,-0.05625,-0.09949,0.03676,0.99823,-0.02717,-0.05021,0.01695,0.9934819587963566,-0.05594214642407519,-0.0993180436759678,-0.05253722135915351,-0.9979489271282693,0.03657566425090355,-0.10116045629599242,-0.031119368518703068,-0.9943832998321038
6.0,0.04000905901193619,Empty,0.5408,0.25014,0.17572,-0.05431,-0.10021,0.03648,0.99824,-0.0262,-0.05055,0.01685,0.9935170126125807,-0.05401472462059681,-0.10003177082074735,-0.05060833367470674,-0.9980592142275004,0.03628500321419417,-0.1017975550396126,-0.030987326760235877,-0.9943224041367122
6.067,0.04000905901193619,Empty,0.53922,0.25086,0.17262,-0.0529,-0.10497,0.03838,0.99812,-0.0254,-0.05294,0.01777,0.993104563002886,-0.05259060849462949,-0.10477382708010383,-0.0488285724919737,-0.9980781318070019,0.038155121766819046,-0.10657906666528354,-0.032776069117716425,-0.9937638712702066
6.133,0.04000905901193619,Empty,0.53723,0.25078,0.16809,-0.05485,-0.11184,0.04167,0.99788,-0.02621,-0.05643,0.01926,0.9922571413977563,-0.0544735686102375,-0.11161718356963986,-0.050125487786944645,-0.9978844981882503,0.041400045286261906,-0.11363626542294411,-0.03548462481765074,-0.9928885338154917
6.2,0.04000905901193619,Empty,0.5352,0.25,0.16248,-0.05696,-0.11906,0.04531,0.99761,-0.02707,-0.0601,0.02091,0.9913114451572281,-0.05651520851490349,-0.1187756284210058,-0.0514889929142498,-0.9976605450815943,0.04497021676812978,-0.12103925937052092,-0.038463853083293864,-0.9919022278919544
6.267,0.04000905901193619,Empty,0.53336,0.2492,0.1565,-0.05713,-0.12656,0.04883,0.99734,-0.02695,-0.06389,0.02255,0.9903833908444224,-0.05663370178907545,-0.1262274255507491,-0.05087143364226354,-0.9975308631352671,0.04841770680019523,-0.1286578267292147,-0.041530722534949736,-0.990819036306348
6.333,0.04000905901193619,Empty,0.5318,0.24901,0.15062,-0.05393,-0.13426,0.05172,0.9971,-0.02516,-0.06773,0.02398,0.9895579677213394,-0.05342635744318558,-0.1338680426747395,-0.04692915238537643,-0.9975836198345667,0.05123061676530058,-0.1362816318349727,-0.04441335123716669,-0.9896740731454378
6.4,0.04000905901193619,Empty,0.53064,0.24917,0.1456,-0.04294,-0.13991,0.05375,0.997,-0.01953,-0.07043,0.0253,0.989316423625102,-0.04251152563788013,-0.1394481413772804,-0.035384090426540116,-0.9979567899313946,0.05319973284249223,-0.14142482133743212,-0.04769712378923874,-0.9887992740146554
6.467,0.04000905901193619,Empty,0.53085,0.25025,0.14187,-0.02902,-0.13903,0.05121,0.99718,-0.01269,-0.0698,0.02453,0.9899344967251953,-0.028735859114036588,-0.13857829048740897,-0.021888468382165294,-0.9984747850322415,0.05068528984529953,-0.13982341415269994,-0.04714185036458907,-0.9890536177573417
6.533,0.04000905901193619,Empty,0.53145,0.25266,0.13935,-0.01341,-0.13439,0.04585,0.99747,-0.00515,-0.06728,0.02242,0.9908949299659311,-0.013299854933547461,-0.13397892232197847,-0.007267224957890506,-0.998941748518633,0.04541553157177842,-0.13444115891059394,-0.044028365008053336,-0.9899429669761254
6.6,0.04000905901193619,Empty,0.53156,0.25559,0.13769,-0.00071,-0.12997,0.04138,0.99768,0.00099,-0.06493,0.02062,0.9915654626266786,-0.0006959403829173705,-0.12960497287112394,0.004659200001449704,-0.9991478255699294,0.04101115109611879,-0.12952306814343062,-0.041269096499264704,-0.9907172333682536
6.667,0.04000905901193619,Empty,0.53025,0.2581,0.13599,0.00876,-0.1306,0.04054,0.99765,0.00569,-0.06515,0.02051,0.991445451788934,0.008673805195652251,-0.13023318022095842,0.01402025021635861,-0.9990935953130364,0.04019229264847831,-0.12976651613920834,-0.04167436751647355,-0.9906684099037348
6.733,0.04000905901193619,Empty,0.52795,0.25988,0.13379,0.01604,-0.13471,0.04186,0.99747,0.00941,-0.06712,0.02142,0.9908132542903029,0.015894941097389037,-0.13429983607648222,0.021645124155115436,-0.9989054754354008,0.041464921867597676,-0.13349375911618178,-0.04399093080041485,-0.9900728328180427
6.8,0.04000905901193619,Empty,0.52586,0.26085,0.13137,0.02105,-0.13923,0.04345,0.99727,0.01201,-0.06931,0.0224,0.9901052355756665,0.020844193095903685,-0.13877010520942418,0.027054717737911183,-0.9987078670015889,0.043019049701947004,-0.1376940983985004,-0.04634777236628874,-0.9893898216895637
6.867,0.04000905901193619,Empty,0.52366,0.26109,0.12872,0.02277,-0.14433,0.04568,0.99705,0.013,-0.07182,0.0236,0.9893454645606536,0.02253513283360098,-0.14383226182409897,0.029316273596337206,-0.9985476087120015,0.04520209329188594,-0.14260472592340293,-0.04893711192659012,-0.9885691939467846
6.933,0.04000905901193619,Empty,0.5216,0.26037,0.12626,0.02284,-0.14946,0.04812,0.99683,0.01318,-0.07436,0.02484,0.9885925522323353,0.022580423944916883,-0.14891235719450935,0.029969104002524727,-0.9984186207891801,0.047561649116883487,-0.14760290808802903,-0.05148186200886198,-0.9877059275958902
7.0,0.04000905901193619,Empty,0.52082,0.25928,0.1242,0.02148,-0.15292,0.05011,0.99669,0.01262,-0.07609,0.0258,0.9881008373410172,0.02122434357708175,-0.15233601834662275,0.029078784009189673,-0.9983498095658556,0.04951850220237899,-0.15103363720220553,-0.05335901966436498,-0.9870874608938818
7.067,0.04000905901193619,Empty,0.52027,0.25827,0.12165,0.01975,-0.1568,0.0523,0.99652,0.01189,-0.07803,0.02684,0.9875390555583653,0.019506169247297922,-0.1561605683525389,0.027884507193371155,-0.9982762769634322,0.05164231898948484,-0.15488404696893407,-0.05535326741326695,-0.9863807316554801
7.133,0.04000905901193619,Empty,0.51908,0.25731,0.11791,0.01764,-0.16271,0.05526,0.99625,0.01103,-0.08099,0.02825,0.9866373732458664,0.017408230359296617,-0.16199891120082976,0.026559358977448655,-0.9981607179530834,0.054495702455255916,-0.1607522757699052,-0.05807008396018063,-0.9852850202777131
7.2,0.04000905901193619,Empty,0.51792,0.25675,0.11357,0.01693,-0.16826,0.05755,0.99599,0.01085,-0.08375,0.02938,0.9857357074085056,0.016690088433507777,-0.1674710604490653,0.026531049975348164,-0.9980388060246868,0.0566978399590626,-0.16619632525136774,-0.06033226845477949,-0.9842452940482072
7.267,0.04000905901193619,Empty,0.51764,0.25676,0.10946,0.01683,-0.1695,0.05763,0.99594,0.01082,-0.08437,0.02942,0.985530580423162,0.016584648748382946,-0.1686843931034462,0.026512775774453157,-0.9980348928581875,0.05677521781798655,-0.16741131315272198,-0.060426004860813176,-0.9840336123146618
7.333,0.04000905901193619,Empty,0.51761,0.25757,0.10617,0.01788,-0.16783,0.05601,0.99603,0.01125,-0.08353,0.02865,0.985792196124576,0.01762124837765039,-0.1670426223019097,0.02719260132676743,-0.9981057495036934,0.05518582463598845,-0.16575375860887379,-0.058944078695690565,-0.9844040263498254
7.4,0.04000905901193619,Empty,0.51727,0.25904,0.1034,0.01844,-0.16465,0.05392,0.99619,0.0114,-0.08195,0.02762,0.9863099769110282,0.018184902302557482,-0.16389612190046876,0.027237352614197297,-0.9982146980503361,0.05315583899108445,-0.162636884095634,-0.05689223079228546,-0.9850444243825457
7.467,0.04000905901193619,Empty,0.51636,0.25998,0.10093,0.01664,-0.16141,0.05288,0.99634,0.01042,-0.08037,0.02702,0.9868656666577558,0.01642145630676456,-0.16070622808375484,0.025107021393841855,-0.9983227851603631,0.05216564105217313,-0.15958005341793816,-0.055515334840204496,-0.9856227747717214
7.533,0.04000905901193619,Empty,0.51518,0.25994,0.09888,0.00951,-0.15775,0.05254,0.99653,0.00681,-0.07864,0.02656,0.987539591668453,0.009387712466767895,-0.15709050175598138,0.017742478178082555,-0.9984963823692891,0.05186693420226995,-0.15636738584310017,-0.05400782582259368,-0.9862212710109793
7.6,0.04000905901193619,Empty,0.51527,0.25977,0.09739,0.00269,-0.1505,0.05033,0.99685,0.00323,-0.07512,0.02519,0.9886943262090429,0.0026647547310749697,-0.14992140742492352,0.010234345323247185,-0.9987096858639164,0.049741547396535704,-0.14959541268986576,-0.050713533142747076,-0.9874458719637892
7.667,0.04000905901193619,Empty,0.51597,0.26025,0.09639,0.00249,-0.14201,0.04614,0.99721,0.00288,-0.0709,0.0231,0.9899305375910911,0.0024703169719466622,-0.14153242836421476,0.009019889633565703,-0.9989166216865886,0.045653307758052444,-0.1412663170597002,-0.04647021037515617,-0.9888803503013279
7.733,0.04000905901193619,Empty,0.5159,0.26055,0.09578,0.00309,-0.13847,0.04422,0.99736,0.00307,-0.06913,0.02216,0.9904223619910588,0.00306114893784204,-0.13803685824892004,0.009189358003163783,-0.9989989302036948,0.04378005426404856,-0.13776465645274114,-0.04462921486037688,-0.9894590100723751
7.8,0.04000905901193619,Empty,0.51412,0.26041,0.09447,0.00396,-0.14114,0.0452,0.99725,0.00357,-0.07045,0.02268,0.9900479912711003,0.003926970502973137,-0.14067534923620423,0.010319041520894079,-0.998945463693033,0.044737880472830095,-0.14035131763595673,-0.045744283465586615,-0.9890444722903367
7.867,0.04000905901193619,Empty,0.51253,0.25984,0.09302,0.00327,-0.14334,0.04639,0.99716,0.00329,-0.07155,0.02325,0.9897393376740897,0.003237109269462579,-0.1428480471831228,0.009891291264919944,-0.9988972174397648,0.04589674659720217,-0.14254194406407786,-0.04683876721982375,-0.9886798895839647
7.933,0.04000905901193619,Empty,0.51193,0.25953,0.0922,0.00259,-0.14272,0.0462,0.99719,0.00294,-0.07125,0.02313,0.9898301560386142,0.0025588049395209866,-0.1422312016185407,0.009151789234428664,-0.9989124089017771,0.04571918739279421,-0.1419595257472392,-0.04655590037074049,-0.9887770432156527
8.0,0.04000905901193619,Empty,0.51027,0.25898,0.09113,0.00049,-0.14357,0.04697,0.99715,0.00193,-0.0717,0.02344,0.9897110599823999,0.0004869661606988207,-0.14307963031987858,0.007208426543000024,-0.9988940275187781,0.046462461989101714,-0.14289876253938982,-0.04701579150958619,-0.9886199770454966
8.067,0.04000905901193619,Empty,0.50751,0.25799,0.08998,-0.00737,-0.14555,0.04937,0.99705,-0.00188,-0.07278,0.02435,0.9893988486477108,-0.007294859864776959,-0.14504035064125437,-0.00020649881223028244,-0.9988072415071707,0.04882675159251398,-0.14522353684174374,-0.04827918114870834,-0.9882202411480878
8.133,0.04000905901193619,Empty,0.50699,0.25769,0.09045,-0.01376,-0.13987,0.04782,0.99726,-0.00519,-0.07002,0.02337,0.9901391774228635,-0.013633717296900327,-0.13942213269435896,-0.007088147365619468,-0.9988538221135232,0.04733709133574937,-0.13990771064990848,-0.0458820640542033,-0.9891009395905087
8.2,0.04000905901193619,Empty,0.50871,0.25858,0.09256,-0.01348,-0.12744,0.04165,0.99774,-0.0054,-0.0638,0.02035,0.9918012094015913,-0.013376990256671939,-0.12708822589529695,-0.008185075333614289,-0.9991137766812894,0.04128759847016517,-0.1275279011484319,-0.03990886339302866,-0.991031743715282
8.267,0.04000905901193619,Empty,0.5096,0.25947,0.0952,-0.01217,-0.11619,0.03599,0.99814,-0.00503,-0.05816,0.01761,0.993183446621251,-0.012096090268167492,-0.11593241978737842,-0.007999054685065787,-0.9993291020385138,0.03574018666770285,-0.11628695748740682,-0.03456921201186476,-0.992613879159062
8.333,0.04000905901193619,Empty,0.50981,0.25957,0.09635,-0.01177,-0.1091,0.03257,0.99837,-0.00499,-0.05461,0.01594,0.9939864931740761,-0.011696556415128512,-0.10887626901915057,-0.008213749747657983,-0.9994418025729361,0.032382365337373334,-0.10919425672893969,-0.031293351335195466,-0.9935277250583532
8.4,0.04000905901193619,Empty,0.5095,0.25901,0.09584,-0.01204,-0.1041,0.03039,0.99852,-0.00522,-0.05211,0.01486,0.9945140471495367,-0.011970394795835337,-0.10391592597230137,-0.008872542266177008,-0.9995038195404129,0.030222387692914562,-0.10422613883275107,-0.02913459065368472,-0.9941267965463249
8.467,0.04000905901193619,Empty,0.51007,0.25819,0.09423,-0.01161,-0.09629,0.02693,0.99874,-0.00515,-0.0482,0.01317,0.9953012318915891,-0.011552966255999941,-0.0961352524611696,-0.009013525666326516,-0.999599969958952,0.026807767775863904,-0.09640650470869484,-0.025815286726083502,-0.9950072144568111
8.533,0.04000905901193619,Empty,0.51109,0.25752,0.09282,-0.00523,-0.08511,0.0222,0.99903,-0.00214,-0.04257,0.01098,0.9963660801200347,-0.00520422809591109,-0.0850150010066597,-0.003333859205188028,-0.9997495952787002,0.022127632563721814,-0.08510887009611062,-0.021763794476166914,-0.996133935513173
8.6,0.04000905901193619,Empty,0.5127,0.25768,0.09178,0.01265,-0.07199,0.01724,0.99929,0.00663,-0.03593,0.00884,0.9973304626706638,0.012615914249539117,-0.071922089352076,0.013886205429733511,-0.9997558180366499,0.017189461906419328,-0.07168766649768271,-0.01814229890386759,-0.9972621197371327
8.667,0.04000905901193619,Empty,0.51364,0.25829,0.09075,0.02536,-0.06261,0.01193,0.99941,0.01286,-0.03122,0.00636,0.9977200338688266,0.025311647562438366,-0.06256240496066708,0.026105802584135418,-0.9995882464044304,0.011909018496654787,-0.06223520778647533,-0.013515108130918899,-0.9979699999318535
8.733,0.04000905901193619,Empty,0.5132,0.25809,0.08919,0.02635,-0.05939,0.01024,0.99946,0.01332,-0.02962,0.00551,0.997890425368254,0.026301716612296078,-0.05935417981584095,0.02695396918950016,-0.9995844793837625,0.010215288543338426,-0.059060837306087834,-0.011793569363795666,-0.9981847169829666
8.8,0.04000905901193619,Empty,0.51324,0.25807,0.08823,0.02631,-0.05633,0.00874,0.99951,0.01327,-0.0281,0.00474,0.998069381394801,0.02625173732638897,-0.056288153367697755,0.026784063565623073,-0.9996031778908101,0.008723570914820233,-0.056036808091751905,-0.010214354504300277,-0.9983764535990164
8.867,0.04000905901193619,Empty,0.51409,0.25853,0.08825,0.0273,-0.05218,0.00667,0.99956,0.01373,-0.02604,0.00369,0.9982664024725507,0.027253139584813124,-0.052167576877609034,0.02763748446435821,-0.9995958237642718,0.006660222632095283,-0.051964980005701364,-0.008090457082106182,-0.9986161351376263
8.933,0.04000905901193619,Empty,0.51403,0.25893,0.08823,0.02821,-0.05168,0.00609,0.99956,0.01418,-0.02579,0.00341,0.998267270594706,0.028178274590539565,-0.051656957909812944,0.02852955676879465,-0.9995744862172582,0.00607543365371508,-0.05146378192449681,-0.007538656684364681,-0.9986464077967854
